       9750.0000    0.0533752    0.0802440     0.053375194
       9751.0860   -0.0552747    0.0660340    -0.055274687
       9752.1719    0.0370597    0.0522605     0.037059690
       9753.2579    0.0477072    0.0569346     0.047707182
       9754.3439   0.00865203    0.0112585    0.0086520295
       9755.4299   -0.0469596    0.0462293    -0.046959606
       9756.5158   -0.0277339    0.0355002    -0.027733907
       9757.6018  -0.00242358   0.00261776   -0.0024235838
       9758.6878   0.00963658    0.0106386    0.0096365832
       9759.7738    0.0317819    0.0351433     0.031781893
       9760.8597    0.0295649    0.0416293     0.029564920
       9761.9457   -0.0582337    0.0806585    -0.058233736
       9763.0317   0.00595410   0.00705566    0.0059541003
       9764.1176   -0.0141781    0.0145430    -0.014178075
       9765.2036  -0.00527367   0.00888592   -0.0052736681
       9766.2896  -0.00761499   0.00976689   -0.0076149899
       9767.3756    0.0317618    0.0422569     0.031761754
       9768.4615    0.0428712    0.0574063     0.042871155
       9769.5475    0.0710614    0.0797725     0.071061420
       9770.6335    0.0171917    0.0225981     0.017191657
       9771.7195    0.0210099    0.0252821     0.021009855
       9772.8054    0.0804824     0.110308     0.080482383
       9773.8914    0.0353108    0.0661344     0.035310767
       9774.9774 -0.000936621   0.00132807  -0.00093662084
       9776.0633   -0.0339518    0.0561877    -0.033951844
       9777.1493    0.0324175    0.0558120     0.032417549
       9778.2353  -0.00400865   0.00630167   -0.0040086495
       9779.3213    0.0197044    0.0264953     0.019704378
       9780.4072  -0.00713647   0.00979254   -0.0071364657
       9781.4932    0.0149351    0.0224267     0.014935116
       9782.5792    0.0209483    0.0356483     0.020948280
       9783.6652    0.0412954    0.0667267     0.041295448
       9784.7511   -0.0364293    0.0627125    -0.036429285
       9785.8371   -0.0147359    0.0250258    -0.014735876
       9786.9231    0.0332578    0.0407604     0.033257826
       9788.0090   0.00640891   0.00770746    0.0064089073
       9789.0950   -0.0231729    0.0333369    -0.023172870
       9790.1810   -0.0695077     0.118448    -0.069507733
       9791.2670   -0.0557877    0.0679449    -0.055787697
       9792.3529     0.141198     0.183745      0.14119814
       9793.4389    0.0990486     0.143468     0.099048601
       9794.5249   -0.0715221     0.108483    -0.071522116
       9795.6109    -0.129231     0.166286     -0.12923132
       9796.6968  0.000130215  0.000195715   0.00013021494
       9797.7828   -0.0486811    0.0995598    -0.048681139
       9798.8688   -0.0441752    0.0657609    -0.044175204
       9799.9548   -0.0730319     0.126832    -0.073031871
       9801.0407     0.150828     0.275281      0.15082808
       9802.1267    0.0803657     0.144488     0.080365659
       9803.2127   -0.0295190    0.0466596    -0.029518975
       9804.2986    0.0171584    0.0319031     0.017158379
       9805.3846   -0.0315297    0.0506856    -0.031529680
       9806.4706    0.0881756     0.111933     0.088175600
       9807.5566   -0.0218161    0.0375753    -0.021816077
       9808.6425    0.0372442    0.0822037     0.037244248
       9809.7285    0.0672923     0.122852     0.067292335
       9810.8145   -0.0175180    0.0394809    -0.017517998
       9811.9005   -0.0125681    0.0228179    -0.012568066
       9812.9864    0.0843569     0.160120     0.084356937
       9814.0724     0.137364     0.175822      0.13736356
       9815.1584    0.0265534    0.0413565     0.026553447
       9816.2443  -0.00582529   0.00951909   -0.0058252883
       9817.3303    0.0951676     0.140495     0.095167601
       9818.4163    0.0662453     0.115527     0.066245285
       9819.5023    0.0806327     0.134129     0.080632661
       9820.5882    0.0995574     0.133530     0.099557419
       9821.6742  -0.00384710   0.00647746   -0.0038471000
       9822.7602   -0.0430388    0.0837830    -0.043038765
       9823.8462    0.0174749    0.0379626     0.017474943
       9824.9321    0.0717425     0.127988     0.071742459
       9826.0181    0.0474165    0.0918697     0.047416507
       9827.1041    0.0491962    0.0712263     0.049196150
       9828.1900    0.0642481     0.111618     0.064248122
       9829.2760  -0.00270814   0.00451166   -0.0027081410
       9830.3620    0.0441412    0.0866515     0.044141170
       9831.4480   -0.0517705    0.0750348    -0.051770528
       9832.5339   -0.0628639    0.0684506    -0.062863881
       9833.6199   -0.0584172     0.107267    -0.058417244
       9834.7059   -0.0452278    0.0661102    -0.045227760
       9835.7919  -0.00781776    0.0122136   -0.0078177586
       9836.8778    0.0237917    0.0532178     0.023791710
       9837.9638    0.0719018    0.0876404     0.071901790
       9839.0498     0.120882     0.208784      0.12088224
       9840.1357    0.0871531     0.120382     0.087153086
       9841.2217  -0.00594215   0.00797209   -0.0059421477
       9842.3077    0.0818694     0.149417     0.081869417
       9843.3937    0.0786333     0.139874     0.078633262
       9844.4796    0.0456008    0.0637176     0.045600789
       9845.5656    0.0649733     0.115548     0.064973342
       9846.6516    0.0221038    0.0395876     0.022103834
       9847.7376    0.0103197    0.0225049     0.010319713
       9848.8235    0.0452193    0.0968305     0.045219337
       9849.9095    0.0958435     0.159889     0.095843464
       9850.9955   -0.0473956     0.106566    -0.047395621
       9852.0814     0.102488     0.205128      0.10248818
       9853.1674    0.0364936    0.0663347     0.036493624
       9854.2534    0.0338571    0.0657205     0.033857146
       9855.3394    0.0598582     0.102978     0.059858200
       9856.4253    0.0548204    0.0937226     0.054820445
       9857.5113   0.00295964   0.00661150    0.0029596363
       9858.5973   -0.0125135    0.0189306    -0.012513494
       9859.6833     0.111617     0.174037      0.11161663
       9860.7692    0.0349909    0.0633120     0.034990851
       9861.8552   0.00653837    0.0103131    0.0065383740
       9862.9412    0.0268679    0.0390104     0.026867867
       9864.0271    0.0453567    0.0811827     0.045356695
       9865.1131  -0.00756506   0.00962413   -0.0075650588
       9866.1991    0.0338880    0.0549140     0.033888024
       9867.2851   0.00471838   0.00963614    0.0047183775
       9868.3710    0.0337599    0.0653736     0.033759872
       9869.4570   0.00483170   0.00964563    0.0048317024
       9870.5430    0.0134058    0.0225207     0.013405794
       9871.6290    0.0726934     0.123105     0.072693352
       9872.7149     0.202514     0.304491      0.20251389
       9873.8009   0.00285821   0.00360444    0.0028582117
       9874.8869  -0.00672906   0.00788621   -0.0067290648
       9875.9729     0.120755     0.214569      0.12075479
       9877.0588    -0.116179     0.158857     -0.11617924
       9878.1448   0.00561878   0.00974774    0.0056187808
       9879.2308     0.133160     0.160271      0.13315965
       9880.3167    0.0529921    0.0737397     0.052992089
       9881.4027     0.127241     0.172135      0.12724106
       9882.4887   -0.0583724    0.0780556    -0.058372430
       9883.5747    0.0724561     0.100903     0.072456117
       9884.6606    0.0741490    0.0861290     0.074149004
       9885.7466    0.0779719    0.0965378     0.077971891
       9886.8326   0.00586644    0.0101943    0.0058664448
       9887.9186    0.0760049     0.158854     0.076004890
       9889.0045    0.0284061    0.0616345     0.028406107
       9890.0905    0.0600868     0.115083     0.060086777
       9891.1765    0.0349695    0.0774647     0.034969548
       9892.2624   -0.0424156    0.0814805    -0.042415550
       9893.3484   -0.0224160    0.0468618    -0.022415992
       9894.4344    0.0551681     0.106894     0.055168148
       9895.5204    0.0456862    0.0758059     0.045686156
       9896.6063    0.0958529     0.185858     0.095852891
       9897.6923    0.0784606     0.108328     0.078460565
       9898.7783     0.126295     0.207767      0.12629472
       9899.8643   0.00689872    0.0110492    0.0068987207
       9900.9502    0.0627471     0.107167     0.062747137
       9902.0362    0.0122032    0.0171976     0.012203238
       9903.1222   -0.0100170    0.0170651    -0.010017000
       9904.2081     0.112201     0.137023      0.11220058
       9905.2941    0.0681487    0.0979775     0.068148701
       9906.3801    0.0808130     0.132352     0.080813031
       9907.4661    0.0971094     0.132531     0.097109405
       9908.5520    0.0201538    0.0242151     0.020153769
       9909.6380    0.0628973    0.0954433     0.062897253
       9910.7240   0.00291281   0.00546056    0.0029128083
       9911.8100    0.0573718    0.0935347     0.057371847
       9912.8959    0.0125490    0.0202507     0.012549029
       9913.9819    0.0622702     0.100553     0.062270168
       9915.0679    0.0965225     0.137998     0.096522528
       9916.1538     0.202132     0.245947      0.20213250
       9917.2398     0.206027     0.347884      0.20602703
       9918.3258    0.0554498    0.0693871     0.055449820
       9919.4118   -0.0992893     0.175565    -0.099289341
       9920.4977    0.0306332    0.0554347     0.030633248
       9921.5837    0.0715747     0.138166     0.071574722
       9922.6697    0.0786683     0.123097     0.078668259
       9923.7557    0.0548750    0.0940554     0.054875040
       9924.8416     0.135125     0.186689      0.13512546
       9925.9276  -0.00559638   0.00786856   -0.0055963824
       9927.0136    0.0400146    0.0600337     0.040014613
       9928.0995     0.104827     0.138344      0.10482696
       9929.1855    0.0349086    0.0445043     0.034908567
       9930.2715    0.0199796    0.0270973     0.019979615
       9931.3575   -0.0291120    0.0477725    -0.029112040
       9932.4434    0.0194767    0.0306308     0.019476722
       9933.5294    0.0162981    0.0200237     0.016298095
       9934.6154    0.0951098     0.140165     0.095109834
       9935.7014    0.0921083     0.150211     0.092108270
       9936.7873   -0.0769184     0.108909    -0.076918435
       9937.8733   0.00723182    0.0108396    0.0072318176
       9938.9593    0.0335654    0.0790441     0.033565440
       9940.0452  -0.00135982   0.00162932   -0.0013598168
       9941.1312   -0.0262740    0.0376384    -0.026274047
       9942.2172     0.143659     0.206018      0.14365908
       9943.3032    0.0587217    0.0690837     0.058721717
       9944.3891    0.0110512    0.0150682     0.011051170
       9945.4751    0.0876391     0.119461     0.087639074
       9946.5611    0.0239572    0.0370657     0.023957172
       9947.6471    0.0154768    0.0257037     0.015476783
       9948.7330     0.146156     0.164403      0.14615587
       9949.8190     0.196752     0.262115      0.19675246
       9950.9050    0.0677243    0.0768517     0.067724314
       9951.9910    0.0245444    0.0264970     0.024544391
       9953.0769     0.155988     0.211597      0.15598848
       9954.1629     0.119884     0.153635      0.11988363
       9955.2489     0.105953     0.154299      0.10595294
       9956.3348    0.0893938     0.122870     0.089393765
       9957.4208    0.0688404     0.105342     0.068840368
       9958.5068     0.301020     0.266792      0.30102021
       9959.5928     0.111950     0.116329      0.11194974
       9960.6787    0.0507904    0.0620387     0.050790409
       9961.7647    0.0599567    0.0672222     0.059956749
       9962.8507    -0.177122     0.213868     -0.17712150
       9963.9367    0.0416961    0.0392222     0.041696120
       9965.0226   -0.0165062    0.0281468    -0.016506161
       9966.1086   -0.0504402    0.0923746    -0.050440246
       9967.1946     0.156145     0.158755      0.15614496
       9968.2805   -0.0190219    0.0308249    -0.019021949
       9969.3665   0.00749360    0.0115694    0.0074935982
       9970.4525    0.0276181    0.0341372     0.027618127
       9971.5385  -0.00759933   0.00960852   -0.0075993278
       9972.6244    0.0717187    0.0892973     0.071718730
       9973.7104  -0.00245911   0.00305322   -0.0024591126
       9974.7964    0.0701938    0.0734831     0.070193792
       9975.8824    0.0839171     0.102002     0.083917133
       9976.9683    0.0611706    0.0858308     0.061170577
       9978.0543     0.148183     0.242168      0.14818279
       9979.1403     0.112722     0.149710      0.11272202
       9980.2262    0.0538265    0.0760581     0.053826458
       9981.3122  -0.00177359   0.00248875   -0.0017735916
       9982.3982    0.0261676    0.0492424     0.026167611
       9983.4842    0.0248640    0.0371239     0.024863987
       9984.5701    0.0312999    0.0427150     0.031299890
       9985.6561    0.0898424     0.126354     0.089842358
       9986.7421    0.0638572     0.103040     0.063857247
       9987.8281    0.0306599    0.0361834     0.030659930
       9988.9140    0.0519310    0.0517849     0.051931041
       9990.0000    0.0448327    0.0641730     0.044832718
       9991.0860    0.0662099    0.0694760     0.066209860
       9992.1719    0.0260616    0.0339691     0.026061562
       9993.2579    0.0580307    0.0690986     0.058030710
       9994.3439    0.0271054    0.0291057     0.027105395
       9995.4299    0.0346958    0.0432618     0.034695789
       9996.5158   0.00535904   0.00697654    0.0053590414
       9997.6018  -0.00800626    0.0124401   -0.0080062645
       9998.6878   0.00437194   0.00641878    0.0043719362
       9999.7738   -0.0432241    0.0630173    -0.043224139
       10000.860   0.00612804   0.00901260    0.0061280422
       10001.946    0.0881052     0.133738     0.088105218
       10003.032    0.0206109    0.0337504     0.020610922
       10004.118    0.0180972    0.0317654     0.018097183
       10005.204    0.0305131    0.0445220     0.030513070
       10006.290    0.0703240     0.103730     0.070323974
       10007.376     0.101378     0.172394      0.10137811
       10008.462    0.0518537    0.0674102     0.051853697
       10009.548    0.0846748    0.0996118     0.084674787
       10010.633    0.0242725    0.0350028     0.024272470
       10011.719    0.0226652    0.0273662     0.022665207
       10012.805   -0.0357877    0.0453984    -0.035787672
       10013.891    0.0161381    0.0156329     0.016138084
       10014.977     0.218410     0.202112      0.21840988
       10016.063    -0.103914    0.0960901     -0.10391382
       10017.149    -0.115643     0.125670     -0.11564312
       10018.235    0.0560038    0.0750517     0.056003838
       10019.321   -0.0162817    0.0220739    -0.016281693
       10020.407   0.00363300   0.00544696    0.0036329956
       10021.493     0.121165     0.145426      0.12116531
       10022.579    0.0798813    0.0965643     0.079881260
       10023.665    0.0172443    0.0241073     0.017244279
       10024.751   -0.0183643    0.0268554    -0.018364322
       10025.837   -0.0233860    0.0286632    -0.023386027
       10026.923    0.0248991    0.0307032     0.024899081
       10028.009    0.0397314    0.0400638     0.039731441
       10029.095     0.134883     0.136917      0.13488308
       10030.181    0.0920243    0.0963137     0.092024289
       10031.267    0.0856271    0.0927144     0.085627070
       10032.353    0.0260074    0.0372015     0.026007359
       10033.439    0.0868716     0.107838     0.086871587
       10034.525    0.0731685    0.0891901     0.073168481
       10035.611    0.0381287    0.0482584     0.038128661
       10036.697    0.0382158    0.0669319     0.038215813
       10037.783    0.0796517    0.0886505     0.079651732
       10038.869    0.0841250    0.0954573     0.084124962
       10039.955    0.0440367    0.0750892     0.044036690
       10041.041    0.0198696    0.0260239     0.019869576
       10042.127    0.0369056    0.0595058     0.036905629
       10043.213    0.0549399    0.0803227     0.054939933
       10044.299    0.0669725    0.0829467     0.066972550
       10045.385    0.0863675     0.127921     0.086367474
       10046.471    0.0804877     0.114158     0.080487689
       10047.557  -0.00801272    0.0113980   -0.0080127201
       10048.643    0.0919795     0.102938     0.091979501
       10049.729    0.0238144    0.0331970     0.023814424
       10050.814   -0.0162725    0.0221395    -0.016272480
       10051.900    0.0717514    0.0999421     0.071751357
       10052.986    0.0508205    0.0684435     0.050820504
       10054.072   0.00821496    0.0133246    0.0082149649
       10055.158    0.0338647    0.0424602     0.033864726
       10056.244    0.0732106     0.122648     0.073210564
       10057.330     0.124593     0.189410      0.12459251
       10058.416     0.116046     0.140774      0.11604603
       10059.502    0.0760892     0.115347     0.076089221
       10060.588    0.0908256     0.154406     0.090825622
       10061.674     0.172950     0.187330      0.17295027
       10062.760     0.206418     0.194070      0.20641812
       10063.846     0.212727     0.249919      0.21272691
       10064.932     0.181968     0.242108      0.18196755
       10066.018     0.148860     0.189863      0.14885950
       10067.104    0.0417628    0.0516585     0.041762836
       10068.190   -0.0723031     0.114306    -0.072303113
       10069.276   -0.0150669    0.0238588    -0.015066934
       10070.362     0.145463     0.232823      0.14546328
       10071.448     0.102132     0.166255      0.10213204
       10072.534    0.0319507    0.0549991     0.031950709
       10073.620    0.0454950    0.0790259     0.045494965
       10074.706    0.0178224    0.0345598     0.017822416
       10075.792    0.0556530    0.0984504     0.055653046
       10076.878     0.105871     0.142077      0.10587086
       10077.964    0.0825462     0.127336     0.082546225
       10079.050    0.0280172    0.0558985     0.028017173
       10080.136   -0.0103725    0.0159399    -0.010372477
       10081.222    0.0190168    0.0260122     0.019016797
       10082.308     0.124071     0.146196      0.12407121
       10083.394    0.0214720    0.0221022     0.021472014
       10084.480    0.0385508    0.0406489     0.038550799
       10085.566    0.0899324     0.116650     0.089932380
       10086.652    -0.190530     0.209774     -0.19052994
       10087.738     0.101011     0.115936      0.10101057
       10088.824     0.137602     0.191457      0.13760175
       10089.910    0.0584014    0.0826776     0.058401388
       10090.995    0.0211046    0.0337283     0.021104566
       10092.081   -0.0296202    0.0399312    -0.029620208
       10093.167    0.0327067    0.0324284     0.032706651
       10094.253    0.0489240    0.0701889     0.048923963
       10095.339    0.0324168    0.0371015     0.032416848
       10096.425    0.0562123    0.0830773     0.056212261
       10097.511   -0.0107208    0.0212119    -0.010720849
       10098.597    0.0168150    0.0244354     0.016815050
       10099.683     0.112748     0.154680      0.11274829
       10100.769     0.122673     0.187910      0.12267315
       10101.855    0.0792107     0.116867     0.079210726
       10102.941    0.0706690    0.0909745     0.070669000
       10104.027   0.00805971    0.0106440    0.0080597097
       10105.113  -0.00377576   0.00538941   -0.0037757596
       10106.199    0.0933809     0.130719     0.093380894
       10107.285     0.129397     0.152893      0.12939738
       10108.371    0.0926058     0.104817     0.092605813
       10109.457    0.0469162    0.0664826     0.046916201
       10110.543    0.0362992    0.0483720     0.036299247
       10111.629    0.0902400     0.114714     0.090240036
       10112.715   -0.0142369    0.0265182    -0.014236880
       10113.801   -0.0230086    0.0355805    -0.023008576
       10114.887    0.0174676    0.0308641     0.017467603
       10115.973    0.0358059    0.0637683     0.035805897
       10117.059    0.0510773    0.0602914     0.051077348
       10118.145    0.0315391    0.0506728     0.031539068
       10119.231    0.0371622    0.0476341     0.037162182
       10120.317    0.0544438    0.0881790     0.054443774
       10121.403    0.0819523     0.117282     0.081952267
       10122.489    0.0205809    0.0332522     0.020580875
       10123.575 -0.000633465  0.000871713  -0.00063346490
       10124.661    0.0169850    0.0166916     0.016984971
       10125.747    0.0339209    0.0468104     0.033920900
       10126.833     0.199723     0.324377      0.19972306
       10127.919   0.00466104   0.00502466    0.0046610416
       10129.005    -0.137257     0.179184     -0.13725675
       10130.090   -0.0619341    0.0835245    -0.061934134
       10131.176    0.0614844    0.0867137     0.061484369
       10132.262   0.00455883   0.00599269    0.0045588308
       10133.348    0.0163154    0.0250690     0.016315385
       10134.434    0.0424192    0.0664327     0.042419204
       10135.520    0.0433453     0.111582     0.043345256
       10136.606    0.0827141     0.173058     0.082714123
       10137.692     0.160503     0.215585      0.16050273
       10138.778    0.0957965     0.149427     0.095796472
       10139.864    0.0764243     0.117732     0.076424305
       10140.950    0.0895202     0.138493     0.089520177
       10142.036  0.000843604   0.00223297   0.00084360376
       10143.122    0.0448992    0.0613180     0.044899192
       10144.208    0.0129387    0.0245949     0.012938666
       10145.294    0.0207358    0.0408306     0.020735801
       10146.380    0.0517218    0.0737258     0.051721759
       10147.466  -0.00689447    0.0106320   -0.0068944715
       10148.552  0.000590587   0.00125394   0.00059058670
       10149.638    0.0870572     0.161446     0.087057178
       10150.724     0.110042     0.190365      0.11004233
       10151.810    0.0494275    0.0825629     0.049427492
       10152.896    0.0681655     0.113563     0.068165484
       10153.982    0.0681283    0.0843905     0.068128342
       10155.068     0.145170     0.236011      0.14517023
       10156.154     0.204935     0.223507      0.20493536
       10157.240   -0.0533155    0.0610062    -0.053315516
       10158.326     0.114472     0.157066      0.11447192
       10159.412     0.203418     0.301681      0.20341776
       10160.498    0.0211038    0.0303174     0.021103788
       10161.584    0.0143380    0.0218614     0.014338018
       10162.670    0.0662451    0.0901052     0.066245074
       10163.756    0.0960694     0.181752     0.096069384
       10164.842    0.0720518     0.102207     0.072051765
       10165.928    0.0968147     0.134751     0.096814689
       10167.014    0.0353385    0.0665263     0.035338462
       10168.100     0.109824     0.155511      0.10982363
       10169.186     0.105648     0.193369      0.10564832
       10170.271    0.0380313    0.0587825     0.038031266
       10171.357    0.0879036    0.0960826     0.087903647
       10172.443    0.0228909    0.0359548     0.022890867
       10173.529   -0.0900720     0.123479    -0.090072016
       10174.615    -0.189428     0.248758     -0.18942777
       10175.701   -0.0959073     0.148976    -0.095907298
       10176.787   -0.0695673    0.0839133    -0.069567321
       10177.873   -0.0590086    0.0622785    -0.059008561
       10178.959    0.0793195     0.121615     0.079319485
       10180.045  -0.00694702    0.0126154   -0.0069470190
       10181.131    0.0114484    0.0164108     0.011448432
       10182.217    0.0820140     0.116374     0.082014004
       10183.303     0.220422     0.303169      0.22042175
       10184.389     0.126048     0.194904      0.12604750
       10185.475    0.0139904    0.0178056     0.013990396
       10186.561   -0.0259715    0.0451751    -0.025971482
       10187.647   -0.0167848    0.0347440    -0.016784777
       10188.733    0.0832387     0.157845     0.083238701
       10189.819     0.213396     0.271630      0.21339580
       10190.905    0.0929574     0.115712     0.092957393
       10191.991   -0.0267599    0.0328353    -0.026759905
       10193.077    -0.111388     0.177980     -0.11138818
       10194.163  -0.00692821   0.00979607   -0.0069282065
       10195.249    0.0987379     0.137977     0.098737905
       10196.335     0.117642     0.183881      0.11764217
       10197.421    0.0951389     0.170364     0.095138928
       10198.507    0.0988947     0.128377     0.098894718
       10199.593    0.0383986    0.0878451     0.038398642
       10200.679   0.00520681   0.00808617    0.0052068056
       10201.765     0.144699     0.216837      0.14469885
       10202.851     0.122981     0.152594      0.12298066
       10203.937   -0.0315011    0.0403640    -0.031501053
       10205.023    -0.106571     0.135859     -0.10657089
       10206.109     0.143939     0.201313      0.14393949
       10207.195     0.231705     0.324653      0.23170473
       10208.281     0.242632     0.294805      0.24263213
       10209.367     0.113025     0.262969      0.11302520
       10210.452     0.153372     0.227036      0.15337152
       10211.538     0.159087     0.166988      0.15908673
       10212.624    0.0115731    0.0115974     0.011573105
       10213.710   -0.0251962    0.0250650    -0.025196171
       10214.796   -0.0703499    0.0728346    -0.070349940
       10215.882   0.00560754   0.00759083    0.0056075394
       10216.968   -0.0554823    0.0951466    -0.055482311
       10218.054    0.0403708    0.0743399     0.040370804
       10219.140    0.0754948    0.0845542     0.075494824
       10220.226    0.0538683    0.0644887     0.053868260
       10221.312    0.0247601    0.0370422     0.024760102
       10222.398    0.0142086    0.0244655     0.014208561
       10223.484   -0.0130423    0.0178393    -0.013042311
       10224.570    0.0326514    0.0485585     0.032651436
       10225.656     0.129009     0.188774      0.12900913
       10226.742    0.0504494    0.0811201     0.050449396
       10227.828   -0.0285898    0.0402016    -0.028589778
       10228.914   0.00787667    0.0133878    0.0078766718
       10230.000  -0.00743419    0.0118246   -0.0074341910
       10231.086     0.192489     0.204576      0.19248935
       10232.172     0.132403     0.222322      0.13240291
       10233.258  -0.00718334    0.0160420   -0.0071833435
       10234.344    0.0459097    0.0593964     0.045909668
       10235.430     0.120405     0.134958      0.12040484
       10236.516    0.0181568    0.0395227     0.018156813
       10237.602    0.0641508     0.101115     0.064150820
       10238.688    0.0447102    0.0764247     0.044710224
       10239.774    0.0414201    0.0549059     0.041420144
       10240.860  -0.00696266    0.0104967   -0.0069626589
       10241.946    0.0418069    0.0486643     0.041806923
       10243.032    0.0306637    0.0378074     0.030663662
       10244.118    0.0553827    0.0971122     0.055382671
       10245.204    0.0699938     0.155074     0.069993808
       10246.290    0.0400543    0.0613399     0.040054299
       10247.376    0.0687321     0.108006     0.068732131
       10248.462    0.0861108     0.158346     0.086110799
       10249.548    0.0319658    0.0485953     0.031965843
       10250.633    0.0348014    0.0642524     0.034801417
       10251.719    0.0404496    0.0621327     0.040449648
       10252.805    0.0397338    0.0608442     0.039733776
       10253.891    0.0831262     0.114685     0.083126234
       10254.977     0.107176     0.118877      0.10717569
       10256.063    0.0638118    0.0751904     0.063811837
       10257.149    0.0647719    0.0907855     0.064771868
       10258.235    0.0474591     0.101560     0.047459090
       10259.321    0.0641957     0.106852     0.064195680
       10260.407    0.0251784    0.0295546     0.025178361
       10261.493    0.0181698    0.0283295     0.018169834
       10262.579    0.0288209    0.0425451     0.028820932
       10263.665    0.0374270    0.0513922     0.037426979
       10264.751     0.111497     0.139707      0.11149738
       10265.837    0.0933284     0.132117     0.093328433
       10266.923    0.0346942    0.0455979     0.034694179
       10268.009    0.0172003    0.0242200     0.017200338
       10269.095    0.0166359    0.0245194     0.016635855
       10270.181    0.0510404    0.0804064     0.051040384
       10271.267    0.0413159    0.0716145     0.041315937
       10272.353    0.0268226    0.0460637     0.026822578
       10273.439   -0.0207429    0.0277584    -0.020742939
       10274.525   -0.0230260    0.0299669    -0.023026032
       10275.611     0.122795     0.157574      0.12279474
       10276.697     0.130589     0.174182      0.13058898
       10277.783    0.0683298    0.0987919     0.068329752
       10278.869     0.107296     0.163533      0.10729569
       10279.955    0.0857065     0.167580     0.085706508
       10281.041    0.0646222     0.108061     0.064622155
       10282.127     0.108932     0.148424      0.10893183
       10283.213    0.0408994    0.0657118     0.040899442
       10284.299   -0.0171506    0.0288720    -0.017150618
       10285.385     0.138597     0.154739      0.13859675
       10286.471     0.216920     0.208213      0.21692009
       10287.557     0.232804     0.313178      0.23280363
       10288.643     0.253026     0.199888      0.25302593
       10289.729     0.255493     0.191583      0.25549287
       10290.814    0.0661480    0.0646433     0.066148000
       10291.900   -0.0271671    0.0252814    -0.027167141
       10292.986    0.0817858     0.116861     0.081785821
       10294.072    0.0864791     0.125790     0.086479065
       10295.158     0.162347     0.221024      0.16234741
       10296.244     0.243073     0.259360      0.24307322
       10297.330    0.0994095     0.125249     0.099409463
       10298.416    -0.126292     0.174142     -0.12629158
       10299.502   -0.0998995     0.111866    -0.099899474
       10300.588    0.0186932    0.0212465     0.018693190
       10301.674     0.132060     0.109012      0.13205991
       10302.760    0.0465726    0.0595302     0.046572639
       10303.846     0.155990     0.203668      0.15598962
       10304.932     0.184665     0.255336      0.18466519
       10306.018     0.163606     0.219079      0.16360575
       10307.104     0.114550     0.151431      0.11455038
       10308.190     0.174384     0.232400      0.17438433
       10309.276    0.0422001    0.0628805     0.042200074
       10310.362    0.0739754     0.125481     0.073975435
       10311.448     0.181678     0.219413      0.18167783
       10312.534     0.284833     0.292126      0.28483280
       10313.620     0.142398     0.170231      0.14239785
       10314.706     0.132847     0.126992      0.13284711
       10315.792    0.0419785    0.0749542     0.041978479
       10316.878    0.0962263     0.153283     0.096226284
       10317.964    0.0641503    0.0865976     0.064150278
       10319.050    0.0739712    0.0923865     0.073971174
       10320.136    0.0466567    0.0545958     0.046656701
       10321.222    0.0759521     0.105629     0.075952053
       10322.308    0.0567530    0.0615076     0.056753019
       10323.394    0.0472695    0.0525323     0.047269507
       10324.480     0.106951     0.133376      0.10695124
       10325.566    0.0100353    0.0151429     0.010035253
       10326.652    0.0446338    0.0903610     0.044633774
       10327.738    0.0640526    0.0955270     0.064052652
       10328.824    0.0553435    0.0711155     0.055343519
       10329.910    0.0432526    0.0645038     0.043252594
       10330.995    -0.148868     0.174040     -0.14886845
       10332.081     0.141362     0.140066      0.14136204
       10333.167     0.244026     0.154628      0.24402650
       10334.253   -0.0150974    0.0112285    -0.015097392
       10335.339    0.0646417    0.0764239     0.064641733
       10336.425    0.0876695    0.0760269     0.087669462
       10337.511    -0.187208     0.172885     -0.18720763
       10338.597    -0.181413     0.146283     -0.18141269
       10339.683     0.185704     0.183615      0.18570423
       10340.769    0.0988692     0.144955     0.098869192
       10341.855    0.0480756    0.0661245     0.048075607
       10342.941   0.00885921    0.0121875    0.0088592116
       10344.027    0.0488807    0.0819076     0.048880695
       10345.113    0.0888769     0.140017     0.088876857
       10346.199     0.157092     0.236630      0.15709204
       10347.285    0.0815457    0.0850207     0.081545650
       10348.371   -0.0196690    0.0229321    -0.019669006
       10349.457   -0.0203118    0.0267622    -0.020311778
       10350.543   -0.0983866     0.105877    -0.098386592
       10351.629  -0.00255616   0.00314494   -0.0025561621
       10352.715    0.0984472     0.119330     0.098447228
       10353.801    0.0280407    0.0400328     0.028040659
       10354.887    0.0793663     0.112994     0.079366289
       10355.973    0.0550136    0.0681123     0.055013605
       10357.059     0.120492     0.148162      0.12049229
       10358.145     0.137334     0.173817      0.13733431
       10359.231    0.0922816     0.158302     0.092281639
       10360.317    0.0859177     0.111833     0.085917745
       10361.403     0.117544     0.118832      0.11754414
       10362.489    0.0791707     0.100706     0.079170711
       10363.575     0.114936     0.130662      0.11493617
       10364.661    0.0835520     0.131243     0.083551981
       10365.747    0.0545833    0.0872318     0.054583321
       10366.833     0.100793     0.145420      0.10079261
       10367.919    0.0569713     0.113211     0.056971296
       10369.005  -0.00668989    0.0102349   -0.0066898867
       10370.090    0.0173307    0.0290940     0.017330700
       10371.176   0.00428527   0.00527076    0.0042852670
       10372.262  -0.00480138   0.00636458   -0.0048013780
       10373.348    0.0744423    0.0771213     0.074442352
       10374.434    0.0141002    0.0119533     0.014100235
       10375.520     0.114987     0.106872      0.11498692
       10376.606    0.0407702    0.0467337     0.040770239
       10377.692     0.202376     0.173480      0.20237578
       10378.778     0.266361     0.277454      0.26636080
       10379.864    0.0608359    0.0798759     0.060835921
       10380.950     0.144662     0.148655      0.14466175
       10382.036     0.119133     0.153011      0.11913336
       10383.122    0.0869181     0.113347     0.086918114
       10384.208    0.0658331    0.0917566     0.065833071
       10385.294    0.0614120     0.100041     0.061412036
       10386.380     0.107890     0.157717      0.10789002
       10387.466     0.103981     0.152782      0.10398095
       10388.552    0.0927101     0.184251     0.092710070
       10389.638    0.0773524    0.0969556     0.077352423
       10390.724    0.0976017     0.129673     0.097601649
       10391.810    0.0460738    0.0694226     0.046073772
       10392.896    0.0101960    0.0150175     0.010195988
       10393.982    0.0746850     0.131052     0.074685006
       10395.068    0.0827214     0.118829     0.082721367
       10396.154    0.0283592    0.0433678     0.028359195
       10397.240    0.0430671    0.0643751     0.043067113
       10398.326     0.204539     0.220114      0.20453945
       10399.412     0.148535     0.173089      0.14853532
       10400.498     0.195688     0.253041      0.19568779
       10401.584     0.127010     0.143115      0.12700967
       10402.670    0.0425814    0.0635695     0.042581421
       10403.756     0.124451     0.143385      0.12445133
       10404.842    0.0711594     0.102579     0.071159417
       10405.928    0.0996339     0.106595     0.099633920
       10407.014    0.0581666    0.0624212     0.058166643
       10408.100    0.0846109    0.0994598     0.084610870
       10409.186     0.128199     0.140411      0.12819902
       10410.271    0.0734228     0.101160     0.073422819
       10411.357    0.0578996    0.0852728     0.057899591
       10412.443   0.00556310   0.00825324    0.0055631011
       10413.529    0.0338279    0.0482018     0.033827890
       10414.615    0.0199337    0.0293415     0.019933668
       10415.701   -0.0396240    0.0629322    -0.039624026
       10416.787    0.0934693     0.147015     0.093469259
       10417.873    0.0516973    0.0710717     0.051697339
       10418.959    -0.153603     0.181614     -0.15360280
       10420.045     0.241494     0.176686      0.24149371
       10421.131     0.264292     0.282685      0.26429231
       10422.217    0.0533450    0.0622508     0.053344989
       10423.303     0.146443     0.156101      0.14644278
       10424.389     0.211327     0.237949      0.21132708
       10425.475    0.0541300    0.0785790     0.054130048
       10426.561   -0.0125723    0.0160368    -0.012572294
       10427.647    0.0516601    0.0722652     0.051660109
       10428.733    0.0775422     0.131083     0.077542167
       10429.819   0.00875280    0.0139653    0.0087528018
       10430.905   -0.0330762    0.0533959    -0.033076221
       10431.991    0.0751075     0.126588     0.075107506
       10433.077    0.0730657     0.104308     0.073065665
       10434.163    0.0683526     0.118763     0.068352567
       10435.249    0.0381353    0.0471448     0.038135290
       10436.335    0.0582359    0.0895794     0.058235850
       10437.421     0.139283     0.146502      0.13928267
       10438.507    0.0971019     0.144565     0.097101950
       10439.593    0.0893616     0.100092     0.089361643
       10440.679    0.0599744    0.0936114     0.059974365
       10441.765    0.0820970     0.102838     0.082097036
       10442.851    0.0114999    0.0162965     0.011499877
       10443.937   0.00796852    0.0123322    0.0079685241
       10445.023    0.0356097    0.0475108     0.035609698
       10446.109    0.0190730    0.0236413     0.019072980
       10447.195   -0.0169943    0.0256682    -0.016994337
       10448.281    0.0307568    0.0427508     0.030756769
       10449.367     0.119440     0.131095      0.11943968
       10450.452     0.203358     0.256506      0.20335774
       10451.538    0.0937056     0.104201     0.093705573
       10452.624     0.135463     0.156403      0.13546269
       10453.710     0.180788     0.176541      0.18078765
       10454.796     0.122121     0.133669      0.12212084
       10455.882   0.00886527   0.00869857    0.0088652701
       10456.968    0.0496985    0.0735523     0.049698522
       10458.054    0.0553461    0.0821422     0.055346068
       10459.140     0.104645     0.130998      0.10464456
       10460.226    0.0494610    0.0791948     0.049461012
       10461.312    0.0891580     0.128612     0.089158032
       10462.398    0.0735126    0.0933935     0.073512561
       10463.484    0.0665239    0.0714456     0.066523948
       10464.570    0.0104586    0.0181585     0.010458614
       10465.656    0.0829937     0.119838     0.082993676
       10466.742    0.0703079    0.0950783     0.070307895
       10467.828     0.121865     0.163491      0.12186528
       10468.914     0.216282     0.238021      0.21628191
       10470.000     0.263734     0.336609      0.26373407
       10471.086    0.0930385     0.104679     0.093038544
       10472.172     0.159556     0.264050      0.15955577
       10473.258    -0.132122     0.177451     -0.13212183
       10474.344    0.0607755    0.0675086     0.060775470
       10475.430    0.0109388    0.0164000     0.010938761
       10476.516     0.126385     0.164947      0.12638536
       10477.602    0.0491891    0.0664199     0.049189075
       10478.688    0.0275069    0.0411005     0.027506903
       10479.774    0.0568853    0.0910537     0.056885277
       10480.860    0.0522479    0.0925689     0.052247870
       10481.946    0.0681640     0.114233     0.068164006
       10483.032    0.0352103    0.0479197     0.035210333
       10484.118     0.102974     0.119337      0.10297369
       10485.204    0.0575893    0.0696121     0.057589320
       10486.290    0.0702050    0.0924485     0.070205029
       10487.376    0.0354934    0.0515138     0.035493415
       10488.462    0.0702539     0.107346     0.070253863
       10489.548    0.0431911    0.0548617     0.043191097
       10490.633     0.125791     0.173688      0.12579103
       10491.719     0.113240     0.161540      0.11323977
       10492.805    0.0950340    0.0944830     0.095034045
       10493.891    0.0918028     0.108851     0.091802760
       10494.977    0.0698432    0.0827995     0.069843196
       10496.063    0.0985702     0.144571     0.098570178
       10497.149    0.0719935     0.133608     0.071993480
       10498.235    0.0576110    0.0811212     0.057610989
       10499.321    0.0684223    0.0938058     0.068422350
       10500.407   -0.0139801    0.0271036    -0.013980054
       10501.493   0.00696437   0.00360793    0.0069643715
       10502.579     0.110096     0.133880      0.11009648
       10503.665    0.0584895    0.0883748     0.058489524
       10504.751    0.0363231    0.0707134     0.036323130
       10505.837    0.0357027    0.0462518     0.035702679
       10506.923     0.148635     0.185009      0.14863521
       10508.009    0.0934913     0.186645     0.093491307
       10509.095  -0.00529374   0.00847841   -0.0052937418
       10510.181    0.0330095    0.0436949     0.033009519
       10511.267   -0.0147886    0.0172583    -0.014788591
       10512.353     0.135536     0.141020      0.13553580
       10513.439     0.244644     0.276223      0.24464432
       10514.525     0.202811     0.249806      0.20281068
       10515.611  -0.00226285   0.00328483   -0.0022628453
       10516.697     0.116252     0.205301      0.11625157
       10517.783    0.0909519     0.169320     0.090951874
       10518.869    0.0623410     0.106595     0.062340974
       10519.955    0.0474934    0.0774187     0.047493409
       10521.041    0.0731277    0.0982181     0.073127675
       10522.127    0.0484058    0.0702192     0.048405791
       10523.213    0.0581354    0.0802154     0.058135401
       10524.299    0.0427634    0.0512129     0.042763439
       10525.385    0.0563074    0.0713291     0.056307401
       10526.471    0.0309340    0.0371146     0.030934012
       10527.557    -0.249644     0.293476     -0.24964393
       10528.643    -0.101848     0.146398     -0.10184811
       10529.729    0.0102234    0.0125852     0.010223393
       10530.814     0.136922     0.148720      0.13692208
       10531.900    0.0678870    0.0924148     0.067887023
       10532.986     0.121431     0.136612      0.12143074
       10534.072    0.0625515     0.103803     0.062551487
       10535.158    0.0870219     0.102872     0.087021911
       10536.244    0.0908376    0.0878735     0.090837553
       10537.330     0.105573     0.127710      0.10557327
       10538.416    0.0324665    0.0494989     0.032466476
       10539.502    0.0851571     0.131502     0.085157118
       10540.588  -0.00818054    0.0114825   -0.0081805444
       10541.674     0.111394     0.176703      0.11139399
       10542.760    0.0828638     0.119696     0.082863808
       10543.846    0.0937661     0.106235     0.093766081
       10544.932    0.0402153    0.0662592     0.040215268
       10546.018    0.0221803    0.0329582     0.022180340
       10547.104   -0.0252628    0.0314997    -0.025262754
       10548.190    0.0901555     0.137508     0.090155478
       10549.276     0.135414     0.161279      0.13541414
       10550.362    0.0387587    0.0499873     0.038758653
       10551.448    0.0469949    0.0558116     0.046994884
       10552.534    0.0348651    0.0492567     0.034865068
       10553.620   -0.0512504    0.0700661    -0.051250359
       10554.706    0.0683551    0.0932299     0.068355113
       10555.792    0.0629705    0.0855085     0.062970522
       10556.878    0.0330995    0.0407165     0.033099496
       10557.964    0.0149621    0.0220097     0.014962060
       10559.050  0.000999316   0.00193858   0.00099931604
       10560.136   -0.0527976    0.0807925    -0.052797642
       10561.222   -0.0313523    0.0410299    -0.031352319
       10562.308    0.0134479    0.0186166     0.013447949
       10563.394   -0.0391588    0.0551631    -0.039158848
       10564.480    0.0259726    0.0491702     0.025972596
       10565.566   -0.0176469    0.0296742    -0.017646882
       10566.652    0.0291271    0.0404492     0.029127084
       10567.738    0.0696868    0.0861144     0.069686755
       10568.824     0.155893     0.181159      0.15589284
       10569.910     0.101913     0.120312      0.10191342
       10570.995    0.0905179     0.114399     0.090517921
       10572.081    0.0147759    0.0196491     0.014775857
       10573.167    0.0535271    0.0842075     0.053527075
       10574.253     0.285322     0.306504      0.28532222
       10575.339     0.276604     0.327281      0.27660437
       10576.425     0.264129     0.314395      0.26412947
       10577.511    0.0353132    0.0638303     0.035313162
       10578.597    0.0682136     0.110239     0.068213608
       10579.683    0.0620429     0.100729     0.062042860
       10580.769     0.110307     0.172584      0.11030704
       10581.855    0.0784956     0.149292     0.078495599
       10582.941    0.0371299    0.0537300     0.037129872
       10584.027    0.0141875    0.0207969     0.014187532
       10585.113     0.135710     0.173590      0.13571043
       10586.199    0.0262998    0.0473812     0.026299779
       10587.285    0.0703626     0.115041     0.070362647
       10588.371    0.0500181    0.0612869     0.050018057
       10589.457    -0.148830     0.164292     -0.14883049
       10590.543   -0.0748492    0.0915074    -0.074849203
       10591.629    0.0840382    0.0975116     0.084038192
       10592.715     0.107230     0.190737      0.10722973
       10593.801    0.0427272    0.0739181     0.042727224
       10594.887    0.0362907    0.0541824     0.036290655
       10595.973    0.0752107     0.125458     0.075210657
       10597.059    0.0857433     0.129440     0.085743259
       10598.145    0.0666052    0.0872855     0.066605226
       10599.231     0.121435     0.161316      0.12143486
       10600.317     0.186912     0.251331      0.18691220
       10601.403    0.0635640     0.102251     0.063564038
       10602.489    0.0427839    0.0769420     0.042783929
       10603.575    0.0633376    0.0911147     0.063337629
       10604.661    0.0523217    0.0871411     0.052321698
       10605.747   -0.0198966    0.0251858    -0.019896567
       10606.833    0.0137859    0.0239874     0.013785896
       10607.919   -0.0186986    0.0397964    -0.018698613
       10609.005   -0.0180917    0.0308073    -0.018091697
       10610.090     0.101209     0.143356      0.10120890
       10611.176    0.0790746     0.105105     0.079074637
       10612.262   0.00697879    0.0106343    0.0069787918
       10613.348    0.0367401    0.0554955     0.036740115
       10614.434    0.0843417     0.102789     0.084341725
       10615.520    0.0459735    0.0628044     0.045973545
       10616.606    0.0375880    0.0699456     0.037587966
       10617.692    0.0326197    0.0529686     0.032619736
       10618.778    0.0338398    0.0534447     0.033839797
       10619.864    0.0200374    0.0316027     0.020037366
       10620.950    0.0136975    0.0165369     0.013697495
       10622.036    0.0393032    0.0521333     0.039303162
       10623.122    0.0796792     0.148327     0.079679192
       10624.208   -0.0293983    0.0508723    -0.029398280
       10625.294    0.0897310     0.139013     0.089730992
       10626.380     0.122731     0.167582      0.12273125
       10627.466    0.0890060     0.133443     0.089005955
       10628.552     0.115410     0.168437      0.11541018
       10629.638     0.137396     0.185855      0.13739598
       10630.724    0.0457046    0.0649167     0.045704640
       10631.810     0.116076     0.143496      0.11607607
       10632.896    0.0621671    0.0969567     0.062167103
       10633.982     0.137435     0.218642      0.13743491
       10635.068    0.0590101    0.0889223     0.059010142
       10636.154    0.0241941    0.0400973     0.024194097
       10637.240    0.0889198     0.134716     0.088919797
       10638.326    0.0922783     0.154653     0.092278338
       10639.412    0.0344262    0.0533257     0.034426164
       10640.498    0.0678700     0.108672     0.067869979
       10641.584    0.0930764     0.179346     0.093076374
       10642.670    0.0548626    0.0799975     0.054862599
       10643.756    0.0264114    0.0475496     0.026411442
       10644.842    0.0500700    0.0830286     0.050070041
       10645.928    0.0478886    0.0801013     0.047888649
       10647.014    0.0166133    0.0240205     0.016613293
       10648.100     0.146261     0.180110      0.14626132
       10649.186    0.0411740    0.0617377     0.041173975
       10650.271    0.0817553     0.120497     0.081755342
       10651.357    0.0426037    0.0583429     0.042603705
       10652.443    0.0993948     0.159637     0.099394842
       10653.529    0.0539174    0.0918554     0.053917359
       10654.615   -0.0334949    0.0640034    -0.033494927
       10655.701  -0.00165155   0.00260058   -0.0016515497
       10656.787     0.118244     0.178078      0.11824422
       10657.873    0.0769946     0.128991     0.076994556
       10658.959    0.0983047     0.154622     0.098304751
       10660.045    0.0943082     0.220829     0.094308181
       10661.131    0.0165406    0.0350948     0.016540649
       10662.217  -0.00608429   0.00873979   -0.0060842940
       10663.303    0.0307611    0.0491043     0.030761080
       10664.389    0.0111181    0.0141129     0.011118121
       10665.475    0.0943615     0.119957     0.094361521
       10666.561     0.147901     0.178055      0.14790114
       10667.647     0.104612     0.155729      0.10461222
       10668.733    0.0344104    0.0600945     0.034410359
       10669.819   -0.0152711    0.0222847    -0.015271073
       10670.905    0.0290386    0.0431629     0.029038632
       10671.991   -0.0128774    0.0233482    -0.012877395
       10673.077    0.0732691     0.127215     0.073269121
       10674.163   0.00516530   0.00818818    0.0051652995
       10675.249    0.0632279     0.109896     0.063227860
       10676.335    0.0327401    0.0652375     0.032740057
       10677.421   0.00265543   0.00523988    0.0026554329
       10678.507    0.0165281    0.0254445     0.016528061
       10679.593     0.118777     0.181134      0.11877650
       10680.679     0.144765     0.199888      0.14476454
       10681.765     0.108149     0.156568      0.10814912
       10682.851    0.0849203     0.122300     0.084920275
       10683.937    0.0683097     0.133324     0.068309691
       10685.023  -0.00547819   0.00860429   -0.0054781859
       10686.109    0.0660458    0.0971634     0.066045790
       10687.195    0.0727716    0.0856494     0.072771609
       10688.281    0.0666606    0.0951720     0.066660560
       10689.367    0.0667515     0.119151     0.066751532
       10690.452     0.123553     0.159262      0.12355304
       10691.538   -0.0653013     0.105501    -0.065301292
       10692.624    0.0285837    0.0636206     0.028583692
       10693.710    0.0982558     0.164797     0.098255772
       10694.796    0.0648735    0.0966181     0.064873486
       10695.882    0.0447674    0.0883512     0.044767420
       10696.968     0.129198     0.193293      0.12919794
       10698.054    0.0850923    0.0908547     0.085092310
       10699.140     0.185645     0.242984      0.18564493
       10700.226    0.0229551    0.0342702     0.022955117
       10701.312    0.0814024    0.0964100     0.081402404
       10702.398     0.166760     0.185086      0.16675972
       10703.484    0.0404189    0.0841041     0.040418909
       10704.570     0.206145     0.258445      0.20614529
       10705.656     0.157859     0.205557      0.15785887
       10706.742     0.170399     0.314941      0.17039864
       10707.828     0.143881     0.237767      0.14388055
       10708.914     0.130949     0.211350      0.13094946
       10710.000    0.0926787     0.123602     0.092678744
       10711.086   -0.0200662    0.0259517    -0.020066205
       10712.172     0.124753     0.164013      0.12475306
       10713.258    0.0420098    0.0553466     0.042009791
       10714.344    0.0393434    0.0652470     0.039343427
       10715.430   0.00578991   0.00869496    0.0057899111
       10716.516    0.0589735     0.103099     0.058973477
       10717.602    0.0651384     0.130647     0.065138448
       10718.688     0.150104     0.220960      0.15010366
       10719.774    0.0403638    0.0555929     0.040363787
       10720.860    0.0988639     0.122329     0.098863879
       10721.946     0.282303     0.232829      0.28230260
       10723.032     0.174089     0.164494      0.17408880
       10724.118   -0.0221267    0.0247775    -0.022126656
       10725.204     0.178808     0.179636      0.17880813
       10726.290    0.0761979    0.0916170     0.076197903
       10727.376   0.00963591    0.0207970    0.0096359061
       10728.462    0.0995080     0.159547     0.099508024
       10729.548     0.283372     0.367386      0.28337235
       10730.633     0.475043     0.487034      0.47504288
       10731.719     0.402384     0.521212      0.40238421
       10732.805   -0.0707725    0.0849787    -0.070772457
       10733.891    -0.136851     0.197159     -0.13685146
       10734.977    0.0324640    0.0455392     0.032463998
       10736.063    0.0789560     0.119439     0.078955956
       10737.149    0.0748090     0.112453     0.074808971
       10738.235    0.0955969     0.179751     0.095596943
       10739.321     0.188488     0.202549      0.18848754
       10740.407    0.0910243     0.138735     0.091024286
       10741.493    0.0859308     0.135015     0.085930761
       10742.579    0.0435280    0.0848404     0.043528019
       10743.665   -0.0387285    0.0514994    -0.038728483
       10744.751    -0.177672     0.208397     -0.17767220
       10745.837    -0.130738     0.162544     -0.13073751
       10746.923   -0.0684515     0.103801    -0.068451476
       10748.009    0.0638844    0.0944974     0.063884377
       10749.095   -0.0399999    0.0688639    -0.039999893
       10750.181     0.125861     0.195268      0.12586078
       10751.267   -0.0723170    0.0761910    -0.072317006
       10752.353    0.0286401    0.0291631     0.028640103
       10753.439  -0.00297312   0.00457123   -0.0029731181
       10754.525     0.151561     0.149939      0.15156130
       10755.611    0.0573565    0.0551126     0.057356513
       10756.697     0.113567     0.155711      0.11356685
       10757.783    0.0573118    0.0895830     0.057311781
       10758.869    0.0287977    0.0454726     0.028797702
       10759.955     0.216539     0.252217      0.21653855
       10761.041     0.133198     0.188063      0.13319767
       10762.127    0.0470840    0.0714008     0.047083967
       10763.213    0.0445545    0.0741122     0.044554544
       10764.299    0.0419997    0.0726906     0.041999692
       10765.385    0.0892221     0.143788     0.089222078
       10766.471    0.0729542     0.128489     0.072954206
       10767.557    0.0486049     0.106742     0.048604908
       10768.643  -0.00181589   0.00349947   -0.0018158894
       10769.729   -0.0280955    0.0658739    -0.028095490
       10770.814    0.0214604    0.0398304     0.021460433
       10771.900  -0.00429146   0.00650790   -0.0042914586
       10772.986    0.0303893    0.0416469     0.030389286
       10774.072   -0.0267289    0.0362902    -0.026728885
       10775.158    -0.119808     0.183300     -0.11980770
       10776.244    0.0393787    0.0612436     0.039378662
       10777.330  0.000158750  0.000223395   0.00015874987
       10778.416    0.0223139    0.0319001     0.022313924
       10779.502   -0.0576136    0.0853561    -0.057613551
       10780.588    0.0268999    0.0324705     0.026899894
       10781.674   -0.0571276     0.138334    -0.057127596
       10782.760   -0.0101014    0.0108616    -0.010101380
       10783.846   -0.0201861    0.0410186    -0.020186123
       10784.932    0.0632384    0.0842744     0.063238372
       10786.018    0.0441344    0.0676011     0.044134419
       10787.104   -0.0227689    0.0313625    -0.022768885
       10788.190   -0.0191904    0.0283430    -0.019190409
       10789.276    0.0806903     0.126565     0.080690348
       10790.362    0.0800389     0.110202     0.080038865
       10791.448    0.0441921    0.0573703     0.044192081
       10792.534    0.0564023    0.0752036     0.056402328
       10793.620    0.0329187    0.0645275     0.032918682
       10794.706    0.0865704     0.174679     0.086570371
       10795.792    0.0580445     0.145659     0.058044479
       10796.878    0.0975320     0.140281     0.097532007
       10797.964    0.0637953    0.0924637     0.063795265
       10799.050   -0.0179016    0.0292717    -0.017901610
       10800.136   0.00974679    0.0140767    0.0097467916
       10801.222    0.0474048    0.0982660     0.047404782
       10802.308    0.0508105    0.0740378     0.050810487
       10803.394    0.0380596    0.0577141     0.038059579
       10804.480   -0.0146302    0.0309593    -0.014630184
       10805.566    0.0528833    0.0989701     0.052883345
       10806.652   0.00846834    0.0115221    0.0084683448
       10807.738    0.0592367    0.0900865     0.059236692
       10808.824    0.0384025    0.0540261     0.038402546
       10809.910    0.0302999    0.0546429     0.030299948
       10810.995    0.0400572    0.0753748     0.040057153
       10812.081    0.0663005     0.116733     0.066300455
       10813.167    0.0713670     0.120079     0.071367022
       10814.253    0.0836175     0.112136     0.083617502
       10815.339    0.0840227     0.135308     0.084022654
       10816.425    0.0904569     0.117476     0.090456869
       10817.511    0.0956934     0.137026     0.095693373
       10818.597    0.0895843     0.119330     0.089584296
       10819.683    0.0838137     0.125589     0.083813682
       10820.769     0.143446     0.183805      0.14344588
       10821.855    0.0143267    0.0258842     0.014326723
       10822.941    0.0188443    0.0507125     0.018844270
       10824.027    0.0616266     0.113658     0.061626557
       10825.113   -0.0284933    0.0515219    -0.028493303
       10826.199   0.00689728    0.0108073    0.0068972803
       10827.285   -0.0669983     0.107055    -0.066998272
       10828.371    0.0759223    0.0815005     0.075922316
       10829.457    0.0366544    0.0373230     0.036654418
       10830.543   -0.0141103   0.00935439    -0.014110309
       10831.629      1.58814     0.406207       1.5881377
       10832.715     0.533126     0.354130      0.53312589
       10833.801    -0.515157     0.538638     -0.51515661
       10834.887    -0.524156     0.469436     -0.52415563
       10835.973     0.260908     0.261598      0.26090844
       10837.059    0.0942194    0.0881361     0.094219363
       10838.145    0.0359564    0.0680888     0.035956434
       10839.231    0.0131409    0.0201506     0.013140941
       10840.317   0.00919078    0.0130406    0.0091907837
       10841.403    0.0507046    0.0784685     0.050704559
       10842.489    0.0137102    0.0162560     0.013710195
       10843.575     0.227449     0.297154      0.22744859
       10844.661    0.0235965    0.0307537     0.023596538
       10845.747   -0.0449693    0.0647883    -0.044969324
       10846.833    0.0404400    0.0543731     0.040440017
       10847.919  -0.00631429    0.0112207   -0.0063142876
       10849.005    0.0909214     0.153617     0.090921441
       10850.090    0.0748389     0.133759     0.074838901
       10851.176    0.0424302    0.0705335     0.042430173
       10852.262    0.0372774    0.0566491     0.037277408
       10853.348    0.0571609     0.121101     0.057160900
       10854.434     0.130239     0.202032      0.13023903
       10855.520     0.106067     0.144304      0.10606669
       10856.606    0.0855388     0.147779     0.085538806
       10857.692    0.0741287    0.0923688     0.074128730
       10858.778   0.00295124   0.00340451    0.0029512369
       10859.864     0.154983     0.203877      0.15498299
       10860.950    0.0365343    0.0571239     0.036534281
       10862.036    0.0818307     0.127052     0.081830680
       10863.122    0.0834824     0.135953     0.083482354
       10864.208    0.0769305     0.111692     0.076930481
       10865.294  -0.00517472   0.00929932   -0.0051747171
       10866.380    0.0180136    0.0251890     0.018013581
       10867.466   -0.0157504    0.0333053    -0.015750439
       10868.552   0.00264872   0.00608284    0.0026487201
       10869.638    0.0286158    0.0624043     0.028615815
       10870.724    0.0667980    0.0975560     0.066797972
       10871.810    0.0522919    0.0958371     0.052291860
       10872.896    0.0761646     0.107961     0.076164630
       10873.982    0.0825606     0.119577     0.082560572
       10875.068     0.137016     0.265345      0.13701585
       10876.154     0.116587     0.222908      0.11658728
       10877.240    0.0414156    0.0677953     0.041415563
       10878.326   -0.0514827     0.106147    -0.051482727
       10879.412    0.0507449    0.0769658     0.050744936
       10880.498    0.0503957    0.0902809     0.050395742
       10881.584     0.131376     0.231411      0.13137557
       10882.670     0.117557     0.195483      0.11755709
       10883.756    0.0223563    0.0356531     0.022356325
       10884.842   -0.0214959    0.0359322    -0.021495932
       10885.928   0.00529244   0.00832315    0.0052924440
       10887.014   -0.0484661    0.0902990    -0.048466146
       10888.100    0.0479362    0.0927701     0.047936197
       10889.186    0.0266087    0.0623126     0.026608736
       10890.271    0.0830329     0.115520     0.083032924
       10891.357     0.111500     0.160621      0.11150047
       10892.443   0.00701349    0.0125697    0.0070134906
       10893.529    0.0641184    0.0802246     0.064118356
       10894.615     0.134479     0.195309      0.13447934
       10895.701    0.0717418     0.129731     0.071741806
       10896.787   -0.0473796    0.0607574    -0.047379574
       10897.873    0.0692424    0.0864962     0.069242374
       10898.959    -0.104687     0.168710     -0.10468705
       10900.045   -0.0497045    0.0593391    -0.049704507
       10901.131    0.0829569     0.106415     0.082956894
       10902.217    0.0678945     0.108682     0.067894477
       10903.303    0.0588371    0.0986624     0.058837100
       10904.389    0.0657493     0.120379     0.065749262
       10905.475    0.0733957     0.119601     0.073395715
       10906.561     0.102481     0.152280      0.10248142
       10907.647    0.0341600    0.0479776     0.034159957
       10908.733   0.00177398   0.00351015    0.0017739774
       10909.819    0.0464813    0.0684787     0.046481348
       10910.905    0.0542089    0.0858732     0.054208921
       10911.991    0.0530202     0.102113     0.053020200
       10913.077    0.0343723    0.0627689     0.034372287
       10914.163    0.0640973    0.0768825     0.064097306
       10915.249     0.135099     0.163178      0.13509872
       10916.335    0.0431814    0.0916800     0.043181391
       10917.421    0.0115361    0.0171274     0.011536131
       10918.507   -0.0270034    0.0412761    -0.027003423
       10919.593  -0.00377419   0.00570446   -0.0037741906
       10920.679    0.0631736     0.107720     0.063173642
       10921.765     0.109919     0.197877      0.10991916
       10922.851    0.0981757    0.0951360     0.098175699
       10923.937     0.358090     0.279323      0.35808978
       10925.023     0.496667     0.299666      0.49666733
       10926.109     0.512489     0.416056      0.51248870
       10927.195     0.162060     0.154891      0.16206050
       10928.281   -0.0445421    0.0487279    -0.044542105
       10929.367     0.114512     0.144423      0.11451229
       10930.452    0.0488696     0.103875     0.048869591
       10931.538   -0.0180228    0.0392868    -0.018022759
       10932.624    0.0628790     0.107161     0.062878968
       10933.710     0.100219     0.158441      0.10021933
       10934.796    0.0354165    0.0538700     0.035416525
       10935.882   0.00333953   0.00539589    0.0033395288
       10936.968    0.0371638    0.0569912     0.037163772
       10938.054    0.0604416    0.0871177     0.060441571
       10939.140    0.0788909     0.170862     0.078890922
       10940.226     0.102553     0.196554      0.10255299
       10941.312    0.0545808    0.0994059     0.054580788
       10942.398   -0.0169980    0.0283140    -0.016997966
       10943.484  -0.00390605   0.00726388   -0.0039060454
       10944.570    0.0660959    0.0772026     0.066095885
       10945.656    0.0413898    0.0571265     0.041389769
       10946.742    0.0616264    0.0955235     0.061626404
       10947.828   -0.0593403    0.0999858    -0.059340296
       10948.914    -0.107005     0.130228     -0.10700525
       10950.000   -0.0439762    0.0602661    -0.043976190
       10951.086   -0.0458504    0.0621073    -0.045850355
       10952.172     0.190986     0.273956      0.19098606
       10953.258    0.0311856    0.0331456     0.031185631
       10954.344   -0.0234917    0.0203328    -0.023491651
       10955.430    0.0595755    0.0904132     0.059575484
       10956.516    0.0996490     0.142608     0.099648960
       10957.602    0.0605981    0.0887920     0.060598097
       10958.688   -0.0112221    0.0158414    -0.011222053
       10959.774    0.0508632    0.0889961     0.050863198
       10960.860    0.0216308    0.0471008     0.021630797
       10961.946    0.0570395    0.0958572     0.057039525
       10963.032    0.0242684    0.0364016     0.024268421
       10964.118    0.0324378    0.0625568     0.032437845
       10965.204    0.0698843     0.114676     0.069884309
       10966.290    0.0188155    0.0397777     0.018815544
       10967.376   0.00948076    0.0162687    0.0094807597
       10968.462   0.00869003    0.0181275    0.0086900269
       10969.548    0.0511212    0.0640597     0.051121245
       10970.633     0.164775     0.194844      0.16477514
       10971.719     0.233796     0.261135      0.23379635
       10972.805     0.104085     0.117007      0.10408534
       10973.891    -0.186272     0.220176     -0.18627242
       10974.977    0.0801392    0.0934884     0.080139154
       10976.063     0.169931     0.200847      0.16993101
       10977.149     0.224297     0.284255      0.22429706
       10978.235    0.0192718    0.0216118     0.019271766
       10979.321    0.0362498    0.0780426     0.036249846
       10980.407    0.0914749     0.135542     0.091474914
       10981.493    0.0927159     0.134370     0.092715853
       10982.579    0.0512484    0.0998009     0.051248384
       10983.665    0.0693204     0.123372     0.069320366
       10984.751    0.0772908     0.119331     0.077290762
       10985.837     0.104053     0.215453      0.10405278
       10986.923     0.106068     0.188593      0.10606785
       10988.009    0.0714318     0.120308     0.071431797
       10989.095     0.120910     0.175163      0.12090986
       10990.181    0.0372637    0.0732930     0.037263732
       10991.267    0.0933297     0.147558     0.093329688
       10992.353    0.0570032     0.107556     0.057003199
       10993.439     0.103858     0.124293      0.10385829
       10994.525    0.0862752     0.140890     0.086275179
       10995.611    0.0321112    0.0507219     0.032111170
       10996.697   -0.0183697    0.0298573    -0.018369689
       10997.783    0.0478305    0.0673341     0.047830463
       10998.869    0.0995710     0.164224     0.099570996
       10999.955    0.0660541     0.146367     0.066054080
       11001.041    0.0833285     0.115494     0.083328519
       11002.127    0.0377397    0.0552193     0.037739684
       11003.213   -0.0148822    0.0260817    -0.014882156
       11004.299    0.0697685    0.0847595     0.069768540
       11005.385   0.00432229   0.00562339    0.0043222925
       11006.471    0.0760283    0.0905719     0.076028301
       11007.557     0.258294     0.261134      0.25829396
       11008.643    0.0732420    0.0950603     0.073241963
       11009.729   -0.0100053    0.0127885    -0.010005282
       11010.814   -0.0214656    0.0231782    -0.021465599
       11011.900     0.198465     0.235923      0.19846548
       11012.986     0.119425     0.146881      0.11942548
       11014.072     0.121790     0.222582      0.12178978
       11015.158    0.0877863     0.133176     0.087786301
       11016.244   0.00755798    0.0103696    0.0075579800
       11017.330    0.0561221    0.0836014     0.056122117
       11018.416    0.0160858    0.0303815     0.016085838
       11019.502   -0.0359932    0.0777287    -0.035993192
       11020.588    0.0458331    0.0755900     0.045833052
       11021.674    0.0819409     0.120612     0.081940916
       11022.760    0.0764465     0.109780     0.076446501
       11023.846    0.0464820    0.0846428     0.046482041
       11024.932     0.126775     0.199975      0.12677535
       11026.018     0.107789     0.129377      0.10778917
       11027.104    0.0858380    0.0890415     0.085838018
       11028.190    -0.222939     0.248522     -0.22293920
       11029.276    -0.262837     0.274469     -0.26283659
       11030.362    0.0829790    0.0735702     0.082979001
       11031.448     0.144816     0.162102      0.14481579
       11032.534     0.167068     0.165935      0.16706772
       11033.620    0.0545875    0.0904051     0.054587489
       11034.706    0.0650880     0.120226     0.065088051
       11035.792     0.108909     0.142750      0.10890867
       11036.878    0.0439881    0.0545186     0.043988130
       11037.964    0.0331707    0.0451383     0.033170727
       11039.050   0.00395968   0.00778373    0.0039596804
       11040.136    0.0499916    0.0843851     0.049991616
       11041.222    0.0637079    0.0959412     0.063707900
       11042.308    0.0527027    0.0649547     0.052702669
       11043.394    0.0560567    0.0701007     0.056056738
       11044.480    0.0787852     0.107591     0.078785155
       11045.566    0.0700520     0.117990     0.070051996
       11046.652     0.135330     0.162588      0.13532955
       11047.738     0.115917     0.133148      0.11591715
       11048.824    0.0942291     0.126829     0.094229087
       11049.910    0.0653050    0.0819714     0.065304991
       11050.995    0.0852398     0.109987     0.085239791
       11052.081    0.0267852    0.0372306     0.026785221
       11053.167    0.0434502    0.0770134     0.043450232
       11054.253  -0.00509928   0.00747138   -0.0050992797
       11055.339   0.00272985   0.00429597    0.0027298528
       11056.425     0.115735     0.191838      0.11573481
       11057.511     0.168324     0.263951      0.16832431
       11058.597    0.0663227     0.138128     0.066322726
       11059.683    0.0308940    0.0442306     0.030893989
       11060.769    0.0114654    0.0196906     0.011465432
       11061.855    0.0908950     0.137907     0.090894992
       11062.941    0.0320227    0.0537647     0.032022662
       11064.027    0.0615356    0.0852585     0.061535641
       11065.113     0.144288     0.168544      0.14428829
       11066.199    0.0806678     0.123837     0.080667838
       11067.285    0.0505707    0.0900451     0.050570721
       11068.371    0.0917490     0.140610     0.091749009
       11069.457     0.142376     0.196383      0.14237610
       11070.543    0.0139305    0.0132489     0.013930542
       11071.629    0.0260883    0.0357314     0.026088261
       11072.715    0.0716232    0.0986599     0.071623243
       11073.801    0.0132194    0.0165381     0.013219428
       11074.887    0.0817031    0.0817784     0.081703055
       11075.973     0.132822     0.162634      0.13282195
       11077.059     0.137386     0.174675      0.13738589
       11078.145     0.132251     0.200968      0.13225121
       11079.231    0.0674663     0.107595     0.067466286
       11080.317    0.0575579    0.0808338     0.057557941
       11081.403     0.142048     0.150538      0.14204846
       11082.489    0.0813320     0.137884     0.081331988
       11083.575    0.0930477     0.140352     0.093047664
       11084.661    0.0896731     0.129184     0.089673115
       11085.747    0.0857090     0.145808     0.085708963
       11086.833   -0.0187777    0.0233211    -0.018777720
       11087.919    0.0744827    0.0902694     0.074482672
       11089.005     0.370895     0.337024      0.37089489
       11090.090   -0.0519328    0.0469841    -0.051932792
       11091.176   -0.0359650    0.0409999    -0.035965018
       11092.262     0.187911     0.215987      0.18791132
       11093.348     0.123923     0.146640      0.12392329
       11094.434    0.0657793     0.132872     0.065779282
       11095.520    0.0573548     0.104192     0.057354787
       11096.606    0.0574236    0.0994659     0.057423627
       11097.692    0.0266473    0.0419160     0.026647322
       11098.778    0.0166088    0.0198862     0.016608786
       11099.864     0.105812     0.142225      0.10581204
       11100.950    0.0626439    0.0863479     0.062643912
       11102.036    0.0465823    0.0692267     0.046582324
       11103.122    0.0571716    0.0891681     0.057171634
       11104.208    0.0998865     0.115818     0.099886490
       11105.294     0.103250     0.176629      0.10325019
       11106.380    0.0653064    0.0964038     0.065306425
       11107.466    0.0156132    0.0185359     0.015613220
       11108.552    0.0163921    0.0282236     0.016392072
       11109.638     0.166433     0.187826      0.16643258
       11110.724     0.122015     0.170494      0.12201481
       11111.810    0.0561835    0.0787479     0.056183547
       11112.896    0.0508787    0.0717886     0.050878686
       11113.982   -0.0580126     0.129035    -0.058012617
       11115.068   -0.0193336    0.0319540    -0.019333552
       11116.154  -0.00832499    0.0152759   -0.0083249936
       11117.240    0.0508016    0.0646130     0.050801622
       11118.326    0.0993169     0.139129     0.099316896
       11119.412    0.0672960     0.113919     0.067296028
       11120.498    0.0849865     0.123236     0.084986510
       11121.584    0.0771080     0.109722     0.077107966
       11122.670    0.0974225     0.164562     0.097422545
       11123.756     0.131628     0.211950      0.13162806
       11124.842     0.119121     0.169400      0.11912079
       11125.928    0.0505472    0.0755467     0.050547246
       11127.014     0.156753     0.181145      0.15675277
       11128.100     0.109570     0.161734      0.10956979
       11129.186    0.0998570     0.136065     0.099857050
       11130.271    0.0570682    0.0789370     0.057068205
       11131.357   -0.0213393    0.0324488    -0.021339285
       11132.443    0.0905539    0.0995382     0.090553862
       11133.529    0.0719339    0.0948982     0.071933852
       11134.615     0.105756     0.136003      0.10575631
       11135.701    0.0818070     0.101669     0.081807017
       11136.787    0.0432194    0.0598263     0.043219400
       11137.873    0.0911980     0.194322     0.091198019
       11138.959    0.0586258    0.0742913     0.058625754
       11140.045     0.188761     0.190888      0.18876072
       11141.131     0.165844     0.177180      0.16584377
       11142.217    0.0887565    0.0932650     0.088756494
       11143.303     0.122909     0.161250      0.12290931
       11144.389     0.136787     0.164263      0.13678687
       11145.475    0.0842400     0.109869     0.084239977
       11146.561    0.0573832     0.107699     0.057383220
       11147.647    0.0330509    0.0345291     0.033050936
       11148.733   -0.0158019    0.0221791    -0.015801937
       11149.819    0.0448661    0.0707901     0.044866138
       11150.905    0.0405812    0.0652069     0.040581213
       11151.991    0.0794175     0.123446     0.079417451
       11153.077    0.0380607    0.0630603     0.038060681
       11154.163   0.00235412   0.00241071    0.0023541233
       11155.249   -0.0503897    0.0544759    -0.050389673
       11156.335    -0.104497     0.167779     -0.10449738
       11157.421    -0.137926     0.152931     -0.13792578
       11158.507    0.0119392    0.0156342     0.011939189
       11159.593    0.0473258    0.0690284     0.047325825
       11160.679    0.0818208     0.123068     0.081820783
       11161.765    0.0472382    0.0860316     0.047238208
       11162.851    0.0714637     0.105205     0.071463692
       11163.937    0.0476857    0.0777095     0.047685685
       11165.023  0.000966447   0.00129772   0.00096644709
       11166.109    0.0124591    0.0247605     0.012459052
       11167.195  -0.00502967   0.00901603   -0.0050296704
       11168.281    0.0256967    0.0435859     0.025696723
       11169.367   0.00664551    0.0105823    0.0066455097
       11170.452    0.0456543    0.0588931     0.045654285
       11171.538   -0.0360755    0.0756538    -0.036075529
       11172.624   -0.0328815    0.0639469    -0.032881532
       11173.710   -0.0201858    0.0363110    -0.020185777
       11174.796   -0.0278622    0.0431964    -0.027862154
       11175.882   -0.0155146    0.0252254    -0.015514594
       11176.968    0.0456412    0.0599447     0.045641164
       11178.054    0.0141570    0.0252739     0.014156996
       11179.140    0.0289323    0.0488569     0.028932264
       11180.226    0.0205892    0.0452802     0.020589238
       11181.312    0.0764670     0.107353     0.076466977
       11182.398    0.0431432    0.0518949     0.043143163
       11183.484    0.0687672    0.0940947     0.068767152
       11184.570   0.00874112    0.0142731    0.0087411167
       11185.656    0.0463975    0.0583771     0.046397452
       11186.742    0.0468875    0.0613817     0.046887461
       11187.828  -0.00629906   0.00821937   -0.0062990645
       11188.914    0.0605283    0.0888345     0.060528319
       11190.000    0.0353415    0.0529650     0.035341498
       11191.086   -0.0192804    0.0298187    -0.019280449
       11192.172    0.0284637    0.0476469     0.028463690
       11193.258   -0.0291948    0.0437668    -0.029194823
       11194.344    0.0821910     0.118126     0.082190950
       11195.430    0.0454230    0.0873013     0.045423022
       11196.516   -0.0121846    0.0190012    -0.012184596
       11197.602  0.000113647  0.000167638   0.00011364651
       11198.688   0.00112997   0.00183596    0.0011299708
       11199.774    0.0226015    0.0327028     0.022601460
       11200.860    0.0596032    0.0957632     0.059603212
       11201.946    0.0535110    0.0808302     0.053510964
       11203.032    0.0194200    0.0291193     0.019420038
       11204.118    0.0212717    0.0306998     0.021271659
       11205.204    0.0262506    0.0434627     0.026250563
       11206.290   0.00500455   0.00947025    0.0050045501
       11207.376   0.00888005    0.0161676    0.0088800466
       11208.462    0.0210006    0.0319645     0.021000554
       11209.548    0.0195108    0.0300480     0.019510786
       11210.633   -0.0453229    0.0733718    -0.045322850
       11211.719    0.0242483    0.0386019     0.024248341
       11212.805   -0.0367012    0.0572202    -0.036701223
       11213.891    0.0625877     0.129005     0.062587663
       11214.977   -0.0349409    0.0601468    -0.034940853
       11216.063    0.0142210    0.0252712     0.014221041
       11217.149   -0.0562604    0.0792762    -0.056260381
       11218.235    0.0559095    0.0863501     0.055909484
       11219.321   -0.0231590    0.0390694    -0.023159044
       11220.407   0.00581718   0.00806534    0.0058171847
       11221.493     0.100404     0.106938      0.10040439
       11222.579   -0.0100653    0.0136110    -0.010065278
       11223.665    0.0639880    0.0852926     0.063988026
       11224.751  -0.00783969    0.0111837   -0.0078396946
       11225.837   0.00740578    0.0150032    0.0074057807
       11226.923  -0.00887582    0.0135575   -0.0088758225
       11228.009    0.0527090     0.102837     0.052708998
       11229.095    0.0134916    0.0206828     0.013491589
       11230.181  -0.00725495    0.0133502   -0.0072549468
       11231.267    0.0259668    0.0445065     0.025966758
       11232.353    0.0166542    0.0261550     0.016654178
       11233.439  -0.00175052   0.00240517   -0.0017505205
       11234.525  -0.00467453   0.00765803   -0.0046745340
       11235.611   -0.0189826    0.0383341    -0.018982634
       11236.697    -0.109300     0.112699     -0.10930011
       11237.783   -0.0216982    0.0343334    -0.021698194
       11238.869   -0.0102996    0.0165916    -0.010299598
       11239.955    0.0550104    0.0830108     0.054819959
