       9750.0000      1.29453     0.261295       1.2945281
       9751.0860      1.21740     0.244611       1.2173956
       9752.1719      1.30260     0.211849       1.3026044
       9753.2579      1.17806     0.222208       1.1780576
       9754.3439      1.15406     0.225055       1.1540585
       9755.4299      1.31702     0.204145       1.3170194
       9756.5158      1.36391     0.199467       1.3639109
       9757.6018      1.31042     0.206461       1.3104213
       9758.6878      1.34333     0.206725       1.3433336
       9759.7738      1.34690     0.206807       1.3469047
       9760.8597      1.34127     0.202258       1.3412700
       9761.9457      1.27405     0.195602       1.2740539
       9763.0317      1.36218     0.193614       1.3621820
       9764.1176      1.34831     0.189723       1.3483072
       9765.2036      1.39312     0.194501       1.3931155
       9766.2896      1.34383     0.192889       1.3438265
       9767.3756      1.33904     0.189627       1.3390360
       9768.4615      1.40499     0.202110       1.4049938
       9769.5475      1.40850     0.198029       1.4084958
       9770.6335      1.30685     0.183767       1.3068517
       9771.7195      1.27366     0.185918       1.2736621
       9772.8054      1.31506     0.193615       1.3150640
       9773.8914      1.34111     0.190204       1.3411098
       9774.9774      1.47338     0.194738       1.4733835
       9776.0633      1.51255     0.203983       1.5125479
       9777.1493      1.43226     0.199909       1.4322608
       9778.2353      1.32618     0.185685       1.3261844
       9779.3213      1.44986     0.196740       1.4498580
       9780.4072      1.40160     0.192777       1.4015986
       9781.4932      1.36249     0.192901       1.3624939
       9782.5792      1.28924     0.183552       1.2892357
       9783.6652      1.34281     0.190486       1.3428142
       9784.7511      1.29172     0.187662       1.2917182
       9785.8371      1.21139     0.182394       1.2113943
       9786.9231      1.27773     0.197321       1.2777291
       9788.0090      1.34874     0.206087       1.3487380
       9789.0950      1.37736     0.216181       1.3773607
       9790.1810      1.34877     0.262649       1.3487734
       9791.2670      1.41304     0.336376       1.4130405
       9792.3529      1.27324     0.367004       1.2732387
       9793.4389      1.52504     0.423538       1.5250366
       9794.5249      1.59193     0.410062       1.5919254
       9795.6109      1.62877     0.409611       1.6287681
       9796.6968      1.45535     0.284830       1.4553460
       9797.7828      1.40156     0.232039       1.4015644
       9798.8688      1.40885     0.228973       1.4088528
       9799.9548      1.54841     0.277851       1.5484147
       9801.0407      1.43238     0.305401       1.4323755
       9802.1267      1.48983     0.317678       1.4898341
       9803.2127      1.40808     0.297112       1.4080819
       9804.2986      1.48813     0.291742       1.4881281
       9805.3846      1.53662     0.253638       1.5366190
       9806.4706      1.43922     0.210554       1.4392159
       9807.5566      1.43149     0.204177       1.4314880
       9808.6425      1.37914     0.215614       1.3791399
       9809.7285      1.53576     0.232679       1.5357550
       9810.8145      1.58828     0.245780       1.5882786
       9811.9005      1.51061     0.240641       1.5106123
       9812.9864      1.49981     0.256543       1.4998108
       9814.0724      1.46816     0.258387       1.4681569
       9815.1584      1.46663     0.256925       1.4666347
       9816.2443      1.36755     0.233956       1.3675507
       9817.3303      1.44038     0.223687       1.4403791
       9818.4163      1.40591     0.214531       1.4059098
       9819.5023      1.45989     0.222136       1.4598891
       9820.5882      1.51173     0.234434       1.5117345
       9821.6742      1.53256     0.233281       1.5325610
       9822.7602      1.42981     0.206903       1.4298075
       9823.8462      1.51481     0.202646       1.5148066
       9824.9321      1.52231     0.196524       1.5223083
       9826.0181      1.45333     0.197372       1.4533317
       9827.1041      1.44243     0.213098       1.4424264
       9828.1900      1.67407     0.230295       1.6740701
       9829.2760      1.58333     0.231995       1.5833331
       9830.3620      1.55522     0.227591       1.5552206
       9831.4480      1.56769     0.224877       1.5676945
       9832.5339      1.60133     0.223763       1.6013347
       9833.6199      1.57520     0.217550       1.5752001
       9834.7059      1.49791     0.205160       1.4979124
       9835.7919      1.53145     0.205667       1.5314469
       9836.8778      1.46495     0.204206       1.4649482
       9837.9638      1.55432     0.208355       1.5543241
       9839.0498      1.50549     0.197172       1.5054883
       9840.1357      1.49133     0.195071       1.4913327
       9841.2217      1.55458     0.199426       1.5545768
       9842.3077      1.58004     0.198357       1.5800439
       9843.3937      1.58884     0.203417       1.5888393
       9844.4796      1.67666     0.210773       1.6766615
       9845.5656      1.59994     0.206788       1.5999392
       9846.6516      1.56426     0.209587       1.5642627
       9847.7376      1.68971     0.232667       1.6897071
       9848.8235      1.56137     0.263616       1.5613748
       9849.9095      1.57258     0.311859       1.5725849
       9850.9955      1.70349     0.330157       1.7034903
       9852.0814      1.90268     0.348218       1.9026756
       9853.1674      1.64889     0.288285       1.6488864
       9854.2534      1.64895     0.227897       1.6489505
       9855.3394      1.52740     0.194196       1.5274049
       9856.4253      1.51101     0.197017       1.5110115
       9857.5113      1.59925     0.199174       1.5992472
       9858.5973      1.61636     0.198199       1.6163627
       9859.6833      1.69094     0.204290       1.6909373
       9860.7692      1.71620     0.210570       1.7161955
       9861.8552      1.69640     0.213252       1.6963963
       9862.9412      1.69498     0.209974       1.6949834
       9864.0271      1.66829     0.207326       1.6682866
       9865.1131      1.51400     0.207753       1.5140022
       9866.1991      1.48576     0.208471       1.4857607
       9867.2851      1.58521     0.208457       1.5852101
       9868.3710      1.51385     0.200653       1.5138521
       9869.4570      1.60037     0.212626       1.6003654
       9870.5430      1.69618     0.225763       1.6961808
       9871.6290      1.67391     0.255973       1.6739056
       9872.7149      1.74831     0.348999       1.7483114
       9873.8009      1.29299     0.323628       1.2929856
       9874.8869      1.46910     0.332173       1.4691033
       9875.9729      1.69103     0.393269       1.6910349
       9877.0588      1.66019     0.327522       1.6601908
       9878.1448      1.72364     0.246321       1.7236378
       9879.2308      1.66803     0.205227       1.6680296
       9880.3167      1.68151     0.207215       1.6815134
       9881.4027      1.74177     0.208805       1.7417735
       9882.4887      1.75779     0.214659       1.7577879
       9883.5747      1.69148     0.215401       1.6914786
       9884.6606      1.70461     0.215960       1.7046058
       9885.7466      1.67009     0.212214       1.6700901
       9886.8326      1.74402     0.227095       1.7440246
       9887.9186      1.73198     0.225151       1.7319754
       9889.0045      1.77335     0.229433       1.7733537
       9890.0905      1.67235     0.220382       1.6723531
       9891.1765      1.60958     0.202700       1.6095786
       9892.2624      1.54947     0.221177       1.5494651
       9893.3484      1.63514     0.210401       1.6351399
       9894.4344      1.78450     0.236497       1.7844957
       9895.5204      1.99554     0.333067       1.9955447
       9896.6063      1.82444     0.346160       1.8244423
       9897.6923      1.76278     0.357368       1.7627817
       9898.7783      1.72842     0.341593       1.7284223
       9899.8643      1.69530     0.289028       1.6952954
       9900.9502      1.85377     0.245142       1.8537660
       9902.0362      1.73398     0.220684       1.7339808
       9903.1222      1.72938     0.221286       1.7293828
       9904.2081      1.62201     0.208647       1.6220052
       9905.2941      1.68451     0.215062       1.6845134
       9906.3801      1.67134     0.219030       1.6713426
       9907.4661      1.70509     0.226790       1.7050853
       9908.5520      1.79842     0.219200       1.7984193
       9909.6380      1.71737     0.214971       1.7173683
       9910.7240      1.76627     0.217263       1.7662694
       9911.8100      1.70363     0.215711       1.7036311
       9912.8959      1.73034     0.233987       1.7303406
       9913.9819      1.77925     0.271500       1.7792489
       9915.0679      1.38656     0.330666       1.3865622
       9916.1538      1.62633     0.449666       1.6263322
       9917.2398      1.75581     0.437563       1.7558116
       9918.3258      1.51024     0.402273       1.5102434
       9919.4118      1.61300     0.345326       1.6129962
       9920.4977      1.63670     0.265378       1.6367015
       9921.5837      1.61924     0.224468       1.6192353
       9922.6697      1.69893     0.215646       1.6989309
       9923.7557      1.61220     0.242966       1.6122002
       9924.8416      1.54840     0.245961       1.5483986
       9925.9276      1.54218     0.230728       1.5421763
       9927.0136      1.69243     0.211774       1.6924282
       9928.0995      1.78144     0.211842       1.7814371
       9929.1855      1.67357     0.233012       1.6735706
       9930.2715      1.51024     0.245433       1.5102428
       9931.3575      1.41410     0.232916       1.4140987
       9932.4434      1.68755     0.244025       1.6875540
       9933.5294      1.69699     0.231321       1.6969938
       9934.6154      1.78952     0.224642       1.7895224
       9935.7014      1.81459     0.214150       1.8145901
       9936.7873      1.70592     0.206577       1.7059227
       9937.8733      1.83279     0.220312       1.8327881
       9938.9593      1.93863     0.223983       1.9386253
       9940.0452      1.77331     0.220963       1.7733083
       9941.1312      1.82691     0.239007       1.8269053
       9942.2172      1.78851     0.291601       1.7885148
       9943.3032      1.78318     0.343350       1.7831754
       9944.3891      2.11754     0.396018       2.1175449
       9945.4751      1.87651     0.388627       1.8765065
       9946.5611      1.97599     0.418538       1.9759921
       9947.6471      1.96329     0.419082       1.9632878
       9948.7330      1.88902     0.392761       1.8890180
       9949.8190      1.98556     0.392152       1.9855646
       9950.9050      2.01017     0.394713       2.0101743
       9951.9910      1.85593     0.338185       1.8559329
       9953.0769      1.90113     0.277432       1.9011281
       9954.1629      1.93297     0.247419       1.9329701
       9955.2489      1.86380     0.237765       1.8638017
       9956.3348      1.97401     0.279638       1.9740087
       9957.4208      1.78301     0.347876       1.7830087
       9958.5068      2.09033     0.440753       2.0903290
       9959.5928      2.10219     0.451899       2.1021900
       9960.6787      2.12589     0.429194       2.1258921
       9961.7647      1.99000     0.369838       1.9899996
       9962.8507      2.00129     0.411353       2.0012905
       9963.9367      1.86975     0.411019       1.8697512
       9965.0226      2.03083     0.410844       2.0308278
       9966.1086      2.12744     0.408314       2.1274432
       9967.1946      2.02689     0.301801       2.0268898
       9968.2805      1.92266     0.230474       1.9226581
       9969.3665      1.93608     0.216864       1.9360757
       9970.4525      1.95519     0.222849       1.9551936
       9971.5385      1.98537     0.231848       1.9853747
       9972.6244      1.90940     0.266689       1.9094000
       9973.7104      1.94820     0.308832       1.9482045
       9974.7964      2.00950     0.320978       2.0095048
       9975.8824      1.93754     0.316095       1.9375357
       9976.9683      2.08755     0.306846       2.0875483
       9978.0543      1.99338     0.256105       1.9933791
       9979.1403      1.95214     0.247170       1.9521365
       9980.2262      1.98777     0.253036       1.9877702
       9981.3122      1.99954     0.251226       1.9995353
       9982.3982      2.03774     0.254573       2.0377357
       9983.4842      1.88573     0.227698       1.8857297
       9984.5701      1.94029     0.224692       1.9402862
       9985.6561      2.01123     0.222410       2.0112326
       9986.7421      2.01233     0.220951       2.0123271
       9987.8281      1.98694     0.220811       1.9869407
       9988.9140      2.00105     0.217971       2.0010514
       9990.0000      2.02166     0.216348       2.0216582
       9991.0860      1.96930     0.221501       1.9692959
       9992.1719      1.92089     0.214636       1.9208947
       9993.2579      1.95444     0.223665       1.9544440
       9994.3439      1.94595     0.219402       1.9459540
       9995.4299      2.06002     0.221788       2.0600242
       9996.5158      2.00392     0.224604       2.0039204
       9997.6018      1.78394     0.244487       1.7839407
       9998.6878      1.71476     0.240796       1.7147624
       9999.7738      1.71142     0.275436       1.7114198
       10000.860      1.66239     0.309434       1.6623858
       10001.946      1.67870     0.323224       1.6786993
       10003.032      1.90328     0.300101       1.9032843
       10004.118      2.07244     0.303415       2.0724427
       10005.204      2.02738     0.295072       2.0273775
       10006.290      2.04407     0.245293       2.0440744
       10007.376      2.01125     0.219767       2.0112490
       10008.462      1.95674     0.225569       1.9567390
       10009.548      1.96305     0.234059       1.9630507
       10010.633      1.88939     0.231022       1.8893887
       10011.719      1.95541     0.270258       1.9554132
       10012.805      2.04897     0.340847       2.0489716
       10013.891      1.98820     0.427352       1.9881957
       10014.977      2.12449     0.465040       2.1244906
       10016.063      2.14141     0.478972       2.1414129
       10017.149      2.37559     0.504753       2.3755871
       10018.235      1.99366     0.364737       1.9936641
       10019.321      2.12814     0.281763       2.1281362
       10020.407      2.11389     0.236638       2.1138925
       10021.493      1.93813     0.236770       1.9381328
       10022.579      1.97354     0.249011       1.9735360
       10023.665      2.00935     0.249981       2.0093541
       10024.751      1.86627     0.286431       1.8662697
       10025.837      1.69506     0.379049       1.6950571
       10026.923      2.20327     0.420227       2.2032676
       10028.009      2.31048     0.390391       2.3104848
       10029.095      2.18406     0.368376       2.1840581
       10030.181      2.22233     0.325850       2.2223336
       10031.267      2.18816     0.250504       2.1881624
       10032.353      2.14507     0.225698       2.1450732
       10033.439      2.11435     0.226708       2.1143451
       10034.525      2.06141     0.220196       2.0614118
       10035.611      2.11046     0.226532       2.1104553
       10036.697      2.03091     0.227303       2.0309103
       10037.783      2.00218     0.221957       2.0021820
       10038.869      1.94314     0.241164       1.9431368
       10039.955      2.03292     0.250665       2.0329156
       10041.041      2.17105     0.237823       2.1710512
       10042.127      2.19348     0.236107       2.1934832
       10043.213      2.29788     0.255826       2.2978753
       10044.299      2.22508     0.303631       2.2250794
       10045.385      2.08161     0.338402       2.0816148
       10046.471      2.16715     0.308512       2.1671501
       10047.557      2.27699     0.303028       2.2769895
       10048.643      2.20827     0.265248       2.2082661
       10049.729      2.15824     0.230705       2.1582442
       10050.814      2.13285     0.216717       2.1328453
       10051.900      2.01128     0.223442       2.0112794
       10052.986      1.98508     0.221415       1.9850793
       10054.072      2.12422     0.236671       2.1242244
       10055.158      1.83761     0.260537       1.8376118
       10056.244      2.03747     0.236068       2.0374685
       10057.330      2.09980     0.217616       2.0998012
       10058.416      1.99866     0.246330       1.9986636
       10059.502      1.94026     0.260397       1.9402627
       10060.588      2.05287     0.280459       2.0528662
       10061.674      2.16951     0.325373       2.1695145
       10062.760      2.19648     0.350000       2.1964831
       10063.846      2.14141     0.354295       2.1414059
       10064.932      2.37936     0.360874       2.3793605
       10066.018      2.30461     0.299970       2.3046137
       10067.104      2.17042     0.257607       2.1704163
       10068.190      2.23081     0.266068       2.2308127
       10069.276      2.12032     0.272177       2.1203231
       10070.362      2.07639     0.280858       2.0763892
       10071.448      2.16725     0.290893       2.1672458
       10072.534      2.27826     0.313325       2.2782583
       10073.620      2.08910     0.287345       2.0891020
       10074.706      2.11461     0.281273       2.1146110
       10075.792      2.17664     0.267310       2.1766379
       10076.878      2.28333     0.237556       2.2833305
       10077.964      2.28745     0.227344       2.2874516
       10079.050      2.19532     0.227867       2.1953163
       10080.136      2.23053     0.238296       2.2305304
       10081.222      2.33037     0.261704       2.3303689
       10082.308      2.43940     0.312142       2.4393993
       10083.394      2.41140     0.423406       2.4113994
       10084.480      2.64600     0.477025       2.6459950
       10085.566      2.12106     0.407602       2.1210638
       10086.652      2.16511     0.396744       2.1651146
       10087.738      2.35234     0.318039       2.3523359
       10088.824      2.28825     0.240975       2.2882508
       10089.910      2.27588     0.225442       2.2758767
       10090.995      2.24909     0.228092       2.2490881
       10092.081      2.25125     0.229422       2.2512479
       10093.167      2.20569     0.221364       2.2056948
       10094.253      2.30025     0.224384       2.3002523
       10095.339      2.24931     0.225163       2.2493089
       10096.425      2.22852     0.223121       2.2285171
       10097.511      2.19498     0.228460       2.1949830
       10098.597      2.34732     0.244345       2.3473185
       10099.683      2.33435     0.247115       2.3343539
       10100.769      2.32100     0.244657       2.3209968
       10101.855      2.31787     0.243383       2.3178726
       10102.941      2.17056     0.241273       2.1705562
       10104.027      2.32312     0.308501       2.3231174
       10105.113      2.38997     0.373216       2.3899741
       10106.199      2.36377     0.376329       2.3637735
       10107.285      2.49972     0.396965       2.4997216
       10108.371      2.55826     0.342226       2.5582557
       10109.457      2.47554     0.260992       2.4755361
       10110.543      2.37248     0.223221       2.3724787
       10111.629      2.31077     0.217341       2.3107701
       10112.715      2.30396     0.216975       2.3039589
       10113.801      2.24664     0.219742       2.2466360
       10114.887      2.11812     0.222830       2.1181235
       10115.973      2.09432     0.240104       2.0943215
       10117.059      2.37035     0.228983       2.3703525
       10118.145      2.27822     0.220279       2.2782155
       10119.231      2.28198     0.218744       2.2819829
       10120.317      2.22400     0.222839       2.2239952
       10121.403      2.28496     0.228703       2.2849550
       10122.489      2.21013     0.265204       2.2101282
       10123.575      2.06231     0.340086       2.0623060
       10124.661      2.50478     0.406948       2.5047757
       10125.747      2.45439     0.456698       2.4543863
       10126.833      2.54304     0.486053       2.5430357
       10127.919      2.36793     0.482472       2.3679300
       10129.005      2.36328     0.397582       2.3632785
       10130.090      2.39917     0.272325       2.3991679
       10131.176      2.35574     0.233997       2.3557411
       10132.262      2.32274     0.232989       2.3227432
       10133.348      2.43626     0.254390       2.4362567
       10134.434      2.33682     0.252242       2.3368204
       10135.520      2.30578     0.252909       2.3057790
       10136.606      2.24557     0.255654       2.2455691
       10137.692      2.27929     0.245067       2.2792909
       10138.778      2.23086     0.229672       2.2308621
       10139.864      2.26329     0.228681       2.2632895
       10140.950      2.28846     0.229059       2.2884583
       10142.036      2.32058     0.233964       2.3205808
       10143.122      2.26010     0.229538       2.2601007
       10144.208      2.40017     0.253654       2.4001717
       10145.294      2.25563     0.262556       2.2556282
       10146.380      2.17926     0.272480       2.1792593
       10147.466      2.16355     0.275926       2.1635496
       10148.552      2.08332     0.265529       2.0833172
       10149.638      2.26086     0.269430       2.2608578
       10150.724      2.40733     0.289592       2.4073285
       10151.810      2.38510     0.284338       2.3850970
       10152.896      2.30034     0.294966       2.3003352
       10153.982      2.22334     0.359789       2.2233434
       10155.068      2.34930     0.362957       2.3492960
       10156.154      2.40781     0.373593       2.4078103
       10157.240      2.44785     0.361014       2.4478505
       10158.326      2.39895     0.314432       2.3989505
       10159.412      2.38117     0.299685       2.3811654
       10160.498      2.22235     0.312842       2.2223543
       10161.584      2.12324     0.329688       2.1232393
       10162.670      2.29118     0.295347       2.2911775
       10163.756      2.33058     0.272210       2.3305791
       10164.842      2.35871     0.264659       2.3587109
       10165.928      2.46137     0.294293       2.4613744
       10167.014      2.45648     0.284339       2.4564840
       10168.100      2.59096     0.299893       2.5909600
       10169.186      2.52254     0.297830       2.5225427
       10170.271      2.35729     0.274516       2.3572876
       10171.357      2.28540     0.302325       2.2854006
       10172.443      2.23395     0.396254       2.2339464
       10173.529      2.38362     0.483244       2.3836236
       10174.615      2.62993     0.499159       2.6299347
       10175.701      2.97688     0.509946       2.9768824
       10176.787      2.55507     0.413730       2.5550651
       10177.873      2.50017     0.282969       2.5001689
       10178.959      2.50638     0.246174       2.5063835
       10180.045      2.46488     0.242861       2.4648787
       10181.131      2.53429     0.271438       2.5342857
       10182.217      2.42811     0.310532       2.4281113
       10183.303      2.59882     0.338110       2.5988173
       10184.389      2.39459     0.341944       2.3945891
       10185.475      2.43027     0.327905       2.4302657
       10186.561      2.40112     0.284325       2.4011154
       10187.647      2.37275     0.254570       2.3727503
       10188.733      2.45835     0.270652       2.4583536
       10189.819      2.34146     0.315409       2.3414639
       10190.905      2.45652     0.383207       2.4565207
       10191.991      2.67952     0.460716       2.6795229
       10193.077      2.57609     0.468179       2.5760907
       10194.163      2.46214     0.426103       2.4621420
       10195.249      2.43833     0.319211       2.4383263
       10196.335      2.35784     0.249504       2.3578362
       10197.421      2.39178     0.242942       2.3917766
       10198.507      2.30970     0.238801       2.3096971
       10199.593      2.39453     0.242944       2.3945343
       10200.679      2.37129     0.239902       2.3712928
       10201.765      2.37899     0.243449       2.3789918
       10202.851      2.35163     0.269641       2.3516278
       10203.937      2.32132     0.327477       2.3213190
       10205.023      2.38800     0.362667       2.3879997
       10206.109      2.48360     0.369334       2.4836044
       10207.195      2.49230     0.358959       2.4922979
       10208.281      2.35161     0.315787       2.3516145
       10209.367      2.35014     0.310654       2.3501404
       10210.452      2.38145     0.333982       2.3814459
       10211.538      2.38131     0.414771       2.3813139
       10212.624      2.58380     0.513813       2.5838023
       10213.710      2.74169     0.523247       2.7416857
       10214.796      2.38713     0.457300       2.3871318
       10215.882      2.27897     0.381084       2.2789742
       10216.968      2.34718     0.295594       2.3471794
       10218.054      2.38950     0.238973       2.3894976
       10219.140      2.42372     0.233197       2.4237177
       10220.226      2.35069     0.227900       2.3506933
       10221.312      2.36672     0.233425       2.3667197
       10222.398      2.45641     0.240662       2.4564111
       10223.484      2.39702     0.246896       2.3970241
       10224.570      2.53854     0.256725       2.5385350
       10225.656      2.31535     0.281925       2.3153502
       10226.742      2.64560     0.377429       2.6456032
       10227.828      2.51601     0.401572       2.5160092
       10228.914      2.55804     0.399341       2.5580365
       10230.000      2.58983     0.401629       2.5898251
       10231.086      2.48771     0.370109       2.4877081
       10232.172      2.24367     0.405917       2.2436713
       10233.258      2.39641     0.377297       2.3964109
       10234.344      2.63619     0.386967       2.6361851
       10235.430      2.50872     0.348952       2.5087196
       10236.516      2.48910     0.270513       2.4890987
       10237.602      2.56519     0.250885       2.5651870
       10238.688      2.49628     0.237693       2.4962826
       10239.774      2.48975     0.232437       2.4897458
       10240.860      2.40039     0.233659       2.4003897
       10241.946      2.41505     0.223739       2.4150521
       10243.032      2.44111     0.227833       2.4411071
       10244.118      2.40394     0.227530       2.4039450
       10245.204      2.36195     0.227173       2.3619521
       10246.290      2.35096     0.235949       2.3509558
       10247.376      2.23161     0.258308       2.2316058
       10248.462      2.51709     0.241372       2.5170921
       10249.548      2.47982     0.224230       2.4798195
       10250.633      2.51327     0.225315       2.5132691
       10251.719      2.59329     0.227458       2.5932859
       10252.805      2.46215     0.227933       2.4621511
       10253.891      2.46513     0.227893       2.4651327
       10254.977      2.50488     0.235695       2.5048805
       10256.063      2.52488     0.235081       2.5248823
       10257.149      2.45209     0.233227       2.4520917
       10258.235      2.54126     0.238764       2.5412597
       10259.321      2.52717     0.241171       2.5271732
       10260.407      2.46596     0.236431       2.4659612
       10261.493      2.51307     0.237183       2.5130725
       10262.579      2.37417     0.224555       2.3741702
       10263.665      2.37625     0.226565       2.3762481
       10264.751      2.39598     0.234487       2.3959760
       10265.837      2.41820     0.233219       2.4182011
       10266.923      2.38202     0.240270       2.3820179
       10268.009      2.15472     0.285366       2.1547202
       10269.095      2.59790     0.259493       2.5978960
       10270.181      2.55135     0.256315       2.5513467
       10271.267      2.52976     0.265750       2.5297637
       10272.353      2.37517     0.296239       2.3751654
       10273.439      2.50328     0.311154       2.5032807
       10274.525      2.67443     0.323294       2.6744291
       10275.611      2.47874     0.303211       2.4787400
       10276.697      2.48703     0.273351       2.4870267
       10277.783      2.39929     0.247188       2.3992931
       10278.869      2.40351     0.231178       2.4035116
       10279.955      2.37765     0.230638       2.3776524
       10281.041      2.37523     0.231429       2.3752338
       10282.127      2.47040     0.235226       2.4703985
       10283.213      2.51462     0.253260       2.5146159
       10284.299      2.41859     0.276192       2.4185873
       10285.385      2.38143     0.379850       2.3814275
       10286.471      2.63732     0.429888       2.6373176
       10287.557      2.65778     0.568263       2.6577759
       10288.643      2.75840     0.625040       2.7584034
       10289.729      2.89617     0.653022       2.8961715
       10290.814      2.25167     0.537246       2.2516724
       10291.900      2.36984     0.430712       2.3698407
       10292.986      2.64430     0.320298       2.6443051
       10294.072      2.52524     0.296409       2.5252365
       10295.158      2.51027     0.308621       2.5102708
       10296.244      2.63188     0.375743       2.6318821
       10297.330      2.33096     0.406891       2.3309616
       10298.416      1.96574     0.381759       1.9657368
       10299.502      2.02094     0.358423       2.0209434
       10300.588      2.32650     0.382313       2.3264984
       10301.674      2.46496     0.306255       2.4649599
       10302.760      2.57673     0.248287       2.5767266
       10303.846      2.59814     0.249974       2.5981435
       10304.932      2.45021     0.240749       2.4502146
       10306.018      2.47969     0.248652       2.4796874
       10307.104      2.45347     0.257325       2.4534701
       10308.190      2.49038     0.254637       2.4903809
       10309.276      2.52439     0.282581       2.5243933
       10310.362      2.60914     0.328678       2.6091372
       10311.448      2.68340     0.359724       2.6834011
       10312.534      2.51091     0.340419       2.5109104
       10313.620      2.59197     0.338373       2.5919748
       10314.706      2.60452     0.303482       2.6045238
       10315.792      2.59847     0.247566       2.5984652
       10316.878      2.44054     0.227300       2.4405405
       10317.964      2.45169     0.227213       2.4516945
       10319.050      2.40468     0.227145       2.4046846
       10320.136      2.40106     0.226309       2.4010597
       10321.222      2.47348     0.226070       2.4734848
       10322.308      2.50833     0.225391       2.5083275
       10323.394      2.69261     0.238789       2.6926105
       10324.480      2.62280     0.243209       2.6228004
       10325.566      2.53355     0.239198       2.5335451
       10326.652      2.49934     0.247835       2.4993350
       10327.738      2.43807     0.271392       2.4380713
       10328.824      2.40915     0.278133       2.4091512
       10329.910      2.50741     0.285192       2.5074084
       10330.995      2.50580     0.277737       2.5057975
       10332.081      2.56809     0.260682       2.5680903
       10333.167      2.56601     0.243423       2.5660103
       10334.253      2.58989     0.229749       2.5898913
       10335.339      2.63157     0.234914       2.6315657
       10336.425      2.61587     0.236758       2.6158744
       10337.511      2.60797     0.234659       2.6079688
       10338.597      2.59821     0.236811       2.5982053
       10339.683      2.61521     0.245660       2.6152099
       10340.769      2.61987     0.270645       2.6198678
       10341.855      2.45669     0.278814       2.4566917
       10342.941      2.29866     0.273467       2.2986608
       10344.027      2.45429     0.284536       2.4542932
       10345.113      2.32033     0.268594       2.3203323
       10346.199      2.18834     0.269421       2.1883356
       10347.285      2.15111     0.310646       2.1511135
       10348.371      2.49884     0.398017       2.4988416
       10349.457      2.69024     0.420898       2.6902372
       10350.543      2.71020     0.436343       2.7102017
       10351.629      2.86432     0.434495       2.8643223
       10352.715      2.55685     0.320668       2.5568467
       10353.801      2.56810     0.280095       2.5680979
       10354.887      2.49529     0.289804       2.4952872
       10355.973      2.71763     0.317534       2.7176256
       10357.059      2.63939     0.315405       2.6393857
       10358.145      2.34881     0.292922       2.3488141
       10359.231      2.49607     0.264972       2.4960748
       10360.317      2.66547     0.245978       2.6654740
       10361.403      2.73507     0.242336       2.7350728
       10362.489      2.79988     0.245313       2.7998819
       10363.575      2.43446     0.255890       2.4344631
       10364.661      2.61267     0.238668       2.6126742
       10365.747      2.40897     0.242588       2.4089718
       10366.833      2.36575     0.252566       2.3657498
       10367.919      2.63225     0.257046       2.6322470
       10369.005      2.60045     0.240533       2.6004510
       10370.090      2.57196     0.252264       2.5719567
       10371.176      2.56687     0.269982       2.5668734
       10372.262      2.71288     0.306744       2.7128820
       10373.348      2.61397     0.411237       2.6139730
       10374.434      2.74169     0.530017       2.7416904
       10375.520      3.04660     0.571110       3.0466017
       10376.606      2.86981     0.514287       2.8698090
       10377.692      2.70684     0.470281       2.7068421
       10378.778      2.82107     0.332673       2.8210681
       10379.864      2.62883     0.251188       2.6288338
       10380.950      2.58129     0.237985       2.5812855
       10382.036      2.56858     0.237576       2.5685801
       10383.122      2.59225     0.237741       2.5922515
       10384.208      2.63886     0.240210       2.6388644
       10385.294      2.63390     0.237962       2.6338954
       10386.380      2.60350     0.234145       2.6034952
       10387.466      2.72897     0.237755       2.7289723
       10388.552      2.71686     0.236997       2.7168616
       10389.638      2.71089     0.242829       2.7108905
       10390.724      2.64789     0.241532       2.6478930
       10391.810      2.65781     0.253454       2.6578076
       10392.896      2.38386     0.272409       2.3838639
       10393.982      2.53241     0.267128       2.5324120
       10395.068      2.59297     0.255323       2.5929741
       10396.154      2.66180     0.283022       2.6618011
       10397.240      2.60331     0.368642       2.6033097
       10398.326      2.22717     0.483785       2.2271725
       10399.412      2.53477     0.503473       2.5347720
       10400.498      2.70781     0.466115       2.7078146
       10401.584      2.69670     0.365921       2.6967029
       10402.670      2.76001     0.270569       2.7600074
       10403.756      2.74943     0.255445       2.7494319
       10404.842      2.77425     0.255782       2.7742523
       10405.928      2.66920     0.243075       2.6691992
       10407.014      2.65982     0.238850       2.6598245
       10408.100      2.59277     0.235433       2.5927656
       10409.186      2.41868     0.232858       2.4186846
       10410.271      2.57519     0.251446       2.5751875
       10411.357      2.60280     0.253809       2.6028012
       10412.443      2.57885     0.252563       2.5788459
       10413.529      2.71248     0.257822       2.7124816
       10414.615      2.71757     0.253995       2.7175653
       10415.701      2.75735     0.267260       2.7573494
       10416.787      2.63167     0.278340       2.6316705
       10417.873      2.72810     0.348865       2.7281035
       10418.959      2.71608     0.459426       2.7160802
       10420.045      2.82725     0.568685       2.8272475
       10421.131      2.38363     0.482244       2.3836344
       10422.217      2.75148     0.543865       2.7514782
       10423.303      2.60920     0.480617       2.6092005
       10424.389      2.57322     0.316417       2.5732242
       10425.475      2.54537     0.278942       2.5453673
       10426.561      2.60745     0.276945       2.6074493
       10427.647      2.76395     0.274036       2.7639530
       10428.733      2.66860     0.267875       2.6686018
       10429.819      2.66638     0.282360       2.6663770
       10430.905      2.67495     0.291249       2.6749547
       10431.991      2.69578     0.283420       2.6957819
       10433.077      2.73788     0.286119       2.7378849
       10434.163      2.60363     0.254375       2.6036300
       10435.249      2.80891     0.253092       2.8089114
       10436.335      2.66292     0.238128       2.6629172
       10437.421      2.66265     0.237776       2.6626453
       10438.507      2.65823     0.235184       2.6582322
       10439.593      2.67409     0.232024       2.6740943
       10440.679      2.74022     0.234784       2.7402212
       10441.765      2.69693     0.234219       2.6969306
       10442.851      2.74917     0.238865       2.7491714
       10443.937      2.65403     0.232817       2.6540282
       10445.023      2.38424     0.245619       2.3842364
       10446.109      2.63699     0.236323       2.6369896
       10447.195      2.73354     0.241129       2.7335404
       10448.281      2.78234     0.256945       2.7823370
       10449.367      2.73339     0.262362       2.7333876
       10450.452      2.78657     0.308564       2.7865709
       10451.538      2.85127     0.396750       2.8512718
       10452.624      2.71218     0.415609       2.7121845
       10453.710      2.79904     0.414581       2.7990376
       10454.796      2.69587     0.384898       2.6958694
       10455.882      2.67452     0.315458       2.6745188
       10456.968      2.79617     0.258835       2.7961652
       10458.054      2.42741     0.274748       2.4274128
       10459.140      2.54669     0.248544       2.5466862
       10460.226      2.48551     0.261510       2.4855093
       10461.312      2.62542     0.239658       2.6254168
       10462.398      2.63028     0.234248       2.6302820
       10463.484      2.71015     0.235236       2.7101533
       10464.570      2.77600     0.243800       2.7759964
       10465.656      2.76494     0.246565       2.7649400
       10466.742      2.78426     0.257164       2.7842598
       10467.828      2.75152     0.275379       2.7515185
       10468.914      2.61261     0.342376       2.6126121
       10470.000      2.65765     0.456423       2.6576512
       10471.086      2.62901     0.478672       2.6290145
       10472.172      2.99668     0.559290       2.9966829
       10473.258      2.99437     0.517106       2.9943669
       10474.344      2.92431     0.389964       2.9243105
       10475.430      2.71798     0.275174       2.7179806
       10476.516      2.69387     0.247265       2.6938697
       10477.602      2.56322     0.231435       2.5632181
       10478.688      2.58593     0.239831       2.5859316
       10479.774      2.55665     0.237797       2.5566514
       10480.860      2.65309     0.237018       2.6530900
       10481.946      2.59664     0.237203       2.5966423
       10483.032      2.73037     0.244781       2.7303674
       10484.118      2.82255     0.249335       2.8225510
       10485.204      2.70555     0.239580       2.7055489
       10486.290      2.72965     0.245231       2.7296460
       10487.376      2.66020     0.254078       2.6602007
       10488.462      2.41408     0.261696       2.4140813
       10489.548      2.53698     0.265339       2.5369844
       10490.633      2.58329     0.262971       2.5832897
       10491.719      2.72157     0.264455       2.7215683
       10492.805      2.59627     0.242204       2.5962724
       10493.891      2.69074     0.241528       2.6907411
       10494.977      2.65987     0.236407       2.6598675
       10496.063      2.55634     0.233660       2.5563397
       10497.149      2.56655     0.239257       2.5665457
       10498.235      2.51773     0.246050       2.5177270
       10499.321      2.45424     0.245623       2.4542442
       10500.407      2.60205     0.254443       2.6020474
       10501.493      2.68637     0.256315       2.6863689
       10502.579      2.70647     0.251881       2.7064717
       10503.665      2.68858     0.247112       2.6885844
       10504.751      2.75514     0.245109       2.7551380
       10505.837      2.69510     0.245018       2.6950973
       10506.923      2.63941     0.248762       2.6394138
       10508.009      2.64886     0.257465       2.6488567
       10509.095      2.71787     0.289739       2.7178652
       10510.181      2.72064     0.351642       2.7206376
       10511.267      2.64679     0.376256       2.6467865
       10512.353      2.47622     0.361113       2.4762239
       10513.439      2.57706     0.366715       2.5770616
       10514.525      2.70218     0.317411       2.7021783
       10515.611      2.67327     0.277191       2.6732741
       10516.697      2.64434     0.272214       2.6443423
       10517.783      2.61798     0.266958       2.6179764
       10518.869      2.61670     0.262279       2.6167033
       10519.955      2.60075     0.253259       2.6007478
       10521.041      2.61888     0.241528       2.6188846
       10522.127      2.56582     0.239872       2.5658199
       10523.213      2.65507     0.250861       2.6550709
       10524.299      2.64646     0.274843       2.6464621
       10525.385      2.66636     0.355033       2.6663554
       10526.471      2.27179     0.365356       2.2717872
       10527.557      2.47136     0.394522       2.4713552
       10528.643      2.64512     0.419868       2.6451195
       10529.729      2.59732     0.369982       2.5973171
       10530.814      2.62546     0.274967       2.6254605
       10531.900      2.67470     0.243987       2.6747027
       10532.986      2.69819     0.239183       2.6981860
       10534.072      2.71899     0.239480       2.7189926
       10535.158      2.80115     0.246156       2.8011486
       10536.244      2.72947     0.239192       2.7294697
       10537.330      2.62722     0.232075       2.6272167
       10538.416      2.64914     0.234107       2.6491429
       10539.502      2.61349     0.234604       2.6134927
       10540.588      2.75047     0.239636       2.7504656
       10541.674      2.83919     0.245057       2.8391941
       10542.760      2.67644     0.234410       2.6764436
       10543.846      2.58112     0.228342       2.5811153
       10544.932      2.60121     0.228088       2.6012145
       10546.018      2.63235     0.234010       2.6323518
       10547.104      2.75686     0.242011       2.7568589
       10548.190      2.68515     0.238300       2.6851493
       10549.276      2.65078     0.238032       2.6507832
       10550.362      2.66447     0.240798       2.6644673
       10551.448      2.67340     0.235919       2.6733975
       10552.534      2.53396     0.234244       2.5339563
       10553.620      2.69341     0.247829       2.6934082
       10554.706      2.74318     0.254574       2.7431823
       10555.792      2.74438     0.261244       2.7443805
       10556.878      2.64468     0.257348       2.6446823
       10557.964      2.67457     0.244295       2.6745701
       10559.050      2.68146     0.242994       2.6814641
       10560.136      2.62774     0.235842       2.6277400
       10561.222      2.61502     0.232841       2.6150233
       10562.308      2.58680     0.230539       2.5867984
       10563.394      2.64012     0.233915       2.6401158
       10564.480      2.64093     0.230898       2.6409324
       10565.566      2.64211     0.236626       2.6421077
       10566.652      2.67847     0.233651       2.6784685
       10567.738      2.71960     0.233875       2.7196046
       10568.824      2.77250     0.234076       2.7724985
       10569.910      2.70992     0.236990       2.7099217
       10570.995      2.65301     0.236830       2.6530058
       10572.081      2.72594     0.256116       2.7259421
       10573.167      2.76645     0.290100       2.7664488
       10574.253      2.74539     0.323271       2.7453860
       10575.339      2.65672     0.327122       2.6567237
       10576.425      2.79869     0.326829       2.7986886
       10577.511      2.59683     0.283797       2.5968258
       10578.597      2.71487     0.250352       2.7148652
       10579.683      2.68251     0.235604       2.6825134
       10580.769      2.82593     0.245427       2.8259324
       10581.855      2.67855     0.237536       2.6785504
       10582.941      2.71012     0.237836       2.7101249
       10584.027      2.34572     0.247744       2.3457203
       10585.113      2.14505     0.247906       2.1450514
       10586.199      2.43064     0.311332       2.4306416
       10587.285      2.58911     0.355230       2.5891103
       10588.371      2.52118     0.370105       2.5211849
       10589.457      2.53406     0.353615       2.5340552
       10590.543      2.68529     0.337248       2.6852929
       10591.629      2.78294     0.287749       2.7829441
       10592.715      2.72426     0.249418       2.7242562
       10593.801      2.60136     0.230502       2.6013560
       10594.887      2.70040     0.236924       2.7003993
       10595.973      2.65210     0.241065       2.6521001
       10597.059      2.67909     0.246801       2.6790884
       10598.145      2.72733     0.253247       2.7273271
       10599.231      2.68753     0.255913       2.6875336
       10600.317      2.60783     0.252543       2.6078268
       10601.403      2.70372     0.251907       2.7037162
       10602.489      2.62120     0.254551       2.6211962
       10603.575      2.31266     0.270041       2.3126647
       10604.661      2.52754     0.239273       2.5275352
       10605.747      2.71965     0.246844       2.7196476
       10606.833      2.60458     0.237926       2.6045762
       10607.919      2.62886     0.238508       2.6288590
       10609.005      2.62295     0.240267       2.6229480
       10610.090      2.66125     0.247930       2.6612489
       10611.176      2.63074     0.240949       2.6307450
       10612.262      2.70411     0.243040       2.7041116
       10613.348      2.70682     0.247925       2.7068162
       10614.434      2.64634     0.238773       2.6463439
       10615.520      2.66494     0.237011       2.6649376
       10616.606      2.66936     0.235961       2.6693553
       10617.692      2.55404     0.228489       2.5540375
       10618.778      2.66925     0.240133       2.6692517
       10619.864      2.64726     0.238636       2.6472559
       10620.950      2.56385     0.232661       2.5638530
       10622.036      2.66292     0.239953       2.6629247
       10623.122      2.75368     0.247405       2.7536755
       10624.208      2.70838     0.240926       2.7083836
       10625.294      2.57557     0.236391       2.5755740
       10626.380      2.64529     0.239021       2.6452935
       10627.466      2.71032     0.250216       2.7103188
       10628.552      2.24024     0.300072       2.2402361
       10629.638      2.15384     0.286111       2.1538437
       10630.724      2.54967     0.244292       2.5496747
       10631.810      2.54464     0.228740       2.5446385
       10632.896      2.61642     0.232303       2.6164199
       10633.982      2.70501     0.237294       2.7050143
       10635.068      2.64222     0.235773       2.6422235
       10636.154      2.61387     0.231088       2.6138715
       10637.240      2.70912     0.232688       2.7091171
       10638.326      2.62184     0.228559       2.6218366
       10639.412      2.62678     0.231785       2.6267818
       10640.498      2.60792     0.235794       2.6079165
       10641.584      2.68388     0.267921       2.6838849
       10642.670      2.63548     0.278034       2.6354843
       10643.756      2.66536     0.278340       2.6653604
       10644.842      2.62098     0.272130       2.6209774
       10645.928      2.62431     0.254848       2.6243121
       10647.014      2.58542     0.230851       2.5854220
       10648.100      2.59478     0.228428       2.5947825
       10649.186      2.56897     0.227938       2.5689720
       10650.271      2.68637     0.235669       2.6863713
       10651.357      2.42150     0.259332       2.4215015
       10652.443      2.56768     0.281848       2.5676764
       10653.529      2.77308     0.294089       2.7730809
       10654.615      2.69274     0.297537       2.6927420
       10655.701      2.61111     0.291092       2.6111146
       10656.787      2.57972     0.283922       2.5797218
       10657.873      2.55766     0.249317       2.5576643
       10658.959      2.74241     0.244335       2.7424100
       10660.045      2.70186     0.232473       2.7018586
       10661.131      2.65874     0.237235       2.6587357
       10662.217      2.57369     0.233198       2.5736937
       10663.303      2.59145     0.237477       2.5914470
       10664.389      2.52371     0.232814       2.5237144
       10665.475      2.53913     0.237466       2.5391345
       10666.561      2.56940     0.241767       2.5694026
       10667.647      2.48517     0.263195       2.4851654
       10668.733      2.59576     0.258665       2.5957564
       10669.819      2.62652     0.245741       2.6265189
       10670.905      2.57546     0.245847       2.5754633
       10671.991      2.61124     0.239303       2.6112406
       10673.077      2.56815     0.230068       2.5681535
       10674.163      2.61405     0.232442       2.6140509
       10675.249      2.58946     0.229548       2.5894645
       10676.335      2.62724     0.235649       2.6272422
       10677.421      2.58693     0.233798       2.5869327
       10678.507      2.64570     0.232480       2.6457010
       10679.593      2.62036     0.229180       2.6203624
       10680.679      2.63295     0.236379       2.6329517
       10681.765      2.58859     0.236583       2.5885874
       10682.851      2.48069     0.244393       2.4806915
       10683.937      2.59507     0.263411       2.5950702
       10685.023      2.60063     0.279915       2.6006280
       10686.109      2.63526     0.292638       2.6352611
       10687.195      2.44275     0.312311       2.4427472
       10688.281      2.44405     0.309303       2.4440477
       10689.367      2.52809     0.315034       2.5280937
       10690.452      2.63789     0.320163       2.6378891
       10691.538      2.57238     0.306930       2.5723834
       10692.624      2.54649     0.307229       2.5464912
       10693.710      2.66411     0.306024       2.6641114
       10694.796      2.75523     0.295887       2.7552252
       10695.882      2.59413     0.280422       2.5941314
       10696.968      2.53912     0.285715       2.5391191
       10698.054      2.63210     0.338838       2.6320958
       10699.140      2.63995     0.355476       2.6399511
       10700.226      2.70086     0.370179       2.7008581
       10701.312      2.68397     0.361820       2.6839687
       10702.398      2.39724     0.314862       2.3972371
       10703.484      2.49777     0.295652       2.4977660
       10704.570      2.78527     0.333902       2.7852660
       10705.656      2.69647     0.337611       2.6964721
       10706.742      2.59000     0.319389       2.5899970
       10707.828      2.67119     0.315707       2.6711885
       10708.914      2.63175     0.277390       2.6317462
       10710.000      2.57644     0.260321       2.5764406
       10711.086      2.78840     0.333269       2.7883998
       10712.172      2.77765     0.437677       2.7776520
       10713.258      2.84312     0.464033       2.8431179
       10714.344      2.89423     0.444457       2.8942323
       10715.430      2.66596     0.406743       2.6659591
       10716.516      2.57475     0.317373       2.5747470
       10717.602      2.59289     0.292862       2.5928888
       10718.688      2.46105     0.284403       2.4610508
       10719.774      2.64218     0.285860       2.6421789
       10720.860      2.75026     0.324035       2.7502595
       10721.946      2.75276     0.371424       2.7527585
       10723.032      2.79244     0.376076       2.7924438
       10724.118      2.59407     0.357660       2.5940727
       10725.204      2.64443     0.343370       2.6444262
       10726.290      2.67232     0.299587       2.6723221
       10727.376      2.43345     0.275297       2.4334482
       10728.462      2.39064     0.305970       2.3906433
       10729.548      2.61974     0.433194       2.6197424
       10730.633      2.60011     0.480968       2.6001107
       10731.719      2.66443     0.513812       2.6644347
       10732.805      2.60943     0.483567       2.6094322
       10733.891      2.59496     0.396061       2.5949606
       10734.977      2.49316     0.266832       2.4931606
       10736.063      2.56793     0.248220       2.5679346
       10737.149      2.58058     0.255004       2.5805818
       10738.235      2.57292     0.261417       2.5729182
       10739.321      2.56142     0.265922       2.5614205
       10740.407      2.63787     0.266435       2.6378719
       10741.493      2.69122     0.263047       2.6912182
       10742.579      2.64124     0.265807       2.6412358
       10743.665      2.76310     0.327515       2.7630988
       10744.751      2.47598     0.381464       2.4759819
       10745.837      2.59279     0.401783       2.5927860
       10746.923      2.55072     0.416688       2.5507167
       10748.009      2.55693     0.373362       2.5569340
       10749.095      2.61027     0.297661       2.6102686
       10750.181      2.63333     0.287892       2.6333339
       10751.267      2.71722     0.367685       2.7172227
       10752.353      2.66778     0.492913       2.6677767
       10753.439      2.21280     0.446047       2.2128044
       10754.525      2.34250     0.505559       2.3424999
       10755.611      2.39706     0.484502       2.3970637
       10756.697      2.67059     0.330550       2.6705912
       10757.783      2.37764     0.238128       2.3776407
       10758.869      2.51014     0.230266       2.5101397
       10759.955      2.54937     0.233659       2.5493659
       10761.041      2.44138     0.228731       2.4413815
       10762.127      2.62633     0.244025       2.6263323
       10763.213      2.65859     0.253012       2.6585903
       10764.299      2.60142     0.257407       2.6014229
       10765.385      2.61745     0.259641       2.6174456
       10766.471      2.50598     0.255992       2.5059828
       10767.557      2.20104     0.263113       2.2010373
       10768.643      2.44348     0.240269       2.4434770
       10769.729      2.56159     0.237076       2.5615940
       10770.814      2.59608     0.245853       2.5960849
       10771.900      2.74528     0.287492       2.7452760
       10772.986      2.83033     0.370586       2.8303305
       10774.072      2.73923     0.415194       2.7392295
       10775.158      2.38964     0.383380       2.3896410
       10776.244      2.65667     0.399600       2.6566732
       10777.330      2.64691     0.336379       2.6469082
       10778.416      2.52938     0.253200       2.5293773
       10779.502      2.48168     0.234351       2.4816799
       10780.588      2.57296     0.238542       2.5729613
       10781.674      2.59376     0.237590       2.5937636
       10782.760      2.57110     0.239448       2.5710961
       10783.846      2.48185     0.231968       2.4818544
       10784.932      2.51498     0.234410       2.5149766
       10786.018      2.33092     0.260273       2.3309243
       10787.104      2.57313     0.249378       2.5731309
       10788.190      2.53357     0.231626       2.5335693
       10789.276      2.41363     0.225537       2.4136272
       10790.362      2.46488     0.227357       2.4648764
       10791.448      2.50472     0.229570       2.5047180
       10792.534      2.57693     0.232851       2.5769324
       10793.620      2.53771     0.244109       2.5377069
       10794.706      2.57057     0.261037       2.5705728
       10795.792      2.65086     0.270166       2.6508647
       10796.878      2.62977     0.266782       2.6297730
       10797.964      2.54057     0.252801       2.5405673
       10799.050      2.57731     0.245140       2.5773059
       10800.136      2.49416     0.232645       2.4941596
       10801.222      2.51749     0.233981       2.5174865
       10802.308      2.49887     0.243121       2.4988714
       10803.394      2.47322     0.251696       2.4732188
       10804.480      2.44707     0.253504       2.4470689
       10805.566      2.49376     0.248092       2.4937623
       10806.652      2.63963     0.250428       2.6396253
       10807.738      2.66583     0.243435       2.6658318
       10808.824      2.69828     0.246546       2.6982764
       10809.910      2.53326     0.235887       2.5332608
       10810.995      2.49538     0.234153       2.4953844
       10812.081      2.44564     0.231833       2.4456418
       10813.167      2.28758     0.243992       2.2875826
       10814.253      2.46222     0.243380       2.4622242
       10815.339      2.52810     0.246681       2.5281018
       10816.425      2.59477     0.246597       2.5947721
       10817.511      2.56650     0.235996       2.5665026
       10818.597      2.33833     0.239472       2.3383290
       10819.683      2.38538     0.244655       2.3853774
       10820.769      2.57244     0.232782       2.5724368
       10821.855      2.57153     0.234275       2.5715345
       10822.941      2.68819     0.244251       2.6881883
       10824.027      2.55538     0.233148       2.5553818
       10825.113      2.49490     0.229650       2.4948985
       10826.199      2.58241     0.236606       2.5824145
       10827.285      2.48610     0.234606       2.4861040
       10828.371      2.49845     0.248099       2.4984524
       10829.457      2.38601     0.283514       2.3860149
       10830.543      2.32686     0.356353       2.3268632
       10831.629      2.46602     0.462205       2.4660167
       10832.715      2.35380     0.577317       2.3537981
       10833.801      2.21805     0.538282       2.2180502
       10834.887      2.44794     0.549083       2.4479403
       10835.973      2.97815     0.634987       2.9781550
       10837.059      2.70805     0.387681       2.7080455
       10838.145      2.62682     0.306727       2.6268154
       10839.231      2.61158     0.304304       2.6115813
       10840.317      2.32111     0.292066       2.3211128
       10841.403      2.50325     0.341120       2.5032502
       10842.489      2.60179     0.416367       2.6017946
       10843.575      2.59956     0.473975       2.5995586
       10844.661      2.65524     0.496174       2.6552400
       10845.747      2.36196     0.534555       2.3619631
       10846.833      2.57213     0.432264       2.5721339
       10847.919      2.67878     0.279757       2.6787838
       10849.005      2.52323     0.242809       2.5232271
       10850.090      2.41880     0.234383       2.4188022
       10851.176      2.52737     0.234795       2.5273691
       10852.262      2.49024     0.242328       2.4902419
       10853.348      2.62379     0.263938       2.6237906
       10854.434      2.67042     0.264997       2.6704204
       10855.520      2.57533     0.265420       2.5753266
       10856.606      2.64586     0.300511       2.6458551
       10857.692      2.52815     0.334571       2.5281519
       10858.778      2.63121     0.370371       2.6312083
       10859.864      2.49684     0.366944       2.4968352
       10860.950      2.43107     0.356347       2.4310732
       10862.036      2.56196     0.317885       2.5619639
       10863.122      2.61125     0.259719       2.6112458
       10864.208      2.56170     0.237643       2.5616967
       10865.294      2.59883     0.234940       2.5988262
       10866.380      2.64756     0.236548       2.6475600
       10867.466      2.41946     0.247662       2.4194632
       10868.552      2.38619     0.244517       2.3861893
       10869.638      2.61063     0.230408       2.6106347
       10870.724      2.62428     0.237236       2.6242803
       10871.810      2.56860     0.238243       2.5685992
       10872.896      2.68523     0.254634       2.6852310
       10873.982      2.45350     0.245019       2.4534955
       10875.068      2.43799     0.247149       2.4379852
       10876.154      2.52665     0.270605       2.5266482
       10877.240      2.66598     0.305110       2.6659776
       10878.326      2.69572     0.320335       2.6957221
       10879.412      2.62139     0.318162       2.6213918
       10880.498      2.45618     0.330031       2.4561789
       10881.584      2.52298     0.298332       2.5229775
       10882.670      2.42447     0.252165       2.4244656
       10883.756      2.44298     0.237766       2.4429805
       10884.842      2.51415     0.242643       2.5141484
       10885.928      2.62034     0.250503       2.6203367
       10887.014      2.68383     0.255217       2.6838322
       10888.100      2.54759     0.248355       2.5475941
       10889.186      2.55941     0.243379       2.5594122
       10890.271      2.60204     0.237783       2.6020404
       10891.357      2.58886     0.234612       2.5888603
       10892.443      2.52444     0.229848       2.5244362
       10893.529      2.54010     0.231404       2.5400965
       10894.615      2.57170     0.245489       2.5716964
       10895.701      2.49735     0.290676       2.4973545
       10896.787      2.54442     0.389565       2.5444197
       10897.873      2.76244     0.468613       2.7624370
       10898.959      2.26096     0.413865       2.2609607
       10900.045      2.49920     0.426027       2.4991998
       10901.131      2.44685     0.320206       2.4468526
       10902.217      2.49303     0.264624       2.4930312
       10903.303      2.57010     0.258850       2.5700997
       10904.389      2.55692     0.259556       2.5569170
       10905.475      2.57290     0.251661       2.5729042
       10906.561      2.54558     0.237363       2.5455802
       10907.647      2.49248     0.227513       2.4924771
       10908.733      2.47037     0.226728       2.4703696
       10909.819      2.54587     0.233171       2.5458653
       10910.905      2.47953     0.227681       2.4795262
       10911.991      2.46627     0.225778       2.4662736
       10913.077      2.38290     0.224028       2.3829033
       10914.163      2.39594     0.227188       2.3959417
       10915.249      2.62160     0.233114       2.6216040
       10916.335      2.59078     0.230927       2.5907785
       10917.421      2.50555     0.228738       2.5055509
       10918.507      2.53676     0.228039       2.5367632
       10919.593      2.50955     0.231575       2.5095505
       10920.679      2.26125     0.240226       2.2612526
       10921.765      2.24662     0.257466       2.2466249
       10922.851      2.38470     0.278598       2.3846966
       10923.937      2.42613     0.403217       2.4261284
       10925.023      2.27142     0.535123       2.2714175
       10926.109      3.06089     0.633380       3.0608932
       10927.195      2.01357     0.439625       2.0135723
       10928.281      2.58220     0.507763       2.5821988
       10929.367      2.60439     0.318259       2.6043938
       10930.452      2.58453     0.258949       2.5845286
       10931.538      2.47282     0.233621       2.4728192
       10932.624      2.57915     0.239625       2.5791500
       10933.710      2.66954     0.245671       2.6695390
       10934.796      2.62158     0.237636       2.6215754
       10935.882      2.43186     0.226792       2.4318621
       10936.968      2.49969     0.231694       2.4996875
       10938.054      2.51821     0.228091       2.5182055
       10939.140      2.53754     0.227521       2.5375434
       10940.226      2.41959     0.220620       2.4195947
       10941.312      2.41813     0.223890       2.4181289
       10942.398      2.52460     0.226433       2.5245972
       10943.484      2.56663     0.228550       2.5666307
       10944.570      2.61962     0.233375       2.6196204
       10945.656      2.59049     0.230011       2.5904876
       10946.742      2.53248     0.238839       2.5324766
       10947.828      2.48353     0.269580       2.4835251
       10948.914      2.46067     0.352578       2.4606678
       10950.000      2.47869     0.459661       2.4786942
       10951.086      2.30129     0.431858       2.3012914
       10952.172      2.77087     0.487622       2.7708723
       10953.258      2.69127     0.428762       2.6912701
       10954.344      2.60032     0.292232       2.6003200
       10955.430      2.42937     0.235813       2.4293709
       10956.516      2.44398     0.229341       2.4439788
       10957.602      2.51655     0.235450       2.5165455
       10958.688      2.52227     0.231888       2.5222726
       10959.774      2.43820     0.221989       2.4381985
       10960.860      2.46837     0.228770       2.4683730
       10961.946      2.43881     0.225183       2.4388124
       10963.032      2.42900     0.226945       2.4289975
       10964.118      2.32600     0.240458       2.3260011
       10965.204      2.35018     0.249725       2.3501821
       10966.290      2.60397     0.244263       2.6039695
       10967.376      2.64794     0.254817       2.6479365
       10968.462      2.62636     0.265569       2.6263635
       10969.548      2.51015     0.268118       2.5101452
       10970.633      2.40100     0.270818       2.4009976
       10971.719      2.53748     0.314255       2.5374827
       10972.805      2.73242     0.418409       2.7324164
       10973.891      2.71403     0.566946       2.7140288
       10974.977      2.26911     0.509661       2.2691101
       10976.063      2.24420     0.519837       2.2442035
       10977.149      2.34393     0.517469       2.3439264
       10978.235      2.44720     0.342796       2.4472014
       10979.321      2.60250     0.279769       2.6024970
       10980.407      2.56847     0.253885       2.5684656
       10981.493      2.56215     0.245008       2.5621474
       10982.579      2.54262     0.242070       2.5426218
       10983.665      2.38568     0.245384       2.3856813
       10984.751      2.45632     0.276666       2.4563248
       10985.837      2.47514     0.274115       2.4751386
       10986.923      2.46197     0.269464       2.4619676
       10988.009      2.38488     0.253158       2.3848840
       10989.095      2.45653     0.239035       2.4565279
       10990.181      2.44794     0.231420       2.4479362
       10991.267      2.44194     0.227695       2.4419367
       10992.353      2.46823     0.226335       2.4682293
       10993.439      2.57698     0.232930       2.5769770
       10994.525      2.56732     0.235073       2.5673195
       10995.611      2.49401     0.232550       2.4940140
       10996.697      2.45998     0.232827       2.4599783
       10997.783      2.36136     0.225933       2.3613594
       10998.869      2.38332     0.226632       2.3833194
       10999.955      2.24197     0.259224       2.2419713
       11001.041      2.15211     0.282199       2.1521069
       11002.127      2.52751     0.244304       2.5275144
       11003.213      2.49216     0.238661       2.4921584
       11004.299      2.42804     0.236289       2.4280391
       11005.385      2.46981     0.250609       2.4698092
       11006.471      2.48389     0.301844       2.4838944
       11007.557      2.55786     0.428574       2.5578582
       11008.643      2.50207     0.469819       2.5020700
       11009.729      2.48286     0.455154       2.4828623
       11010.814      2.60439     0.459889       2.6043859
       11011.900      2.49619     0.331764       2.4961916
       11012.986      2.46460     0.250244       2.4646024
       11014.072      2.51693     0.236488       2.5169279
       11015.158      2.46552     0.233022       2.4655247
       11016.244      2.50470     0.233770       2.5046987
       11017.330      2.51726     0.233622       2.5172622
       11018.416      2.39322     0.227834       2.3932186
       11019.502      2.29543     0.227877       2.2954265
       11020.588      2.34884     0.224913       2.3488430
       11021.674      2.27772     0.236569       2.2777196
       11022.760      2.15052     0.225864       2.1505193
       11023.846      2.33053     0.228364       2.3305285
       11024.932      2.49121     0.245023       2.4912078
       11026.018      2.40691     0.270288       2.4069091
       11027.104      2.52509     0.384012       2.5250946
       11028.190      2.76601     0.564941       2.7660095
       11029.276      2.71609     0.595307       2.7160876
       11030.362      2.33645     0.561504       2.3364460
       11031.448      2.10846     0.465065       2.1084557
       11032.534      2.61771     0.377264       2.6177130
       11033.620      2.48908     0.270368       2.4890773
       11034.706      2.59126     0.249910       2.5912585
       11035.792      2.45833     0.241139       2.4583298
       11036.878      2.38178     0.235252       2.3817818
       11037.964      2.34210     0.240946       2.3421017
       11039.050      2.10654     0.244786       2.1065389
       11040.136      2.49651     0.245490       2.4965067
       11041.222      2.32880     0.235597       2.3287972
       11042.308      2.32176     0.235624       2.3217589
       11043.394      2.32094     0.238089       2.3209411
       11044.480      2.30987     0.234823       2.3098703
       11045.566      2.32462     0.234614       2.3246214
       11046.652      2.32542     0.233379       2.3254168
       11047.738      2.29388     0.222673       2.2938795
       11048.824      2.30291     0.224172       2.3029052
       11049.910      2.12407     0.248707       2.1240698
       11050.995      2.02517     0.283605       2.0251657
       11052.081      2.27422     0.262201       2.2742170
       11053.167      2.30868     0.269851       2.3086762
       11054.253      2.22527     0.284214       2.2252716
       11055.339      1.99802     0.295101       1.9980219
       11056.425      2.20862     0.271977       2.2086202
       11057.511      2.26265     0.240371       2.2626504
       11058.597      2.41631     0.239021       2.4163121
       11059.683      2.38728     0.233811       2.3872767
       11060.769      2.27418     0.225849       2.2741842
       11061.855      2.23589     0.234912       2.2358857
       11062.941      2.17983     0.237452       2.1798263
       11064.027      2.23507     0.245339       2.2350731
       11065.113      2.26951     0.243760       2.2695095
       11066.199      2.25062     0.237666       2.2506234
       11067.285      2.34311     0.243133       2.3431139
       11068.371      2.28045     0.244692       2.2804507
       11069.457      2.18858     0.268358       2.1885754
       11070.543      2.15614     0.343763       2.1561436
       11071.629      2.34741     0.429503       2.3474133
       11072.715      2.30259     0.419224       2.3025891
       11073.801      2.16140     0.371822       2.1614016
       11074.887      2.28674     0.302560       2.2867359
       11075.973      2.34568     0.248294       2.3456788
       11077.059      2.43789     0.234182       2.4378863
       11078.145      2.41004     0.232596       2.4100432
       11079.231      2.26528     0.223119       2.2652842
       11080.317      2.30920     0.229410       2.3092023
       11081.403      2.19607     0.235770       2.1960684
       11082.489      2.15047     0.252418       2.1504707
       11083.575      2.29400     0.281017       2.2940039
       11084.661      2.29899     0.277553       2.2989947
       11085.747      2.34433     0.277031       2.3443261
       11086.833      2.35885     0.305968       2.3588530
       11087.919      2.04760     0.390247       2.0476027
       11089.005      1.92858     0.413302       1.9285777
       11090.090      2.23061     0.447495       2.2306139
       11091.176      2.29860     0.491116       2.2986040
       11092.262      2.44140     0.427167       2.4414011
       11093.348      2.26338     0.279955       2.2633764
       11094.434      2.21210     0.234758       2.2120957
       11095.520      2.22990     0.226558       2.2298986
       11096.606      2.22760     0.222934       2.2276026
       11097.692      2.21035     0.212674       2.2103459
       11098.778      2.05046     0.208867       2.0504616
       11099.864      2.04917     0.212527       2.0491670
       11100.950      2.18969     0.222899       2.1896917
       11102.036      2.26882     0.228069       2.2688150
       11103.122      2.25441     0.231005       2.2544144
       11104.208      2.19598     0.223731       2.1959819
       11105.294      2.05449     0.225207       2.0544899
       11106.380      1.88665     0.244091       1.8866512
       11107.466      1.99471     0.235212       1.9947105
       11108.552      2.13617     0.236258       2.1361723
       11109.638      2.04900     0.232148       2.0490040
       11110.724      2.00934     0.222935       2.0093436
       11111.810      2.06166     0.219440       2.0616640
       11112.896      2.01573     0.212771       2.0157293
       11113.982      1.93111     0.213050       1.9311057
       11115.068      1.92246     0.214553       1.9224633
       11116.154      1.96216     0.217639       1.9621631
       11117.240      2.04059     0.225282       2.0405876
       11118.326      2.11231     0.217668       2.1123071
       11119.412      2.13295     0.221367       2.1329492
       11120.498      2.14547     0.224754       2.1454747
       11121.584      2.06589     0.230294       2.0658914
       11122.670      1.93207     0.235017       1.9320683
       11123.756      1.99439     0.242549       1.9943863
       11124.842      1.88195     0.231180       1.8819468
       11125.928      1.99562     0.231171       1.9956164
       11127.014      2.00894     0.222315       2.0089409
       11128.100      2.08314     0.222690       2.0831350
       11129.186      2.10551     0.220654       2.1055091
       11130.271      1.94349     0.214242       1.9434942
       11131.357      1.81839     0.213176       1.8183881
       11132.443      1.73420     0.204190       1.7341962
       11133.529      1.79470     0.212546       1.7947005
       11134.615      1.79649     0.215663       1.7964938
       11135.701      1.86852     0.216185       1.8685229
       11136.787      1.87410     0.221190       1.8740960
       11137.873      1.71118     0.232057       1.7111775
       11138.959      1.51237     0.277459       1.5123718
       11140.045      1.61030     0.325847       1.6103049
       11141.131      1.71307     0.331932       1.7130687
       11142.217      1.99977     0.333850       1.9997709
       11143.303      1.93744     0.274502       1.9374412
       11144.389      1.88260     0.226153       1.8826048
       11145.475      1.89037     0.223118       1.8903680
       11146.561      1.88324     0.218437       1.8832379
       11147.647      1.82473     0.209885       1.8247276
       11148.733      1.71826     0.207828       1.7182580
       11149.819      1.74503     0.210003       1.7450261
       11150.905      1.71175     0.207899       1.7117487
       11151.991      1.49837     0.217606       1.4983713
       11153.077      1.38330     0.266040       1.3833047
       11154.163      1.52505     0.339246       1.5250454
       11155.249      1.81233     0.375213       1.8123262
       11156.335      1.49842     0.354219       1.4984175
       11157.421      1.66456     0.336819       1.6645643
       11158.507      1.81510     0.300516       1.8150996
       11159.593      1.71208     0.230444       1.7120833
       11160.679      1.63076     0.214381       1.6307592
       11161.765      1.64114     0.217887       1.6411382
       11162.851      1.59007     0.220411       1.5900720
       11163.937      1.34503     0.221876       1.3450313
       11165.023      1.23837     0.228942       1.2383680
       11166.109      1.11397     0.214356       1.1139665
       11167.195     0.969101     0.199818      0.96910129
       11168.281      1.10026     0.212235       1.1002577
       11169.367      1.29220     0.235302       1.2921973
       11170.452      1.38039     0.237477       1.3803860
       11171.538      1.44308     0.232614       1.4430824
       11172.624      1.34610     0.211465       1.3461030
       11173.710      1.22108     0.204728       1.2210825
       11174.796      1.30127     0.218041       1.3012697
       11175.882      1.27047     0.208154       1.2704679
       11176.968      1.33735     0.200684       1.3373472
       11178.054      1.48353     0.198844       1.4835323
       11179.140      1.56408     0.207706       1.5640751
       11180.226      1.38719     0.207031       1.3871942
       11181.312      1.49952     0.213578       1.4995154
       11182.398      1.57842     0.213573       1.5784182
       11183.484      1.32532     0.203644       1.3253209
       11184.570      1.14473     0.195035       1.1447271
       11185.656      1.19604     0.202993       1.1960431
       11186.742      1.27674     0.202387       1.2767390
       11187.828      1.29797     0.194683       1.2979718
       11188.914      1.20662     0.189122       1.2066241
       11190.000      1.05842     0.189241       1.0584249
       11191.086      1.00675     0.209894       1.0067457
       11192.172     0.968855     0.211422      0.96885528
       11193.258      1.01953     0.198178       1.0195318
       11194.344     0.946752     0.191241      0.94675195
       11195.430     0.993733     0.192421      0.99373283
       11196.516      1.05221     0.198487       1.0522079
       11197.602      1.23019     0.205762       1.2301921
       11198.688      1.29800     0.213402       1.2979977
       11199.774      1.00934     0.186510       1.0093433
       11200.860      1.00953     0.192244       1.0095338
       11201.946     0.992882     0.184418      0.99288246
       11203.032     0.908853     0.171281      0.90885304
       11204.118     0.885081     0.177957      0.88508136
       11205.204     0.850437     0.191032      0.85043745
       11206.290     0.899133     0.187396      0.89913252
       11207.376      1.13967     0.200154       1.1396718
       11208.462      1.06075     0.200999       1.0607514
       11209.548     0.957498     0.199056      0.95749829
       11210.633     0.952988     0.194907      0.95298786
       11211.719     0.956675     0.203234      0.95667449
       11212.805     0.847097     0.207596      0.84709707
       11213.891     0.711098     0.196633      0.71109842
       11214.977     0.765273     0.224593      0.76527296
       11216.063     0.865138     0.233882      0.86513786
       11217.149     0.865144     0.192144      0.86514392
       11218.235     0.800391     0.175070      0.80039088
       11219.321     0.715425     0.165822      0.71542525
       11220.407     0.653638     0.180762      0.65363823
       11221.493     0.524327     0.180312      0.52432747
       11222.579     0.635508     0.183956      0.63550815
       11223.665     0.695913     0.183506      0.69591344
       11224.751     0.578859     0.222094      0.57885859
       11225.837     0.431436     0.236330      0.43143592
       11226.923     0.478827     0.248460      0.47882713
       11228.009     0.534761     0.222651      0.53476120
       11229.095     0.552525     0.241280      0.55252467
       11230.181     0.561141     0.197564      0.56114062
       11231.267     0.602891     0.179948      0.60289109
       11232.353     0.540454     0.172883      0.54045434
       11233.439     0.526612     0.158384      0.52661240
       11234.525     0.489940     0.155837      0.48994013
       11235.611     0.444645     0.152780      0.44464548
       11236.697     0.460712     0.172864      0.46071170
       11237.783     0.490848     0.192988      0.49084815
       11238.869     0.464746     0.174680      0.46474565
       11239.955     0.581947     0.178480      0.57674439
