      9750.00    0.0620172     0.249032
      9751.09    0.0645181     0.254004
      9752.17    0.0318028     0.178334
      9753.26   -0.0187747     0.234198
      9754.34    0.0413502     0.203347
      9755.43    0.0363977     0.190782
      9756.52   0.00796007    0.0892192
      9757.60    0.0854438     0.292308
      9758.69   -0.0107086     0.234198
      9759.77   -0.0119309     0.234198
      9760.86    0.0324476     0.180132
      9761.95    0.0614289     0.247849
      9763.03   -0.0312261     0.234198
      9764.12    0.0194743     0.139550
      9765.20    0.0407103     0.201768
      9766.29    0.0547495     0.233986
      9767.38    0.0402476     0.200618
      9768.46   0.00675133    0.0821665
      9769.55 -0.000356728     0.234198
      9770.63   -0.0114962     0.234198
      9771.72    0.0575913     0.239982
      9772.81     0.279692     0.528859
      9773.89     0.110882     0.332989
      9774.98    0.0322946     0.179707
      9776.06   -0.0107206     0.234198
      9777.15   0.00238949    0.0488825
      9778.24    0.0521891     0.228449
      9779.32    0.0441694     0.210165
      9780.41    0.0353782     0.188091
      9781.49    0.0171218     0.130850
      9782.58    0.0764668     0.276526
      9783.67   0.00855822    0.0925107
      9784.75    0.0157460     0.125483
      9785.84    0.0236315     0.153725
      9786.92    0.0403937     0.200982
      9788.01    0.0405315     0.201324
      9789.09    0.0522432     0.228568
      9790.18    0.0397701     0.199424
      9791.27   0.00590331    0.0768330
      9792.35    0.0871331     0.295183
      9793.44   -0.0243372     0.234198
      9794.52     0.141536     0.376212
      9795.61    0.0722221     0.268742
      9796.70    0.0457795     0.213961
      9797.78  -0.00829145     0.234198
      9798.87  -0.00288793     0.234198
      9799.96  -0.00240082     0.234198
      9801.04   0.00957734    0.0978639
      9802.13    0.0951418     0.308451
      9803.21    0.0366494     0.191440
      9804.30   -0.0368383     0.234198
      9805.38   -0.0114731     0.234198
      9806.47    0.0696017     0.263821
      9807.56    0.0232854     0.152595
      9808.64    0.0160459     0.126672
      9809.73    0.0677883     0.260362
      9810.81    0.0877303     0.296193
      9811.90    0.0339758     0.184325
      9812.99    0.0258109     0.160658
      9814.07   -0.0194913     0.234198
      9815.16    0.0264236     0.162553
      9816.24    0.0809466     0.284511
      9817.33    0.0565881     0.237883
      9818.42    0.0794135     0.281804
      9819.50    0.0141910     0.119126
      9820.59    0.0175960     0.132650
      9821.67    0.0769699     0.277435
      9822.76    0.0513393     0.226582
      9823.85    0.0268185     0.163764
      9824.93    0.0560666     0.236784
      9826.02    0.0328141     0.181147
      9827.10    0.0596943     0.244324
      9828.19    0.0354438     0.188265
      9829.28    0.0332525     0.182353
      9830.36    0.0137152     0.117112
      9831.45  -0.00381622     0.234198
      9832.53    0.0451387     0.212459
      9833.62    0.0493186     0.222078
      9834.71    0.0699900     0.264556
      9835.79    0.0342512     0.185071
      9836.88    0.0290376     0.170404
      9837.96    0.0475810     0.218131
      9839.05    0.0307509     0.175359
      9840.14    0.0158788     0.126011
      9841.22    0.0461376     0.214797
      9842.31    0.0495006     0.222487
      9843.39    0.0499059     0.223396
      9844.48    0.0459380     0.214332
      9845.57    0.0217286     0.147406
      9846.65   0.00116243    0.0340944
      9847.74    0.0663966     0.257675
      9848.82    0.0929408     0.304862
      9849.91    0.0784153     0.280027
      9851.00   -0.0265394     0.234198
      9852.08   0.00502257    0.0708701
      9853.17    0.0198438     0.140868
      9854.25    0.0242245     0.155642
      9855.34   -0.0279786     0.234198
      9856.43    0.0237710     0.154178
      9857.51    0.0235578     0.153485
      9858.60  -0.00117099     0.234198
      9859.68    0.0413095     0.203247
      9860.77    0.0373132     0.193166
      9861.86    0.0197722     0.140614
      9862.94    0.0242069     0.155586
      9864.03    0.0523918     0.228893
      9865.11    0.0718425     0.268035
      9866.20    0.0663662     0.257616
      9867.29    0.0841769     0.290132
      9868.37 -0.000922750     0.234198
      9869.46  -0.00720953     0.234198
      9870.54    0.0634350     0.251863
      9871.63    0.0785456     0.280260
      9872.71    0.0548294     0.234157
      9873.80   -0.0355899     0.234198
      9874.89   -0.0673909     0.234198
      9875.97    -0.102277     0.234198
      9877.06   -0.0296541     0.234198
      9878.14    0.0355992     0.188678
      9879.23    0.0577108     0.240231
      9880.32    0.0578433     0.240506
      9881.40    0.0281404     0.167751
      9882.49    0.0394849     0.198708
      9883.57    0.0318015     0.178330
      9884.66    0.0235958     0.153609
      9885.75    0.0387239     0.196784
      9886.83    0.0632640     0.251523
      9887.92    0.0419104     0.204720
      9889.00    0.0390080     0.197504
      9890.09    0.0167084     0.129261
      9891.18   -0.0126080     0.234198
      9892.26   -0.0192174     0.234198
      9893.35    0.0469571     0.216696
      9894.43    0.0274075     0.165552
      9895.52    0.0307616     0.175390
      9896.61    0.0427652     0.206798
      9897.69    0.0338604     0.184012
      9898.78    0.0393025     0.198249
      9899.86    0.0340779     0.184602
      9900.95    0.0316341     0.177860
      9902.04 -0.000755749     0.234198
      9903.12    0.0377653     0.194333
      9904.21    0.0341054     0.184676
      9905.29    0.0132893     0.115279
      9906.38    0.0587018     0.242285
      9907.47    0.0348508     0.186684
      9908.55    0.0437586     0.209186
      9909.64    0.0419262     0.204759
      9910.72    0.0662547     0.257400
      9911.81    0.0589930     0.242885
      9912.90    0.0364697     0.190970
      9913.98    0.0313735     0.177126
      9915.07    0.0275395     0.165950
      9916.15    0.0643960     0.253764
      9917.24    0.0876562     0.296068
      9918.33     0.147534     0.384101
      9919.41    0.0764015     0.276408
      9920.50    0.0490372     0.221443
      9921.58    0.0470113     0.216821
      9922.67    0.0255536     0.159855
      9923.76    0.0344904     0.185716
      9924.84    0.0104887     0.102414
      9925.93    0.0133578     0.115576
      9927.01    0.0389366     0.197324
      9928.10    0.0304972     0.174635
      9929.19  -0.00233085     0.234198
      9930.27    0.0325194     0.180331
      9931.36   0.00181130    0.0425593
      9932.44   0.00623717    0.0789757
      9933.53    0.0301834     0.173734
      9934.62    0.0709097     0.266289
      9935.70    0.0449685     0.212058
      9936.79    0.0372830     0.193088
      9937.87    0.0621701     0.249339
      9938.96    0.0307603     0.175386
      9940.04   0.00882612    0.0939474
      9941.13    0.0321950     0.179430
      9942.22    0.0684757     0.261679
      9943.30    0.0573495     0.239477
      9944.39   -0.0156412     0.234198
      9945.48     0.102215     0.319712
      9946.56    0.0345665     0.185921
      9947.65    -0.100043     0.234198
      9948.73   -0.0844872     0.234198
      9949.82   0.00882044    0.0939172
      9950.91   -0.0519260     0.234198
      9951.99   0.00966980    0.0983351
      9953.08    0.0417240     0.204264
      9954.16    0.0295630     0.171939
      9955.25    0.0282243     0.168001
      9956.33    0.0829230     0.287964
      9957.42   0.00392458    0.0626464
      9958.51   -0.0367237     0.234198
      9959.59   -0.0710368     0.234198
      9960.68    0.0216428     0.147115
      9961.76    0.0676999     0.260192
      9962.85    0.0301885     0.173748
      9963.94     0.107850     0.328405
      9965.02    0.0499621     0.223522
      9966.11     0.122445     0.349921
      9967.19    0.0623460     0.249692
      9968.28    0.0237048     0.153964
      9969.37    0.0631063     0.251210
      9970.45    0.0488205     0.220954
      9971.54    0.0785632     0.280291
      9972.62    0.0685166     0.261757
      9973.71   -0.0316705     0.234198
      9974.80    0.0396534     0.199132
      9975.88     0.153664     0.392000
      9976.97    0.0517431     0.227471
      9978.05    0.0366824     0.191527
      9979.14  -0.00731643     0.234198
      9980.23   0.00722713    0.0850125
      9981.31    0.0187004     0.136750
      9982.40    0.0807918     0.284239
      9983.48    0.0144293     0.120122
      9984.57    0.0207966     0.144210
      9985.66    0.0329629     0.181557
      9986.74    0.0284363     0.168631
      9987.83    0.0584722     0.241810
      9988.91    0.0452798     0.212791
      9990.00    0.0599632     0.244874
      9991.09    0.0444226     0.210767
      9992.17    0.0711009     0.266647
      9993.26    0.0359631     0.189639
      9994.34    0.0100342     0.100171
      9995.43    0.0251627     0.158627
      9996.52    0.0141938     0.119138
      9997.60    0.0239711     0.154826
      9998.69    0.0448245     0.211718
      9999.77    0.0710330     0.266520
      10000.9    0.0407513     0.201869
      10001.9     0.131937     0.363231
      10003.0    0.0151643     0.123143
      10004.1    0.0309852     0.176026
      10005.2    0.0162334     0.127410
      10006.3    0.0412032     0.202986
      10007.4    0.0425424     0.206258
      10008.5    0.0460819     0.214667
      10009.5    0.0806533     0.283995
      10010.6    0.0320291     0.178967
      10011.7    0.0370241     0.192417
      10012.8    0.0893798     0.298965
      10013.9    0.0893882     0.298979
      10015.0    0.0867821     0.294588
      10016.1   -0.0483638     0.234198
      10017.1   -0.0648822     0.234198
      10018.2    0.0641165     0.253212
      10019.3   -0.0236572     0.234198
      10020.4    0.0676319     0.260061
      10021.5    0.0697605     0.264122
      10022.6    0.0496734     0.222875
      10023.7    0.0865895     0.294261
      10024.8    0.0556388     0.235879
      10025.8    0.0824457     0.287134
      10026.9    0.0736769     0.271435
      10028.0    0.0859810     0.293225
      10029.1     0.134919     0.367313
      10030.2    0.0712520     0.266931
      10031.3    0.0461363     0.214794
      10032.4    0.0760971     0.275857
      10033.4    0.0666222     0.258113
      10034.5    0.0504552     0.224622
      10035.6    0.0533110     0.230892
      10036.7    0.0765537     0.276683
      10037.8    0.0324265     0.180074
      10038.9    0.0485922     0.220436
      10040.0    0.0768452     0.277210
      10041.0    0.0714137     0.267233
      10042.1    0.0393209     0.198295
      10043.2    0.0646242     0.254213
      10044.3    0.0126933     0.112665
      10045.4     0.127417     0.356956
      10046.5    0.0543980     0.233234
      10047.6    0.0754742     0.274726
      10048.6    0.0387783     0.196922
      10049.7   0.00874247    0.0935012
      10050.8    0.0742363     0.272463
      10051.9    0.0998417     0.315977
      10053.0    0.0911690     0.301942
      10054.1    0.0298032     0.172636
      10055.2    0.0944527     0.307332
      10056.2    0.0418235     0.204508
      10057.3    0.0506535     0.225063
      10058.4    0.0482599     0.219681
      10059.5    0.0872437     0.295371
      10060.6    0.0667471     0.258355
      10061.7     0.150448     0.387876
      10062.8  -0.00183699     0.234198
      10063.8   -0.0210577     0.234198
      10064.9    0.0888728     0.298115
      10066.0    0.0505921     0.224927
      10067.1 -0.000130987     0.234198
      10068.2    0.0209167     0.144626
      10069.3    0.0684322     0.261596
      10070.4    0.0476062     0.218189
      10071.4    0.0459167     0.214282
      10072.5    0.0799360     0.282730
      10073.6  -0.00783042     0.234198
      10074.7    0.0207380     0.144007
      10075.8    0.0622363     0.249472
      10076.9    0.0210694     0.145153
      10078.0   0.00358871    0.0599059
      10079.0    0.0233490     0.152804
      10080.1    0.0352924     0.187863
      10081.2    0.0297573     0.172503
      10082.3    0.0533478     0.230971
      10083.4   -0.0700322     0.234198
      10084.5     0.134641     0.366934
      10085.6     0.115220     0.339441
      10086.7    0.0319782     0.178825
      10087.7    0.0773312     0.278085
      10088.8    0.0239979     0.154913
      10089.9    0.0651884     0.255320
      10091.0    0.0813716     0.285257
      10092.1    0.0555373     0.235664
      10093.2  0.000119664    0.0109391
      10094.3    0.0301271     0.173571
      10095.3    0.0634193     0.251832
      10096.4   -0.0252879     0.234198
      10097.5    0.0718125     0.267979
      10098.6    0.0649606     0.254874
      10099.7     0.101023     0.317841
      10100.8    0.0226100     0.150366
      10101.9    0.0826411     0.287474
      10102.9   0.00986101    0.0993026
      10104.0    0.0535902     0.231496
      10105.1   -0.0315800     0.234198
      10106.2     0.107310     0.327582
      10107.3   -0.0132826     0.234198
      10108.4     0.140502     0.374836
      10109.5    0.0241277     0.155331
      10110.5    0.0318088     0.178350
      10111.6    0.0416932     0.204189
      10112.7    0.0790765     0.281205
      10113.8    0.0298120     0.172661
      10114.9    0.0586024     0.242079
      10116.0    0.0618762     0.248749
      10117.1    0.0314447     0.177327
      10118.1    0.0569418     0.238625
      10119.2   0.00974261    0.0987047
      10120.3    0.0330470     0.181788
      10121.4    0.0191242     0.138290
      10122.5    0.0111865     0.105766
      10123.6    0.0856661     0.292688
      10124.7     0.107871     0.328438
      10125.7     0.212386     0.460854
      10126.8     0.101798     0.319058
      10127.9    0.0497213     0.222983
      10129.0   -0.0541236     0.234198
      10130.1    0.0549857     0.234490
      10131.2     0.103397     0.321554
      10132.3    0.0547298     0.233944
      10133.3    0.0321680     0.179354
      10134.4    0.0536740     0.231676
      10135.5    0.0756968     0.275130
      10136.6    0.0196884     0.140315
      10137.7    0.0417973     0.204444
      10138.8  -0.00585815     0.234198
      10139.9  -0.00672526     0.234198
      10141.0    0.0646923     0.254347
      10142.0    0.0539977     0.232374
      10143.1    0.0376511     0.194039
      10144.2    0.0115260     0.107359
      10145.3  0.000602456    0.0245450
      10146.4    0.0370946     0.192600
      10147.5    0.0815108     0.285501
      10148.6   0.00453381    0.0673336
      10149.6 -0.000561383     0.234198
      10150.7    0.0648683     0.254693
      10151.8    0.0891511     0.298582
      10152.9    0.0508806     0.225567
      10154.0   0.00402528    0.0634451
      10155.1   -0.0935039     0.234198
      10156.2    0.0340727     0.184588
      10157.2     0.167474     0.409235
      10158.3    0.0645714     0.254109
      10159.4     0.101172     0.318075
      10160.5    0.0676635     0.260122
      10161.6    0.0608624     0.246703
      10162.7    0.0375353     0.193740
      10163.8    0.0142899     0.119540
      10164.8    0.0346819     0.186231
      10165.9    0.0448212     0.211710
      10167.0   0.00250966    0.0500965
      10168.1    0.0373413     0.193239
      10169.2    0.0251291     0.158522
      10170.3   -0.0214449     0.234198
      10171.4    0.0953209     0.308741
      10172.4    -0.138696     0.234198
      10173.5    -0.236458     0.234198
      10174.6    0.0420309     0.205014
      10175.7    -0.111340     0.234198
      10176.8   -0.0482658     0.234198
      10177.9    0.0392416     0.198095
      10179.0    0.0501571     0.223958
      10180.0   0.00948311    0.0973813
      10181.1    0.0578525     0.240526
      10182.2     0.106156     0.325816
      10183.3    0.0659397     0.256787
      10184.4     0.113893     0.337480
      10185.5    0.0899173     0.299862
      10186.6    0.0430051     0.207377
      10187.6    0.0500423     0.223701
      10188.7    0.0620963     0.249191
      10189.8    0.0665921     0.258054
      10190.9    0.0835458     0.289043
      10192.0   -0.0486553     0.234198
      10193.1     0.122370     0.349814
      10194.2    0.0923844     0.303948
      10195.2   0.00520046    0.0721142
      10196.3    0.0791033     0.281253
      10197.4    0.0567072     0.238133
      10198.5     0.107286     0.327545
      10199.6     0.105656     0.325048
      10200.7    0.0273155     0.165274
      10201.8    0.0216714     0.147212
      10202.9     0.115297     0.339554
      10203.9    0.0402378     0.200594
      10205.0    0.0251225     0.158501
      10206.1    0.0426125     0.206428
      10207.2   -0.0542554     0.234198
      10208.3    0.0255701     0.159907
      10209.4    0.0527958     0.229773
      10210.5    0.0195420     0.139793
      10211.5   0.00836768    0.0914750
      10212.6     0.180132     0.424420
      10213.7     0.310688     0.557394
      10214.8    0.0680232     0.260813
      10215.9   -0.0237434     0.234198
      10217.0    0.0750870     0.274020
      10218.1    0.0592743     0.243463
      10219.1    0.0825672     0.287345
      10220.2    0.0499739     0.223549
      10221.3    0.0254308     0.159471
      10222.4    0.0364223     0.190846
      10223.5    0.0627789     0.250557
      10224.6    0.0745227     0.272988
      10225.7   -0.0477629     0.234198
      10226.7     0.156889     0.396092
      10227.8   -0.0845945     0.234198
      10228.9   -0.0725480     0.234198
      10230.0   -0.0216277     0.234198
      10231.1    0.0521777     0.228424
      10232.2    0.0659805     0.256867
      10233.3     0.101390     0.318419
      10234.3    0.0530407     0.230306
      10235.4     0.108515     0.329417
      10236.5    0.0644452     0.253861
      10237.6   -0.0105948     0.234198
      10238.7    0.0668708     0.258594
      10239.8    0.0434829     0.208526
      10240.9    0.0222833     0.149276
      10241.9    0.0351898     0.187589
      10243.0   0.00904514    0.0951059
      10244.1    0.0715915     0.267566
      10245.2    0.0768290     0.277181
      10246.3    0.0403707     0.200925
      10247.4    0.0907914     0.301316
      10248.5    0.0694718     0.263575
      10249.5    0.0673521     0.259523
      10250.6    0.0500265     0.223666
      10251.7    0.0429740     0.207302
      10252.8    0.0636597     0.252309
      10253.9    0.0704482     0.265421
      10255.0    0.0613092     0.247607
      10256.1    0.0342291     0.185011
      10257.1    0.0254458     0.159517
      10258.2    0.0307447     0.175342
      10259.3    0.0508339     0.225464
      10260.4    0.0866073     0.294291
      10261.5     0.105131     0.324239
      10262.6    0.0502807     0.224234
      10263.7    0.0728979     0.269996
      10264.8    0.0293231     0.171240
      10265.8    0.0371079     0.192634
      10266.9    0.0693203     0.263287
      10268.0    0.0295440     0.171884
      10269.1    0.0343059     0.185219
      10270.2    0.0949148     0.308082
      10271.3    0.0209418     0.144713
      10272.4     0.116111     0.340750
      10273.4    0.0229576     0.151518
      10274.5    0.0667926     0.258443
      10275.6  -0.00676266     0.234198
      10276.7   -0.0106232     0.234198
      10277.8    0.0149679     0.122343
      10278.9    0.0810222     0.284644
      10280.0    0.0649846     0.254921
      10281.0    0.0331742     0.182138
      10282.1     0.104902     0.323886
      10283.2    0.0445338     0.211030
      10284.3    0.0599039     0.244753
      10285.4    0.0940941     0.306748
      10286.5    0.0461563     0.214840
      10287.6   -0.0994900     0.234198
      10288.6    -0.110087     0.234198
      10289.7    0.0553335     0.235231
      10290.8    0.0802907     0.283356
      10291.9    0.0935858     0.305918
      10293.0  -0.00310580     0.234198
      10294.1    0.0375172     0.193694
      10295.2    0.0323447     0.179846
      10296.2     0.118118     0.343684
      10297.3     0.184488     0.429521
      10298.4     0.165216     0.406468
      10299.5    0.0779947     0.279275
      10300.6     0.111845     0.334433
      10301.7   -0.0222435     0.234198
      10302.8    0.0364249     0.190853
      10303.8    0.0364488     0.190916
      10304.9    0.0485104     0.220251
      10306.0     0.118367     0.344045
      10307.1    0.0819177     0.286213
      10308.2    0.0161000     0.126886
      10309.3    0.0102585     0.101284
      10310.4  -0.00721984     0.234198
      10311.4   -0.0617973     0.234198
      10312.5    -0.157091     0.234198
      10313.6  -0.00573169     0.234198
      10314.7     0.110471     0.332371
      10315.8    0.0498579     0.223289
      10316.9    0.0324706     0.180196
      10318.0    0.0426398     0.206494
      10319.0    0.0656728     0.256267
      10320.1    0.0631649     0.251326
      10321.2     0.105578     0.324928
      10322.3    0.0756930     0.275124
      10323.4    0.0415533     0.203846
      10324.5    0.0480869     0.219287
      10325.6    0.0728963     0.269993
      10326.7    0.0617447     0.248485
      10327.7   0.00675139    0.0821668
      10328.8    0.0453201     0.212885
      10329.9  -0.00224987     0.234198
      10331.0    0.0191601     0.138420
      10332.1    0.0386934     0.196706
      10333.2    0.0758561     0.275420
      10334.3  -0.00669428     0.234198
      10335.3    0.0483377     0.219858
      10336.4    0.0805344     0.283786
      10337.5    0.0198393     0.140852
      10338.6    0.0516384     0.227241
      10339.7   -0.0131082     0.234198
      10340.8    0.0686432     0.261998
      10341.9    0.0832116     0.288464
      10342.9    0.0489036     0.221142
      10344.0    0.0165545     0.128664
      10345.1    0.0432041     0.207856
      10346.2    0.0393363     0.198334
      10347.3    0.0122742     0.110789
      10348.4   -0.0521658     0.234198
      10349.5    0.0983983     0.313685
      10350.5     0.164554     0.405652
      10351.6    0.0496653     0.222857
      10352.7    0.0449003     0.211897
      10353.8    0.0831440     0.288347
      10354.9    0.0689590     0.262601
      10356.0    0.0193020     0.138932
      10357.1    0.0434056     0.208340
      10358.1    0.0215608     0.146836
      10359.2   -0.0684987     0.234198
      10360.3    0.0181937     0.134884
      10361.4    0.0176287     0.132773
      10362.5    0.0437830     0.209244
      10363.6   -0.0249932     0.234198
      10364.7    0.0692796     0.263210
      10365.7    0.0940255     0.306636
      10366.8    0.0307785     0.175438
      10367.9    0.0337639     0.183749
      10369.0    0.0703161     0.265172
      10370.1    0.0403485     0.200869
      10371.2 -0.000972785     0.234198
      10372.3    0.0572493     0.239268
      10373.3    0.0254240     0.159449
      10374.4     0.523175     0.723309
      10375.5    0.0597260     0.244389
      10376.6     0.100221     0.316576
      10377.7    -0.120901     0.234198
      10378.8    0.0496414     0.222803
      10379.9    0.0810050     0.284614
      10381.0    0.0685038     0.261732
      10382.0    0.0474548     0.217841
      10383.1   -0.0335575     0.234198
      10384.2   0.00604624    0.0777576
      10385.3    0.0380635     0.195099
      10386.4    0.0448994     0.211895
      10387.5    0.0570142     0.238777
      10388.6    0.0533086     0.230887
      10389.6    0.0505510     0.224835
      10390.7    0.0289485     0.170143
      10391.8    0.0983222     0.313564
      10392.9    0.0768347     0.277191
      10394.0    0.0233344     0.152756
      10395.1    0.0318529     0.178474
      10396.2    0.0276947     0.166417
      10397.2    0.0360663     0.189911
      10398.3    0.0795929     0.282122
      10399.4    0.0297567     0.172501
      10400.5    0.0627075     0.250415
      10401.6     0.144686     0.380377
      10402.7    0.0598107     0.244562
      10403.8    0.0501898     0.224031
      10404.8    0.0713234     0.267064
      10405.9    0.0587692     0.242424
      10407.0    0.0335985     0.183299
      10408.1    0.0237246     0.154028
      10409.2    0.0562690     0.237211
      10410.3    0.0992492     0.315038
      10411.4    0.0259771     0.161174
      10412.4    0.0592600     0.243434
      10413.5    0.0165297     0.128568
      10414.6    0.0409602     0.202386
      10415.7     0.100192     0.316532
      10416.8    0.0744109     0.272784
      10417.9    0.0601657     0.245287
      10419.0    0.0849146     0.291401
      10420.0     0.370455     0.608650
      10421.1    -0.105787     0.234198
      10422.2     0.105839     0.325329
      10423.3     0.149814     0.387059
      10424.4     0.141103     0.375637
      10425.5    0.0350091     0.187107
      10426.6    0.0380671     0.195108
      10427.6    0.0818452     0.286086
      10428.7    0.0803390     0.283441
      10429.8     0.100637     0.317233
      10430.9   -0.0100286     0.234198
      10432.0    0.0278575     0.166906
      10433.1    0.0598524     0.244647
      10434.2    0.0746343     0.273193
      10435.2     0.108243     0.329002
      10436.3    0.0337497     0.183711
      10437.4    0.0849802     0.291514
      10438.5    0.0405218     0.201300
      10439.6    0.0317013     0.178049
      10440.7    0.0548394     0.234178
      10441.8    0.0760938     0.275851
      10442.9    0.0474909     0.217924
      10443.9    0.0831246     0.288313
      10445.0     0.104822     0.323762
      10446.1    0.0424395     0.206008
      10447.2    0.0724470     0.269160
      10448.3    0.0861647     0.293538
      10449.4  -0.00468792     0.234198
      10450.5    0.0829066     0.287935
      10451.5     0.231116     0.480745
      10452.6   -0.0294222     0.234198
      10453.7     0.104141     0.322709
      10454.8     0.209396     0.457598
      10455.9     0.106057     0.325664
      10457.0    0.0380708     0.195118
      10458.1    0.0477420     0.218499
      10459.1    0.0555017     0.235588
      10460.2    0.0601007     0.245154
      10461.3    0.0605959     0.246162
      10462.4    0.0830270     0.288144
      10463.5    0.0469554     0.216692
      10464.6    0.0528800     0.229957
      10465.7  -0.00948150     0.234198
      10466.7    0.0184910     0.135982
      10467.8    0.0247599     0.157353
      10468.9    0.0510492     0.225941
      10470.0   -0.0136425     0.234198
      10471.1     0.100074     0.316344
      10472.2    -0.144116     0.234198
      10473.3    -0.111533     0.234198
      10474.3    0.0296758     0.172267
      10475.4    0.0397013     0.199252
      10476.5    0.0798654     0.282605
      10477.6 -0.000935242     0.234198
      10478.7    0.0451691     0.212530
      10479.8    0.0610426     0.247068
      10480.9    0.0984773     0.313811
      10481.9    0.0883775     0.297284
      10483.0    0.0854386     0.292299
      10484.1    0.0940685     0.306706
      10485.2    0.0811175     0.284811
      10486.3    0.0486322     0.220527
      10487.4    0.0513023     0.226500
      10488.5    0.0701169     0.264796
      10489.5     0.113764     0.337289
      10490.6    0.0830040     0.288104
      10491.7    0.0859665     0.293200
      10492.8    0.0512222     0.226323
      10493.9    0.0462868     0.215144
      10495.0    0.0152596     0.123530
      10496.1    0.0442398     0.210333
      10497.1    0.0704722     0.265466
      10498.2    0.0367618     0.191734
      10499.3    0.0443604     0.210619
      10500.4    0.0548226     0.234142
      10501.5    0.0382362     0.195541
      10502.6    0.0228790     0.151258
      10503.7  -0.00684214     0.234198
      10504.8    0.0431998     0.207846
      10505.8    0.0720165     0.268359
      10506.9   0.00991979    0.0995982
      10508.0   -0.0129454     0.234198
      10509.1     0.100161     0.316483
      10510.2    0.0934483     0.305693
      10511.3    0.0719680     0.268269
      10512.4    0.0758011     0.275320
      10513.4     0.126872     0.356192
      10514.5    0.0369619     0.192255
      10515.6    0.0388725     0.197161
      10516.7   -0.0147020     0.234198
      10517.8    0.0516729     0.227317
      10518.9    0.0446606     0.211331
      10520.0    0.0502320     0.224125
      10521.0    0.0782486     0.279730
      10522.1    0.0419577     0.204836
      10523.2    0.0110741     0.105233
      10524.3    0.0298288     0.172710
      10525.4   -0.0350776     0.234198
      10526.5    0.0163853     0.128005
      10527.6  0.000266772    0.0163331
      10528.6   -0.0692892     0.234198
      10529.7    0.0464679     0.215564
      10530.8    0.0715175     0.267428
      10531.9    0.0686807     0.262070
      10533.0    0.0593963     0.243714
      10534.1    0.0269882     0.164281
      10535.2   0.00772522    0.0878932
      10536.2    0.0368550     0.191976
      10537.3    0.0289472     0.170139
      10538.4    0.0694544     0.263542
      10539.5    0.0616699     0.248334
      10540.6    0.0627158     0.250431
      10541.7    0.0664144     0.257710
      10542.8    0.0169394     0.130151
      10543.8    0.0225391     0.150130
      10544.9    0.0417599     0.204352
      10546.0    0.0409880     0.202455
      10547.1    0.0609466     0.246874
      10548.2    0.0300818     0.173441
      10549.3    0.0585452     0.241961
      10550.4    0.0540458     0.232478
      10551.4    0.0214397     0.146423
      10552.5  -0.00405170     0.234198
      10553.6    0.0266026     0.163103
      10554.7  0.000942991    0.0307082
      10555.8    0.0650265     0.255003
      10556.9    0.0473815     0.217673
      10558.0    0.0788071     0.280726
      10559.0    0.0352054     0.187631
      10560.1   0.00458080    0.0676816
      10561.2    0.0522996     0.228691
      10562.3    0.0830368     0.288161
      10563.4    0.0886699     0.297775
      10564.5    0.0565965     0.237900
      10565.6    0.0459059     0.214257
      10566.7    0.0185706     0.136274
      10567.7    0.0132009     0.114895
      10568.8  -0.00530816     0.234198
      10569.9    0.0552145     0.234978
      10571.0    0.0766270     0.276816
      10572.1    0.0731438     0.270451
      10573.2    0.0207626     0.144092
      10574.3    0.0961864     0.310139
      10575.3    0.0149085     0.122101
      10576.4    0.0304977     0.174636
      10577.5     0.102720     0.320499
      10578.6    0.0906389     0.301063
      10579.7    0.0453414     0.212935
      10580.8    0.0500809     0.223788
      10581.9    0.0824278     0.287102
      10582.9    0.0759804     0.275645
      10584.0    0.0520938     0.228241
      10585.1    0.0302250     0.173853
      10586.2    0.0784408     0.280073
      10587.3   -0.0160079     0.234198
      10588.4    0.0474425     0.217813
      10589.5    0.0331339     0.182027
      10590.5 -0.000400791     0.234198
      10591.6    0.0714802     0.267358
      10592.7    0.0694077     0.263453
      10593.8    0.0774808     0.278354
      10594.9    0.0204844     0.143124
      10596.0    0.0581563     0.241156
      10597.1    0.0689211     0.262528
      10598.1    0.0701209     0.264804
      10599.2    0.0770325     0.277547
      10600.3    0.0733459     0.270825
      10601.4    0.0737174     0.271509
      10602.5    0.0694896     0.263609
      10603.6    0.0389296     0.197306
      10604.7    0.0556657     0.235936
      10605.7    0.0339229     0.184182
      10606.8    0.0219665     0.148211
      10607.9    0.0273249     0.165302
      10609.0    0.0561105     0.236877
      10610.1   -0.0193438     0.234198
      10611.2   0.00547478    0.0739918
      10612.3    0.0366017     0.191316
      10613.3    0.0438355     0.209369
      10614.4   -0.0103334     0.234198
      10615.5    0.0389790     0.197431
      10616.6    0.0935273     0.305822
      10617.7    0.0667595     0.258379
      10618.8    0.0509134     0.225640
      10619.9    0.0246918     0.157136
      10621.0    0.0337637     0.183749
      10622.0    0.0160137     0.126545
      10623.1    0.0635448     0.252081
      10624.2    0.0559806     0.236602
      10625.3    0.0742247     0.272442
      10626.4    0.0654858     0.255902
      10627.5    0.0752397     0.274299
      10628.6    0.0158222     0.125786
      10629.6    0.0637038     0.252396
      10630.7    0.0691827     0.263026
      10631.8    0.0446398     0.211281
      10632.9    0.0880688     0.296764
      10634.0    0.0713309     0.267078
      10635.1    0.0458364     0.214094
      10636.2    0.0269624     0.164202
      10637.2    0.0573607     0.239501
      10638.3    0.0591446     0.243197
      10639.4    0.0525534     0.229245
      10640.5    0.0756905     0.275119
      10641.6    0.0421113     0.205210
      10642.7    0.0129884     0.113966
      10643.8    0.0198232     0.140795
      10644.8    0.0654611     0.255854
      10645.9    0.0316090     0.177789
      10647.0    0.0316486     0.177901
      10648.1    0.0179592     0.134012
      10649.2   0.00892963    0.0944967
      10650.3  -0.00632653     0.234198
      10651.4    0.0405682     0.201415
      10652.4    0.0531177     0.230473
      10653.5    0.0593937     0.243708
      10654.6    0.0504165     0.224536
      10655.7   0.00529525    0.0727685
      10656.8    0.0324754     0.180209
      10657.9    0.0152067     0.123315
      10659.0    0.0127454     0.112895
      10660.0  -0.00964563     0.234198
      10661.1    0.0441234     0.210056
      10662.2    0.0675739     0.259950
      10663.3    0.0510965     0.226045
      10664.4    0.0138672     0.117759
      10665.5    0.0312050     0.176649
      10666.6    0.0504684     0.224652
      10667.6    0.0239162     0.154649
      10668.7    0.0767211     0.276986
      10669.8    0.0159452     0.126274
      10670.9   -0.0321843     0.234198
      10672.0    0.0400534     0.200134
      10673.1    0.0896822     0.299470
      10674.2    0.0851548     0.291813
      10675.2    0.0440768     0.209945
      10676.3    0.0544507     0.233347
      10677.4    0.0181925     0.134880
      10678.5    0.0122357     0.110615
      10679.6    0.0798969     0.282660
      10680.7    0.0775091     0.278405
      10681.8    0.0412381     0.203072
      10682.9   0.00840062    0.0916549
      10683.9     0.102626     0.320353
      10685.0    0.0759438     0.275579
      10686.1    0.0598694     0.244682
      10687.2    0.0729189     0.270035
      10688.3     0.133865     0.365876
      10689.4     0.175365     0.418766
      10690.5    0.0377165     0.194207
      10691.5   0.00473950    0.0688441
      10692.6    0.0167007     0.129231
      10693.7    0.0737003     0.271478
      10694.8     0.110874     0.332977
      10695.9    0.0595760     0.244082
      10697.0    0.0463043     0.215184
      10698.1    0.0331286     0.182013
      10699.1    0.0169137     0.130053
      10700.2    0.0268880     0.163975
      10701.3    0.0296183     0.172100
      10702.4    0.0529828     0.230180
      10703.5    0.0664520     0.257783
      10704.6    0.0976465     0.312484
      10705.7    0.0554416     0.235460
      10706.7   0.00838915    0.0915923
      10707.8    0.0429437     0.207229
      10708.9  -0.00259355     0.234198
      10710.0    0.0239935     0.154898
      10711.1   -0.0246966     0.234198
      10712.2  0.000865605    0.0294212
      10713.3   0.00404085    0.0635677
      10714.3   -0.0302428     0.234198
      10715.4  -0.00453417     0.234198
      10716.5    0.0129719     0.113894
      10717.6    0.0932362     0.305346
      10718.7    0.0650416     0.255033
      10719.8   0.00191268    0.0437341
      10720.9   -0.0158823     0.234198
      10721.9   -0.0511647     0.234198
      10723.0    0.0591630     0.243234
      10724.1    0.0160787     0.126802
      10725.2   -0.0129868     0.234198
      10726.3   0.00677423    0.0823057
      10727.4    0.0372699     0.193054
      10728.5    0.0674493     0.259710
      10729.5     0.123407     0.351293
      10730.6   -0.0651923     0.234198
      10731.7     0.157070     0.396320
      10732.8     0.207910     0.455971
      10733.9    0.0346455     0.186133
      10735.0     0.103387     0.321539
      10736.1    0.0666615     0.258189
      10737.1    0.0507846     0.225354
      10738.2    0.0384652     0.196125
      10739.3    0.0799832     0.282813
      10740.4    0.0583513     0.241560
      10741.5   0.00209786    0.0458024
      10742.6    0.0490817     0.221544
      10743.7    0.0383300     0.195780
      10744.8    0.0310517     0.176215
      10745.8     0.118119     0.343684
      10746.9     0.135258     0.367774
      10748.0    0.0651519     0.255249
      10749.1    0.0599577     0.244863
      10750.2    0.0550553     0.234639
      10751.3   -0.0427936     0.234198
      10752.4    0.0682641     0.261274
      10753.4    -0.186512     0.234198
      10754.5    0.0177897     0.133378
      10755.6     0.117402     0.342639
      10756.7   -0.0120517     0.234198
      10757.8    0.0725493     0.269350
      10758.9    0.0522133     0.228502
      10760.0    0.0231729     0.152226
      10761.0    0.0415727     0.203894
      10762.1    0.0514733     0.226877
      10763.2   -0.0169629     0.234198
      10764.3    0.0682338     0.261216
      10765.4   -0.0426085     0.234198
      10766.5    0.0144424     0.120177
      10767.6    0.0756500     0.275046
      10768.6    0.0808284     0.284303
      10769.7    0.0524233     0.228961
      10770.8    0.0493156     0.222071
      10771.9  -0.00418878     0.234198
      10773.0     0.103934     0.322387
      10774.1   -0.0615079     0.234198
      10775.2    -0.149006     0.234198
      10776.2    0.0497404     0.223025
      10777.3    0.0340526     0.184534
      10778.4    0.0371696     0.192794
      10779.5    0.0499492     0.223493
      10780.6    0.0194607     0.139502
      10781.7    0.0678744     0.260527
      10782.8     0.101364     0.318378
      10783.8    0.0278515     0.166888
      10784.9    0.0659465     0.256800
      10786.0    0.0744136     0.272789
      10787.1    0.0907853     0.301306
      10788.2     0.114934     0.339019
      10789.3    0.0707789     0.266043
      10790.4     0.113479     0.336867
      10791.4     0.101292     0.318264
      10792.5    0.0182942     0.135256
      10793.6    0.0457090     0.213797
      10794.7    0.0231916     0.152288
      10795.8   -0.0440997     0.234198
      10796.9   -0.0485692     0.234198
      10798.0    0.0702967     0.265135
      10799.0    0.0136621     0.116885
      10800.1   -0.0301448     0.234198
      10801.2     0.103153     0.321174
      10802.3    0.0728872     0.269976
      10803.4    0.0887806     0.297961
      10804.5    0.0107132     0.103504
      10805.6    0.0578361     0.240491
      10806.7    0.0193955     0.139268
      10807.7    0.0372403     0.192977
      10808.8  -0.00727821     0.234198
      10809.9   0.00778929    0.0882570
      10811.0    0.0717774     0.267913
      10812.1     0.117758     0.343159
      10813.2    0.0772599     0.277957
      10814.3    0.0680175     0.260802
      10815.3    0.0190132     0.137888
      10816.4   -0.0140418     0.234198
      10817.5   0.00499474    0.0706735
      10818.6    0.0788599     0.280820
      10819.7    0.0582396     0.241329
      10820.8    0.0678315     0.260445
      10821.9    0.0518374     0.227678
      10822.9    0.0621937     0.249387
      10824.0   0.00352753    0.0593931
      10825.1    0.0457524     0.213898
      10826.2    0.0437950     0.209273
      10827.3    0.0520976     0.228249
      10828.4   0.00932824    0.0965828
      10829.5   0.00769141    0.0877007
      10830.5    0.0437411     0.209144
      10831.6     -1.00482     0.234198
      10832.7    -0.298156     0.234198
      10833.8     0.220038     0.469082
      10834.9     0.169748     0.412005
      10836.0  -0.00758961     0.234198
      10837.1    0.0943529     0.307169
      10838.1    0.0696594     0.263931
      10839.2    0.0514337     0.226790
      10840.3   -0.0441144     0.234198
      10841.4    0.0347930     0.186529
      10842.5     0.283243     0.532206
      10843.6   -0.0627722     0.234198
      10844.7   -0.0479588     0.234198
      10845.7     0.109995     0.331655
      10846.8    -0.132445     0.234198
      10847.9    0.0261005     0.161557
      10849.0    0.0460405     0.214570
      10850.1    0.0262329     0.161966
      10851.2    0.0272853     0.165183
      10852.3    0.0109986     0.104874
      10853.3  -0.00655900     0.234198
      10854.4    0.0585417     0.241954
      10855.5    0.0189358     0.137607
      10856.6    0.0557668     0.236150
      10857.7     0.127663     0.357299
      10858.8     0.170999     0.413520
      10859.9    0.0653900     0.255715
      10861.0    0.0703517     0.265239
      10862.0    0.0671970     0.259224
      10863.1    0.0374249     0.193455
      10864.2    0.0514323     0.226787
      10865.3    0.0476769     0.218350
      10866.4    0.0158562     0.125922
      10867.5  0.000352608    0.0187779
      10868.6    0.0888080     0.298007
      10869.6    0.0407892     0.201963
      10870.7    0.0476599     0.218311
      10871.8    0.0210226     0.144992
      10872.9    0.0404368     0.201089
      10874.0  -0.00214821     0.234198
      10875.1    0.0662490     0.257389
      10876.2     0.103651     0.321949
      10877.2    0.0616256     0.248245
      10878.3    0.0621398     0.249279
      10879.4    0.0892307     0.298715
      10880.5   -0.0181719     0.234198
      10881.6    0.0810168     0.284634
      10882.7     0.112875     0.335969
      10883.8    0.0377781     0.194366
      10884.8    0.0527068     0.229580
      10885.9    0.0144909     0.120378
      10887.0    0.0252431     0.158881
      10888.1    0.0264862     0.162746
      10889.2    0.0273274     0.165310
      10890.3  -0.00588128     0.234198
      10891.4  -0.00948795     0.234198
      10892.4    0.0491674     0.221737
      10893.5   0.00369489    0.0607856
      10894.6    0.0699108     0.264406
      10895.7   -0.0257339     0.234198
      10896.8   -0.0280162     0.234198
      10897.9    -0.123002     0.234198
      10899.0   -0.0411940     0.234198
      10900.0     0.166528     0.408078
      10901.1    0.0938021     0.306271
      10902.2    0.0612094     0.247405
      10903.3    0.0524537     0.229028
      10904.4    0.0382022     0.195454
      10905.5    0.0733082     0.270755
      10906.6    0.0524850     0.229096
      10907.6    0.0416183     0.204006
      10908.7    0.0264074     0.162503
      10909.8    0.0382790     0.195650
      10910.9    0.0381063     0.195208
      10912.0    0.0460088     0.214497
      10913.1   -0.0121025     0.234198
      10914.2    0.0585404     0.241951
      10915.2    0.0734938     0.271097
      10916.3    0.0255353     0.159798
      10917.4    0.0766208     0.276805
      10918.5    0.0355882     0.188648
      10919.6    0.0438690     0.209449
      10920.7    0.0909709     0.301614
      10921.8    0.0115928     0.107670
      10922.9   0.00832260    0.0912283
      10923.9     0.276786     0.526105
      10925.0    -0.146737     0.234198
      10926.1   -0.0932831     0.234198
      10927.2     0.229881     0.479459
      10928.3    0.0544058     0.233251
      10929.4    0.0887679     0.297939
      10930.5    0.0621308     0.249261
      10931.5     0.111494     0.333908
      10932.6    0.0841874     0.290151
      10933.7    0.0224476     0.149825
      10934.8    0.0316347     0.177861
      10935.9    0.0463790     0.215358
      10937.0    0.0295356     0.171859
      10938.1 -0.000704811     0.234198
      10939.1    0.0154430     0.124270
      10940.2    0.0227634     0.150875
      10941.3    0.0494387     0.222348
      10942.4    0.0328826     0.181336
      10943.5    0.0434391     0.208420
      10944.6    0.0234280     0.153062
      10945.7    0.0545497     0.233559
      10946.7    0.0665159     0.257907
      10947.8    0.0349479     0.186944
      10948.9     0.138213     0.371771
      10950.0    0.0352792     0.187828
      10951.1 -0.000704756     0.234198
      10952.2    0.0164247     0.128159
      10953.3     0.307850     0.554842
      10954.3     0.131425     0.362525
      10955.4    0.0588279     0.242545
      10956.5   -0.0243696     0.234198
      10957.6    0.0325862     0.180516
      10958.7     0.139294     0.373221
      10959.8    0.0725634     0.269376
      10960.9    0.0753167     0.274439
      10961.9    0.0206329     0.143642
      10963.0    0.0316772     0.177981
      10964.1    0.0374747     0.193584
      10965.2    0.0313618     0.177092
      10966.3   0.00924385    0.0961449
      10967.4    0.0766559     0.276868
      10968.5    0.0753781     0.274551
      10969.5    0.0930846     0.305098
      10970.6    0.0457772     0.213956
      10971.7    0.0106017     0.102964
      10972.8  -0.00844360     0.234198
      10973.9  -0.00487447     0.234198
      10975.0     0.166560     0.408118
      10976.1    0.0179385     0.133935
      10977.1     0.153742     0.392100
      10978.2     0.106404     0.326197
      10979.3    0.0197169     0.140417
      10980.4   -0.0578327     0.234198
      10981.5    0.0190976     0.138194
      10982.6   0.00686357    0.0828466
      10983.7    0.0224475     0.149825
      10984.8   -0.0216404     0.234198
      10985.8    0.0873077     0.295479
      10986.9    0.0980114     0.313068
      10988.0    0.0257044     0.160326
      10989.1    0.0214166     0.146344
      10990.2    0.0717397     0.267843
      10991.3    0.0468842     0.216528
      10992.4    0.0252938     0.159040
      10993.4   -0.0126202     0.234198
      10994.5    0.0423759     0.205854
      10995.6    0.0778754     0.279062
      10996.7    0.0510413     0.225923
      10997.8    0.0177663     0.133290
      10998.9    0.0410676     0.202651
      11000.0    0.0251975     0.158737
      11001.0    0.0698789     0.264346
      11002.1    0.0775110     0.278408
      11003.2    0.0457619     0.213920
      11004.3    0.0714366     0.267276
      11005.4    0.0851529     0.291810
      11006.5    0.0989011     0.314485
      11007.6    0.0166111     0.128884
      11008.6   0.00272673    0.0522181
      11009.7    -0.154538     0.234198
      11010.8    0.0147854     0.121595
      11011.9     0.209462     0.457670
      11013.0    0.0674634     0.259737
      11014.1    0.0377862     0.194387
      11015.2    0.0158962     0.126080
      11016.2    0.0193741     0.139191
      11017.3    0.0770874     0.277646
      11018.4    0.0329927     0.181639
      11019.5   0.00306286    0.0553431
      11020.6    0.0841263     0.290045
      11021.7    0.0587502     0.242384
      11022.8    0.0351370     0.187449
      11023.8     0.103772     0.322136
      11024.9    0.0506077     0.224961
      11026.0    0.0195802     0.139929
      11027.1     0.142073     0.376926
      11028.2 -0.000519020     0.234198
      11029.3   -0.0502142     0.234198
      11030.4    0.0412010     0.202980
      11031.4   -0.0506445     0.234198
      11032.5    0.0441598     0.210142
      11033.6    0.0399203     0.199801
      11034.7    0.0464087     0.215427
      11035.8    0.0488168     0.220945
      11036.9   -0.0131389     0.234198
      11038.0    0.0609127     0.246805
      11039.0     0.101341     0.318340
      11040.1    0.0678234     0.260429
      11041.2    0.0441134     0.210032
      11042.3    0.0669343     0.258717
      11043.4   0.00613281    0.0783122
      11044.5    0.0490893     0.221561
      11045.6    0.0362148     0.190302
      11046.7    0.0691657     0.262994
      11047.7    0.0818916     0.286167
      11048.8    0.0541133     0.232623
      11049.9    0.0706599     0.265819
      11051.0    0.0314482     0.177336
      11052.1  -0.00424784     0.234198
      11053.2    0.0833510     0.288706
      11054.3    0.0830712     0.288221
      11055.3    0.0209990     0.144910
      11056.4    0.0127425     0.112883
      11057.5  -0.00353949     0.234198
      11058.6    0.0531248     0.230488
      11059.7    0.0498781     0.223334
      11060.8   -0.0217051     0.234198
      11061.9    0.0595930     0.244117
      11062.9   -0.0191526     0.234198
      11064.0    0.0227390     0.150794
      11065.1   0.00343494    0.0586084
      11066.2    0.0453290     0.212906
      11067.3  -0.00347774     0.234198
      11068.4    0.0871557     0.295221
      11069.5    0.0825624     0.287337
      11070.5    0.0444606     0.210857
      11071.6     0.140995     0.375493
      11072.7   -0.0234950     0.234198
      11073.8  -0.00894409     0.234198
      11074.9     0.109601     0.331061
      11076.0    0.0580056     0.240844
      11077.1    0.0452376     0.212691
      11078.1    0.0202448     0.142284
      11079.2    0.0842817     0.290313
      11080.3    0.0220630     0.148536
      11081.4   -0.0101977     0.234198
      11082.5  -0.00963879     0.234198
      11083.6   0.00297480    0.0545417
      11084.7    0.0444410     0.210810
      11085.7    0.0979501     0.312970
      11086.8    0.0359709     0.189660
      11087.9    0.0550302     0.234585
      11089.0   -0.0316863     0.234198
      11090.1    0.0505550     0.224844
      11091.2    0.0818369     0.286072
      11092.3    -0.177066     0.234198
      11093.3    0.0173172     0.131595
      11094.4   -0.0103772     0.234198
      11095.5  -0.00143734     0.234198
      11096.6    0.0485637     0.220372
      11097.7   -0.0164403     0.234198
      11098.8    0.0344747     0.185674
      11099.9   -0.0115910     0.234198
      11101.0   -0.0155646     0.234198
      11102.0   -0.0140189     0.234198
      11103.1    0.0523705     0.228846
      11104.2    0.0394523     0.198626
      11105.3    0.0297160     0.172383
      11106.4   0.00709998    0.0842614
      11107.5  -0.00496389     0.234198
      11108.6  -0.00529105     0.234198
      11109.6    0.0106935     0.103409
      11110.7   -0.0606715     0.234198
      11111.8    0.0406694     0.201667
      11112.9    0.0291222     0.170652
      11114.0    0.0346281     0.186086
      11115.1    0.0372854     0.193094
      11116.2    0.0262184     0.161921
      11117.2    0.0141571     0.118984
      11118.3    0.0478542     0.218756
      11119.4    0.0476135     0.218205
      11120.5    0.0699333     0.264449
      11121.6    0.0585937     0.242061
      11122.7    0.0642529     0.253482
      11123.8    0.0238951     0.154580
      11124.8    0.0587857     0.242458
      11125.9    0.0354571     0.188301
      11127.0  0.000656135    0.0256151
      11128.1    0.0498944     0.223371
      11129.2    0.0475126     0.217974
      11130.3    0.0312918     0.176895
      11131.4    0.0217802     0.147581
      11132.4  -0.00258634     0.234198
      11133.5    0.0276142     0.166175
      11134.6  -0.00443849     0.234198
      11135.7    0.0101544     0.100769
      11136.8    0.0310873     0.176316
      11137.9   -0.0249388     0.234198
      11139.0  -0.00634185     0.234198
      11140.0   -0.0522285     0.234198
      11141.1   -0.0110914     0.234198
      11142.2    0.0732002     0.270555
      11143.3    0.0463386     0.215264
      11144.4    0.0221835     0.148941
      11145.5    0.0192164     0.138623
      11146.6   0.00657743    0.0811014
      11147.6    0.0529006     0.230001
      11148.7    0.0181721     0.134804
      11149.8    0.0294697     0.171668
      11150.9    0.0297790     0.172566
      11152.0    0.0209556     0.144761
      11153.1    0.0324268     0.180075
      11154.2    0.0120356     0.109707
      11155.2   -0.0280328     0.234198
      11156.3   0.00729193    0.0853928
      11157.4  -0.00724555     0.234198
      11158.5    0.0497717     0.223096
      11159.6    0.0731389     0.270442
      11160.7    0.0231008     0.151989
      11161.8    0.0453704     0.213003
      11162.9    0.0506548     0.225066
      11163.9    0.0229905     0.151626
      11165.0   -0.0387052     0.234198
      11166.1    0.0107590     0.103726
      11167.2   -0.0498235     0.234198
      11168.3    0.0235570     0.153483
      11169.4    0.0198371     0.140844
      11170.5    0.0267160     0.163450
      11171.5    0.0587090     0.242299
      11172.6    0.0238469     0.154424
      11173.7   0.00180341    0.0424666
      11174.8  -0.00440164     0.234198
      11175.9    0.0229844     0.151606
      11177.0   0.00143735    0.0379124
      11178.1    0.0333746     0.182687
      11179.1 -0.000688436     0.234198
      11180.2    0.0201480     0.141944
      11181.3    0.0151848     0.123227
      11182.4    0.0344734     0.185670
      11183.5   -0.0248427     0.234198
      11184.6   -0.0430255     0.234198
      11185.7 -0.000676045     0.234198
      11186.7   0.00116914    0.0341927
      11187.8    0.0377650     0.194332
      11188.9  -0.00188544     0.234198
      11190.0    0.0278782     0.166968
      11191.1    0.0236316     0.153726
      11192.2  -0.00391063     0.234198
      11193.3    0.0439984     0.209758
      11194.3    0.0156482     0.125093
      11195.4   -0.0487772     0.234198
      11196.5  -0.00772659     0.234198
      11197.6   -0.0273000     0.234198
      11198.7    0.0171879     0.131103
      11199.8    0.0418222     0.204505
      11200.9    0.0252321     0.158846
      11201.9   -0.0432899     0.234198
      11203.0   0.00376553    0.0613639
      11204.1   0.00602766    0.0776380
      11205.2    0.0149979     0.122466
      11206.3    0.0247530     0.157331
      11207.4    0.0608171     0.246611
      11208.5    0.0486309     0.220524
      11209.5    0.0232359     0.152433
      11210.6    0.0274258     0.165607
      11211.7  -0.00935030     0.234198
      11212.8   -0.0219450     0.234198
      11213.9    0.0670644     0.258968
      11215.0    0.0205429     0.143328
      11216.1    0.0112055     0.105856
      11217.1    0.0306275     0.175007
      11218.2    0.0281798     0.167868
      11219.3  0.000704663    0.0265455
      11220.4   -0.0109343     0.234198
      11221.5   -0.0161092     0.234198
      11222.6    0.0204471     0.142993
      11223.7  -0.00245912     0.234198
      11224.8  -0.00407910     0.234198
      11225.8    0.0415734     0.203896
      11226.9    0.0530675     0.230364
      11228.0    0.0515960     0.227147
      11229.1   -0.0274729     0.234198
      11230.2  -0.00990520     0.234198
      11231.3    0.0270595     0.164498
      11232.4   -0.0175300     0.234198
      11233.4  -0.00938414     0.234198
      11234.5    0.0127700     0.113005
      11235.6   0.00205306    0.0453107
      11236.7   -0.0114318     0.234198
      11237.8    0.0112820     0.106217
      11238.9    0.0145057     0.120440
      11240.0 -6.79726e-06     0.234198
