   # lambda  flux(e-/s)    stddev 
   9750.000     0.07762   0.03817 
   9751.086     0.03660   0.03187 
   9752.172     0.02950   0.02820 
   9753.258    -0.05333   0.02605 
   9754.344     0.06206   0.02527 
   9755.430     0.00786   0.02496 
   9756.516    -0.00971   0.02602 
   9757.602     0.06561   0.02965 
   9758.688     0.11339   0.02667 
   9759.774     0.11632   0.02935 
   9760.860     0.05385   0.02765 
   9761.946     0.03624   0.02858 
   9763.032     0.02983   0.02715 
   9764.118    -0.04063   0.02703 
   9765.204     0.00573   0.02934 
   9766.290     0.03400   0.04665 
   9767.376     0.00449   0.03793 
   9768.462     0.01866   0.09515 
   9769.548    -0.11495   0.03403 
   9770.633     0.04554   0.02889 
   9771.719     0.04048   0.02573 
   9772.805     0.00209   0.02562 
   9773.891     0.02331   0.02728 
   9774.977     0.07507   0.02803 
   9776.063     0.02071   0.03108 
   9777.149    -0.03966   0.02677 
   9778.235     0.03869   0.02560 
   9779.321     0.05590   0.02525 
   9780.407    -0.04753       nan 
   9781.493    -0.03050   0.02610 
   9782.579    -0.02822   0.02901 
   9783.665     0.09980   0.02797 
   9784.751     0.08086   0.02823 
   9785.837    -0.02571   0.02719 
   9786.923    -0.04188   0.02687 
   9788.009     0.07063   0.02744 
   9789.095     0.12746   0.03950 
   9790.181     0.08241   0.05137 
   9791.267     0.20372   0.08094 
   9792.353     0.12909   0.13563 
   9793.439     0.19132   0.14618 
   9794.525    -0.11082   0.15662 
   9795.611    -0.00582   0.11361 
   9796.697    -0.08150   0.05295 
   9797.783     0.05526   0.04271 
   9798.869     0.09959   0.04203 
   9799.955     0.02979   0.05381 
   9801.041     0.07513   0.07973 
   9802.127     0.10035   0.08256 
   9803.213     0.09086   0.08481 
   9804.299    -0.09425   0.06651 
   9805.385    -0.12438   0.03545 
   9806.471     0.04808   0.03009 
   9807.557     0.01967   0.03128 
   9808.643     0.01992   0.04384 
   9809.729    -0.02416   0.04777 
   9810.814     0.06162   0.04075 
   9811.900     0.01579   0.04420 
   9812.986    -0.00599   0.05222 
   9814.072    -0.04175   0.05537 
   9815.158     0.05122   0.05533 
   9816.244     0.04543   0.05323 
   9817.330     0.01440   0.04322 
   9818.416    -0.01220   0.04023 
   9819.502    -0.10983   0.06454 
   9820.588    -0.03377   0.04575 
   9821.674     0.02401   0.03679 
   9822.760     0.08846   0.03198 
   9823.846     0.08680   0.02922 
   9824.932     0.06202   0.03629 
   9826.018     0.01295   0.05005 
   9827.104     0.04501   0.03130 
   9828.190     0.03406   0.03171 
   9829.276     0.10830   0.03560 
   9830.362    -0.04408   0.04006 
   9831.448    -0.00694   0.03843 
   9832.534     0.03955   0.03574 
   9833.620     0.05510   0.03185 
   9834.706     0.14179   0.02874 
   9835.792     0.17670   0.02781 
   9836.878     0.09536   0.02879 
   9837.964     0.08534   0.02809 
   9839.050     0.03270   0.02797 
   9840.136     0.06152   0.02856 
   9841.222     0.11529   0.03287 
   9842.308     0.06000   0.03034 
   9843.394     0.03129   0.02723 
   9844.480    -0.01073   0.03811 
   9845.566     0.09373   0.02891 
   9846.652     0.01630   0.02786 
   9847.738     0.01805   0.03051 
   9848.824    -0.04377   0.05120 
   9849.910     0.08767   0.08577 
   9850.995     0.19733   0.09097 
   9852.081     0.22230   0.08717 
   9853.167     0.04959   0.07317 
   9854.253     0.10987   0.03641 
   9855.339     0.02872   0.02782 
   9856.425     0.03184   0.02762 
   9857.511     0.05591   0.02897 
   9858.597    -0.00912   0.02824 
   9859.683     0.04256   0.03069 
   9860.769     0.06662   0.03187 
   9861.855     0.01875   0.02800 
   9862.941     0.00031   0.02865 
   9864.027     0.00428   0.02765 
   9865.113     0.05217   0.02839 
   9866.199     0.00357   0.02691 
   9867.285     0.08015   0.02726 
   9868.371     0.01633   0.02780 
   9869.457     0.09732   0.03195 
   9870.543     0.09937   0.03004 
   9871.629     0.06901   0.03953 
   9872.715     0.33388   0.09440 
   9873.801     0.10054   0.14679 
   9874.887    -0.21831   0.25860 
   9875.973     0.11355   0.46631 
   9877.059     0.07748   0.08910 
   9878.145     0.05216   0.04101 
   9879.231     0.10387   0.03003 
   9880.317     0.04468   0.02893 
   9881.403     0.02564   0.02847 
   9882.489     0.05705   0.02895 
   9883.575     0.00580   0.02959 
   9884.661     0.00732   0.03021 
   9885.747     0.01989   0.03270 
   9886.833     0.08892   0.03798 
   9887.919    -0.13253   0.03779 
   9889.005    -0.16881   0.03980 
   9890.090     0.02215   0.03600 
   9891.176     0.04229   0.03182 
   9892.262    -0.02280   0.02950 
   9893.348     0.08133   0.03026 
   9894.434     0.06848   0.03865 
   9895.520     0.07878   0.07615 
   9896.606    -0.21095   0.10029 
   9897.692     0.06282   0.11466 
   9898.778     0.02618   0.10076 
   9899.864     0.04585   0.06685 
   9900.950     0.03976   0.03998 
   9902.036     0.11907   0.03324 
   9903.122     0.08312   0.03277 
   9904.208     0.02102   0.03683 
   9905.294    -0.00920   0.03063 
   9906.380     0.10372   0.02891 
   9907.466     0.06616   0.02782 
   9908.552     0.00537       nan 
   9909.638    -0.03368   0.03132 
   9910.724    -0.02172   0.02966 
   9911.810    -0.05468   0.03004 
   9912.896    -0.10617   0.03055 
   9913.982    -0.23328   0.03944 
   9915.068    -0.15209   0.08925 
   9916.154    -0.04304   0.17771 
   9917.240    -0.45925   0.17011 
   9918.326     0.03747   0.16907 
   9919.412     0.01240   0.11524 
   9920.498    -0.05502   0.08272 
   9921.584     0.01450   0.05292 
   9922.670     0.02001   0.03247 
   9923.756    -0.01208   0.02877 
   9924.842     0.02797   0.02909 
   9925.928    -0.02947   0.02911 
   9927.014    -0.00067   0.03168 
   9928.100     0.04258   0.03051 
   9929.186    -0.03549   0.02912 
   9930.271    -0.09383   0.02872 
   9931.357     0.01750   0.02944 
   9932.443    -0.07934   0.05038 
   9933.529     0.00166   0.03239 
   9934.615    -0.02317   0.02925 
   9935.701     0.05533   0.02908 
   9936.787    -0.01427   0.03144 
   9937.873     0.04395   0.03506 
   9938.959     0.00099   0.05873 
   9940.045    -0.01959   0.04813 
   9941.131     0.04891   0.03726 
   9942.217     0.08063   0.08550 
   9943.303     0.11191   0.11516 
   9944.389     0.02850   0.12043 
   9945.475     0.15810   0.13037 
   9946.561    -0.01323   0.14716 
   9947.647     0.00054   0.22296 
   9948.733    -0.45300   0.16928 
   9949.819    -0.45938   0.17838 
   9950.905    -0.06586   0.14287 
   9951.991     0.01136   0.18974 
   9953.077     0.09789   0.07277 
   9954.163     0.06737   0.04837 
   9955.249     0.02541   0.03993 
   9956.335     0.02786   0.05086 
   9957.421    -0.14408   0.10860 
   9958.507    -0.02084   0.14421 
   9959.593    -0.28204   0.14573 
   9960.679    -0.18319   0.14056 
   9961.765    -0.27727   0.14654 
   9962.851    -0.18798   0.13007 
   9963.937     0.26736   0.18531 
   9965.023     0.17881   0.16241 
   9966.109    -0.04837   0.14777 
   9967.195    -0.09208   0.06897 
   9968.281     0.12446   0.03732 
   9969.367     0.02848   0.03289 
   9970.452    -0.03899   0.03187 
   9971.538    -0.02982   0.15968 
   9972.624    -0.09478   0.23540 
   9973.710    -0.03311   0.08486 
   9974.796     0.00177   0.10118 
   9975.882     0.12556   0.08669 
   9976.968     0.06974   0.07038 
   9978.054    -0.04877   0.04885 
   9979.140     0.03117   0.04683 
   9980.226    -0.04093   0.04814 
   9981.312     0.03202   0.07355 
   9982.398     0.03978   0.04986 
   9983.484     0.04116   0.05040 
   9984.570    -0.09740   0.15439 
   9985.656    -0.15992   0.03241 
   9986.742    -0.07764   0.03032 
   9987.828    -0.04294   0.03865 
   9988.914     0.03314   0.03389 
   9990.000     0.06431   0.03296 
   9991.086    -0.01652   0.03115 
   9992.172    -0.05982   0.03195 
   9993.258    -0.05577   0.03279 
   9994.344    -0.00807   0.03127 
   9995.430    -0.07975   0.03080 
   9996.516     0.11251   0.03022 
   9997.602     0.06457   0.03125 
   9998.688    -0.00225   0.03287 
   9999.774    -0.06027   0.03886 
  10000.860     0.01238   0.06351 
  10001.946     0.05008   0.09709 
  10003.032    -0.27445   0.07993 
  10004.118     0.07432   0.07703 
  10005.204     0.11760   0.05284 
  10006.290     0.02086   0.03697 
  10007.376     0.10340   0.03306 
  10008.462     0.06180   0.03155 
  10009.548     0.05150   0.03154 
  10010.633     0.09042   0.03392 
  10011.719    -0.00796   0.04902 
  10012.805    -0.05512   0.09319 
  10013.891    -0.00565   0.18307 
  10014.977    -0.16421   0.22154 
  10016.063    -0.45453   0.23442 
  10017.149    -0.49792   0.21844 
  10018.235    -0.26625   0.13445 
  10019.321     0.02161   0.05750 
  10020.407    -0.07689   0.03615 
  10021.493    -0.06921   0.04042 
  10022.579    -0.00929   0.04544 
  10023.665    -0.08326   0.04779 
  10024.751     0.02453   0.05145 
  10025.837     0.06012   0.07880 
  10026.923    -0.04797   0.12160 
  10028.009     0.08221   0.12800 
  10029.095     0.10287   0.14001 
  10030.181    -0.05116   0.09120 
  10031.267     0.04538   0.04338 
  10032.353    -0.00669   0.03832 
  10033.439    -0.02836   0.04307 
  10034.525     0.03556   0.03549 
  10035.611    -0.02446   0.03387 
  10036.697    -0.02354   0.03526 
  10037.783    -0.12813   0.03722 
  10038.869    -0.04382   0.04053 
  10039.955     0.05962   0.04123 
  10041.041    -0.10546   0.04567 
  10042.127    -0.10978   0.04742 
  10043.213     0.00997   0.04105 
  10044.299     0.03225   0.06384 
  10045.385    -0.03336   0.08136 
  10046.471    -0.11643   0.08402 
  10047.557    -0.08317   0.07836 
  10048.643    -0.03771   0.05051 
  10049.729     0.05523   0.03364 
  10050.814     0.07886   0.03064 
  10051.900     0.04638   0.03505 
  10052.986    -0.03897   0.03557 
  10054.072     0.02265   0.03176 
  10055.158     0.08652   0.03130 
  10056.244     0.02577   0.03312 
  10057.330     0.01516   0.03107 
  10058.416    -0.03575   0.03253 
  10059.502     0.00707   0.04224 
  10060.588     0.04051   0.06930 
  10061.674    -0.24385   0.15781 
  10062.760     0.01792   0.11758 
  10063.846     0.22735   0.11244 
  10064.932    -0.06853   0.09869 
  10066.018     0.00195   0.05893 
  10067.104     0.02243   0.04629 
  10068.190    -0.12067   0.05267 
  10069.276    -0.03500   0.05665 
  10070.362    -0.06733   0.06070 
  10071.448     0.05326   0.07890 
  10072.534     0.19089   0.07904 
  10073.620     0.22878   0.07837 
  10074.706     0.03149   0.07739 
  10075.792    -0.07546   0.05733 
  10076.878     0.02469   0.03889 
  10077.964     0.02623   0.03683 
  10079.050     0.17299   0.03888 
  10080.136     0.14953   0.03710 
  10081.222     0.05256   0.03830 
  10082.308     0.06001   0.05491 
  10083.394     0.08679   0.14424 
  10084.480     0.05608   0.23592 
  10085.566     0.27889   0.17687 
  10086.652     0.42357   0.16401 
  10087.738     0.07573   0.07645 
  10088.824     0.15197   0.04393 
  10089.910     0.05550   0.03491 
  10090.995     0.20778   0.03477 
  10092.081     0.03337   0.03537 
  10093.167     0.11878   0.03499 
  10094.253    -0.00456       nan 
  10095.339    -0.11938   0.03659 
  10096.425     0.08339   0.03762 
  10097.511     0.11744   0.03941 
  10098.597     0.09597   0.04244 
  10099.683     0.10755   0.04378 
  10100.769     0.05556   0.04438 
  10101.855     0.07398   0.04369 
  10102.941    -0.02339   0.04517 
  10104.027    -0.02164   0.06884 
  10105.113    -0.05965   0.11450 
  10106.199     0.06338   0.13415 
  10107.285     0.27100   0.12223 
  10108.371     0.21813   0.08796 
  10109.457     0.12395   0.04766 
  10110.543     0.04364   0.03588 
  10111.629    -0.01235   0.08051 
  10112.715    -0.04975   0.03653 
  10113.801    -0.01157   0.03396 
  10114.887     0.10774   0.03408 
  10115.973     0.02018   0.03265 
  10117.059     0.05256   0.03253 
  10118.145     0.06858   0.03251 
  10119.231     0.04338   0.05613 
  10120.317    -0.08823   0.09613 
  10121.403     0.05630   0.04063 
  10122.489    -0.01600   0.10201 
  10123.575    -0.05542   0.05464 
  10124.661     0.11603   0.12636 
  10125.747     0.00729   0.19515 
  10126.833    -0.06078   0.24796 
  10127.919     0.26799   0.19537 
  10129.005     0.06919   0.12461 
  10130.090     0.18182   0.07358 
  10131.176     0.11412   0.09542 
  10132.262     0.09157   0.04735 
  10133.348    -0.03549   0.04586 
  10134.434     0.02940   0.05045 
  10135.520     0.00397   0.05237 
  10136.606     0.01678   0.14353 
  10137.692    -0.01356   0.05053 
  10138.778     0.13525   0.03785 
  10139.864     0.03584   0.03661 
  10140.950     0.09366   0.03695 
  10142.036     0.01941   0.03730 
  10143.122     0.01903   0.04540 
  10144.208     0.03868   0.08756 
  10145.294     0.06810   0.05920 
  10146.380    -0.04906   0.05949 
  10147.466    -0.03979   0.06404 
  10148.552    -0.06735   0.08354 
  10149.638    -0.06553   0.06894 
  10150.724     0.00183   0.06632 
  10151.810     0.08021   0.07681 
  10152.896     0.00713   0.07304 
  10153.982    -0.08026   0.14197 
  10155.068     0.20603   0.12624 
  10156.154     0.24750   0.12519 
  10157.240    -0.06034   0.11636 
  10158.326     0.00121   0.08692 
  10159.412     0.25143   0.07732 
  10160.498     0.03821   0.12183 
  10161.584     0.08776   0.10172 
  10162.670     0.11376   0.12150 
  10163.756     0.02366   0.05812 
  10164.842    -0.00728   0.12968 
  10165.928    -0.19592   0.06773 
  10167.014     0.10752   0.07645 
  10168.100    -0.02646   0.08527 
  10169.186     0.10309   0.09176 
  10170.271    -0.05602   0.05234 
  10171.357    -0.05570   0.06414 
  10172.443     0.05130   0.14020 
  10173.529     0.43812   0.22949 
  10174.615     0.40289   0.31115 
  10175.701     0.09084   0.23031 
  10176.787    -0.00730   0.13635 
  10177.873     0.06631   0.05213 
  10178.959     0.00166   0.03835 
  10180.045    -0.02037   0.03653 
  10181.131    -0.02139   0.13337 
  10182.217    -0.08760   0.11155 
  10183.303     0.04702   0.10412 
  10184.389    -0.17651   0.09517 
  10185.475     0.06728   0.13946 
  10186.561     0.01570   0.06378 
  10187.647     0.10240   0.04716 
  10188.733     0.11691   0.04671 
  10189.819     0.15292   0.07341 
  10190.905     0.09479   0.18278 
  10191.991    -0.06826   0.18124 
  10193.077    -0.04315   0.20740 
  10194.163    -0.00019   0.17045 
  10195.249    -0.07146   0.06923 
  10196.335    -0.04972   0.04596 
  10197.421     0.01926   0.04483 
  10198.507    -0.00904   0.04485 
  10199.593    -0.00855   0.04564 
  10200.679    -0.04050   0.04269 
  10201.765     0.05562   0.04361 
  10202.851     0.02958   0.05222 
  10203.937     0.11370   0.09573 
  10205.023    -0.01043   0.12012 
  10206.109    -0.03091   0.14007 
  10207.195    -0.00573   0.12137 
  10208.281    -0.07853   0.09585 
  10209.367     0.20169   0.07824 
  10210.452     0.10557   0.10674 
  10211.538     0.13513   0.15440 
  10212.624     0.27497   0.21764 
  10213.710     0.77729   0.24115 
  10214.796     0.71972   0.19880 
  10215.882     0.02462   0.13705 
  10216.968     0.16911   0.05359 
  10218.054     0.08441   0.04182 
  10219.140     0.10022   0.03831 
  10220.226     0.11323   0.03916 
  10221.312     0.06474   0.04099 
  10222.398     0.04358   0.04490 
  10223.484    -0.02308   0.05024 
  10224.570    -0.06460   0.04512 
  10225.656    -0.00941   0.07071 
  10226.742     0.04607   0.11788 
  10227.828     0.06167   0.14636 
  10228.914    -0.11278   0.17925 
  10230.000    -0.04271   0.14918 
  10231.086     0.22968   0.13923 
  10232.172     0.13691   0.12395 
  10233.258     0.10907   0.12558 
  10234.344     0.17172   0.12511 
  10235.430    -0.09305   0.10089 
  10236.516    -0.01225   0.08660 
  10237.602    -0.03945   0.05458 
  10238.688     0.01333   0.04040 
  10239.774    -0.04569   0.03767 
  10240.860    -0.06246   0.04001 
  10241.946    -0.07476   0.03861 
  10243.032     0.04097   0.03745 
  10244.118     0.12251   0.03940 
  10245.204     0.06707   0.03727 
  10246.290     0.10320   0.03628 
  10247.376    -0.01144   0.03611 
  10248.462    -0.04090   0.03728 
  10249.548    -0.01474   0.03454 
  10250.633     0.06444   0.03514 
  10251.719     0.16053   0.03459 
  10252.805     0.10283   0.03455 
  10253.891     0.08104   0.03847 
  10254.977     0.04338   0.03701 
  10256.063     0.11253   0.03721 
  10257.149    -0.01432   0.04556 
  10258.235     0.00353   0.04235 
  10259.321     0.04778   0.04204 
  10260.407     0.11437   0.04102 
  10261.493    -0.00289   0.04401 
  10262.579    -0.01150   0.04244 
  10263.665    -0.05917   0.03839 
  10264.751    -0.09505   0.03899 
  10265.837     0.02354   0.04313 
  10266.923     0.02383   0.04538 
  10268.009     0.04962   0.04590 
  10269.095     0.04801   0.04474 
  10270.181    -0.01758   0.04579 
  10271.267    -0.09198   0.05667 
  10272.353    -0.00775   0.07973 
  10273.439     0.05870   0.08576 
  10274.525     0.09282   0.09023 
  10275.611     0.24510   0.07522 
  10276.697     0.10060   0.05453 
  10277.783     0.14413   0.04255 
  10278.869     0.09255   0.04067 
  10279.955     0.03836   0.03983 
  10281.041     0.06568   0.04090 
  10282.127     0.02338   0.03993 
  10283.213     0.16730   0.06931 
  10284.299     0.07571   0.05096 
  10285.385     0.07876   0.08200 
  10286.471    -0.34971   0.14123 
  10287.557    -0.41065   0.30240 
  10288.643     0.17307   0.35530 
  10289.729     0.45971   0.35012 
  10290.814    -0.15555   0.33105 
  10291.900     0.16090   0.14629 
  10292.986     0.06375   0.07173 
  10294.072     0.03767   0.06935 
  10295.158     0.14440   0.07305 
  10296.244     0.27309   0.10476 
  10297.330     0.54928   0.18905 
  10298.416     0.29127   0.19651 
  10299.502    -0.02963   0.20834 
  10300.588    -0.03910   0.16640 
  10301.674     0.10438       nan 
  10302.760     0.07797   0.04299 
  10303.846     0.04463   0.04265 
  10304.932    -0.15972   0.04485 
  10306.018    -0.13025   0.05007 
  10307.104     0.02246   0.05757 
  10308.190     0.10646   0.05389 
  10309.276     0.10624   0.06210 
  10310.362    -0.16117   0.09121 
  10311.448    -0.09052   0.11113 
  10312.534     0.04202   0.11274 
  10313.620     0.08061   0.11479 
  10314.706    -0.11407   0.10025 
  10315.792    -0.08655   0.04305 
  10316.878     0.03361   0.04255 
  10317.964     0.04075   0.04062 
  10319.050     0.05270   0.04905 
  10320.136     0.14553   0.04229 
  10321.222     0.10471   0.03640 
  10322.308    -0.10483   0.03531 
  10323.394     0.03469   0.04083 
  10324.480     0.10434   0.04128 
  10325.566     0.00236   0.04116 
  10326.652     0.02400   0.04472 
  10327.738    -0.04984   0.05581 
  10328.824     0.00148   0.07114 
  10329.910     0.06273   0.07287 
  10330.995    -0.11441   0.06388 
  10332.081     0.04348   0.05492 
  10333.167     0.01018   0.04744 
  10334.253    -0.01555   0.03680 
  10335.339    -0.01492   0.03690 
  10336.425     0.01781   0.04647 
  10337.511     0.00533   0.03626 
  10338.597     0.07731   0.03617 
  10339.683     0.04342   0.03837 
  10340.769    -0.17347   0.05413 
  10341.855    -0.02634   0.06930 
  10342.941    -0.01982   0.06901 
  10344.027     0.04374   0.06783 
  10345.113    -0.05990   0.05459 
  10346.199     0.01962   0.04579 
  10347.285     0.14216   0.06171 
  10348.371     0.26644   0.13613 
  10349.457     0.06708   0.16364 
  10350.543    -0.09937   0.16372 
  10351.629    -0.07276   0.14898 
  10352.715     0.15434   0.07680 
  10353.801     0.05142   0.05805 
  10354.887    -0.05333   0.07125 
  10355.973     0.03604   0.08624 
  10357.059     0.07799   0.08885 
  10358.145     0.09457   0.08114 
  10359.231     0.08557   0.06130 
  10360.317    -0.01372   0.04183 
  10361.403    -0.12827   0.03786 
  10362.489    -0.09677   0.03845 
  10363.575    -0.00435   0.03677 
  10364.661    -0.04134   0.03757 
  10365.747    -0.07637   0.04037 
  10366.833    -0.16406   0.03841 
  10367.919    -0.03583   0.03803 
  10369.005    -0.00677   0.03889 
  10370.090     0.09573   0.03986 
  10371.176     0.03252   0.04201 
  10372.262    -0.06672   0.05639 
  10373.348     0.05574   0.14458 
  10374.434     0.22467   0.29417 
  10375.520     0.40556   0.29127 
  10376.606     0.41431   0.29238 
  10377.692    -0.04534   0.20133 
  10378.778    -0.05362   0.06754 
  10379.864     0.01670   0.04420 
  10380.950    -0.02422   0.04042 
  10382.036     0.05781   0.03991 
  10383.122     0.14339   0.03928 
  10384.208     0.15603   0.03898 
  10385.294    -0.00701   0.03902 
  10386.380     0.10794   0.03828 
  10387.466     0.05392   0.03790 
  10388.552     0.05131   0.04017 
  10389.638     0.02015   0.04192 
  10390.724    -0.00938   0.06013 
  10391.810     0.02473   0.04211 
  10392.896    -0.00746   0.04157 
  10393.982    -0.05390   0.04482 
  10395.068     0.05564   0.04352 
  10396.154     0.00228   0.05278 
  10397.240    -0.05669   0.11690 
  10398.326    -0.05391   0.19436 
  10399.412     0.33151   0.18463 
  10400.498     0.30206   0.17968 
  10401.584     0.04730   0.11393 
  10402.670     0.02063   0.05329 
  10403.756     0.05126   0.04382 
  10404.842     0.12425   0.04424 
  10405.928     0.06251   0.04346 
  10407.014     0.07456   0.04213 
  10408.100     0.05112   0.04213 
  10409.186     0.06616   0.04597 
  10410.271    -0.06543   0.05211 
  10411.357    -0.00086   0.05210 
  10412.443     0.11702   0.06085 
  10413.529     0.07209   0.05440 
  10414.615     0.01373   0.04372 
  10415.701    -0.02345   0.04820 
  10416.787    -0.06143   0.05595 
  10417.873    -0.02845   0.07333 
  10418.959     0.56724   0.18368 
  10420.045     0.88950   0.30827 
  10421.131     0.03298   0.30780 
  10422.217     0.42696   0.30116 
  10423.303    -0.14386   0.19797 
  10424.389     0.04932   0.08249 
  10425.475     0.01682   0.06328 
  10426.561    -0.04950   0.06121 
  10427.647    -0.14594   0.05683 
  10428.733     0.01003   0.05664 
  10429.819     0.05982   0.06419 
  10430.905     0.02181   0.07016 
  10431.991    -0.05348   0.08597 
  10433.077    -0.04827   0.06359 
  10434.163    -0.08792   0.05363 
  10435.249     0.01741   0.04212 
  10436.335     0.17118   0.03914 
  10437.421     0.16027   0.03854 
  10438.507     0.03107   0.03802 
  10439.593     0.03290   0.03816 
  10440.679     0.03990   0.03756 
  10441.765     0.05763   0.03649 
  10442.851     0.06745   0.03652 
  10443.937     0.15492   0.03653 
  10445.023    -0.01623   0.03922 
  10446.109     0.01718   0.04201 
  10447.195     0.04568   0.04685 
  10448.281     0.04448   0.05242 
  10449.367    -0.17297   0.04462 
  10450.452    -0.10789   0.06239 
  10451.538     0.00284   0.13870 
  10452.624    -0.34846   0.18321 
  10453.710    -0.06606   0.17110 
  10454.796     0.10330   0.15522 
  10455.882    -0.03034   0.07565 
  10456.968     0.04546   0.04240 
  10458.054     0.22760   0.03791 
  10459.140    -0.02205   0.03723 
  10460.226    -0.09226   0.03744 
  10461.312     0.03627   0.03760 
  10462.398    -0.04551   0.03723 
  10463.484    -0.03550   0.03782 
  10464.570    -0.00544   0.03810 
  10465.656    -0.06470   0.03887 
  10466.742     0.02046   0.04156 
  10467.828     0.00583   0.04609 
  10468.914     0.17644   0.07489 
  10470.000     0.12760   0.20219 
  10471.086     0.13577   0.25581 
  10472.172    -0.32913   0.26554 
  10473.258    -0.64474   0.25392 
  10474.344    -0.15333   0.11313 
  10475.430    -0.21554   0.05122 
  10476.516     0.02501   0.04180 
  10477.602    -0.06152   0.03993 
  10478.688    -0.04703   0.03884 
  10479.774     0.03038   0.04062 
  10480.860     0.15176   0.03980 
  10481.946    -0.01319   0.03900 
  10483.032    -0.05002   0.03885 
  10484.118    -0.06566   0.04076 
  10485.204    -0.00534   0.03841 
  10486.290    -0.06518   0.03867 
  10487.376     0.11288   0.04488 
  10488.462     0.06053   0.05601 
  10489.548     0.11215   0.05923 
  10490.633    -0.11389   0.06262 
  10491.719    -0.06521   0.05555 
  10492.805    -0.00501   0.04515 
  10493.891     0.07031       nan 
  10494.977     0.02046       nan 
  10496.063     0.13108   0.04123 
  10497.149     0.00545   0.04036 
  10498.235     0.06284   0.04537 
  10499.321     0.04190   0.04880 
  10500.407     0.11696   0.04889 
  10501.493    -0.04713   0.04914 
  10502.579    -0.12758   0.04795 
  10503.665    -0.06247   0.04407 
  10504.751    -0.05336   0.04077 
  10505.837    -0.00880   0.04146 
  10506.923     0.10668   0.04252 
  10508.009     0.03020   0.04617 
  10509.095     0.10812   0.05666 
  10510.181     0.20469   0.10921 
  10511.267    -0.09691   0.13590 
  10512.353     0.05170   0.14269 
  10513.439     0.24128   0.13064 
  10514.525     0.02030   0.08063 
  10515.611    -0.13935   0.06125 
  10516.697    -0.15209   0.05962 
  10517.783     0.03618   0.06336 
  10518.869     0.27266   0.05757 
  10519.955     0.00529   0.05045 
  10521.041    -0.00835   0.04306 
  10522.127     0.03542   0.04340 
  10523.213     0.07474   0.04470 
  10524.299     0.06309   0.05144 
  10525.385    -0.16020   0.11708 
  10526.471     0.11280   0.18692 
  10527.557     0.00956   0.20690 
  10528.643    -0.35439   0.20302 
  10529.729    -0.08988   0.12653 
  10530.814     0.19115   0.05493 
  10531.900    -0.00208   0.03944 
  10532.986    -0.03359   0.03753 
  10534.072    -0.09979   0.03705 
  10535.158     0.02083   0.03618 
  10536.244     0.05751   0.03674 
  10537.330     0.03893   0.03895 
  10538.416     0.21164   0.03887 
  10539.502     0.07521   0.03809 
  10540.588     0.10706   0.03790 
  10541.674     0.09109   0.03769 
  10542.760    -0.02339   0.03692 
  10543.846    -0.03694   0.03946 
  10544.932    -0.02329   0.04031 
  10546.018     0.01612   0.03659 
  10547.104     0.13433   0.03617 
  10548.190     0.14767   0.04027 
  10549.276     0.05997   0.05138 
  10550.362     0.07044   0.03754 
  10551.448    -0.03858   0.03972 
  10552.534     0.05533   0.04523 
  10553.620     0.00368   0.04879 
  10554.706    -0.09437   0.05375 
  10555.792    -0.03718   0.05015 
  10556.878    -0.17414   0.04663 
  10557.964    -0.00831   0.03983 
  10559.050    -0.00395   0.03728 
  10560.136     0.11012   0.03740 
  10561.222     0.02774   0.03793 
  10562.308     0.06173   0.03706 
  10563.394    -0.00839   0.03668 
  10564.480    -0.03755   0.03819 
  10565.566    -0.02417   0.03679 
  10566.652    -0.04675   0.03654 
  10567.738    -0.03410   0.03930 
  10568.824     0.03934   0.03729 
  10569.910     0.05633   0.03793 
  10570.995    -0.09410   0.03840 
  10572.081    -0.06410   0.04170 
  10573.167    -0.11122   0.06577 
  10574.253    -0.02454   0.09046 
  10575.339     0.05016   0.09698 
  10576.425    -0.16790   0.09518 
  10577.511    -0.02523   0.06647 
  10578.597    -0.06243   0.04196 
  10579.683     0.03244   0.04131 
  10580.769     0.05747   0.03764 
  10581.855     0.02725   0.03764 
  10582.941     0.01903   0.03689 
  10584.027    -0.02321   0.03672 
  10585.113     0.03097   0.04012 
  10586.199    -0.01648   0.06801 
  10587.285    -0.02658   0.11056 
  10588.371    -0.17202   0.12450 
  10589.457     0.15684   0.12324 
  10590.543     0.00010   0.11189 
  10591.629    -0.02943   0.06360 
  10592.715     0.06707   0.04394 
  10593.801    -0.03973   0.04045 
  10594.887    -0.00545   0.03828 
  10595.973    -0.03778   0.04118 
  10597.059    -0.08861   0.04346 
  10598.145    -0.08148   0.04542 
  10599.231     0.02202   0.04823 
  10600.317     0.04954   0.04819 
  10601.403     0.07460   0.04877 
  10602.489     0.09552   0.04761 
  10603.575     0.13041   0.04508 
  10604.661     0.06896   0.04471 
  10605.747     0.08761   0.04429 
  10606.833     0.12036   0.05960 
  10607.919    -0.00733   0.07222 
  10609.005    -0.01379   0.04555 
  10610.090     0.03590   0.04075 
  10611.176     0.05545   0.04173 
  10612.262     0.01009   0.04045 
  10613.348    -0.02200   0.04006 
  10614.434    -0.04583   0.03869 
  10615.520    -0.08797   0.03949 
  10616.606    -0.01881   0.04008 
  10617.692     0.00559   0.03983 
  10618.778     0.10171   0.03864 
  10619.864     0.17936   0.03841 
  10620.950    -0.03727   0.03817 
  10622.036    -0.10302   0.03761 
  10623.122     0.10672   0.03881 
  10624.208     0.06167   0.03884 
  10625.294     0.11405   0.03906 
  10626.380    -0.01124   0.04229 
  10627.466     0.01302   0.03997 
  10628.552    -0.12247   0.03979 
  10629.638    -0.00893   0.03877 
  10630.724     0.05119   0.03784 
  10631.810     0.01631   0.03581 
  10632.896    -0.12709   0.03530 
  10633.982    -0.15264   0.03516 
  10635.068    -0.09123   0.03491 
  10636.154     0.05771   0.03557 
  10637.240     0.05200   0.03927 
  10638.326     0.03391   0.03589 
  10639.412     0.06904   0.03629 
  10640.498     0.07594   0.03962 
  10641.584     0.03697   0.05420 
  10642.670    -0.13054   0.06363 
  10643.756    -0.22617   0.06438 
  10644.842    -0.16053   0.06228 
  10645.928    -0.18424   0.04850 
  10647.014    -0.03761   0.03735 
  10648.100    -0.07985   0.03596 
  10649.186    -0.04575   0.03508 
  10650.271     0.12666   0.03507 
  10651.357     0.05546   0.03708 
  10652.443     0.01805   0.04887 
  10653.529     0.08776   0.07785 
  10654.615     0.06468   0.07718 
  10655.701     0.11412   0.07690 
  10656.787     0.10060   0.06759 
  10657.873    -0.03624   0.04755 
  10658.959    -0.00479   0.03679 
  10660.045     0.08969   0.03534 
  10661.131    -0.00951   0.03580 
  10662.217    -0.07224   0.03608 
  10663.303    -0.04648   0.03687 
  10664.389     0.01647   0.03632 
  10665.475     0.07388   0.03526 
  10666.561     0.12110   0.03810 
  10667.647     0.07350   0.04177 
  10668.733     0.04239   0.04283 
  10669.819    -0.02851   0.04281 
  10670.905     0.05124   0.04759 
  10671.991     0.02360   0.03692 
  10673.077     0.08539   0.03584 
  10674.163    -0.04691   0.03539 
  10675.249    -0.07093   0.03805 
  10676.335    -0.02660   0.04131 
  10677.421    -0.03979   0.03540 
  10678.507    -0.04784   0.03549 
  10679.593     0.00988   0.04096 
  10680.679    -0.08121   0.03847 
  10681.765    -0.03346   0.03975 
  10682.851     0.04947   0.05319 
  10683.937     0.00759   0.06695 
  10685.023    -0.05190   0.06434 
  10686.109    -0.04651   0.07311 
  10687.195     0.06185   0.07934 
  10688.281     0.16053   0.09500 
  10689.367     0.36241   0.09698 
  10690.452     0.09327   0.09151 
  10691.538    -0.07806   0.08974 
  10692.624    -0.00332   0.08812 
  10693.710    -0.16580   0.08603 
  10694.796    -0.08543   0.07155 
  10695.882    -0.09874   0.06465 
  10696.968    -0.05067   0.06557 
  10698.054     0.05086   0.09375 
  10699.140    -0.10705   0.11694 
  10700.226    -0.07172   0.12809 
  10701.312    -0.03980   0.11754 
  10702.398    -0.07324   0.08226 
  10703.484     0.05941   0.06974 
  10704.570    -0.18902   0.09365 
  10705.656     0.04645   0.09392 
  10706.742    -0.08485   0.09083 
  10707.828    -0.06619   0.08472 
  10708.914    -0.00517   0.05788 
  10710.000     0.02910   0.05562 
  10711.086     0.11399   0.09757 
  10712.172    -0.04093   0.17518 
  10713.258     0.11945   0.18708 
  10714.344     0.09937   0.17857 
  10715.430    -0.01672   0.15424 
  10716.516    -0.08610   0.09696 
  10717.602    -0.07802   0.07846 
  10718.688    -0.06532   0.07377 
  10719.774    -0.03119   0.09264 
  10720.860    -0.04466   0.08009 
  10721.946     0.00747   0.11741 
  10723.032     0.19921   0.12362 
  10724.118     0.12654   0.12476 
  10725.204    -0.01594   0.10403 
  10726.290     0.09260   0.06874 
  10727.376    -0.10921   0.06359 
  10728.462    -0.07063   0.07375 
  10729.548     0.01623   0.16229 
  10730.633     0.56606   0.24365 
  10731.719     0.38424   0.24399 
  10732.805     0.05530   0.23494 
  10733.891    -0.28177   0.13670 
  10734.977    -0.16268   0.06191 
  10736.063     0.00998   0.04188 
  10737.149    -0.01110   0.04652 
  10738.235     0.04998   0.05330 
  10739.321    -0.05589   0.05337 
  10740.407    -0.04835   0.05278 
  10741.493     0.01444   0.04685 
  10742.579     0.10159   0.04654 
  10743.665     0.08296   0.07852 
  10744.751     0.01207   0.14588 
  10745.837    -0.07568   0.15506 
  10746.923    -0.15370   0.15316 
  10748.009    -0.43631   0.13571 
  10749.095     0.12395   0.06747 
  10750.181     0.51920   0.05883 
  10751.267     0.71019   0.10474 
  10752.353     0.28791   0.23249 
  10753.439     0.41773   0.25805 
  10754.525     0.85469   0.30493 
  10755.611     0.80479   0.21551 
  10756.697     0.74344   0.08033 
  10757.783     0.84011   0.04614 
  10758.869     0.79070   0.04017 
  10759.955     0.61962   0.03883 
  10761.041     0.24763   0.04438 
  10762.127     0.16010   0.04241 
  10763.213     0.04699   0.04347 
  10764.299     0.06235   0.04919 
  10765.385    -0.07368   0.05017 
  10766.471     0.21387   0.05004 
  10767.557     0.04919   0.04513 
  10768.643    -0.00806   0.03886 
  10769.729     0.06692   0.03900 
  10770.814    -0.02415   0.03905 
  10771.900    -0.09896   0.05018 
  10772.986    -0.29653   0.11030 
  10774.072     0.22778   0.15389 
  10775.158     0.19018   0.15582 
  10776.244    -0.16334   0.14833 
  10777.330     0.01598   0.08750 
  10778.416     0.03301   0.04648 
  10779.502     0.01075   0.03788 
  10780.588     0.03411   0.03773 
  10781.674    -0.01178   0.03824 
  10782.760     0.18766   0.04192 
  10783.846     0.05076   0.03936 
  10784.932     0.04695   0.03812 
  10786.018     0.09529   0.04245 
  10787.104     0.10312   0.03636 
  10788.190     0.07532   0.03712 
  10789.276     0.10644   0.03618 
  10790.362     0.08403   0.03614 
  10791.448     0.01048   0.03601 
  10792.534     0.00098   0.03693 
  10793.620     0.02019   0.04358 
  10794.706    -0.09478   0.05015 
  10795.792    -0.02959   0.05920 
  10796.878     0.03597   0.05457 
  10797.964     0.15873   0.04919 
  10799.050    -0.02899   0.04647 
  10800.136    -0.04998   0.04035 
  10801.222     0.10071   0.04194 
  10802.308    -0.05486   0.06169 
  10803.394     0.04787   0.04948 
  10804.480     0.05991   0.04999 
  10805.566     0.02625   0.04789 
  10806.652     0.00403   0.04256 
  10807.738     0.17850   0.03782 
  10808.824     0.14522   0.04355 
  10809.910     0.05811   0.03836 
  10810.995     0.03083   0.03845 
  10812.081     0.01841   0.03941 
  10813.167     0.04583   0.04296 
  10814.253    -0.04760   0.03974 
  10815.339    -0.00362   0.04007 
  10816.425     0.10449   0.03932 
  10817.511     0.06108   0.03727 
  10818.597    -0.05877   0.03905 
  10819.683     0.05761   0.03707 
  10820.769     0.05061   0.03562 
  10821.855    -0.00536   0.03548 
  10822.941     0.11366   0.03474 
  10824.027    -0.00267   0.03476 
  10825.113     0.13006   0.03558 
  10826.199     0.07077   0.03622 
  10827.285     0.10344   0.03758 
  10828.371    -0.05339   0.04689 
  10829.457     0.06816   0.06577 
  10830.543     0.29668   0.14378 
  10831.629     0.65017   0.22796 
  10832.715     0.27690   0.45805 
  10833.801     0.25349   0.43043 
  10834.887    -0.32066   0.41529 
  10835.973    -0.46425   0.34384 
  10837.059     0.03623   0.12458 
  10838.145     0.05488   0.07404 
  10839.231     0.05165   0.07887 
  10840.317    -0.11978   0.08335 
  10841.403    -0.17347   0.09643 
  10842.489    -0.14906   0.17862 
  10843.575    -0.04453   0.33749 
  10844.661    -0.60954   0.24344 
  10845.747    -0.29725   0.23551 
  10846.833    -0.13162   0.17919 
  10847.919    -0.05411   0.06867 
  10849.005    -0.03422   0.04721 
  10850.090     0.04527   0.06547 
  10851.176     0.04665   0.04101 
  10852.262     0.07434   0.04451 
  10853.348     0.02146   0.05353 
  10854.434     0.02780   0.05594 
  10855.520     0.16646   0.05734 
  10856.606     0.08946   0.07124 
  10857.692     0.15978   0.11484 
  10858.778    -0.10215   0.14508 
  10859.864    -0.10480   0.14165 
  10860.950     0.15181   0.13020 
  10862.036     0.02593   0.08205 
  10863.122    -0.06015   0.05030 
  10864.208     0.02662   0.04103 
  10865.294     0.08384   0.03793 
  10866.380     0.02690   0.03797 
  10867.466    -0.00366   0.03396 
  10868.552     0.12052   0.03379 
  10869.638     0.05089   0.03373 
  10870.724    -0.01297   0.03486 
  10871.810     0.00938   0.04380 
  10872.896     0.00751   0.06000 
  10873.982     0.13895   0.04692 
  10875.068     0.10835   0.04970 
  10876.154     0.23653   0.05837 
  10877.240     0.22792   0.07353 
  10878.326     0.11576   0.08560 
  10879.412    -0.03793   0.08718 
  10880.498     0.04136   0.07920 
  10881.584     0.05445   0.06189 
  10882.670     0.03624   0.04502 
  10883.756     0.01169   0.03745 
  10884.842     0.13938   0.04404 
  10885.928     0.03315   0.04422 
  10887.014    -0.03004   0.04679 
  10888.100    -0.05188   0.05124 
  10889.186    -0.10321   0.04781 
  10890.271    -0.02693   0.03775 
  10891.357     0.07903   0.03473 
  10892.443    -0.07218   0.03421 
  10893.529    -0.09755   0.03578 
  10894.615     0.00124   0.03915 
  10895.701    -0.07599   0.05969 
  10896.787    -0.28816   0.15943 
  10897.873     0.10862   0.19739 
  10898.959    -0.09489   0.19885 
  10900.045    -0.13959   0.19038 
  10901.131     0.23876   0.09825 
  10902.217     0.11958   0.05493 
  10903.303     0.02223   0.04986 
  10904.389     0.03392   0.04775 
  10905.475     0.07510   0.04353 
  10906.561    -0.06641   0.04041 
  10907.647     0.01769   0.03520 
  10908.733     0.05002   0.03388 
  10909.819     0.08792   0.03899 
  10910.905     0.08652   0.03905 
  10911.991     0.07785   0.03455 
  10913.077     0.14896   0.03395 
  10914.163     0.02383   0.03368 
  10915.249     0.04841   0.03428 
  10916.335     0.01612   0.04866 
  10917.421     0.03717   0.03447 
  10918.507     0.16020   0.03485 
  10919.593    -0.00130   0.03658 
  10920.679     0.00946   0.03853 
  10921.765     0.12918   0.04540 
  10922.851     0.07667   0.05881 
  10923.937    -0.16070   0.15582 
  10925.023     0.56523   0.34053 
  10926.109     0.00099   0.36185 
  10927.195     0.41731   0.35234 
  10928.281    -0.68232   0.26606 
  10929.367     0.01080   0.09813 
  10930.452    -0.03222   0.06707 
  10931.538     0.02696   0.04277 
  10932.624     0.10054   0.04033 
  10933.710     0.04192   0.03885 
  10934.796     0.09446   0.03711 
  10935.882     0.11772   0.03624 
  10936.968     0.01458   0.03587 
  10938.054     0.03943   0.03588 
  10939.140     0.03263   0.03441 
  10940.226     0.04191   0.03432 
  10941.312    -0.04694   0.03477 
  10942.398    -0.00276   0.03473 
  10943.484    -0.01871   0.03413 
  10944.570     0.03217   0.03431 
  10945.656     0.01640   0.03693 
  10946.742     0.11341   0.04246 
  10947.828     0.05468   0.04694 
  10948.914     0.03312   0.10761 
  10950.000     0.31935   0.21122 
  10951.086     0.37590   0.24823 
  10952.172    -0.34739   0.22486 
  10953.258    -0.25752   0.16565 
  10954.344     0.07809   0.06823 
  10955.430     0.00047   0.04350 
  10956.516     0.15273   0.03785 
  10957.602    -0.00974   0.03472 
  10958.688     0.01224   0.03386 
  10959.774     0.07947   0.03342 
  10960.860     0.07431   0.03391 
  10961.946     0.17706   0.03389 
  10963.032     0.00275   0.03498 
  10964.118     0.07012   0.03823 
  10965.204     0.17228   0.04071 
  10966.290     0.07981   0.04494 
  10967.376     0.05330   0.04944 
  10968.462    -0.03539   0.05366 
  10969.548     0.11865   0.06064 
  10970.633     0.03914   0.06163 
  10971.719    -0.05662   0.07126 
  10972.805     0.15430   0.16465 
  10973.891    -0.01370   0.34414 
  10974.977     0.12373   0.37740 
  10976.063    -0.05628   0.38456 
  10977.149    -0.08135   0.29439 
  10978.235     0.07990   0.12510 
  10979.321     0.05154   0.06042 
  10980.407     0.01984   0.04900 
  10981.493     0.07660   0.06459 
  10982.579    -0.00418   0.04584 
  10983.665     0.01564   0.04661 
  10984.751     0.01314   0.06276 
  10985.837     0.04297   0.06021 
  10986.923    -0.00749   0.05927 
  10988.009    -0.10360   0.05081 
  10989.095    -0.02827   0.03950 
  10990.181     0.02107   0.03611 
  10991.267     0.08157   0.03514 
  10992.353    -0.29633   0.03476 
  10993.439     0.03515   0.03462 
  10994.525     0.01658   0.03412 
  10995.611     0.03107   0.03392 
  10996.697    -0.01407   0.03357 
  10997.783     0.09069   0.03316 
  10998.869     0.04390   0.03321 
  10999.955     0.16390   0.03678 
  11001.041    -0.08515   0.03684 
  11002.127    -0.04233   0.03817 
  11003.213     0.08714   0.04071 
  11004.299     0.20340   0.04593 
  11005.385     0.22428   0.04311 
  11006.471    -0.07964   0.07547 
  11007.557    -0.47376   0.17043 
  11008.643    -0.18353   0.21091 
  11009.729     0.10841   0.21130 
  11010.814    -0.43553   0.18242 
  11011.900    -0.16815   0.10044 
  11012.986     0.07453   0.07026 
  11014.072     0.09496   0.03788 
  11015.158     0.07362   0.03633 
  11016.244    -0.02563   0.03546 
  11017.330    -0.01897   0.03412 
  11018.416     0.11321   0.03313 
  11019.502     0.05070   0.03285 
  11020.588     0.03959   0.03477 
  11021.674     0.16693       nan 
  11022.760    -0.00542   0.03610 
  11023.846    -0.06191   0.04338 
  11024.932    -0.08897   0.03950 
  11026.018    -0.04351   0.05142 
  11027.104     0.59540   0.11669 
  11028.190     0.49103   0.27071 
  11029.276     0.12155   0.31565 
  11030.362     0.58748   0.31606 
  11031.448     0.26073   0.26826 
  11032.534     0.24297   0.12277 
  11033.620     0.18750   0.09300 
  11034.706     0.02168   0.04536 
  11035.792     0.03480   0.03896 
  11036.878     0.02624   0.03939 
  11037.964    -0.03328   0.04005 
  11039.050    -0.00290   0.04458 
  11040.136     0.02885   0.05176 
  11041.222     0.01283   0.04206 
  11042.308    -0.03959   0.04544 
  11043.394    -0.04871   0.04147 
  11044.480     0.03262   0.03957 
  11045.566     0.11481   0.03880 
  11046.652    -0.01186   0.04082 
  11047.738     0.05779   0.03562 
  11048.824     0.08644   0.03462 
  11049.910     0.02565   0.03517 
  11050.995     0.07578   0.03457 
  11052.081     0.03905   0.04475 
  11053.167     0.06377   0.05857 
  11054.253     0.03419   0.06934 
  11055.339     0.08432   0.06079 
  11056.425     0.00769   0.05280 
  11057.511    -0.03006   0.04238 
  11058.597    -0.09787   0.03702 
  11059.683     0.02142   0.03603 
  11060.769    -0.08292   0.03510 
  11061.855    -0.05143   0.03782 
  11062.941    -0.04560   0.04176 
  11064.027     0.00362   0.04343 
  11065.113    -0.09916   0.04470 
  11066.199     0.01214   0.04077 
  11067.285     0.05084   0.03955 
  11068.371    -0.00813   0.04351 
  11069.457     0.03579   0.06045 
  11070.543     0.11491   0.12340 
  11071.629     0.15807   0.16016 
  11072.715     0.57823   0.17439 
  11073.801     0.01286   0.16208 
  11074.887     0.14805   0.08300 
  11075.973     0.02615   0.04325 
  11077.059     0.03913   0.04797 
  11078.145     0.03448   0.03277 
  11079.231    -0.00682   0.03258 
  11080.317    -0.03016   0.03356 
  11081.403     0.05828   0.04004 
  11082.489     0.11656   0.05345 
  11083.575     0.19178   0.05830 
  11084.661    -0.00048   0.05913 
  11085.747    -0.02952   0.05705 
  11086.833     0.11445   0.07041 
  11087.919    -0.22777   0.15295 
  11089.005    -0.49428   0.22381 
  11090.090    -0.07657   0.24601 
  11091.176    -0.04199   0.22763 
  11092.262    -0.04695   0.14157 
  11093.348     0.08575   0.07991 
  11094.434     0.00650   0.04372 
  11095.520    -0.00612   0.03452 
  11096.606     0.02210   0.03297 
  11097.692    -0.01176   0.03224 
  11098.778     0.13610   0.03246 
  11099.864     0.06231   0.03254 
  11100.950    -0.02901   0.03260 
  11102.036    -0.02650   0.03303 
  11103.122     0.01586   0.03383 
  11104.208     0.10754   0.03190 
  11105.294     0.00011   0.03198 
  11106.380    -0.05066   0.03336 
  11107.466    -0.02055   0.03456 
  11108.552    -0.00931   0.03540 
  11109.638     0.00733   0.03722 
  11110.724     0.00593   0.03544 
  11111.810    -0.03534   0.03366 
  11112.896    -0.08943   0.03280 
  11113.982    -0.02047   0.03160 
  11115.068     0.06273   0.03161 
  11116.154     0.00543   0.03393 
  11117.240     0.00459   0.03822 
  11118.326     0.09947   0.04015 
  11119.412     0.04909   0.03278 
  11120.498     0.08607   0.03308 
  11121.584     0.11817   0.03915 
  11122.670     0.10255   0.04567 
  11123.756     0.03085   0.05075 
  11124.842     0.12915   0.04582 
  11125.928     0.11527   0.03931 
  11127.014     0.05914   0.03540 
  11128.100     0.04533   0.03187 
  11129.186    -0.00530   0.03082 
  11130.271    -0.06893   0.02984 
  11131.357     0.02292   0.02950 
  11132.443     0.04507   0.02946 
  11133.529     0.04310   0.02994 
  11134.615     0.04189   0.03177 
  11135.701    -0.00871   0.03049 
  11136.787    -0.03436   0.03206 
  11137.873    -0.04458   0.04171 
  11138.959     0.01850   0.08008 
  11140.045     0.00061   0.10612 
  11141.131    -0.09252   0.10772 
  11142.217    -0.10379   0.10128 
  11143.303     0.01744   0.06447 
  11144.389    -0.05546   0.03930 
  11145.475    -0.04648   0.03433 
  11146.561    -0.00014   0.03282 
  11147.647     0.04289   0.03538 
  11148.733     0.03403   0.03514 
  11149.819    -0.05833   0.03711 
  11150.905     0.01817   0.03440 
  11151.991    -0.06836   0.03310 
  11153.077     0.01973   0.05350 
  11154.163     0.05673   0.11060 
  11155.249     0.20240   0.14046 
  11156.335     0.08453   0.13958 
  11157.421    -0.17515   0.16063 
  11158.507    -0.12061   0.08766 
  11159.593     0.12516   0.04455 
  11160.679     0.05354   0.03421 
  11161.765     0.03152   0.03339 
  11162.851     0.15191   0.03733 
  11163.937     0.09711   0.04036 
  11165.023     0.03171   0.04077 
  11166.109     0.04855   0.04166 
  11167.195     0.07218   0.04585 
  11168.281    -0.04058   0.04434 
  11169.367    -0.14864   0.04858 
  11170.452    -0.13608   0.04940 
  11171.538    -0.02898   0.04518 
  11172.624    -0.07523   0.03873 
  11173.710    -0.09839   0.03362 
  11174.796     0.03301   0.03090 
  11175.882     0.01455   0.03023 
  11176.968    -0.00774   0.02889 
  11178.054     0.04538   0.03215 
  11179.140     0.05627   0.03904 
  11180.226     0.02662   0.03372 
  11181.312     0.00145   0.03053 
  11182.398    -0.03188   0.02991 
  11183.484    -0.06274   0.03032 
  11184.570    -0.10076   0.03432 
  11185.656    -0.00451   0.03582 
  11186.742    -0.01027   0.03457 
  11187.828    -0.01533   0.03446 
  11188.914     0.03487   0.03233 
  11190.000    -0.06259   0.03000 
  11191.086     0.08478   0.02812 
  11192.172     0.01953   0.02755 
  11193.258    -0.10173       nan 
  11194.344     0.02306   0.02770 
  11195.430     0.05419   0.02974 
  11196.516     0.01968   0.03080 
  11197.602    -0.00965       nan 
  11198.688    -0.07522   0.02934 
  11199.774    -0.03549   0.03232 
  11200.860    -0.04690   0.02839 
  11201.946    -0.14211   0.02703 
  11203.032    -0.04560   0.02705 
  11204.118     0.02757   0.02688 
  11205.204    -0.04211   0.02728 
  11206.290    -0.00681   0.02971 
  11207.376     0.09843   0.03322 
  11208.462     0.07327   0.03259 
  11209.548    -0.01179   0.03411 
  11210.633     0.00645   0.03465 
  11211.719     0.05410   0.03539 
  11212.805     0.07130   0.04267 
  11213.891     0.07455   0.04989 
  11214.977     0.06257   0.05022 
  11216.063    -0.00353   0.04877 
  11217.149    -0.01953   0.04100 
  11218.235     0.11507   0.02933 
  11219.321     0.03495   0.02557 
  11220.407     0.02118   0.02854 
  11221.493     0.11784   0.02729 
  11222.579    -0.00194   0.02545 
  11223.665     0.01014   0.02558 
  11224.751    -0.00738   0.04172 
  11225.837     0.18017   0.04212 
  11226.923     0.15095   0.05129 
  11228.009     0.06237   0.06185 
  11229.095     0.06863   0.08215 
  11230.181     0.05269   0.05123 
  11231.267     0.06677   0.03353 
  11232.353     0.11997   0.02652 
  11233.439     0.09046   0.02507 
  11234.525    -0.02049   0.02502 
  11235.611     0.04296   0.02441 
  11236.697     0.11552   0.02545 
  11237.783     0.04096   0.03150 
  11238.869     0.06324   0.02824 
  11239.955     0.00339   0.02463 
