   # lambda  flux(e-/s)    stddev 
   9750.000     0.03120   0.02893 
   9751.086     0.03807   0.02381 
   9752.172     0.00574   0.01980 
   9753.258    -0.04357   0.01834 
   9754.344    -0.03067   0.01901 
   9755.430    -0.02162   0.02715 
   9756.516    -0.02993   0.01896 
   9757.602     0.03289   0.01857 
   9758.688    -0.02141   0.02173 
   9759.774     0.01726   0.01982 
   9760.860     0.07453   0.02019 
   9761.946     0.03458   0.01854 
   9763.032     0.02778   0.01940 
   9764.118     0.07096   0.01835 
   9765.204     0.09108   0.02442 
   9766.290     0.04872   0.01800 
   9767.376     0.01593   0.01750 
   9768.462     0.04160   0.01989 
   9769.548     0.05896   0.01873 
   9770.633     0.01822   0.01768 
   9771.719    -0.01962   0.01825 
   9772.805     0.05962   0.01897 
   9773.891     0.08639   0.02068 
   9774.977    -0.00613   0.03356 
   9776.063    -0.00195   0.01908 
   9777.149    -0.02470   0.01855 
   9778.235     0.01571   0.01787 
   9779.321     0.03911   0.01859 
   9780.407     0.05689   0.01784 
   9781.493     0.01066   0.01825 
   9782.579     0.04148   0.01938 
   9783.665     0.03399   0.01789 
   9784.751     0.03941   0.01835 
   9785.837    -0.05495   0.01886 
   9786.923    -0.07935   0.01780 
   9788.009    -0.02450   0.02152 
   9789.095    -0.00202   0.02360 
   9790.181    -0.04653   0.03648 
   9791.267     0.02127   0.05830 
   9792.353    -0.04218   0.09943 
   9793.439    -0.11624   0.10787 
   9794.525    -0.02091   0.10454 
   9795.611    -0.09589   0.08719 
   9796.697     0.02484   0.03813 
   9797.783     0.05729   0.02651 
   9798.869     0.09567   0.02820 
   9799.955     0.06179   0.04149 
   9801.041     0.04587   0.06102 
   9802.127    -0.05869   0.07010 
   9803.213    -0.01088   0.07021 
   9804.299    -0.08644   0.05870 
   9805.385    -0.03306   0.02669 
   9806.471     0.07951   0.01996 
   9807.557     0.04866   0.02149 
   9808.643     0.01947   0.02610 
   9809.729    -0.04519   0.03016 
   9810.814    -0.04082   0.03305 
   9811.900    -0.01106   0.03344 
   9812.986     0.00293   0.03753 
   9814.072     0.05555   0.04210 
   9815.158    -0.04082   0.04311 
   9816.244    -0.00168   0.03747 
   9817.330    -0.00793   0.02955 
   9818.416    -0.02844   0.02735 
   9819.502    -0.02602   0.02852 
   9820.588     0.08047   0.02883 
   9821.674     0.03855   0.02679 
   9822.760     0.02690   0.02301 
   9823.846     0.02356   0.02032 
   9824.932     0.10242   0.02038 
   9826.018     0.05688   0.03213 
   9827.104    -0.00351   0.02360 
   9828.190     0.01646   0.02783 
   9829.276    -0.00810   0.03017 
   9830.362     0.02947   0.02913 
   9831.448     0.02424   0.02757 
   9832.534     0.06400   0.02597 
   9833.620    -0.04387   0.02371 
   9834.706     0.00561   0.02231 
   9835.792     0.01964   0.02286 
   9836.878     0.00806   0.02080 
   9837.964     0.03471   0.02562 
   9839.050     0.01162   0.02014 
   9840.136     0.00307   0.02159 
   9841.222     0.07731   0.02239 
   9842.308     0.08124   0.01922 
   9843.394     0.01300   0.01976 
   9844.480     0.00340   0.01922 
   9845.566    -0.01893   0.01922 
   9846.652     0.01186   0.01972 
   9847.738    -0.02656   0.02159 
   9848.824    -0.10200   0.03634 
   9849.910    -0.04748   0.05762 
   9850.995     0.04279   0.06014 
   9852.081    -0.05717   0.05950 
   9853.167     0.00804   0.05126 
   9854.253     0.00102   0.02703 
   9855.339     0.01449   0.01977 
   9856.425    -0.00095   0.01957 
   9857.511    -0.03384   0.02067 
   9858.597    -0.01568   0.02147 
   9859.683    -0.00280   0.02267 
   9860.769    -0.01027   0.02247 
   9861.855     0.02425   0.02134 
   9862.941     0.02221   0.02063 
   9864.027     0.04529   0.02107 
   9865.113     0.03165   0.02001 
   9866.199     0.02741   0.01934 
   9867.285     0.00569   0.01932 
   9868.371     0.01399   0.02017 
   9869.457    -0.00188   0.04143 
   9870.543     0.00937   0.03489 
   9871.629     0.10920   0.02958 
   9872.715     0.17775   0.07535 
   9873.801     0.11130   0.12281 
   9874.887     0.13162   0.10918 
   9875.973    -0.00205   0.10368 
   9877.059    -0.01577   0.06107 
   9878.145    -0.02701   0.07882 
   9879.231     0.03700   0.02194 
   9880.317     0.02421   0.03569 
   9881.403     0.03907   0.02233 
   9882.489    -0.02307   0.02033 
   9883.575     0.03180   0.02072 
   9884.661    -0.03343   0.02199 
   9885.747     0.02740   0.02802 
   9886.833    -0.01118   0.02695 
   9887.919     0.01418   0.02850 
   9889.005    -0.00223   0.02677 
   9890.090    -0.02861   0.02606 
   9891.176    -0.03401   0.02264 
   9892.262     0.00137   0.02052 
   9893.348    -0.01445   0.02212 
   9894.434    -0.07444   0.03632 
   9895.520     0.04552   0.05836 
   9896.606    -0.07631   0.07198 
   9897.692    -0.03632   0.07323 
   9898.778    -0.04046   0.06921 
   9899.864     0.02829   0.04104 
   9900.950    -0.02333   0.02687 
   9902.036    -0.06353   0.02577 
   9903.122     0.03201   0.02324 
   9904.208     0.06506   0.02310 
   9905.294     0.01978   0.02177 
   9906.380    -0.06760   0.02021 
   9907.466     0.01579   0.02014 
   9908.552     0.08697   0.02039 
   9909.638     0.00940   0.02185 
   9910.724     0.03460   0.02133 
   9911.810     0.00936   0.03449 
   9912.896    -0.06073   0.02423 
   9913.982     0.04572   0.02996 
   9915.068     0.01513   0.06785 
   9916.154     0.02821   0.11296 
   9917.240     0.10602   0.11690 
   9918.326     0.30637   0.11689 
   9919.412     0.10636   0.08007 
   9920.498     0.00392   0.02986 
   9921.584     0.02762   0.02432 
   9922.670     0.05067   0.02110 
   9923.756    -0.06248   0.02077 
   9924.842    -0.02180   0.02566 
   9925.928    -0.01731   0.02354 
   9927.014     0.03484   0.02223 
   9928.100     0.02879   0.02016 
   9929.186     0.04135   0.02020 
   9930.271    -0.02565   0.02122 
   9931.357     0.04926   0.02119 
   9932.443     0.09606   0.02122 
   9933.529     0.07287   0.02137 
   9934.615     0.05826   0.02155 
   9935.701     0.10048   0.02279 
   9936.787     0.01545   0.02204 
   9937.873    -0.01737   0.03974 
   9938.959    -0.04844   0.02374 
   9940.045     0.03874   0.02185 
   9941.131    -0.00543   0.02599 
   9942.217    -0.00132   0.05545 
   9943.303    -0.00752   0.08360 
   9944.389    -0.14469   0.09554 
   9945.475    -0.04915   0.17093 
   9946.561    -0.00638   0.10597 
   9947.647     0.13153   0.13567 
   9948.733    -0.14944   0.12234 
   9949.819     0.05790   0.13687 
   9950.905    -0.00203   0.09873 
   9951.991     0.11017   0.06835 
   9953.077     0.04328   0.04559 
   9954.163     0.02701   0.03204 
   9955.249     0.00684   0.02665 
   9956.335    -0.01159   0.08888 
   9957.421    -0.10325   0.08970 
   9958.507    -0.04454   0.10228 
   9959.593     0.02593   0.10282 
   9960.679     0.05678   0.09893 
   9961.765    -0.00585   0.08035 
   9962.851     0.09448   0.10504 
   9963.937     0.33512   0.11629 
   9965.023     0.16723   0.10856 
   9966.109     0.03593   0.09488 
   9967.195    -0.00048   0.04430 
   9968.281     0.05712   0.03081 
   9969.367     0.08060   0.03223 
   9970.452     0.09459   0.02320 
   9971.538     0.00394   0.02910 
   9972.624    -0.09628   0.03859 
   9973.710    -0.12143   0.05693 
   9974.796    -0.09754   0.06226 
   9975.882    -0.08000   0.06684 
   9976.968     0.11606   0.05199 
   9978.054     0.04544   0.04612 
   9979.140     0.02044   0.05176 
   9980.226     0.02140   0.06025 
   9981.312     0.14441   0.04736 
   9982.398    -0.01278   0.03554 
   9983.484    -0.07039   0.02905 
   9984.570     0.05113   0.02537 
   9985.656     0.11618   0.02191 
   9986.742     0.10159   0.02124 
   9987.828     0.02139   0.02179 
   9988.914     0.02334   0.02469 
   9990.000     0.01209   0.02201 
   9991.086     0.08779   0.02178 
   9992.172     0.05724   0.04178 
   9993.258     0.01581   0.02378 
   9994.344     0.06447   0.02158 
   9995.430     0.00579   0.02320 
   9996.516    -0.01350   0.02340 
   9997.602     0.04372   0.03051 
   9998.688     0.08967   0.02391 
   9999.774    -0.06498   0.02642 
  10000.860     0.00465   0.04523 
  10001.946     0.16096   0.05540 
  10003.032     0.13312   0.05667 
  10004.118    -0.00551   0.05441 
  10005.204     0.03108   0.03695 
  10006.290     0.00344   0.02616 
  10007.376    -0.06383   0.02304 
  10008.462     0.09244   0.02184 
  10009.548     0.04423   0.02205 
  10010.633     0.06828   0.02455 
  10011.719     0.03075   0.05196 
  10012.805     0.13494   0.07621 
  10013.891     0.14176   0.13308 
  10014.977     0.10713   0.15687 
  10016.063    -0.02470   0.15807 
  10017.149     0.11961   0.14043 
  10018.235    -0.00228   0.08938 
  10019.321    -0.01947   0.04417 
  10020.407     0.03129   0.02829 
  10021.493    -0.01008   0.02760 
  10022.579     0.08932   0.03300 
  10023.665     0.04342   0.03748 
  10024.751     0.05435   0.04267 
  10025.837     0.12785   0.07229 
  10026.923     0.17391   0.08966 
  10028.009     0.06848   0.08883 
  10029.095    -0.01357   0.08817 
  10030.181    -0.12744   0.07705 
  10031.267    -0.03720   0.03627 
  10032.353    -0.03410   0.03563 
  10033.439     0.04222   0.03332 
  10034.525    -0.00763   0.03040 
  10035.611    -0.00435   0.02408 
  10036.697     0.00945   0.02724 
  10037.783     0.07052   0.03197 
  10038.869     0.04974   0.03189 
  10039.955     0.05434   0.02937 
  10041.041     0.02751   0.02795 
  10042.127     0.05134   0.03025 
  10043.213     0.00594   0.03088 
  10044.299     0.01616   0.04712 
  10045.385    -0.00991   0.05737 
  10046.471    -0.02466   0.05811 
  10047.557    -0.11767   0.05698 
  10048.643    -0.05005   0.03855 
  10049.729     0.02558   0.03246 
  10050.814     0.03369   0.02555 
  10051.900    -0.03321   0.02348 
  10052.986    -0.02610   0.03738 
  10054.072     0.06547   0.02247 
  10055.158     0.01125   0.02142 
  10056.244    -0.00878   0.02169 
  10057.330    -0.00186   0.02176 
  10058.416     0.02156   0.02288 
  10059.502    -0.03941   0.03053 
  10060.588     0.01143   0.04817 
  10061.674     0.07806   0.09177 
  10062.760     0.00377   0.07904 
  10063.846     0.09448   0.08144 
  10064.932     0.02065   0.08203 
  10066.018    -0.02260   0.04146 
  10067.104    -0.00163   0.03695 
  10068.190    -0.00692   0.03792 
  10069.276     0.04816   0.04004 
  10070.362    -0.04050   0.04309 
  10071.448     0.00873   0.05163 
  10072.534     0.11115   0.05595 
  10073.620    -0.00575   0.05434 
  10074.706    -0.00421   0.05279 
  10075.792    -0.08141   0.06189 
  10076.878     0.12971   0.02980 
  10077.964     0.14939   0.02453 
  10079.050     0.10308   0.02483 
  10080.136    -0.01013   0.02659 
  10081.222    -0.11508   0.02746 
  10082.308    -0.01098   0.04148 
  10083.394    -0.12108   0.10407 
  10084.480    -0.05558   0.12517 
  10085.566     0.06010   0.12520 
  10086.652    -0.10163   0.11620 
  10087.738     0.00366   0.05883 
  10088.824    -0.06787   0.02741 
  10089.910     0.05628   0.02421 
  10090.995     0.10282   0.02373 
  10092.081     0.05007   0.02403 
  10093.167    -0.02656   0.02567 
  10094.253     0.06096   0.02452 
  10095.339     0.00916   0.02400 
  10096.425     0.02826   0.02496 
  10097.511    -0.02369   0.02744 
  10098.597    -0.00634   0.02931 
  10099.683     0.00204   0.03038 
  10100.769     0.00240   0.03003 
  10101.855    -0.05395   0.02853 
  10102.941    -0.03417   0.02964 
  10104.027     0.16276   0.05091 
  10105.113     0.17057   0.08197 
  10106.199    -0.01111   0.08463 
  10107.285     0.01150   0.08385 
  10108.371    -0.10964   0.06091 
  10109.457     0.02967   0.03165 
  10110.543     0.05028   0.02352 
  10111.629     0.05429   0.02870 
  10112.715     0.03384   0.02259 
  10113.801    -0.09184   0.02252 
  10114.887    -0.05904   0.02259 
  10115.973    -0.05995   0.02615 
  10117.059    -0.06774   0.02540 
  10118.145     0.07406   0.02266 
  10119.231     0.05153   0.02259 
  10120.317    -0.00005   0.02310 
  10121.403    -0.06010   0.02356 
  10122.489     0.09132   0.02713 
  10123.575     0.04951   0.04358 
  10124.661     0.03505   0.13506 
  10125.747    -0.02290   0.13941 
  10126.833     0.08013   0.14122 
  10127.919     0.18467   0.14207 
  10129.005    -0.22858   0.08237 
  10130.090     0.08709   0.03512 
  10131.176     0.07868   0.02625 
  10132.262    -0.00736   0.02745 
  10133.348     0.02585   0.03277 
  10134.434    -0.02187   0.03723 
  10135.520    -0.01189   0.05497 
  10136.606    -0.05305   0.05314 
  10137.692     0.13314   0.03137 
  10138.778     0.06942   0.02679 
  10139.864     0.07363   0.02940 
  10140.950     0.04184   0.03003 
  10142.036     0.02356   0.02746 
  10143.122    -0.04440       nan 
  10144.208    -0.10196   0.03386 
  10145.294     0.07265   0.04033 
  10146.380     0.16129   0.04290 
  10147.466     0.04677   0.04574 
  10148.552    -0.02477   0.04408 
  10149.638    -0.00619   0.04411 
  10150.724     0.11086   0.04616 
  10151.810    -0.05349   0.04395 
  10152.896    -0.04623   0.05168 
  10153.982    -0.04197   0.08053 
  10155.068    -0.03583   0.08876 
  10156.154    -0.02161   0.08988 
  10157.240    -0.06489   0.08281 
  10158.326    -0.10843   0.05535 
  10159.412     0.14204   0.05620 
  10160.498     0.01662   0.06091 
  10161.584     0.12755   0.06103 
  10162.670     0.07956   0.05877 
  10163.756     0.06595   0.04106 
  10164.842     0.05198   0.04007 
  10165.928     0.01314   0.06466 
  10167.014     0.01318   0.05344 
  10168.100    -0.00760   0.05181 
  10169.186    -0.05848   0.07758 
  10170.271     0.02042   0.04000 
  10171.357     0.07974   0.04698 
  10172.443    -0.05915   0.10556 
  10173.529    -0.05314   0.17867 
  10174.615     0.25054   0.15762 
  10175.701     0.17725   0.15307 
  10176.787     0.33399   0.09679 
  10177.873     0.07213   0.04498 
  10178.959     0.07496   0.02724 
  10180.045     0.04112   0.02728 
  10181.131    -0.01518   0.03633 
  10182.217    -0.00840   0.06066 
  10183.303     0.13090   0.06747 
  10184.389    -0.06292   0.06885 
  10185.475    -0.07451   0.06546 
  10186.561    -0.05211   0.04188 
  10187.647     0.02060   0.03687 
  10188.733    -0.03439   0.38816 
  10189.819     0.07176   0.08218 
  10190.905     0.18643   0.11663 
  10191.991    -0.05301   0.13033 
  10193.077     0.10665   0.27861 
  10194.163     0.20112   0.11545 
  10195.249     0.02715   0.05014 
  10196.335     0.05180   0.03308 
  10197.421     0.03875   0.03174 
  10198.507     0.08321   0.03183 
  10199.593    -0.03440   0.03515 
  10200.679    -0.03398   0.03096 
  10201.765     0.00965   0.03502 
  10202.851    -0.02356   0.08884 
  10203.937    -0.01580   0.12101 
  10205.023     0.06318   0.08561 
  10206.109     0.10253   0.08719 
  10207.195     0.06395   0.08457 
  10208.281    -0.06990   0.18157 
  10209.367    -0.00360   0.05733 
  10210.452     0.18414   0.07696 
  10211.538     0.06030   0.11389 
  10212.624     0.03433   0.15657 
  10213.710     0.17760   0.15082 
  10214.796     0.45296   0.14152 
  10215.882     0.15776   0.09686 
  10216.968    -0.06316   0.03806 
  10218.054     0.04302   0.02723 
  10219.140     0.00162   0.02566 
  10220.226     0.05417   0.02879 
  10221.312    -0.04106   0.02952 
  10222.398    -0.05141   0.03181 
  10223.484    -0.01951   0.05671 
  10224.570     0.00787   0.03227 
  10225.656    -0.08603   0.04257 
  10226.742     0.15554   0.08449 
  10227.828     0.06736   0.10398 
  10228.914    -0.04704   0.10492 
  10230.000    -0.18613   0.10871 
  10231.086     0.10142   0.08553 
  10232.172     0.01023   0.08782 
  10233.258     0.01313   0.08928 
  10234.344     0.04268   0.08904 
  10235.430    -0.08681   0.06895 
  10236.516    -0.03039   0.03710 
  10237.602     0.01752   0.04550 
  10238.688    -0.00508   0.05982 
  10239.774     0.00349   0.02645 
  10240.860     0.00541   0.02546 
  10241.946     0.04016   0.02552 
  10243.032     0.01619   0.02553 
  10244.118     0.01251   0.02613 
  10245.204    -0.01756   0.02622 
  10246.290     0.05442   0.02568 
  10247.376    -0.00511   0.02535 
  10248.462    -0.02812   0.02471 
  10249.548     0.04388   0.02421 
  10250.633    -0.01507   0.02422 
  10251.719    -0.06512   0.02448 
  10252.805     0.04064   0.02715 
  10253.891     0.03874   0.03567 
  10254.977     0.00437   0.02655 
  10256.063    -0.00883   0.02662 
  10257.149     0.01213   0.02885 
  10258.235    -0.04855   0.02966 
  10259.321     0.02621   0.02950 
  10260.407     0.01662   0.04240 
  10261.493     0.06818   0.03281 
  10262.579     0.05353   0.02610 
  10263.665     0.02371   0.02652 
  10264.751    -0.00452   0.02770 
  10265.837    -0.06055   0.02842 
  10266.923     0.01244   0.03023 
  10268.009     0.05391   0.03159 
  10269.095     0.09720   0.03226 
  10270.181     0.00797   0.03339 
  10271.267    -0.01423   0.03928 
  10272.353     0.05194   0.05906 
  10273.439     0.06911   0.06263 
  10274.525    -0.02905   0.06610 
  10275.611    -0.08984   0.08465 
  10276.697    -0.03651   0.04486 
  10277.783     0.07399   0.03044 
  10278.869     0.05160   0.02880 
  10279.955     0.09219   0.02851 
  10281.041    -0.08055   0.02940 
  10282.127    -0.07932   0.02908 
  10283.213     0.13955   0.02936 
  10284.299     0.03022   0.03307 
  10285.385    -0.00400   0.05704 
  10286.471     0.16368   0.10196 
  10287.557     0.25655   0.20520 
  10288.643     0.27694   0.25448 
  10289.729    -0.07405   0.25137 
  10290.814    -0.50046   0.23040 
  10291.900     0.01106   0.10617 
  10292.986     0.08781   0.05064 
  10294.072     0.01828   0.05229 
  10295.158    -0.03096   0.05321 
  10296.244     0.09122   0.07644 
  10297.330    -0.11340   0.13808 
  10298.416     0.23119   0.15123 
  10299.502     0.10937   0.14194 
  10300.588     0.16102   0.11810 
  10301.674     0.11787   0.04914 
  10302.760     0.03995   0.03128 
  10303.846     0.09599   0.03194 
  10304.932     0.01262   0.03430 
  10306.018     0.07262   0.03649 
  10307.104    -0.06376   0.04258 
  10308.190    -0.00965   0.04079 
  10309.276     0.07089   0.04908 
  10310.362    -0.08415   0.06618 
  10311.448    -0.09846   0.08668 
  10312.534    -0.14736   0.10583 
  10313.620    -0.04426   0.07966 
  10314.706     0.04916   0.05135 
  10315.792     0.07336   0.03340 
  10316.878     0.04881   0.02771 
  10317.964    -0.00559   0.02780 
  10319.050     0.01933   0.02757 
  10320.136    -0.05230   0.02674 
  10321.222    -0.03858   0.02549 
  10322.308    -0.03919   0.02558 
  10323.394    -0.00619   0.02716 
  10324.480    -0.00536   0.02899 
  10325.566     0.09971   0.03025 
  10326.652     0.01418   0.03837 
  10327.738     0.05412   0.03915 
  10328.824     0.00266   0.04504 
  10329.910    -0.04309   0.04775 
  10330.995    -0.05318   0.04615 
  10332.081     0.10680   0.04514 
  10333.167     0.10701   0.03184 
  10334.253     0.06194   0.02693 
  10335.339     0.05978   0.02658 
  10336.425     0.09073   0.02655 
  10337.511     0.05880   0.02621 
  10338.597    -0.04931   0.02627 
  10339.683    -0.01447   0.02801 
  10340.769     0.06945   0.03912 
  10341.855     0.07389   0.04927 
  10342.941     0.04372   0.05072 
  10344.027     0.03568   0.05328 
  10345.113     0.00867   0.04096 
  10346.199     0.01247   0.03552 
  10347.285     0.09273   0.06078 
  10348.371     0.02029   0.11285 
  10349.457    -0.05105   0.12353 
  10350.543     0.25783   0.11884 
  10351.629     0.03789   0.10922 
  10352.715    -0.00745   0.05761 
  10353.801    -0.01605   0.04086 
  10354.887     0.03239   0.05362 
  10355.973     0.04393   0.06042 
  10357.059    -0.03440   0.06034 
  10358.145    -0.00518   0.05666 
  10359.231     0.08749   0.04221 
  10360.317     0.08570   0.02992 
  10361.403     0.00955   0.02732 
  10362.489     0.05447   0.02809 
  10363.575    -0.09081   0.02716 
  10364.661    -0.05926   0.02653 
  10365.747    -0.03033   0.02710 
  10366.833     0.05992   0.02773 
  10367.919     0.08308   0.02882 
  10369.005     0.00671   0.02999 
  10370.090    -0.01185   0.04025 
  10371.176    -0.04032   0.03733 
  10372.262    -0.03360   0.07266 
  10373.348     0.25058   0.09845 
  10374.434    -0.02342   0.20058 
  10375.520     0.16784   0.20928 
  10376.606     0.11927   0.21219 
  10377.692    -0.07339   0.14976 
  10378.778     0.03506   0.05124 
  10379.864     0.05768   0.03403 
  10380.950    -0.06966   0.03890 
  10382.036     0.04563   0.02916 
  10383.122     0.11482   0.02845 
  10384.208     0.08830   0.02855 
  10385.294     0.06765   0.02857 
  10386.380    -0.03702   0.02832 
  10387.466    -0.00578   0.02797 
  10388.552     0.04739   0.02863 
  10389.638    -0.01983   0.02909 
  10390.724     0.02877   0.02965 
  10391.810     0.01510   0.02997 
  10392.896     0.00073   0.02987 
  10393.982    -0.01355   0.03351 
  10395.068    -0.02621   0.04112 
  10396.154     0.03640   0.03977 
  10397.240    -0.00030   0.08491 
  10398.326     0.01487   0.13131 
  10399.412     0.10557   0.13378 
  10400.498     0.13454   0.13944 
  10401.584     0.27174   0.08560 
  10402.670     0.17114   0.03921 
  10403.756    -0.01021   0.03148 
  10404.842    -0.03747   0.03578 
  10405.928    -0.04735   0.03205 
  10407.014    -0.04206   0.03148 
  10408.100    -0.04558   0.03158 
  10409.186     0.04040   0.03404 
  10410.271    -0.00925   0.03685 
  10411.357     0.10169   0.03898 
  10412.443     0.14512   0.04067 
  10413.529     0.02164   0.03544 
  10414.615    -0.01612   0.03216 
  10415.701    -0.01253   0.03240 
  10416.787     0.06152   0.03951 
  10417.873     0.07197   0.05301 
  10418.959    -0.14781   0.12531 
  10420.045     0.00332   0.21651 
  10421.131    -0.01886   0.22163 
  10422.217     0.30915   0.21749 
  10423.303     0.54782   0.14822 
  10424.389     0.02540   0.06888 
  10425.475     0.02026   0.04726 
  10426.561    -0.04181   0.04548 
  10427.647     0.02005   0.04175 
  10428.733     0.12875   0.04052 
  10429.819     0.21557   0.04743 
  10430.905     0.13746   0.04971 
  10431.991     0.04163   0.04956 
  10433.077     0.05331   0.04487 
  10434.163     0.02625   0.03625 
  10435.249    -0.00874   0.03021 
  10436.335     0.06547   0.02929 
  10437.421     0.09852   0.02801 
  10438.507     0.04654   0.02734 
  10439.593     0.02308   0.02818 
  10440.679     0.00780   0.02703 
  10441.765    -0.00520   0.02677 
  10442.851     0.02794   0.02703 
  10443.937     0.03021   0.02674 
  10445.023     0.04381   0.02740 
  10446.109     0.06850   0.02806 
  10447.195    -0.00629   0.03076 
  10448.281    -0.02499   0.03072 
  10449.367    -0.01626   0.03190 
  10450.452     0.05652   0.04373 
  10451.538     0.21921   0.10068 
  10452.624    -0.01039   0.12314 
  10453.710     0.27344   0.12211 
  10454.796     0.10212   0.11604 
  10455.882     0.09508   0.05937 
  10456.968    -0.04450   0.03207 
  10458.054    -0.09068   0.02813 
  10459.140     0.03516   0.02792 
  10460.226     0.07389   0.02753 
  10461.312    -0.00799   0.02754 
  10462.398     0.00842   0.03008 
  10463.484     0.01297   0.02865 
  10464.570     0.07719   0.02866 
  10465.656     0.03028   0.02867 
  10466.742     0.11518   0.02951 
  10467.828    -0.00472   0.03379 
  10468.914    -0.06816   0.05672 
  10470.000    -0.05514   0.14604 
  10471.086     0.38933   0.18879 
  10472.172     0.21326   0.18816 
  10473.258    -0.01134   0.17049 
  10474.344    -0.09029   0.08295 
  10475.430    -0.09924   0.03922 
  10476.516     0.01311   0.03163 
  10477.602     0.02341   0.02995 
  10478.688    -0.01924   0.02916 
  10479.774     0.01959   0.02875 
  10480.860     0.06314   0.02916 
  10481.946     0.02530   0.02933 
  10483.032    -0.01581   0.02879 
  10484.118    -0.03586   0.02827 
  10485.204     0.03310   0.02820 
  10486.290     0.05340   0.02828 
  10487.376     0.05757   0.03329 
  10488.462     0.02630   0.04351 
  10489.548    -0.03122   0.04600 
  10490.633     0.05666   0.04328 
  10491.719     0.10475   0.03856 
  10492.805     0.02001   0.03189 
  10493.891    -0.06236   0.03963 
  10494.977    -0.01377   0.03612 
  10496.063     0.09216   0.02974 
  10497.149     0.02414   0.03115 
  10498.235     0.10144   0.03040 
  10499.321     0.11672   0.03359 
  10500.407     0.01576   0.03717 
  10501.493     0.04668   0.03713 
  10502.579     0.09546   0.03546 
  10503.665     0.04741   0.03298 
  10504.751     0.12210   0.03066 
  10505.837     0.12570   0.03112 
  10506.923     0.00859   0.03282 
  10508.009     0.08393   0.03523 
  10509.095    -0.00138   0.04241 
  10510.181     0.09715   0.07886 
  10511.267     0.13249   0.09694 
  10512.353    -0.00840   0.09893 
  10513.439    -0.04487   0.09370 
  10514.525     0.02994   0.06944 
  10515.611     0.09971   0.05402 
  10516.697    -0.05098   0.04586 
  10517.783    -0.06436   0.04262 
  10518.869     0.14512   0.04200 
  10519.955     0.10671   0.03775 
  10521.041     0.06644   0.03390 
  10522.127     0.08491   0.03026 
  10523.213     0.03807   0.03003 
  10524.299     0.01228   0.03729 
  10525.385     0.25802   0.08111 
  10526.471    -0.17995   0.12868 
  10527.557    -0.21394   0.13386 
  10528.643    -0.11972   0.13372 
  10529.729    -0.14550   0.09411 
  10530.814    -0.04842   0.04095 
  10531.900     0.03483   0.02978 
  10532.986     0.05099   0.02778 
  10534.072     0.04946   0.02748 
  10535.158     0.06096   0.02717 
  10536.244    -0.00556   0.02736 
  10537.330    -0.03664   0.02808 
  10538.416     0.03463   0.02838 
  10539.502     0.06982   0.02835 
  10540.588     0.08169   0.02778 
  10541.674     0.03089   0.02774 
  10542.760     0.04735   0.02795 
  10543.846     0.07108   0.03075 
  10544.932     0.06926   0.02860 
  10546.018    -0.04488   0.02715 
  10547.104    -0.00135   0.02851 
  10548.190     0.06710   0.02760 
  10549.276     0.03200   0.02893 
  10550.362     0.05078   0.03159 
  10551.448     0.02399   0.03146 
  10552.534     0.01740   0.03088 
  10553.620     0.05537   0.03670 
  10554.706     0.02865   0.03819 
  10555.792     0.04343   0.03773 
  10556.878     0.05738   0.03423 
  10557.964     0.08206   0.03047 
  10559.050     0.03457   0.02783 
  10560.136     0.00919   0.02754 
  10561.222    -0.06871   0.02786 
  10562.308     0.00742   0.02767 
  10563.394     0.06672   0.02785 
  10564.480     0.11142   0.03498 
  10565.566     0.01372   0.02792 
  10566.652    -0.00964   0.02681 
  10567.738    -0.07230   0.02684 
  10568.824    -0.00541   0.02702 
  10569.910     0.03292   0.02969 
  10570.995     0.02368   0.02850 
  10572.081    -0.02365   0.03109 
  10573.167    -0.02262   0.05031 
  10574.253    -0.12180   0.06571 
  10575.339    -0.04539   0.06665 
  10576.425    -0.04006   0.06551 
  10577.511     0.00973   0.05090 
  10578.597     0.00844   0.03925 
  10579.683     0.11527   0.03115 
  10580.769     0.04272   0.02777 
  10581.855    -0.02286   0.02740 
  10582.941    -0.00853   0.02709 
  10584.027     0.02695   0.02716 
  10585.113     0.07646   0.02980 
  10586.199     0.06702   0.04936 
  10587.285    -0.07097   0.07982 
  10588.371     0.08669   0.08711 
  10589.457    -0.08932   0.08679 
  10590.543     0.02541   0.07811 
  10591.629     0.00805   0.12488 
  10592.715     0.04942   0.03331 
  10593.801     0.03882   0.03139 
  10594.887     0.01767   0.02994 
  10595.973    -0.10241   0.03117 
  10597.059     0.04592   0.03180 
  10598.145     0.06135   0.03314 
  10599.231    -0.03148   0.03739 
  10600.317    -0.03030   0.03656 
  10601.403     0.01167   0.03514 
  10602.489     0.17643   0.03767 
  10603.575     0.32834   0.05149 
  10604.661     0.41519   0.03487 
  10605.747     0.46265   0.03704 
  10606.833     0.42460   0.02959 
  10607.919     0.26219   0.02975 
  10609.005     0.14010   0.03899 
  10610.090     0.16308   0.03338 
  10611.176     0.14377   0.03099 
  10612.262     0.11688   0.02931 
  10613.348    -0.07246   0.03267 
  10614.434    -0.05888   0.02909 
  10615.520     0.07310   0.02885 
  10616.606     0.16992   0.02850 
  10617.692     0.02099   0.02798 
  10618.778     0.07142   0.02895 
  10619.864    -0.01486   0.02909 
  10620.950     0.06745   0.02790 
  10622.036     0.06764   0.03167 
  10623.122     0.04890   0.02870 
  10624.208     0.02518   0.03659 
  10625.294     0.11194   0.03009 
  10626.380     0.06002   0.02915 
  10627.466    -0.04848   0.02929 
  10628.552    -0.08247   0.02848 
  10629.638    -0.03229   0.02931 
  10630.724     0.03477   0.04245 
  10631.810     0.01073   0.02734 
  10632.896    -0.02279   0.02621 
  10633.982    -0.01289   0.02556 
  10635.068    -0.01557   0.02565 
  10636.154    -0.09723   0.02644 
  10637.240     0.02441   0.02559 
  10638.326     0.06593   0.02617 
  10639.412    -0.03556   0.02665 
  10640.498    -0.00380   0.02923 
  10641.584     0.05143   0.08933 
  10642.670     0.07474   0.04614 
  10643.756    -0.01610   0.04658 
  10644.842     0.00964   0.04534 
  10645.928     0.08137   0.03548 
  10647.014     0.00892   0.02740 
  10648.100    -0.05238   0.02632 
  10649.186     0.01390   0.02576 
  10650.271    -0.00272   0.02545 
  10651.357     0.10311   0.02687 
  10652.443     0.14883   0.04339 
  10653.529     0.16354   0.05041 
  10654.615     0.02431   0.05549 
  10655.701     0.11611   0.05642 
  10656.787    -0.02422   0.06922 
  10657.873     0.02648   0.03815 
  10658.959    -0.03838   0.02672 
  10660.045     0.07413   0.02581 
  10661.131     0.08527   0.02654 
  10662.217     0.02786   0.02678 
  10663.303    -0.03345   0.04000 
  10664.389    -0.00468   0.02574 
  10665.475    -0.05267   0.02582 
  10666.561    -0.07191   0.02742 
  10667.647    -0.10899   0.03014 
  10668.733     0.10671   0.03069 
  10669.819     0.01219   0.03094 
  10670.905     0.06620   0.12230 
  10671.991    -0.00007   0.05357 
  10673.077     0.02546   0.06502 
  10674.163     0.06003   0.03175 
  10675.249     0.10421   0.02630 
  10676.335     0.01892   0.02624 
  10677.421     0.06610   0.02624 
  10678.507     0.03083   0.02958 
  10679.593     0.09522   0.02639 
  10680.679     0.02018   0.02624 
  10681.765     0.02291   0.03439 
  10682.851    -0.01879   0.06735 
  10683.937     0.05445   0.03709 
  10685.023    -0.00211   0.04673 
  10686.109    -0.05046   0.05269 
  10687.195    -0.01158   0.05651 
  10688.281     0.09914   0.06068 
  10689.367     0.04563   0.06520 
  10690.452     0.02495   0.06565 
  10691.538     0.00371   0.06442 
  10692.624     0.01654   0.06248 
  10693.710    -0.14085   0.05653 
  10694.796    -0.05529   0.05101 
  10695.882    -0.06886   0.04608 
  10696.968     0.05443   0.04854 
  10698.054    -0.08241   0.07060 
  10699.140     0.01525   0.08256 
  10700.226    -0.06668   0.08435 
  10701.312    -0.20098   0.09452 
  10702.398    -0.03656   0.06021 
  10703.484     0.11770   0.04882 
  10704.570    -0.01899   0.06333 
  10705.656     0.03671   0.06696 
  10706.742    -0.11265   0.06502 
  10707.828    -0.03150   0.06101 
  10708.914    -0.02248   0.04191 
  10710.000     0.12588   0.03516 
  10711.086     0.12726   0.05998 
  10712.172    -0.17724   0.12756 
  10713.258    -0.10071   0.12875 
  10714.344     0.02605   0.13565 
  10715.430     0.01815   0.16020 
  10716.516     0.03243   0.06775 
  10717.602     0.06235   0.05279 
  10718.688    -0.02636   0.05041 
  10719.774    -0.03423   0.04621 
  10720.860    -0.02795   0.05834 
  10721.946     0.07996   0.08626 
  10723.032     0.10599   0.11963 
  10724.118    -0.10010   0.09974 
  10725.204    -0.00456   0.07553 
  10726.290     0.04226   0.04929 
  10727.376     0.09251   0.04405 
  10728.462     0.04589   0.05284 
  10729.548     0.02071   0.11324 
  10730.633     0.35729   0.16476 
  10731.719     0.27871   0.16772 
  10732.805     0.33056   0.16275 
  10733.891     0.13805   0.09702 
  10734.977     0.04946   0.04000 
  10736.063     0.04640   0.04523 
  10737.149     0.01177   0.04974 
  10738.235     0.01929   0.03839 
  10739.321    -0.03465   0.03890 
  10740.407    -0.00754   0.03880 
  10741.493    -0.04433   0.03983 
  10742.579     0.00056   0.03476 
  10743.665    -0.00372   0.05802 
  10744.751     0.02951   0.13398 
  10745.837     0.05978   0.10963 
  10746.923    -0.01744   0.10890 
  10748.009     0.07635   0.08591 
  10749.095     0.09641   0.04501 
  10750.181    -0.01277   0.03982 
  10751.267    -0.04089   0.07802 
  10752.353    -0.20167   0.19417 
  10753.439    -0.00335   0.30616 
  10754.525     0.06424   0.19043 
  10755.611     0.37417   0.17490 
  10756.697     0.00474   0.05852 
  10757.783     0.02568   0.03490 
  10758.869     0.11066   0.03314 
  10759.955     0.06965   0.02888 
  10761.041    -0.09019   0.02824 
  10762.127     0.06901   0.02888 
  10763.213     0.06692   0.03442 
  10764.299     0.05184   0.03841 
  10765.385     0.09171   0.03759 
  10766.471     0.10199   0.03726 
  10767.557     0.11333   0.03342 
  10768.643     0.04583   0.02867 
  10769.729    -0.02634   0.02762 
  10770.814     0.02635   0.02866 
  10771.900    -0.09311   0.03719 
  10772.986    -0.20119   0.08150 
  10774.072     0.15959   0.11082 
  10775.158     0.03493   0.11170 
  10776.244     0.04558   0.10690 
  10777.330     0.11879   0.06330 
  10778.416     0.03030   0.03236 
  10779.502     0.09873   0.02812 
  10780.588     0.09450   0.02817 
  10781.674    -0.00933   0.02816 
  10782.760    -0.06396   0.03359 
  10783.846     0.13928   0.02868 
  10784.932     0.07428   0.02790 
  10786.018     0.06200   0.03078 
  10787.104    -0.02414   0.02752 
  10788.190     0.00838   0.03081 
  10789.276    -0.05886   0.02767 
  10790.362     0.05723   0.03370 
  10791.448    -0.05335   0.02678 
  10792.534    -0.01638   0.02758 
  10793.620    -0.01937   0.03918 
  10794.706     0.01335   0.05771 
  10795.792     0.02642   0.06347 
  10796.878    -0.03887   0.04143 
  10797.964    -0.00471   0.03705 
  10799.050     0.03213   0.03354 
  10800.136    -0.00632   0.02795 
  10801.222     0.04064   0.02888 
  10802.308     0.01903   0.03271 
  10803.394     0.00297   0.03596 
  10804.480    -0.01300   0.03670 
  10805.566     0.00990   0.03532 
  10806.652     0.05013   0.03342 
  10807.738     0.06711   0.03059 
  10808.824     0.02516   0.02974 
  10809.910     0.04989   0.02805 
  10810.995     0.07216   0.02857 
  10812.081     0.01355   0.03347 
  10813.167    -0.03861   0.02941 
  10814.253     0.00766   0.02893 
  10815.339    -0.01771   0.02885 
  10816.425    -0.05192   0.02866 
  10817.511    -0.05724   0.05199 
  10818.597     0.07317   0.02775 
  10819.683     0.03007   0.02951 
  10820.769     0.05230   0.02645 
  10821.855    -0.02487   0.02616 
  10822.941    -0.00202   0.02555 
  10824.027     0.08398   0.02545 
  10825.113     0.12600   0.02642 
  10826.199     0.06276   0.02720 
  10827.285     0.04114   0.02773 
  10828.371    -0.00710   0.02979 
  10829.457     0.04621   0.04621 
  10830.543    -0.12677   0.09524 
  10831.629    -0.01361   0.16893 
  10832.715    -0.32256   0.28488 
  10833.801    -0.04657   0.35113 
  10834.887     0.46943   0.30676 
  10835.973     0.17762   0.24032 
  10837.059     0.11967   0.08869 
  10838.145     0.11747   0.05226 
  10839.231     0.05056   0.05732 
  10840.317     0.11766   0.05999 
  10841.403     0.07764   0.06937 
  10842.489     0.04987   0.13291 
  10843.575     0.07604   0.18130 
  10844.661    -0.19389   0.17450 
  10845.747     0.26136   0.16863 
  10846.833     0.15417   0.10968 
  10847.919     0.05768   0.04292 
  10849.005    -0.00254   0.03103 
  10850.090     0.02372   0.02909 
  10851.176     0.02249   0.12872 
  10852.262    -0.04715   0.05390 
  10853.348     0.10411   0.04565 
  10854.434     0.05515   0.04114 
  10855.520     0.09723   0.04133 
  10856.606     0.08747   0.05171 
  10857.692     0.05475   0.08271 
  10858.778    -0.01523   0.11038 
  10859.864     0.07201   0.10167 
  10860.950     0.10954   0.09546 
  10862.036     0.02270   0.06103 
  10863.122    -0.07157   0.03542 
  10864.208    -0.01163   0.03152 
  10865.294     0.03104   0.03023 
  10866.380     0.02768   0.02603 
  10867.466     0.01567   0.02615 
  10868.552     0.07781   0.02752 
  10869.638     0.04864   0.02543 
  10870.724    -0.02098   0.02800 
  10871.810     0.01646   0.02869 
  10872.896    -0.01783   0.03157 
  10873.982    -0.02537   0.03346 
  10875.068     0.00823   0.03642 
  10876.154    -0.15533   0.04287 
  10877.240    -0.05081   0.05374 
  10878.326    -0.02799   0.06240 
  10879.412     0.01312   0.06332 
  10880.498     0.03915   0.05735 
  10881.584     0.11944   0.04475 
  10882.670     0.04572   0.03293 
  10883.756    -0.03845   0.02740 
  10884.842    -0.00074   0.02996 
  10885.928     0.03771   0.03272 
  10887.014    -0.03157   0.03558 
  10888.100     0.06668   0.03512 
  10889.186    -0.09039   0.03080 
  10890.271    -0.02672   0.02755 
  10891.357     0.00816   0.02506 
  10892.443     0.05900   0.02507 
  10893.529     0.06395   0.04496 
  10894.615     0.02906   0.02743 
  10895.701     0.21025   0.04385 
  10896.787    -0.12478   0.11514 
  10897.873     0.03232   0.14285 
  10898.959     0.35457   0.14195 
  10900.045     0.23383   0.13203 
  10901.131     0.25517   0.07023 
  10902.217     0.11536   0.03871 
  10903.303     0.12785   0.03608 
  10904.389     0.06628   0.03505 
  10905.475     0.01915   0.03356 
  10906.561     0.02581   0.02979 
  10907.647     0.06287   0.02648 
  10908.733     0.03701   0.02545 
  10909.819    -0.01631   0.02709 
  10910.905    -0.05258   0.02574 
  10911.991     0.01986   0.02631 
  10913.077     0.04983   0.02547 
  10914.163     0.04018   0.02499 
  10915.249     0.03143   0.02493 
  10916.335    -0.02521   0.02463 
  10917.421    -0.03916   0.02546 
  10918.507     0.02956   0.02639 
  10919.593     0.07766   0.02681 
  10920.679     0.04108   0.02842 
  10921.765     0.04451   0.03106 
  10922.851    -0.17899   0.04259 
  10923.937    -0.02454   0.11612 
  10925.023     0.11500   0.23981 
  10926.109    -0.05600   0.25599 
  10927.195    -0.57278   0.25353 
  10928.281    -0.02378   0.19657 
  10929.367     0.07900   0.08059 
  10930.452    -0.04930   0.04011 
  10931.538     0.00800   0.03180 
  10932.624     0.02102   0.02993 
  10933.710     0.06265   0.02893 
  10934.796    -0.05422   0.02833 
  10935.882     0.00571   0.02801 
  10936.968     0.01679   0.02975 
  10938.054     0.06432   0.02850 
  10939.140     0.05657   0.02559 
  10940.226     0.02920   0.02586 
  10941.312    -0.04243   0.02559 
  10942.398     0.06155   0.02577 
  10943.484    -0.00703   0.02636 
  10944.570     0.12273   0.02632 
  10945.656    -0.04811   0.03072 
  10946.742    -0.09884   0.02588 
  10947.828     0.06569   0.03474 
  10948.914    -0.02234   0.08069 
  10950.000    -0.24862   0.15375 
  10951.086    -0.09614   0.16214 
  10952.172    -0.22567   0.16052 
  10953.258    -0.10356   0.12033 
  10954.344     0.20509   0.04857 
  10955.430     0.03110   0.03303 
  10956.516    -0.00737   0.02893 
  10957.602     0.01577   0.02665 
  10958.688     0.10147   0.02985 
  10959.774     0.12919   0.02783 
  10960.860     0.09392   0.02639 
  10961.946     0.03268   0.03002 
  10963.032     0.07555   0.02622 
  10964.118     0.09183   0.02852 
  10965.204    -0.01360   0.03044 
  10966.290     0.07435   0.03210 
  10967.376    -0.02817   0.03681 
  10968.462     0.02577   0.04421 
  10969.548    -0.07551   0.04272 
  10970.633     0.01710   0.04242 
  10971.719     0.02333   0.05066 
  10972.805     0.41694   0.12087 
  10973.891     0.43858   0.25412 
  10974.977     0.23964   0.28456 
  10976.063     0.13975   0.26914 
  10977.149     0.36857   0.21137 
  10978.235     0.08451   0.08401 
  10979.321    -0.01176   0.05566 
  10980.407     0.05789   0.04461 
  10981.493     0.06675   0.03250 
  10982.579     0.09904   0.02990 
  10983.665     0.05052   0.03448 
  10984.751    -0.00874   0.04781 
  10985.837     0.10934   0.05148 
  10986.923     0.17020   0.04347 
  10988.009     0.07416   0.03747 
  10989.095    -0.02299   0.02820 
  10990.181     0.03488   0.02617 
  10991.267     0.06158   0.02598 
  10992.353     0.05057   0.02568 
  10993.439     0.02222   0.02568 
  10994.525     0.05746   0.02518 
  10995.611     0.06634   0.02486 
  10996.697     0.04944   0.02512 
  10997.783    -0.01795   0.02543 
  10998.869     0.08767   0.02525 
  10999.955    -0.03477   0.02549 
  11001.041     0.04519   0.02679 
  11002.127     0.02684   0.02880 
  11003.213    -0.02904   0.02971 
  11004.299     0.01796   0.03056 
  11005.385    -0.01281   0.04196 
  11006.471    -0.10539   0.05388 
  11007.557     0.20040   0.12415 
  11008.643     0.13296   0.14689 
  11009.729     0.04747   0.14729 
  11010.814     0.17807   0.13240 
  11011.900     0.10029   0.07041 
  11012.986     0.09334   0.03350 
  11014.072     0.04434   0.02803 
  11015.158     0.02829   0.02678 
  11016.244     0.01771   0.02625 
  11017.330     0.04477   0.02545 
  11018.416     0.10572   0.02491 
  11019.502     0.01291   0.02594 
  11020.588     0.07544   0.02498 
  11021.674     0.12244   0.02562 
  11022.760     0.04570   0.02671 
  11023.846    -0.01221   0.02776 
  11024.932     0.08073   0.03194 
  11026.018     0.02508   0.03504 
  11027.104     0.01950   0.09326 
  11028.190     0.20937   0.19734 
  11029.276    -0.18355   0.24609 
  11030.362    -0.83636   0.22907 
  11031.448    -0.67300   0.19464 
  11032.534    -0.04640   0.08391 
  11033.620     0.09098   0.03821 
  11034.706     0.00334   0.03013 
  11035.792     0.01908   0.02845 
  11036.878     0.06077   0.02862 
  11037.964     0.01647   0.02915 
  11039.050    -0.00281   0.03045 
  11040.136     0.00668   0.03173 
  11041.222    -0.00649   0.03164 
  11042.308    -0.01664   0.03154 
  11043.394     0.06762   0.03094 
  11044.480     0.05840   0.02947 
  11045.566    -0.02548   0.02849 
  11046.652     0.03663   0.02759 
  11047.738    -0.02371   0.02848 
  11048.824     0.04870   0.03838 
  11049.910     0.04706   0.02861 
  11050.995     0.06853   0.02794 
  11052.081    -0.02215   0.03340 
  11053.167     0.00960   0.04257 
  11054.253     0.05452   0.04381 
  11055.339     0.08842   0.04392 
  11056.425     0.04346   0.03835 
  11057.511     0.08402   0.03390 
  11058.597     0.03045   0.02860 
  11059.683     0.05619   0.02974 
  11060.769    -0.00396   0.02722 
  11061.855     0.05934   0.02850 
  11062.941    -0.06261   0.03674 
  11064.027     0.00278   0.04983 
  11065.113     0.10365   0.03420 
  11066.199    -0.01721   0.03059 
  11067.285     0.03586   0.03012 
  11068.371    -0.00108   0.03283 
  11069.457    -0.15082   0.04456 
  11070.543     0.07910   0.09025 
  11071.629     0.12919   0.11543 
  11072.715     0.32326   0.11615 
  11073.801     0.16013   0.11585 
  11074.887     0.09179   0.05974 
  11075.973     0.08787   0.03062 
  11077.059     0.09105   0.02605 
  11078.145     0.02592   0.02460 
  11079.231     0.01259   0.02433 
  11080.317     0.02973   0.02471 
  11081.403     0.05724   0.02943 
  11082.489    -0.00645   0.04098 
  11083.575    -0.04075   0.04632 
  11084.661     0.01067   0.04274 
  11085.747     0.12714   0.04118 
  11086.833    -0.00462   0.05085 
  11087.919     0.04444   0.10998 
  11089.005     0.14259   0.15845 
  11090.090     0.22674   0.16340 
  11091.176    -0.37861   0.15595 
  11092.262    -0.03381   0.10122 
  11093.348    -0.05149   0.04146 
  11094.434     0.01323   0.02837 
  11095.520     0.08576   0.02612 
  11096.606     0.04774   0.02626 
  11097.692     0.03715   0.02403 
  11098.778     0.01854   0.02545 
  11099.864     0.04124   0.02733 
  11100.950     0.01965   0.02474 
  11102.036     0.05976   0.02517 
  11103.122     0.01682   0.02491 
  11104.208    -0.01347   0.02440 
  11105.294     0.01421   0.02456 
  11106.380     0.02741   0.02557 
  11107.466     0.00313   0.02644 
  11108.552    -0.04946   0.02724 
  11109.638     0.02219   0.02733 
  11110.724    -0.04738   0.02622 
  11111.810     0.05970   0.02500 
  11112.896    -0.02853   0.02447 
  11113.982    -0.00075   0.02368 
  11115.068    -0.06721   0.02375 
  11116.154    -0.04493   0.02413 
  11117.240     0.02415   0.02445 
  11118.326     0.08930   0.02485 
  11119.412     0.00160   0.02524 
  11120.498    -0.10002   0.02617 
  11121.584    -0.08279   0.03059 
  11122.670    -0.01797   0.03465 
  11123.756     0.04964   0.03477 
  11124.842     0.07113   0.03354 
  11125.928     0.03774   0.02986 
  11127.014     0.08169   0.02576 
  11128.100    -0.00731   0.02391 
  11129.186     0.02834   0.02325 
  11130.271    -0.02683   0.02244 
  11131.357    -0.00232   0.02170 
  11132.443     0.02949   0.02151 
  11133.529     0.08882   0.02178 
  11134.615     0.07661   0.02206 
  11135.701     0.03024   0.02251 
  11136.787     0.05019   0.02329 
  11137.873     0.04812   0.03009 
  11138.959     0.04418   0.05765 
  11140.045     0.11960   0.07684 
  11141.131     0.15285   0.07838 
  11142.217     0.05036   0.07231 
  11143.303     0.06474   0.04728 
  11144.389    -0.00261   0.03165 
  11145.475    -0.03917   0.02501 
  11146.561    -0.02772   0.02469 
  11147.647     0.00634   0.02470 
  11148.733     0.02600   0.02396 
  11149.819     0.02082   0.02263 
  11150.905    -0.05783   0.02204 
  11151.991    -0.11139   0.03023 
  11153.077     0.10877   0.05649 
  11154.163     0.04288   0.07732 
  11155.249     0.04153   0.09609 
  11156.335    -0.22818   0.09796 
  11157.421     0.03404   0.09008 
  11158.507     0.07654   0.05684 
  11159.593     0.02854   0.03050 
  11160.679    -0.06059   0.02536 
  11161.765    -0.03372   0.02530 
  11162.851    -0.01480   0.02869 
  11163.937    -0.06095   0.03139 
  11165.023    -0.04950   0.03172 
  11166.109    -0.00409   0.03460 
  11167.195    -0.04626   0.03260 
  11168.281    -0.02784   0.03173 
  11169.367     0.04200   0.03330 
  11170.452     0.03508   0.03471 
  11171.538    -0.00242   0.03373 
  11172.624     0.03076   0.02928 
  11173.710     0.03231   0.02533 
  11174.796     0.06464   0.02284 
  11175.882     0.10415   0.02127 
  11176.968     0.03891   0.02281 
  11178.054    -0.04021   0.02151 
  11179.140    -0.05891   0.02208 
  11180.226    -0.04207   0.02225 
  11181.312     0.00848   0.02258 
  11182.398     0.10571   0.02232 
  11183.484     0.02609   0.02203 
  11184.570     0.08622   0.02181 
  11185.656     0.07239   0.02261 
  11186.742     0.07335   0.02338 
  11187.828     0.06279   0.02412 
  11188.914    -0.00828   0.02415 
  11190.000    -0.02809   0.02539 
  11191.086    -0.05220   0.02239 
  11192.172    -0.04996   0.02285 
  11193.258     0.06026   0.02074 
  11194.344     0.02229   0.02043 
  11195.430     0.01492   0.02081 
  11196.516     0.01146   0.02119 
  11197.602     0.04750   0.02188 
  11198.688    -0.00207   0.02214 
  11199.774    -0.01726   0.03955 
  11200.860    -0.00956   0.02202 
  11201.946     0.05278   0.02283 
  11203.032     0.02032   0.02642 
  11204.118     0.06303   0.02148 
  11205.204    -0.01737   0.02067 
  11206.290     0.02591   0.02189 
  11207.376     0.01669   0.02314 
  11208.462    -0.01780   0.02421 
  11209.548     0.04075   0.02550 
  11210.633    -0.07888   0.02612 
  11211.719    -0.04696   0.02669 
  11212.805     0.00723   0.03334 
  11213.891    -0.07010   0.03858 
  11214.977    -0.09819   0.03520 
  11216.063    -0.00467   0.03384 
  11217.149    -0.01958   0.02799 
  11218.235     0.04755   0.02144 
  11219.321     0.05560   0.01953 
  11220.407     0.08535   0.01917 
  11221.493     0.02324   0.01910 
  11222.579    -0.01880   0.01900 
  11223.665    -0.02364   0.01868 
  11224.751     0.08081   0.02404 
  11225.837     0.10051   0.03575 
  11226.923    -0.00928   0.03786 
  11228.009     0.01591   0.03865 
  11229.095     0.09123   0.03888 
  11230.181    -0.02747   0.02897 
  11231.267    -0.05915   0.02193 
  11232.353    -0.04667   0.01944 
  11233.439     0.03156   0.01865 
  11234.525     0.06267   0.01848 
  11235.611     0.02825   0.01933 
  11236.697     0.05946   0.02867 
  11237.783    -0.03013   0.01902 
  11238.869    -0.02170   0.01758 
  11239.955     0.02181   0.01951 
