       9750.0000         -NaN         -NaN             NaN
       9751.0860      23380.7      156.944       23380.707
       9752.1719      24158.6      159.411       24158.552
       9753.2579      24496.0      160.304       24495.970
       9754.3439      25124.8      162.091       25124.815
       9755.4299      24952.3      161.557       24952.344
       9756.5158      25323.6      162.856       25323.596
       9757.6018      25367.2      162.750       25367.214
       9758.6878      24834.3      161.438       24834.322
       9759.7738      24966.1      161.788       24966.070
       9760.8597      26070.1      165.382       26070.114
       9761.9457      26924.3      167.688       26924.314
       9763.0317      26509.1      166.396       26509.145
       9764.1176      25819.2      163.849       25819.212
       9765.2036      26276.7      165.724       26276.678
       9766.2896      27174.9      168.838       27174.873
       9767.3756      27300.1      168.668       27300.051
       9768.4615      27780.2      169.865       27780.190
       9769.5475      28451.0      172.215       28450.964
       9770.6335      28685.0      173.065       28685.030
       9771.7195      29063.8      173.979       29063.827
       9772.8054      29226.4      174.643       29226.357
       9773.8914      29090.4      174.432       29090.448
       9774.9774      28904.7      173.530       28904.660
       9776.0633      29088.4      174.163       29088.359
       9777.1493      29380.0      175.182       29379.962
       9778.2353      29550.6      175.816       29550.575
       9779.3213      29567.8      175.894       29567.803
       9780.4072      29397.6      175.244       29397.640
       9781.4932      29510.4      175.274       29510.353
       9782.5792      29340.8      174.894       29340.812
       9783.6652      28902.0      174.151       28901.969
       9784.7511      29404.6      175.534       29404.625
       9785.8371      29910.1      176.310       29910.097
       9786.9231      30609.8      178.692       30609.771
       9788.0090      30784.7      179.229       30784.671
       9789.0950      30537.5      178.263       30537.466
       9790.1810      30367.3      177.859       30367.278
       9791.2670      30238.4      177.878       30238.448
       9792.3529      30087.5      177.557       30087.538
       9793.4389      29754.0      176.861       29754.044
       9794.5249      29724.7      176.043       29724.665
       9795.6109      30634.4      179.068       30634.362
       9796.6968      31599.4      181.827       31599.404
       9797.7828      32043.6      182.379       32043.627
       9798.8688      31921.5      182.417       31921.532
       9799.9548      31380.4      180.978       31380.396
       9801.0407      31102.5      180.201       31102.462
       9802.1267      30927.1      179.423       30927.099
       9803.2127      30951.3      179.501       30951.252
       9804.2986      31372.2      180.773       31372.172
       9805.3846      32047.7      182.963       32047.714
       9806.4706      32136.8      182.822       32136.785
       9807.5566      32427.6      183.578       32427.602
       9808.6425      32932.5      185.048       32932.538
       9809.7285      32866.2      184.778       32866.242
       9810.8145      32613.4      184.092       32613.352
       9811.9005      32776.5      184.480       32776.469
       9812.9864      32655.4      184.403       32655.380
       9814.0724      33086.0      185.591       33085.980
       9815.1584      32722.4      184.055       32722.448
       9816.2443      32465.0      183.233       32464.993
       9817.3303      32445.1      183.312       32445.122
       9818.4163      32639.2      183.816       32639.171
       9819.5023      32946.5      184.647       32946.497
       9820.5882      33378.4      186.076       33378.396
       9821.6742      33590.8      186.907       33590.776
       9822.7602      33496.8      186.255       33496.783
       9823.8462      33304.1      186.045       33304.094
       9824.9321      32618.0      184.093       32617.999
       9826.0181      32210.5      183.019       32210.489
       9827.1041      32119.6      182.257       32119.636
       9828.1900      32747.8      184.365       32747.833
       9829.2760      33660.1      186.701       33660.081
       9830.3620      33860.4      187.725       33860.368
       9831.4480      33647.6      186.831       33647.615
       9832.5339      33404.7      186.154       33404.669
       9833.6199      33360.9      185.810       33360.931
       9834.7059      33942.3      187.998       33942.346
       9835.7919      34068.0      188.251       34068.042
       9836.8778      33629.1      186.983       33629.066
       9837.9638      33747.0      187.449       33746.968
       9839.0498      34085.4      188.255       34085.389
       9840.1357      34232.3      188.336       34232.275
       9841.2217      34269.8      188.770       34269.812
       9842.3077      34110.8      188.021       34110.824
       9843.3937      34266.9      188.665       34266.899
       9844.4796      34394.8      189.173       34394.793
       9845.5656      34204.5      188.519       34204.460
       9846.6516      34164.9      188.273       34164.926
       9847.7376      34325.9      188.837       34325.910
       9848.8235      34450.9      189.316       34450.881
       9849.9095      34244.7      188.966       34244.729
       9850.9955      34225.2      188.895       34225.170
       9852.0814      34690.3      189.953       34690.324
       9853.1674      34863.3      190.178       34863.311
       9854.2534      34611.7      189.041       34611.730
       9855.3394      34157.5      188.114       34157.477
       9856.4253      33836.6      187.686       33836.563
       9857.5113      34284.9      188.930       34284.943
       9858.5973      35172.6      191.354       35172.637
       9859.6833      35463.1      192.030       35463.142
       9860.7692      35396.7      191.639       35396.717
       9861.8552      35364.2      191.858       35364.185
       9862.9412      35345.9      191.705       35345.868
       9864.0271      35364.5      191.894       35364.498
       9865.1131      35415.3      191.736       35415.337
       9866.1991      35363.1      191.653       35363.118
       9867.2851      35662.4      192.515       35662.400
       9868.3710      35762.1      192.786       35762.091
       9869.4570      35694.1      192.341       35694.051
       9870.5430      35626.6      192.516       35626.636
       9871.6290      35598.1      192.552       35598.100
       9872.7149      36149.7      194.183       36149.695
       9873.8009      36370.8      194.344       36370.845
       9874.8869      36275.5      193.931       36275.496
       9875.9729      36184.7      193.757       36184.738
       9877.0588      36166.3      193.632       36166.333
       9878.1448      36187.9      193.456       36187.878
       9879.2308      36389.2      194.200       36389.207
       9880.3167      36575.9      194.958       36575.876
       9881.4027      36837.7      195.137       36837.706
       9882.4887      37012.8      195.814       37012.838
       9883.5747      36469.0      193.843       36469.004
       9884.6606      36591.7      194.806       36591.697
       9885.7466      36941.5      195.333       36941.542
       9886.8326      37139.9      195.957       37139.910
       9887.9186      36941.1      195.305       36941.087
       9889.0045      36711.5      194.973       36711.531
       9890.0905      35941.9      192.716       35941.869
       9891.1765      34756.3      189.625       34756.335
       9892.2624      34784.9      190.059       34784.872
       9893.3484      36377.9      194.487       36377.891
       9894.4344      37242.4      196.310       37242.359
       9895.5204      37677.7      197.877       37677.660
       9896.6063      37947.8      198.358       37947.775
       9897.6923      38126.1      198.789       38126.081
       9898.7783      38156.7      199.028       38156.699
       9899.8643      38054.5      198.526       38054.522
       9900.9502      38291.8      199.018       38291.841
       9902.0362      38265.4      199.035       38265.402
       9903.1222      38560.6      200.083       38560.552
       9904.2081      38739.2      200.680       38739.190
       9905.2941      38654.3      199.944       38654.345
       9906.3801      38648.1      200.113       38648.107
       9907.4661      39149.4      201.421       39149.391
       9908.5520      38965.6      200.808       38965.591
       9909.6380      38640.2      200.263       38640.162
       9910.7240      38636.8      200.306       38636.778
       9911.8100      38860.7      200.541       38860.677
       9912.8959      39380.0      201.971       39380.014
       9913.9819      39510.2      202.338       39510.186
       9915.0679      39597.3      203.019       39597.332
       9916.1538      39540.8      202.769       39540.791
       9917.2398      39696.7      203.457       39696.674
       9918.3258      39836.8      203.361       39836.788
       9919.4118      40065.2      204.264       40065.153
       9920.4977      40034.8      203.884       40034.762
       9921.5837      40365.7      204.447       40365.736
       9922.6697      40237.8      203.896       40237.848
       9923.7557      40157.4      204.060       40157.442
       9924.8416      40425.2      204.882       40425.190
       9925.9276      40360.2      204.544       40360.218
       9927.0136      40487.9      204.777       40487.888
       9928.0995      40929.9      206.103       40929.909
       9929.1855      40938.9      205.816       40938.916
       9930.2715      40533.6      204.858       40533.574
       9931.3575      39771.8      203.016       39771.801
       9932.4434      39522.5      202.174       39522.488
       9933.5294      39997.3      203.497       39997.270
       9934.6154      41100.0      206.451       41099.994
       9935.7014      41343.7      206.599       41343.705
       9936.7873      41656.5      207.565       41656.467
       9937.8733      41614.0      207.488       41613.954
       9938.9593      41818.9      208.076       41818.921
       9940.0452      41709.6      207.865       41709.570
       9941.1312      42028.5      208.991       42028.503
       9942.2172      42405.7      209.813       42405.682
       9943.3032      42621.5      210.320       42621.462
       9944.3891      42686.9      210.333       42686.857
       9945.4751      42451.4      209.861       42451.399
       9946.5611      42758.9      210.623       42758.903
       9947.6471      42242.2      209.238       42242.199
       9948.7330      41257.6      207.070       41257.647
       9949.8190      42232.4      209.616       42232.374
       9950.9050      42808.2      210.852       42808.244
       9951.9910      43084.9      211.084       43084.936
       9953.0769      43318.5      211.699       43318.490
       9954.1629      43235.1      211.379       43235.058
       9955.2489      43447.3      212.160       43447.271
       9956.3348      43237.9      211.627       43237.943
       9957.4208      43302.0      212.046       43302.039
       9958.5068      43619.1      212.917       43619.104
       9959.5928      43646.1      212.692       43646.147
       9960.6787      43582.3      212.522       43582.286
       9961.7647      43799.3      213.018       43799.297
       9962.8507      43650.8      212.632       43650.810
       9963.9367      42156.3      208.663       42156.267
       9965.0226      42141.7      208.656       42141.658
       9966.1086      44166.2      213.340       44166.215
       9967.1946      44342.6      214.087       44342.628
       9968.2805      44360.0      214.173       44360.040
       9969.3665      44181.5      213.815       44181.500
       9970.4525      44237.2      213.875       44237.156
       9971.5385      44565.0      214.844       44565.000
       9972.6244      44807.7      215.295       44807.739
       9973.7104      44632.9      214.799       44632.897
       9974.7964      44750.8      214.901       44750.807
       9975.8824      44813.4      215.105       44813.408
       9976.9683      44724.4      214.859       44724.356
       9978.0543      45017.6      215.241       45017.592
       9979.1403      44667.3      214.380       44667.306
       9980.2262      44743.6      215.101       44743.586
       9981.3122      45000.5      215.442       45000.462
       9982.3982      44776.5      215.144       44776.474
       9983.4842      44965.7      215.641       44965.668
       9984.5701      45136.3      216.128       45136.260
       9985.6561      45236.7      216.034       45236.739
       9986.7421      45218.9      216.297       45218.918
       9987.8281      45242.6      216.072       45242.600
       9988.9140      44747.8      215.238       44747.799
       9990.0000      44340.3      214.362       44340.345
       9991.0860      44712.1      215.031       44712.086
       9992.1719      44858.5      214.950       44858.500
       9993.2579      44486.6      214.517       44486.589
       9994.3439      44414.5      214.231       44414.538
       9995.4299      44870.9      215.502       44870.878
       9996.5158      45175.5      215.900       45175.524
       9997.6018      44510.6      213.851       44510.632
       9998.6878      43759.5      212.549       43759.525
       9999.7738      43862.1      213.085       43862.139
       10000.860      44223.8      213.647       44223.769
       10001.946      44310.0      214.139       44309.966
       10003.032      44481.7      214.215       44481.654
       10004.118      44036.7      213.025       44036.656
       10005.204      43917.0      212.885       43916.954
       10006.290      44669.4      214.802       44669.401
       10007.376      44659.9      215.025       44659.949
       10008.462      44739.9      215.014       44739.942
       10009.548      44937.7      215.589       44937.747
       10010.633      44600.4      215.013       44600.395
       10011.719      44660.3      215.062       44660.336
       10012.805      45131.4      216.299       45131.360
       10013.891      44934.6      215.805       44934.606
       10014.977      44636.1      214.594       44636.076
       10016.063      44295.6      214.137       44295.599
       10017.149      43977.3      213.644       43977.297
       10018.235      44003.3      213.648       44003.306
       10019.321      43779.6      213.074       43779.612
       10020.407      43622.4      212.469       43622.390
       10021.493      43798.6      212.906       43798.609
       10022.579      43619.0      212.383       43619.037
       10023.665      43437.2      211.948       43437.181
       10024.751      43497.2      212.261       43497.198
       10025.837      42926.5      210.973       42926.485
       10026.923      41998.9      208.743       41998.925
       10028.009      41232.1      206.838       41232.129
       10029.095      42103.5      208.655       42103.505
       10030.181      42068.5      208.439       42068.462
       10031.267      41984.3      208.365       41984.290
       10032.353      41737.3      207.956       41737.284
       10033.439      41343.7      206.185       41343.713
       10034.525      40866.2      205.873       40866.176
       10035.611      40642.3      205.018       40642.272
       10036.697      40130.1      203.698       40130.068
       10037.783      39083.9      201.546       39083.913
       10038.869      38778.8      200.558       38778.767
       10039.955      38708.9      200.307       38708.921
       10041.041      38532.7      200.010       38532.731
       10042.127      38075.2      198.764       38075.248
       10043.213      37507.5      197.385       37507.544
       10044.299      36586.5      194.894       36586.460
       10045.385      35500.5      192.033       35500.530
       10046.471      34368.8      188.955       34368.765
       10047.557      33227.1      186.040       33227.108
       10048.643      31688.2      181.889       31688.218
       10049.729      29308.7      174.754       29308.656
       10050.814      27949.3      170.866       27949.329
       10051.900      28601.0      172.996       28600.979
       10052.986      31129.0      179.915       31128.988
       10054.072      33161.2      186.110       33161.237
       10055.158      34483.5      189.453       34483.484
       10056.244      35797.2      192.779       35797.156
       10057.330      37117.5      196.456       37117.520
       10058.416      37423.3      196.911       37423.264
       10059.502      38332.9      199.135       38332.850
       10060.588      39271.8      201.593       39271.827
       10061.674      40366.4      204.407       40366.401
       10062.760      40544.0      204.791       40543.959
       10063.846      41395.0      206.926       41394.977
       10064.932      41640.3      207.860       41640.347
       10066.018      41991.4      208.623       41991.395
       10067.104      42364.0      209.154       42364.045
       10068.190      42916.6      210.329       42916.578
       10069.276      43072.1      210.842       43072.108
       10070.362      43378.3      211.690       43378.301
       10071.448      43933.3      213.093       43933.282
       10072.534      44806.1      214.994       44806.144
       10073.620      44648.3      214.698       44648.322
       10074.706      45506.0      216.799       45506.037
       10075.792      46048.2      218.267       46048.161
       10076.878      45898.7      217.763       45898.724
       10077.964      46304.4      218.565       46304.351
       10079.050      46378.8      218.616       46378.830
       10080.136      46293.0      218.508       46292.993
       10081.222      46476.5      219.184       46476.488
       10082.308      46902.3      219.900       46902.269
       10083.394      47136.9      220.777       47136.913
       10084.480      47306.2      221.117       47306.251
       10085.566      47296.9      221.095       47296.906
       10086.652      47940.8      222.467       47940.846
       10087.738      47716.9      221.974       47716.859
       10088.824      48284.3      223.558       48284.299
       10089.910      48411.6      223.679       48411.556
       10090.995      47708.8      222.069       47708.824
       10092.081      46203.5      218.453       46203.469
       10093.167      45475.1      216.723       45475.066
       10094.253      45346.9      216.556       45346.862
       10095.339      46820.5      219.754       46820.462
       10096.425      48213.9      223.099       48213.929
       10097.511      48959.7      224.417       48959.664
       10098.597      49290.6      225.325       49290.640
       10099.683      49090.9      225.010       49090.944
       10100.769      49453.9      225.622       49453.869
       10101.855      49474.9      225.953       49474.907
       10102.941      49189.6      224.968       49189.556
       10104.027      49565.1      225.941       49565.082
       10105.113      50174.5      227.392       50174.472
       10106.199      49955.3      226.889       49955.268
       10107.285      49946.1      226.806       49946.084
       10108.371      49876.5      226.630       49876.483
       10109.457      49751.1      226.175       49751.057
       10110.543      50454.5      228.147       50454.513
       10111.629      50355.1      227.788       50355.070
       10112.715      50529.9      227.789       50529.858
       10113.801      50137.8      227.185       50137.801
       10114.887      49839.8      226.494       49839.778
       10115.973      50033.0      227.099       50033.039
       10117.059      49731.5      226.559       49731.537
       10118.145      50859.6      228.745       50859.622
       10119.231      51061.5      229.233       51061.513
       10120.317      51235.4      229.674       51235.367
       10121.403      50825.8      228.942       50825.757
       10122.489      51351.1      230.230       51351.110
       10123.575      51063.5      229.394       51063.514
       10124.661      49575.5      226.094       49575.490
       10125.747      48803.7      224.512       48803.718
       10126.833      49962.3      227.200       49962.253
       10127.919      51167.7      229.937       51167.736
       10129.005      52212.0      232.156       52212.021
       10130.090      52215.2      232.120       52215.214
       10131.176      52104.4      231.777       52104.414
       10132.262      51916.4      231.433       51916.404
       10133.348      52524.6      232.554       52524.639
       10134.434      52467.0      232.386       52467.046
       10135.520      52808.2      233.323       52808.227
       10136.606      52103.1      231.659       52103.055
       10137.692      52429.6      232.285       52429.565
       10138.778      52472.0      232.413       52471.966
       10139.864      52824.2      233.151       52824.199
       10140.950      52889.4      233.422       52889.435
       10142.036      53380.8      234.516       53380.774
       10143.122      52829.4      233.136       52829.351
       10144.208      52522.9      232.637       52522.906
       10145.294      52271.6      232.044       52271.589
       10146.380      52131.6      231.603       52131.649
       10147.466      52089.9      231.815       52089.892
       10148.552      52135.5      231.717       52135.503
       10149.638      52706.0      233.154       52706.027
       10150.724      53035.8      233.734       53035.796
       10151.810      53338.2      234.601       53338.229
       10152.896      53097.9      233.881       53097.851
       10153.982      53174.7      233.855       53174.670
       10155.068      52929.8      233.449       52929.766
       10156.154      52603.6      232.968       52603.642
       10157.240      52874.3      233.561       52874.337
       10158.326      52919.8      233.783       52919.799
       10159.412      53365.4      234.550       53365.444
       10160.498      53150.7      234.092       53150.714
       10161.584      53381.3      234.518       53381.258
       10162.670      53208.5      234.031       53208.480
       10163.756      53404.7      234.497       53404.658
       10164.842      53641.3      234.833       53641.255
       10165.928      53690.8      235.227       53690.786
       10167.014      53737.6      235.493       53737.625
       10168.100      54053.3      235.772       54053.262
       10169.186      54013.8      235.989       54013.761
       10170.271      53966.8      235.657       53966.797
       10171.357      54086.6      236.210       54086.559
       10172.443      54111.9      236.415       54111.928
       10173.529      53851.8      235.542       53851.789
       10174.615      53643.0      235.408       53643.020
       10175.701      53619.7      235.191       53619.699
       10176.787      53851.9      235.417       53851.895
       10177.873      54075.2      235.743       54075.182
       10178.959      54026.2      235.619       54026.219
       10180.045      53420.4      234.654       53420.376
       10181.131      52538.8      232.425       52538.788
       10182.217      54088.2      236.010       54088.223
       10183.303      54221.8      236.133       54221.780
       10184.389      54097.4      236.292       54097.383
       10185.475      53901.1      235.553       53901.132
       10186.561      54464.2      236.707       54464.245
       10187.647      54013.0      235.519       54013.018
       10188.733      53790.6      235.279       53790.609
       10189.819      54102.4      235.991       54102.419
       10190.905      53966.9      235.757       53966.857
       10191.991      53906.6      235.730       53906.625
       10193.077      53941.0      235.855       53941.031
       10194.163      53096.5      233.802       53096.538
       10195.249      53666.4      234.905       53666.414
       10196.335      53566.8      234.814       53566.752
       10197.421      54180.8      236.112       54180.760
       10198.507      54304.0      236.416       54303.962
       10199.593      54652.8      237.110       54652.781
       10200.679      53861.6      235.176       53861.618
       10201.765      54001.9      235.688       54001.854
       10202.851      53997.3      235.737       53997.324
       10203.937      52721.4      233.125       52721.373
       10205.023      53491.7      234.710       53491.710
       10206.109      54018.1      235.545       54018.061
       10207.195      54457.3      236.541       54457.268
       10208.281      54781.3      237.455       54781.273
       10209.367      54634.3      237.047       54634.277
       10210.452      54669.8      237.297       54669.820
       10211.538      54638.3      237.700       54638.334
       10212.624      54705.5      237.607       54705.517
       10213.710      54372.2      236.762       54372.204
       10214.796      54579.5      237.200       54579.546
       10215.882      54446.4      236.884       54446.404
       10216.968      53523.7      234.856       53523.710
       10218.054      53663.9      235.046       53663.902
       10219.140      54154.0      236.568       54153.970
       10220.226      54422.0      236.775       54422.034
       10221.312      54345.0      236.589       54344.993
       10222.398      53861.3      235.365       53861.316
       10223.484      54017.5      235.669       54017.471
       10224.570      54636.8      237.113       54636.807
       10225.656      54668.3      237.447       54668.298
       10226.742      54898.8      237.952       54898.834
       10227.828      54534.9      237.144       54534.920
       10228.914      54626.7      237.293       54626.671
       10230.000      54822.9      237.632       54822.889
       10231.086      54580.9      237.098       54580.867
       10232.172      54022.4      235.880       54022.424
       10233.258      53953.8      235.862       53953.785
       10234.344      54155.5      236.400       54155.512
       10235.430      54118.2      236.439       54118.220
       10236.516      54222.3      236.196       54222.285
       10237.602      54333.5      236.288       54333.476
       10238.688      54080.1      235.638       54080.095
       10239.774      54467.1      236.596       54467.073
       10240.860      54684.7      237.497       54684.673
       10241.946      54272.6      236.243       54272.626
       10243.032      52913.6      233.223       52913.580
       10244.118      53664.2      234.913       53664.238
       10245.204      54035.5      235.580       54035.463
       10246.290      54324.8      236.210       54324.796
       10247.376      54265.4      236.190       54265.421
       10248.462      53854.7      235.207       53854.705
       10249.548      52837.7      235.677       52837.681
       10250.633      52598.2      238.096       52598.241
       10251.719      54282.6      236.169       54282.550
       10252.805      54561.8      236.714       54561.792
       10253.891      54284.1      236.352       54284.117
       10254.977      54250.3      236.208       54250.308
       10256.063      53714.2      234.846       53714.195
       10257.149      53860.9      235.447       53860.869
       10258.235      54239.1      236.318       54239.106
       10259.321      54253.3      236.144       54253.274
       10260.407      53674.6      234.779       53674.619
       10261.493      53939.8      235.676       53939.833
       10262.579      53730.0      234.994       53729.997
       10263.665      53709.7      235.105       53709.678
       10264.751      54017.9      235.917       54017.891
       10265.837      53653.0      235.146       53652.963
       10266.923      53752.6      234.910       53752.649
       10268.009      53913.9      235.531       53913.870
       10269.095      53983.6      235.893       53983.601
       10270.181      53855.3      235.597       53855.261
       10271.267      54005.3      236.119       54005.310
       10272.353      53880.6      235.552       53880.626
       10273.439      53602.5      234.916       53602.456
       10274.525      53783.8      235.283       53783.766
       10275.611      53643.2      234.958       53643.174
       10276.697      53385.0      234.132       53384.967
       10277.783      53292.3      234.192       53292.303
       10278.869      53274.1      234.072       53274.112
       10279.955      53213.3      233.808       53213.289
       10281.041      53599.3      234.694       53599.264
       10282.127      53415.9      234.347       53415.948
       10283.213      53387.1      234.393       53387.105
       10284.299      53492.9      234.553       53492.932
       10285.385      53314.3      233.918       53314.284
       10286.471      53522.5      234.754       53522.540
       10287.557      53337.6      234.750       53337.617
       10288.643      53404.0      235.346       53404.007
       10289.729      53266.0      234.777       53265.977
       10290.814      52963.5      234.220       52963.456
       10291.900      53273.2      234.638       53273.243
       10292.986      53427.0      234.392       53426.984
       10294.072      53023.3      233.148       53023.304
       10295.158      53122.6      233.832       53122.566
       10296.244      53016.1      233.522       53016.146
       10297.330      53593.9      234.870       53593.949
       10298.416      53427.9      234.651       53427.940
       10299.502      53110.0      234.122       53110.018
       10300.588      53206.1      234.247       53206.099
       10301.674      53440.3      234.352       53440.276
       10302.760      53364.6      234.171       53364.566
       10303.846      53125.7      233.574       53125.732
       10304.932      52767.7      232.589       52767.700
       10306.018      52352.5      231.744       52352.540
       10307.104      52943.1      233.280       52943.108
       10308.190      52932.6      233.091       52932.608
       10309.276      52627.3      232.667       52627.316
       10310.362      52883.6      233.482       52883.610
       10311.448      52802.9      233.029       52802.898
       10312.534      52793.8      233.123       52793.749
       10313.620      52725.6      232.910       52725.572
       10314.706      53004.4      233.616       53004.371
       10315.792      53000.8      233.717       53000.780
       10316.878      52916.0      233.520       52915.952
       10317.964      52525.8      232.492       52525.833
       10319.050      51017.0      229.484       51017.040
       10320.136      49754.9      226.646       49754.936
       10321.222      51518.4      230.372       51518.409
       10322.308      52641.4      232.391       52641.419
       10323.394      52920.4      233.458       52920.407
       10324.480      52974.3      233.117       52974.284
       10325.566      52905.5      233.035       52905.536
       10326.652      52364.1      231.929       52364.129
       10327.738      50971.5      228.978       50971.506
       10328.824      48688.7      223.510       48688.684
       10329.910      48475.5      223.506       48475.474
       10330.995      50211.4      226.793       50211.365
       10332.081      51945.1      231.000       51945.064
       10333.167      52538.0      232.348       52538.032
       10334.253      52621.1      232.426       52621.084
       10335.339      52591.4      232.166       52591.362
       10336.425      52785.2      232.701       52785.169
       10337.511      53117.0      233.571       53116.977
       10338.597      52932.4      233.262       52932.432
       10339.683      53034.0      233.599       53033.969
       10340.769      53245.4      234.313       53245.407
       10341.855      53676.2      235.159       53676.209
       10342.941      53828.0      235.591       53828.013
       10344.027      53152.0      233.899       53151.956
       10345.113      52672.7      232.813       52672.745
       10346.199      52721.0      232.938       52720.979
       10347.285      53223.4      234.287       53223.450
       10348.371      53167.8      234.097       53167.765
       10349.457      53232.3      234.233       53232.294
       10350.543      53698.1      235.506       53698.085
       10351.629      53833.5      235.684       53833.518
       10352.715      53768.2      235.110       53768.206
       10353.801      53438.7      234.497       53438.742
       10354.887      53103.3      233.996       53103.315
       10355.973      53300.3      234.654       53300.263
       10357.059      53760.5      235.527       53760.547
       10358.145      53632.5      234.924       53632.472
       10359.231      53645.7      234.750       53645.675
       10360.317      54021.4      235.677       54021.450
       10361.403      54058.0      235.690       54058.045
       10362.489      53773.2      235.312       53773.220
       10363.575      53861.6      235.356       53861.586
       10364.661      54162.5      236.295       54162.480
       10365.747      53906.2      235.587       53906.240
       10366.833      53871.5      235.340       53871.542
       10367.919      53784.9      235.187       53784.884
       10369.005      53581.4      234.623       53581.417
       10370.090      53889.3      235.173       53889.256
       10371.176      53843.3      235.315       53843.281
       10372.262      53049.9      233.722       53049.938
       10373.348      52845.8      233.932       52845.798
       10374.434      53139.5      234.614       53139.480
       10375.520      53105.2      234.307       53105.245
       10376.606      52800.9      233.672       52800.951
       10377.692      53827.8      236.000       53827.776
       10378.778      54645.6      237.077       54645.553
       10379.864      54232.2      236.102       54232.237
       10380.950      54012.4      235.804       54012.396
       10382.036      54312.1      236.465       54312.115
       10383.122      54847.0      237.554       54846.963
       10384.208      54523.3      237.068       54523.337
       10385.294      54595.9      237.236       54595.923
       10386.380      54333.0      236.422       54333.005
       10387.466      54547.7      237.017       54547.669
       10388.552      54405.3      236.705       54405.263
       10389.638      54553.6      236.912       54553.608
       10390.724      54625.2      237.225       54625.231
       10391.810      54142.0      235.886       54141.999
       10392.896      54548.1      236.828       54548.141
       10393.982      54677.4      237.113       54677.408
       10395.068      54521.1      236.783       54521.057
       10396.154      54604.5      236.968       54604.534
       10397.240      54778.9      237.656       54778.898
       10398.326      54018.2      235.807       54018.250
       10399.412      54977.6      238.140       54977.565
       10400.498      55044.9      238.541       55044.936
       10401.584      54973.3      238.114       54973.349
       10402.670      55593.8      239.498       55593.805
       10403.756      55469.5      239.159       55469.535
       10404.842      55131.2      238.681       55131.225
       10405.928      55287.0      238.766       55287.036
       10407.014      55235.0      238.650       55234.964
       10408.100      55559.8      239.410       55559.810
       10409.186      55653.4      239.507       55653.399
       10410.271      55143.0      238.132       55143.040
       10411.357      55496.9      239.075       55496.871
       10412.443      55751.5      239.527       55751.499
       10413.529      55464.2      239.201       55464.251
       10414.615      55801.5      239.850       55801.455
       10415.701      55635.3      239.285       55635.305
       10416.787      55503.7      239.042       55503.695
       10417.873      55511.0      239.425       55510.997
       10418.959      55247.0      239.096       55247.029
       10420.045      55865.1      240.348       55865.056
       10421.131      55793.7      240.105       55793.714
       10422.217      55769.6      240.298       55769.564
       10423.303      55848.0      240.019       55847.991
       10424.389      55719.8      239.549       55719.848
       10425.475      56287.4      240.736       56287.447
       10426.561      55820.9      239.669       55820.931
       10427.647      56113.7      240.134       56113.670
       10428.733      56141.2      240.567       56141.211
       10429.819      55699.1      239.363       55699.120
       10430.905      55805.8      239.390       55805.840
       10431.991      55739.0      239.402       55739.038
       10433.077      56122.2      240.480       56122.151
       10434.163      55847.7      240.001       55847.730
       10435.249      55624.1      239.280       55624.125
       10436.335      55518.9      238.988       55518.880
       10437.421      55651.3      239.398       55651.257
       10438.507      55856.1      239.720       55856.068
       10439.593      56325.3      240.807       56325.333
       10440.679      56093.9      240.299       56093.889
       10441.765      55574.9      239.369       55574.935
       10442.851      55662.3      239.563       55662.302
       10443.937      55723.7      239.631       55723.658
       10445.023      54940.6      237.853       54940.570
       10446.109      56307.4      240.821       56307.360
       10447.195      56260.3      240.546       56260.305
       10448.281      55907.3      239.859       55907.254
       10449.367      55505.8      239.058       55505.843
       10450.452      56057.7      240.261       56057.681
       10451.538      55886.4      239.784       55886.432
       10452.624      56094.4      240.428       56094.396
       10453.710      55469.0      239.040       55468.954
       10454.796      54779.1      237.363       54779.125
       10455.882      52716.9      233.047       52716.920
       10456.968      49421.1      225.768       49421.090
       10458.054      48899.5      224.122       48899.548
       10459.140      50750.4      228.435       50750.437
       10460.226      51533.5      230.021       51533.477
       10461.312      50845.1      228.704       50845.059
       10462.398      52739.9      232.958       52739.876
       10463.484      54436.0      236.295       54435.952
       10464.570      54959.7      237.589       54959.662
       10465.656      55332.9      238.431       55332.860
       10466.742      55758.0      239.572       55757.998
       10467.828      55068.4      237.904       55068.411
       10468.914      55445.6      239.139       55445.617
       10470.000      54851.9      237.697       54851.898
       10471.086      54915.0      237.890       54915.031
       10472.172      54916.0      237.811       54915.991
       10473.258      54832.6      237.740       54832.613
       10474.344      54865.8      237.285       54865.827
       10475.430      55226.6      238.005       55226.610
       10476.516      55310.4      238.251       55310.398
       10477.602      55012.1      237.480       55012.121
       10478.688      55424.4      238.411       55424.393
       10479.774      55206.2      237.621       55206.217
       10480.860      55115.2      237.641       55115.203
       10481.946      55279.4      237.759       55279.357
       10483.032      54729.8      237.200       54729.845
       10484.118      55280.6      238.392       55280.555
       10485.204      55055.7      238.070       55055.723
       10486.290      54612.9      236.526       54612.858
       10487.376      54724.8      236.739       54724.777
       10488.462      54397.5      235.760       54397.521
       10489.548      54734.7      237.176       54734.720
       10490.633      54972.7      237.553       54972.700
       10491.719      55061.2      237.909       55061.225
       10492.805      54521.7      236.996       54521.673
       10493.891      54581.3      237.123       54581.307
       10494.977      54606.7      236.973       54606.744
       10496.063      55075.8      237.920       55075.794
       10497.149      54807.4      237.231       54807.424
       10498.235      54738.9      237.412       54738.873
       10499.321      54633.8      237.119       54633.772
       10500.407      54637.2      236.711       54637.150
       10501.493      53995.5      235.649       53995.459
       10502.579      54188.1      236.185       54188.063
       10503.665      53744.1      234.981       53744.116
       10504.751      54315.0      236.227       54315.035
       10505.837      54456.8      236.404       54456.837
       10506.923      54812.7      237.586       54812.686
       10508.009      54208.3      236.200       54208.330
       10509.095      54485.2      236.680       54485.179
       10510.181      54652.6      236.992       54652.647
       10511.267      54976.1      237.733       54976.076
       10512.353      54234.3      236.143       54234.279
       10513.439      53982.5      235.824       53982.516
       10514.525      53931.3      235.469       53931.329
       10515.611      53912.6      235.354       53912.554
       10516.697      53886.0      235.240       53886.026
       10517.783      53430.6      234.583       53430.575
       10518.869      53810.6      235.299       53810.573
       10519.955      54197.5      236.290       54197.513
       10521.041      53837.9      235.425       53837.887
       10522.127      52499.2      232.747       52499.208
       10523.213      52901.3      233.232       52901.333
       10524.299      53747.0      235.324       53746.959
       10525.385      54015.8      235.805       54015.847
       10526.471      54299.4      236.674       54299.404
       10527.557      53960.4      235.861       53960.443
       10528.643      54018.9      236.213       54018.921
       10529.729      54057.8      235.993       54057.830
       10530.814      53575.7      234.810       53575.701
       10531.900      53788.4      234.976       53788.417
       10532.986      53741.4      235.116       53741.450
       10534.072      53735.4      235.059       53735.384
       10535.158      53732.6      235.301       53732.565
       10536.244      54215.1      236.060       54215.050
       10537.330      54091.6      236.068       54091.636
       10538.416      54192.1      236.148       54192.100
       10539.502      53828.8      235.213       53828.780
       10540.588      53928.3      235.444       53928.281
       10541.674      53461.4      234.598       53461.352
       10542.760      53045.5      233.779       53045.491
       10543.846      53686.1      234.788       53686.122
       10544.932      53699.3      234.992       53699.268
       10546.018      53561.5      235.014       53561.486
       10547.104      54314.4      236.532       54314.365
       10548.190      54248.8      236.349       54248.831
       10549.276      54586.6      237.257       54586.625
       10550.362      54236.0      236.357       54236.041
       10551.448      54200.3      236.330       54200.298
       10552.534      54828.5      237.851       54828.511
       10553.620      54365.2      236.666       54365.164
       10554.706      54355.0      236.484       54354.991
       10555.792      54114.0      235.695       54114.030
       10556.878      54237.3      236.175       54237.278
       10557.964      54456.1      236.585       54456.055
       10559.050      53915.0      235.547       53915.033
       10560.136      53748.2      235.190       53748.156
       10561.222      54199.3      236.261       54199.260
       10562.308      54463.7      236.682       54463.687
       10563.394      55028.9      238.092       55028.926
       10564.480      54518.7      236.745       54518.653
       10565.566      54684.4      237.236       54684.445
       10566.652      54958.0      237.933       54958.027
       10567.738      54504.1      236.946       54504.091
       10568.824      54573.1      236.925       54573.077
       10569.910      54634.1      236.745       54634.132
       10570.995      54542.2      236.828       54542.153
       10572.081      54298.2      236.388       54298.203
       10573.167      54340.9      236.232       54340.895
       10574.253      54608.0      237.012       54608.036
       10575.339      54518.9      237.145       54518.885
       10576.425      54787.6      237.215       54787.650
       10577.511      54849.5      237.635       54849.453
       10578.597      54744.9      237.826       54744.869
       10579.683      55087.9      238.364       55087.934
       10580.769      54671.8      237.225       54671.831
       10581.855      54092.6      235.966       54092.622
       10582.941      53853.4      235.422       53853.421
       10584.027      53556.4      234.767       53556.435
       10585.113      53378.3      234.497       53378.280
       10586.199      51520.6      230.321       51520.636
       10587.285      50084.3      227.257       50084.299
       10588.371      52266.1      232.322       52266.052
       10589.457      54552.0      237.201       54551.971
       10590.543      55099.8      238.113       55099.835
       10591.629      55501.3      239.143       55501.339
       10592.715      55556.4      239.174       55556.350
       10593.801      55104.5      238.155       55104.467
       10594.887      55081.9      238.113       55081.885
       10595.973      55411.1      238.832       55411.150
       10597.059      55455.3      238.908       55455.299
       10598.145      54990.4      238.215       54990.398
       10599.231      54874.5      237.871       54874.549
       10600.317      55291.5      238.636       55291.478
       10601.403      54512.0      237.127       54512.022
       10602.489      52863.8      233.661       52863.843
       10603.575      53205.7      234.359       53205.696
       10604.661      52872.1      233.462       52872.088
       10605.747      52406.4      232.361       52406.403
       10606.833      53633.6      234.982       53633.602
       10607.919      55101.2      238.165       55101.194
       10609.005      55504.6      239.092       55504.644
       10610.090      55294.1      238.436       55294.148
       10611.176      54844.1      237.696       54844.073
       10612.262      55283.4      238.681       55283.440
       10613.348      54633.1      237.180       54633.105
       10614.434      54887.6      237.765       54887.606
       10615.520      55273.5      238.652       55273.547
       10616.606      55054.4      238.006       55054.366
       10617.692      55339.9      238.652       55339.913
       10618.778      55355.4      238.643       55355.413
       10619.864      55282.6      238.718       55282.585
       10620.950      55295.4      238.817       55295.380
       10622.036      55397.6      238.760       55397.613
       10623.122      55354.9      238.867       55354.945
       10624.208      55238.2      238.687       55238.165
       10625.294      54620.0      237.116       54619.996
       10626.380      54606.4      236.703       54606.374
       10627.466      53266.6      234.028       53266.576
       10628.552      50950.3      229.024       50950.301
       10629.638      52679.9      232.639       52679.918
       10630.724      54782.0      237.133       54781.988
       10631.810      55482.4      238.823       55482.437
       10632.896      55477.3      238.634       55477.260
       10633.982      55260.8      238.303       55260.843
       10635.068      54677.5      237.370       54677.518
       10636.154      54319.8      236.504       54319.848
       10637.240      54026.1      235.756       54026.079
       10638.326      53706.6      235.206       53706.574
       10639.412      54570.7      237.161       54570.684
       10640.498      54538.4      236.894       54538.359
       10641.584      54633.4      237.147       54633.439
       10642.670      54604.7      233.293       54604.736
       10643.756      54630.5      237.108       54630.519
       10644.842      54614.0      237.102       54614.044
       10645.928      54656.2      237.292       54656.152
       10647.014      54540.3      237.125       54540.270
       10648.100      52253.8      231.970       52253.789
       10649.186      53256.7      234.020       53256.652
       10650.271      54406.4      236.462       54406.404
       10651.357      53469.2      234.428       53469.169
       10652.443      52610.5      232.707       52610.487
       10653.529      53603.0      234.818       53602.951
       10654.615      53535.6      234.638       53535.587
       10655.701      54029.3      235.814       54029.313
       10656.787      53474.1      234.440       53474.128
       10657.873      53335.1      234.412       53335.057
       10658.959      53832.2      235.441       53832.172
       10660.045      53386.0      234.248       53386.007
       10661.131      52362.0      232.322       52362.047
       10662.217      50483.6      228.159       50483.600
       10663.303      50521.1      228.276       50521.147
       10664.389      51267.3      229.973       51267.311
       10665.475      51774.2      230.974       51774.200
       10666.561      52953.6      233.401       52953.595
       10667.647      53749.9      235.115       53749.935
       10668.733      52743.4      232.902       52743.386
       10669.819      52596.5      232.799       52596.537
       10670.905      52790.6      233.293       52790.583
       10671.991      52476.5      232.656       52476.542
       10673.077      53357.0      234.246       53356.967
       10674.163      52969.5      233.355       52969.498
       10675.249      53226.7      234.230       53226.674
       10676.335      53347.4      234.670       53347.437
       10677.421      52845.3      233.306       52845.295
       10678.507      53187.6      234.153       53187.636
       10679.593      52773.9      233.288       52773.946
       10680.679      52388.5      232.377       52388.513
       10681.765      52698.1      233.001       52698.125
       10682.851      51781.3      231.174       51781.334
       10683.937      47980.5      222.375       47980.501
       10685.023      44193.3      213.759       44193.328
       10686.109      44368.8      214.031       44368.844
       10687.195      45180.2      216.324       45180.186
       10688.281      48668.3      224.028       48668.341
       10689.367      49811.4      226.654       49811.355
       10690.452      49520.4      225.904       49520.431
       10691.538      46462.6      219.110       46462.573
       10692.624      42829.4      210.758       42829.393
       10693.710      44060.8      213.480       44060.773
       10694.796      47175.4      220.560       47175.378
       10695.882      47695.3      221.605       47695.261
       10696.968      48962.0      225.047       48961.999
       10698.054      50512.4      228.500       50512.399
       10699.140      51090.5      229.610       51090.489
       10700.226      50977.3      229.728       50977.255
       10701.312      51218.3      229.817       51218.330
       10702.398      51001.3      229.496       51001.332
       10703.484      51543.4      230.684       51543.367
       10704.570      50817.6      229.066       50817.560
       10705.656      50614.5      228.816       50614.533
       10706.742      50537.8      228.406       50537.766
       10707.828      48353.3      223.401       48353.269
       10708.914      45603.3      217.421       45603.282
       10710.000      46948.7      220.568       46948.713
       10711.086      48504.4      224.191       48504.388
       10712.172      49508.4      226.438       49508.369
       10713.258      48523.2      224.246       48523.245
       10714.344      49796.5      226.966       49796.460
       10715.430      49930.0      226.989       49929.980
       10716.516      50128.1      227.414       50128.135
       10717.602      50546.2      228.576       50546.212
       10718.688      50140.7      227.584       50140.731
       10719.774      50502.1      228.229       50502.062
       10720.860      50232.1      227.715       50232.064
       10721.946      49567.6      226.155       49567.609
       10723.032      50074.3      227.415       50074.302
       10724.118      49409.4      225.558       49409.404
       10725.204      49184.8      225.375       49184.802
       10726.290      49743.0      226.614       49743.038
       10727.376      48601.7      224.059       48601.695
       10728.462      46652.4      219.831       46652.358
       10729.548      45113.3      216.408       45113.333
       10730.633      43748.7      213.291       43748.722
       10731.719      43705.7      212.771       43705.707
       10732.805      46488.0      219.160       46487.953
       10733.891      47691.8      221.949       47691.806
       10734.977      49268.8      225.571       49268.756
       10736.063      49203.9      225.410       49203.903
       10737.149      48384.5      223.504       48384.507
       10738.235      47570.5      221.344       47570.507
       10739.321      48458.7      223.479       48458.701
       10740.407      48480.3      223.783       48480.332
       10741.493      48190.0      223.322       48189.956
       10742.579      47581.6      222.252       47581.637
       10743.665      45327.9      216.472       45327.859
       10744.751      47773.9      222.068       47773.947
       10745.837      47669.7      221.498       47669.742
       10746.923      47972.7      222.485       47972.746
       10748.009      47794.6      222.017       47794.564
       10749.095      47769.5      221.651       47769.481
       10750.181      46113.4      218.142       46113.411
       10751.267      45040.0      215.979       45040.008
       10752.353      46504.0      219.666       46504.024
       10753.439      47566.5      222.070       47566.500
       10754.525      47090.8      220.838       47090.763
       10755.611      46678.2      219.940       46678.178
       10756.697      47450.4      221.248       47450.365
       10757.783      47837.0      222.369       47837.021
       10758.869      48131.9      222.796       48131.921
       10759.955      48378.1      223.410       48378.134
       10761.041      47968.4      222.664       47968.422
       10762.127      47723.5      221.776       47723.494
       10763.213      47614.9      221.562       47614.871
       10764.299      48351.2      223.257       48351.186
       10765.385      47703.8      221.755       47703.779
       10766.471      47969.1      222.456       47969.097
       10767.557      47935.6      222.637       47935.622
       10768.643      48197.4      223.050       48197.427
       10769.729      48654.2      223.932       48654.241
       10770.814      48176.7      223.040       48176.717
       10771.900      48286.6      223.349       48286.613
       10772.986      47694.6      222.127       47694.619
       10774.072      47770.3      222.433       47770.330
       10775.158      48065.6      223.189       48065.645
       10776.244      48297.8      223.490       48297.808
       10777.330      48240.5      222.975       48240.494
       10778.416      48565.2      223.803       48565.175
       10779.502      48137.3      223.064       48137.280
       10780.588      48337.9      223.162       48337.882
       10781.674      48314.3      223.575       48314.258
       10782.760      48289.3      223.662       48289.290
       10783.846      48603.4      224.055       48603.363
       10784.932      48216.2      222.962       48216.195
       10786.018      48207.1      222.840       48207.066
       10787.104      47335.5      221.050       47335.512
       10788.190      46671.1      219.849       46671.090
       10789.276      45968.1      217.905       45968.099
       10790.362      47198.7      220.595       47198.686
       10791.448      48741.6      224.143       48741.628
       10792.534      48844.5      224.747       48844.516
       10793.620      48324.5      223.019       48324.497
       10794.706      48572.1      223.803       48572.077
       10795.792      48608.6      223.818       48608.631
       10796.878      48679.8      224.003       48679.771
       10797.964      49267.6      225.216       49267.588
       10799.050      48841.8      224.292       48841.837
       10800.136      48733.7      224.221       48733.663
       10801.222      48376.9      223.599       48376.949
       10802.308      48305.5      223.215       48305.488
       10803.394      48381.6      223.432       48381.558
       10804.480      48662.0      224.252       48661.996
       10805.566      49072.7      225.042       49072.702
       10806.652      48924.0      224.489       48924.023
       10807.738      49079.8      224.785       49079.786
       10808.824      48842.4      224.617       48842.412
       10809.910      49070.6      224.849       49070.629
       10810.995      48132.3      222.682       48132.311
       10812.081      46539.5      219.340       46539.468
       10813.167      45806.7      217.398       45806.691
       10814.253      47007.3      220.439       47007.253
       10815.339      48072.2      222.696       48072.168
       10816.425      49288.9      225.490       49288.950
       10817.511      49183.9      225.093       49183.936
       10818.597      49074.7      224.943       49074.656
       10819.683      49427.1      225.871       49427.103
       10820.769      49605.7      226.435       49605.675
       10821.855      49587.2      226.046       49587.242
       10822.941      49250.8      225.534       49250.842
       10824.027      49477.6      225.432       49477.625
       10825.113      49444.7      225.371       49444.744
       10826.199      49070.5      224.854       49070.472
       10827.285      47854.2      222.423       47854.152
       10828.371      45508.6      217.149       45508.622
       10829.457      45136.3      216.373       45136.284
       10830.543      47225.9      221.356       47225.912
       10831.629      48544.2      225.019       48544.166
       10832.715      48663.8      225.389       48663.761
       10833.801      48618.9      225.233       48618.885
       10834.887      48168.3      224.312       48168.329
       10835.973      48853.2      225.045       48853.226
       10837.059      49371.5      225.487       49371.470
       10838.145      49805.1      226.508       49805.144
       10839.231      49964.4      227.122       49964.446
       10840.317      49939.8      226.976       49939.750
       10841.403      49645.2      226.437       49645.247
       10842.489      49902.9      227.163       49902.945
       10843.575      49501.7      226.000       49501.659
       10844.661      48355.2      223.398       48355.158
       10845.747      47435.2      221.395       47435.187
       10846.833      48517.4      223.944       48517.438
       10847.919      49193.3      225.165       49193.339
       10849.005      49597.9      226.082       49597.887
       10850.090      49754.5      226.590       49754.471
       10851.176      49277.2      225.562       49277.209
       10852.262      49210.7      225.140       49210.673
       10853.348      49596.6      225.941       49596.602
       10854.434      49713.3      226.201       49713.338
       10855.520      49658.6      225.684       49658.628
       10856.606      49678.4      226.436       49678.393
       10857.692      49295.9      225.397       49295.911
       10858.778      49197.8      224.849       49197.758
       10859.864      48476.8      223.491       48476.764
       10860.950      47548.5      221.537       47548.456
       10862.036      47152.1      220.043       47152.091
       10863.122      47421.3      221.060       47421.255
       10864.208      47591.7      221.556       47591.747
       10865.294      48386.3      223.451       48386.306
       10866.380      48372.2      223.213       48372.178
       10867.466      48096.3      222.278       48096.319
       10868.552      48555.7      223.560       48555.715
       10869.638      46494.7      219.010       46494.695
       10870.724      43986.4      213.052       43986.351
       10871.810      43573.7      211.942       43573.711
       10872.896      45877.4      217.516       45877.435
       10873.982      47262.0      220.521       47261.979
       10875.068      48368.6      223.040       48368.605
       10876.154      47909.9      222.064       47909.926
       10877.240      48116.5      222.398       48116.518
       10878.326      48323.6      223.113       48323.618
       10879.412      48148.8      222.666       48148.800
       10880.498      48206.8      222.826       48206.780
       10881.584      47945.1      222.032       47945.058
       10882.670      47702.0      221.581       47701.997
       10883.756      47246.3      220.853       47246.267
       10884.842      46898.8      219.974       46898.839
       10885.928      46420.6      218.765       46420.612
       10887.014      46023.8      217.739       46023.826
       10888.100      46337.4      218.807       46337.436
       10889.186      46600.9      219.151       46600.862
       10890.271      46964.4      220.016       46964.388
       10891.357      46659.4      219.251       46659.361
       10892.443      46820.3      219.792       46820.342
       10893.529      46734.1      219.698       46734.086
       10894.615      46589.7      219.176       46589.685
       10895.701      46470.4      218.656       46470.361
       10896.787      46290.6      218.496       46290.550
       10897.873      46230.6      218.428       46230.609
       10898.959      46366.5      219.016       46366.482
       10900.045      46118.4      218.222       46118.449
       10901.131      45789.3      217.328       45789.258
       10902.217      45060.8      215.568       45060.785
       10903.303      44836.0      215.357       44835.973
       10904.389      45018.1      215.584       45018.060
       10905.475      44912.3      215.400       44912.345
       10906.561      44938.9      215.353       44938.934
       10907.647      45038.1      215.735       45038.092
       10908.733      45078.3      215.595       45078.284
       10909.819      45038.4      215.354       45038.415
       10910.905      44450.0      214.192       44450.048
       10911.991      44091.3      213.487       44091.280
       10913.077      43952.5      212.906       43952.530
       10914.163      42616.9      209.506       42616.917
       10915.249      39817.1      202.944       39817.147
       10916.335      37639.4      197.712       37639.373
       10917.421      38322.6      199.104       38322.587
       10918.507      40756.3      205.532       40756.280
       10919.593      41819.5      207.772       41819.490
       10920.679      42205.4      208.994       42205.398
       10921.765      41785.1      208.049       41785.126
       10922.851      40985.1      206.187       40985.050
       10923.937      40002.2      203.898       40002.191
       10925.023      39167.4      202.007       39167.412
       10926.109      38703.2      200.772       38703.223
       10927.195      38668.0      200.720       38667.991
       10928.281      38132.2      199.122       38132.205
       10929.367      38413.6      199.410       38413.581
       10930.452      38250.7      198.691       38250.680
       10931.538      37625.4      197.395       37625.388
       10932.624      36590.3      194.566       36590.325
       10933.710      35742.2      192.223       35742.239
       10934.796      35105.9      190.881       35105.945
       10935.882      33822.6      187.386       33822.615
       10936.968      32411.0      183.085       32410.994
       10938.054      30250.5      177.562       30250.487
       10939.140      28175.8      171.280       28175.761
       10940.226      27575.8      169.613       27575.791
       10941.312      28589.7      172.668       28589.683
       10942.398      30440.2      178.188       30440.212
       10943.484      32282.0      182.944       32282.020
       10944.570      33437.5      186.270       33437.486
       10945.656      34388.8      188.846       34388.813
       10946.742      34958.6      190.587       34958.566
       10947.828      35511.4      192.078       35511.367
       10948.914      36426.8      194.832       36426.805
       10950.000      37135.8      196.303       37135.787
       10951.086      37798.2      197.732       37798.229
       10952.172      37760.3      197.815       37760.274
       10953.258      37927.7      198.481       37927.684
       10954.344      38348.2      199.243       38348.228
       10955.430      39156.7      201.459       39156.654
       10956.516      39235.1      201.504       39235.134
       10957.602      38937.0      200.833       38936.998
       10958.688      39114.8      201.342       39114.838
       10959.774      39181.6      201.275       39181.552
       10960.860      40024.9      203.632       40024.858
       10961.946      40370.2      204.288       40370.166
       10963.032      40144.6      195.747       40144.570
       10964.118      41329.8      206.506       41329.758
       10965.204      41746.6      207.344       41746.552
       10966.290      41540.9      207.054       41540.924
       10967.376      41194.5      206.089       41194.540
       10968.462      41744.3      207.391       41744.260
       10969.548      42204.9      208.625       42204.906
       10970.633      42819.1      210.151       42819.087
       10971.719      43418.4      211.844       43418.356
       10972.805      43246.2      211.894       43246.228
       10973.891      43013.5      211.251       43013.459
       10974.977      43005.8      211.478       43005.791
       10976.063      42695.7      210.143       42695.705
       10977.149      42271.9      209.404       42271.876
       10978.235      42641.3      210.268       42641.349
       10979.321      42566.5      209.771       42566.467
       10980.407      42122.5      209.071       42122.531
       10981.493      41877.7      208.524       41877.712
       10982.579      42382.7      209.508       42382.694
       10983.665      42324.1      209.022       42324.095
       10984.751      42369.8      209.306       42369.770
       10985.837      43040.0      210.711       43039.964
       10986.923      43060.9      210.625       43060.942
       10988.009      43016.2      210.505       43016.193
       10989.095      43885.1      212.572       43885.150
       10990.181      44269.9      213.325       44269.905
       10991.267      44629.0      214.506       44629.040
       10992.353      44641.1      214.486       44641.132
       10993.439      44026.9      212.912       44026.861
       10994.525      42715.6      209.798       42715.612
       10995.611      41904.3      207.825       41904.278
       10996.697      42100.9      208.589       42100.891
       10997.783      42458.3      209.368       42458.324
       10998.869      43129.1      210.860       43129.111
       10999.955      44636.1      214.467       44636.117
       11001.041      45439.6      216.451       45439.641
       11002.127      45143.8      215.861       45143.772
       11003.213      44618.5      214.431       44618.481
       11004.299      44004.3      213.019       44004.286
       11005.385      44319.4      213.949       44319.398
       11006.471      44983.4      215.398       44983.396
       11007.557      45219.3      216.271       45219.257
       11008.643      44480.3      214.361       44480.339
       11009.729      43937.1      213.361       43937.136
       11010.814      44040.9      213.146       44040.884
       11011.900      45195.0      215.959       45195.034
       11012.986      45196.3      215.587       45196.279
       11014.072      44970.7      215.254       44970.716
       11015.158      44721.4      214.822       44721.354
       11016.244      44747.3      215.103       44747.305
       11017.330      44206.6      213.768       44206.576
       11018.416      42847.2      210.374       42847.185
       11019.502      42181.4      208.802       42181.424
       11020.588      42962.0      211.169       42961.959
       11021.674      44397.1      214.144       44397.126
       11022.760      44952.0      215.211       44952.016
       11023.846      44951.3      215.299       44951.322
       11024.932      44651.2      214.535       44651.169
       11026.018      44282.9      213.895       44282.877
       11027.104      43298.0      211.916       43298.026
       11028.190      43290.2      211.759       43290.171
       11029.276      44260.0      214.038       44259.997
       11030.362      44727.4      215.287       44727.392
       11031.448      45362.3      216.768       45362.270
       11032.534      45276.3      216.228       45276.262
       11033.620      45074.7      215.528       45074.727
       11034.706      45154.6      215.637       45154.644
       11035.792      45917.5      217.556       45917.477
       11036.878      46539.6      219.251       46539.603
       11037.964      46466.2      218.974       46466.199
       11039.050      46033.0      218.007       46033.012
       11040.136      45160.8      216.151       45160.793
       11041.222      44227.2      213.673       44227.198
       11042.308      43495.6      211.886       43495.610
       11043.394      43665.9      212.102       43665.910
       11044.480      44501.4      214.263       44501.429
       11045.566      45241.2      216.032       45241.212
       11046.652      45317.4      216.097       45317.350
       11047.738      45884.5      217.297       45884.496
       11048.824      46033.2      217.808       46033.247
       11049.910      45979.5      217.450       45979.462
       11050.995      46083.0      218.013       46083.020
       11052.081      45853.8      217.351       45853.827
       11053.167      45452.0      216.581       45451.981
       11054.253      44618.2      214.622       44618.167
       11055.339      44510.5      214.329       44510.487
       11056.425      44953.0      215.152       44953.005
       11057.511      44912.4      215.023       44912.393
       11058.597      44532.4      214.203       44532.416
       11059.683      44025.7      213.080       44025.746
       11060.769      43447.5      211.796       43447.467
       11061.855      43151.2      211.057       43151.232
       11062.941      43013.6      210.918       43013.622
       11064.027      43303.2      211.562       43303.246
       11065.113      43714.3      212.762       43714.290
       11066.199      44256.4      213.700       44256.385
       11067.285      45535.2      216.755       45535.246
       11068.371      46137.5      218.279       46137.517
       11069.457      46039.9      218.262       46039.922
       11070.543      45607.9      217.112       45607.915
       11071.629      45730.4      217.191       45730.384
       11072.715      45926.5      217.613       45926.519
       11073.801      46127.8      217.979       46127.803
       11074.887      46217.8      218.777       46217.785
       11075.973      45627.1      217.158       45627.139
       11077.059      45412.9      216.961       45412.878
       11078.145      44898.8      215.332       44898.831
       11079.231      43996.0      213.039       43996.043
       11080.317      43033.6      210.895       43033.614
       11081.403      43500.7      211.918       43500.710
       11082.489      43670.0      212.384       43670.030
       11083.575      43657.9      212.660       43657.868
       11084.661      43785.8      212.722       43785.809
       11085.747      43189.0      211.207       43189.013
       11086.833      43389.8      211.877       43389.844
       11087.919      44270.4      214.088       44270.439
       11089.005      45102.5      215.796       45102.457
       11090.090      45484.9      216.859       45484.859
       11091.176      44835.6      215.415       44835.589
       11092.262      44120.1      213.333       44120.139
       11093.348      44465.2      214.351       44465.241
       11094.434      44866.5      215.130       44866.481
       11095.520      45062.6      215.659       45062.564
       11096.606      44537.0      214.486       44536.992
       11097.692      44411.4      214.255       44411.359
       11098.778      45189.2      215.991       45189.179
       11099.864      45327.9      216.189       45327.941
       11100.950      45396.4      216.548       45396.450
       11102.036      45092.4      215.625       45092.376
       11103.122      43228.7      211.514       43228.723
       11104.208      40490.7      204.851       40490.700
       11105.294      40359.9      204.220       40359.944
       11106.380      41240.6      206.359       41240.626
       11107.466      41479.3      207.067       41479.291
       11108.552      42494.6      209.734       42494.638
       11109.638      42778.8      210.253       42778.838
       11110.724      41648.8      207.482       41648.810
       11111.810      40815.0      205.651       40815.005
       11112.896      39478.4      202.095       39478.437
       11113.982      38543.2      199.933       38543.243
       11115.068      39387.6      201.654       39387.632
       11116.154      40917.8      206.489       40917.752
       11117.240      43786.4      212.724       43786.384
       11118.326      44515.8      214.304       44515.801
       11119.412      43921.5      213.101       43921.459
       11120.498      43543.0      212.151       43542.973
       11121.584      42546.4      209.880       42546.436
       11122.670      42341.1      209.517       42341.144
       11123.756      41736.4      207.829       41736.381
       11124.842      41804.3      208.085       41804.273
       11125.928      42428.7      209.589       42428.704
       11127.014      41125.3      206.143       41125.287
       11128.100      38072.5      198.746       38072.462
       11129.186      36222.6      194.039       36222.637
       11130.271      35180.4      191.308       35180.357
       11131.357      34459.2      189.108       34459.154
       11132.443      35915.9      192.806       35915.938
       11133.529      37916.1      198.147       37916.088
       11134.615      37115.4      195.911       37115.427
       11135.701      35315.3      191.760       35315.302
       11136.787      34676.3      190.005       34676.265
       11137.873      35810.7      193.002       35810.660
       11138.959      38733.1      200.401       38733.049
       11140.045      40991.2      205.848       40991.213
       11141.131      41264.0      206.069       41264.014
       11142.217      41402.4      206.801       41402.398
       11143.303      41977.5      208.221       41977.495
       11144.389      41400.4      206.994       41400.402
       11145.475      40577.2      204.653       40577.179
       11146.561      39698.2      202.690       39698.202
       11147.647      38987.7      200.823       38987.726
       11148.733      34038.9      188.102       34038.934
       11149.819      27501.0      169.700       27500.993
       11150.905      28646.0      173.019       28645.998
       11151.991      32456.0      183.834       32455.960
       11153.077      33244.5      186.040       33244.532
       11154.163      34940.1      190.593       34940.080
       11155.249      37275.6      196.522       37275.629
       11156.335      37391.2      196.899       37391.189
       11157.421      37404.1      196.818       37404.146
       11158.507      37208.2      196.192       37208.247
       11159.593      36370.8      194.346       36370.825
       11160.679      32879.6      185.028       32879.571
       11161.765      28454.6      172.721       28454.572
       11162.851      24174.6      159.259       24174.586
       11163.937      20953.8      148.800       20953.798
       11165.023      21262.0      149.972       21261.960
       11166.109      22619.0      154.193       22619.044
       11167.195      25501.1      163.707       25501.102
       11168.281      30753.6      179.015       30753.578
       11169.367      32813.7      184.394       32813.692
       11170.452      30269.1      177.228       30269.146
       11171.538      27121.6      168.563       27121.578
       11172.624      25850.0      164.385       25849.983
       11173.710      26425.0      166.408       26424.959
       11174.796      32097.9      182.240       32097.942
       11175.882      35730.0      192.470       35730.006
       11176.968      36699.1      195.101       36699.053
       11178.054      35717.0      192.448       35717.029
       11179.140      34250.0      188.528       34250.038
       11180.226      32083.6      182.704       32083.608
       11181.312      26849.3      167.739       26849.260
       11182.398      25057.1      162.239       25057.085
       11183.484      29057.2      174.055       29057.248
       11184.570      32509.2      183.594       32509.151
       11185.656      32104.5      182.428       32104.520
       11186.742      26454.0      166.214       26454.019
       11187.828      21696.6      150.599       21696.559
       11188.914      22012.9      152.036       22012.858
       11190.000      22817.4      154.523       22817.374
       11191.086      21008.7      148.496       21008.706
       11192.172      19875.4      145.023       19875.364
       11193.258      22700.3      154.129       22700.301
       11194.344      27405.9      168.803       27405.935
       11195.430      30038.7      176.755       30038.695
       11196.516      29106.1      174.159       29106.104
       11197.602      25462.5      163.581       25462.495
       11198.688      22693.9      156.686       22693.927
       11199.774      24429.6      160.251       24429.573
       11200.860      22044.7      152.294       22044.741
       11201.946      17772.5      137.407       17772.532
       11203.032      20029.7      145.856       20029.691
       11204.118      24921.7      161.622       24921.732
       11205.204      27127.6      168.855       27127.624
       11206.290      27329.3      169.460       27329.276
       11207.376      27324.8      169.085       27324.780
       11208.462      27526.8      169.708       27526.770
       11209.548      26341.8      166.272       26341.802
       11210.633      21700.2      151.237       21700.165
       11211.719      18056.7      138.593       18056.705
       11212.805      19625.7      144.046       19625.684
       11213.891      22721.4      154.825       22721.397
       11214.977      23555.2      157.618       23555.155
       11216.063      20787.9      147.921       20787.916
       11217.149      15428.1      128.683       15428.083
       11218.235      13033.3      119.033       13033.303
       11219.321      15277.4      127.946       15277.443
       11220.407      16694.3      133.115       16694.251
       11221.493      14205.3      123.637       14205.270
       11222.579      11821.2      114.085       11821.208
       11223.665      12162.9      114.547       12162.940
       11224.751      12155.8      114.835       12155.834
       11225.837      12426.9      116.668       12426.880
       11226.923      15383.8      128.630       15383.823
       11228.009      18730.3      141.119       18730.308
       11229.095      20621.3      147.552       20621.318
       11230.181      21154.3      149.703       21154.310
       11231.267      20283.4      146.540       20283.359
       11232.353      17865.0      137.910       17865.044
       11233.439      13655.5      121.258       13655.518
       11234.525      9648.76      103.419       9648.7636
       11235.611      9038.42      99.9492       9038.4232
       11236.697      11974.3      114.092       11974.274
       11237.783      15859.1      130.074       15859.141
       11238.869      17346.2      139.533       17346.186
       11239.955          NaN      7.29360             NaN
