       9750.0000         -NaN         -NaN             NaN
       9751.0860      50171.0      222.769       50170.986
       9752.1719      51810.7      227.126       51810.743
       9753.2579      52318.4      232.261       52318.412
       9754.3439      53177.3      229.306       53177.279
       9755.4299      53034.3      227.418       53034.270
       9756.5158      53514.1      237.864       53514.076
       9757.6018      53812.9      232.088       53812.885
       9758.6878      53738.7      230.878       53738.689
       9759.7738      54384.5      231.676       54384.472
       9760.8597      56300.0      236.346       56299.956
       9761.9457      57997.9      247.756       57997.902
       9763.0317      57195.6      238.038       57195.649
       9764.1176      56539.0      238.702       56539.010
       9765.2036      56267.2      236.441       56267.234
       9766.2896      56539.3      239.842       56539.316
       9767.3756      57229.1      238.111       57229.058
       9768.4615      58502.8      241.577       58502.834
       9769.5475      60788.9      248.508       60788.925
       9770.6335      61802.6      249.929       61802.586
       9771.7195      61886.0      247.255       61885.993
       9772.8054      61636.9      247.062       61636.877
       9773.8914      62373.3      249.129       62373.305
       9774.9774      61963.9      260.605       61963.860
       9776.0633      62013.2      247.819       62013.215
       9777.1493      62181.9      248.778       62181.854
       9778.2353      62717.5      249.669       62717.480
       9779.3213      63337.3      251.303       63337.278
       9780.4072      62954.8      250.068       62954.782
       9781.4932      62511.9      249.788       62511.941
       9782.5792      62092.2      247.731       62092.200
       9783.6652      61796.9      251.277       61796.850
       9784.7511      63281.5      251.714       63281.470
       9785.8371      64171.0      260.053       64170.997
       9786.9231      64994.6      252.608       64994.645
       9788.0090      65139.8      255.591       65139.801
       9789.0950      65183.9      254.686       65183.924
       9790.1810      65161.8      254.404       65161.762
       9791.2670      65395.6      244.159       65395.591
       9792.3529      64717.8      254.097       64717.799
       9793.4389      64570.5      254.695       64570.469
       9794.5249      64892.6      254.926       64892.592
       9795.6109      65854.1      256.884       65854.081
       9796.6968      67368.4      261.749       67368.442
       9797.7828      67899.8      260.503       67899.812
       9798.8688      67357.2      260.542       67357.209
       9799.9548      67105.8      261.544       67105.818
       9801.0407      66722.4      258.464       66722.361
       9802.1267      65762.2      254.608       65762.233
       9803.2127      65574.1      262.434       65574.138
       9804.2986      66292.7      257.048       66292.653
       9805.3846      67450.1      258.947       67450.070
       9806.4706      68882.7      260.917       68882.700
       9807.5566      69778.5      262.130       69778.544
       9808.6425      70385.3      266.319       70385.317
       9809.7285      69915.2      262.617       69915.193
       9810.8145      70414.9      265.735       70414.944
       9811.9005      70607.9      266.375       70607.854
       9812.9864      69489.6      262.743       69489.622
       9814.0724      70099.3      264.292       70099.344
       9815.1584      69752.5      263.009       69752.467
       9816.2443      69986.3      265.094       69986.266
       9817.3303      70760.3      267.739       70760.292
       9818.4163      70339.8      267.718       70339.773
       9819.5023      70347.2      263.444       70347.225
       9820.5882      71089.7      266.156       71089.688
       9821.6742      71769.3      263.278       71769.336
       9822.7602      72119.2      271.485       72119.196
       9823.8462      70933.5      268.552       70933.542
       9824.9321      69830.9      263.459       69830.878
       9826.0181      69429.5      259.421       69429.523
       9827.1041      69993.4      263.211       69993.438
       9828.1900      70795.5      265.736       70795.526
       9829.2760      71910.1      265.488       71910.120
       9830.3620      71784.7      266.376       71784.661
       9831.4480      71693.1      267.744       71693.089
       9832.5339      71536.6      267.930       71536.553
       9833.6199      71577.6      265.927       71577.564
       9834.7059      72019.7      268.993       72019.698
       9835.7919      71996.9      269.469       71996.854
       9836.8778      71559.1      269.277       71559.066
       9837.9638      71949.9      265.438       71949.928
       9839.0498      72947.0      273.624       72946.966
       9840.1357      73396.2      271.943       73396.170
       9841.2217      73140.2      268.009       73140.196
       9842.3077      73080.6      271.529       73080.575
       9843.3937      73334.2      269.443       73334.180
       9844.4796      73086.5      272.392       73086.502
       9845.5656      73043.6      269.976       73043.607
       9846.6516      73241.2      271.194       73241.213
       9847.7376      73635.2      263.268       73635.189
       9848.8235      73883.3      271.096       73883.270
       9849.9095      73587.4      270.516       73587.389
       9850.9955      73539.6      265.275       73539.572
       9852.0814      74013.6      264.245       74013.632
       9853.1674      74336.1      269.538       74336.119
       9854.2534      75005.4      268.648       75005.359
       9855.3394      75137.6      278.235       75137.616
       9856.4253      74379.5      217.636       74379.470
       9857.5113      74466.2      271.923       74466.209
       9858.5973      74711.8      271.981       74711.792
       9859.6833      75408.9      309.063       75408.935
       9860.7692      76852.8      279.460       76852.756
       9861.8552      77070.1      292.134       77070.059
       9862.9412      76550.1      275.129       76550.132
       9864.0271      75696.0      277.237       75695.972
       9865.1131      75665.6      274.978       75665.596
       9866.1991      76165.3      267.142       76165.345
       9867.2851      77153.4      246.685       77153.416
       9868.3710      76866.3      286.967       76866.263
       9869.4570      75941.0      276.802       75940.994
       9870.5430      76202.7      301.227       76202.679
       9871.6290      75883.7      273.731       75883.697
       9872.7149      75905.4      275.369       75905.414
       9873.8009      76177.1      277.194       76177.130
       9874.8869      77047.4      277.971       77047.368
       9875.9729      77233.3      282.673       77233.259
       9877.0588      76909.5      272.910       76909.453
       9878.1448      76917.8      283.129       76917.824
       9879.2308      77718.0      258.308       77718.039
       9880.3167      78347.0      280.832       78346.954
       9881.4027      78669.4      284.666       78669.405
       9882.4887      78665.5      276.077       78665.479
       9883.5747      78500.2      277.176       78500.229
       9884.6606      78462.5      277.186       78462.534
       9885.7466      79477.3      282.445       79477.295
       9886.8326      79635.3      278.821       79635.341
       9887.9186      79735.2      283.573       79735.204
       9889.0045      79621.0      282.215       79620.983
       9890.0905      79022.9      280.190       79022.927
       9891.1765      78098.4      295.161       78098.398
       9892.2624      76311.8      279.491       76311.777
       9893.3484      75746.6      273.477       75746.592
       9894.4344      77225.7      278.036       77225.694
       9895.5204      78932.4      279.711       78932.382
       9896.6063      80924.1      283.471       80924.107
       9897.6923      81402.5      281.470       81402.488
       9898.7783      80946.7      284.222       80946.737
       9899.8643      80367.3      280.764       80367.280
       9900.9502      79841.2      281.554       79841.205
       9902.0362      80743.2      281.509       80743.161
       9903.1222      81609.3      286.926       81609.274
       9904.2081      82436.6      290.386       82436.557
       9905.2941      82390.6      286.445       82390.617
       9906.3801      81697.4      283.593       81697.353
       9907.4661      83619.7      285.926       83619.743
       9908.5520      83294.6      288.192       83294.591
       9909.6380      82547.4      288.792       82547.405
       9910.7240      82435.6      275.729       82435.578
       9911.8100      83461.5      287.569       83461.457
       9912.8959      84115.3      280.165       84115.318
       9913.9819      83821.2      288.519       83821.202
       9915.0679      83714.9      288.391       83714.925
       9916.1538      84245.2      288.895       84245.177
       9917.2398      84490.2      292.413       84490.207
       9918.3258      84946.9      288.294       84946.935
       9919.4118      85073.6      291.682       85073.646
       9920.4977      85490.4      290.330       85490.358
       9921.5837      85709.0      291.772       85709.031
       9922.6697      85276.5      288.771       85276.450
       9923.7557      84621.6      291.167       84621.649
       9924.8416      85637.4      291.628       85637.386
       9925.9276      86821.8      291.546       86821.807
       9927.0136      86971.8      294.321       86971.765
       9928.0995      87090.7      298.408       87090.715
       9929.1855      86672.8      286.862       86672.762
       9930.2715      86819.5      293.485       86819.489
       9931.3575      87247.6      299.059       87247.632
       9932.4434      87010.6      295.545       87010.576
       9933.5294      86298.2      293.218       86298.177
       9934.6154      86573.5      293.138       86573.452
       9935.7014      87838.4      423.544       87838.365
       9936.7873      88582.0      289.938       88581.997
       9937.8733      89089.9      299.230       89089.901
       9938.9593      89229.4      297.133       89229.348
       9940.0452      88832.5      293.831       88832.462
       9941.1312      89321.1      306.865       89321.102
       9942.2172      89615.9      298.429       89615.889
       9943.3032      89952.9      305.603       89952.899
       9944.3891      90117.9      297.780       90117.855
       9945.4751      90272.0      304.177       90271.980
       9946.5611      90325.9      303.583       90325.852
       9947.6471      88836.2      295.228       88836.241
       9948.7330      87493.6      295.507       87493.594
       9949.8190      89457.1      299.215       89457.058
       9950.9050      90854.2      300.171       90854.210
       9951.9910      90940.6      297.407       90940.564
       9953.0769      91259.6      261.606       91259.608
       9954.1629      91165.9      303.049       91165.890
       9955.2489      91846.0      302.015       91845.952
       9956.3348      91802.4      301.955       91802.377
       9957.4208      91618.4      303.357       91618.437
       9958.5068      91837.9      302.266       91837.943
       9959.5928      91909.2      302.084       91909.165
       9960.6787      92380.6      299.884       92380.622
       9961.7647      92877.4      304.827       92877.427
       9962.8507      92087.1      300.585       92087.112
       9963.9367      87767.2      293.119       87767.252
       9965.0226      88139.8      294.250       88139.786
       9966.1086      94356.9      303.120       94356.871
       9967.1946      94658.6      307.041       94658.554
       9968.2805      94491.0      307.403       94490.972
       9969.3665      94723.4      305.907       94723.358
       9970.4525      94355.7      307.832       94355.731
       9971.5385      94490.9      306.294       94490.928
       9972.6244      94954.2      308.151       94954.230
       9973.7104      94835.3      303.124       94835.300
       9974.7964      94905.6      305.871       94905.640
       9975.8824      95714.0      307.631       95713.975
       9976.9683      95910.8      314.101       95910.759
       9978.0543      96198.0      309.985       96198.033
       9979.1403      95322.4      315.388       95322.386
       9980.2262      95965.4      311.994       95965.357
       9981.3122      96782.7      315.509       96782.655
       9982.3982      96500.4      307.142       96500.427
       9983.4842      96514.6      310.124       96514.581
       9984.5701      96159.6      309.350       96159.638
       9985.6561      96179.7      306.570       96179.695
       9986.7421      96031.4      308.399       96031.355
       9987.8281      96451.8      295.367       96451.835
       9988.9140      96114.3      293.551       96114.327
       9990.0000      96018.3      308.723       96018.324
       9991.0860      96689.6      308.645       96689.599
       9992.1719      96231.3      310.238       96231.312
       9993.2579      95111.7      309.940       95111.713
       9994.3439      95333.4      323.710       95333.389
       9995.4299      96490.2      308.817       96490.197
       9996.5158      96913.0      315.126       96912.991
       9997.6018      96105.6      309.019       96105.558
       9998.6878      95331.5      308.357       95331.468
       9999.7738      93914.0      302.759       93913.998
       10000.860      92801.7      302.719       92801.689
       10001.946      94115.8      305.641       94115.793
       10003.032      95805.9      312.533       95805.933
       10004.118      95669.9      308.655       95669.866
       10005.204      96414.4      317.688       96414.353
       10006.290      97157.5      307.791       97157.482
       10007.376      97315.6      312.265       97315.601
       10008.462      97272.7      317.654       97272.653
       10009.548      97472.8      311.105       97472.783
       10010.633      97520.8      313.114       97520.821
       10011.719      96875.4      305.139       96875.412
       10012.805      96757.4      310.883       96757.433
       10013.891      96528.9      306.888       96528.947
       10014.977      96286.5      310.656       96286.454
       10016.063      96295.4      311.611       96295.402
       10017.149      95993.1      309.032       95993.055
       10018.235      95969.6      309.174       95969.581
       10019.321      95697.7      299.045       95697.723
       10020.407      96251.1      308.238       96251.131
       10021.493      96076.0      307.465       96075.974
       10022.579      95625.8      310.135       95625.815
       10023.665      95532.9      309.273       95532.915
       10024.751      95411.1      295.544       95411.082
       10025.837      95174.9      301.341       95174.908
       10026.923      93107.2      279.537       93107.235
       10028.009      92755.8      304.139       92755.845
       10029.095      93917.9      307.878       93917.884
       10030.181      93822.8      307.163       93822.769
       10031.267      93975.7      306.249       93975.714
       10032.353      93543.3      302.892       93543.284
       10033.439      93144.6      302.403       93144.618
       10034.525      92255.7      298.745       92255.654
       10035.611      92304.6      302.750       92304.633
       10036.697      91234.7      303.479       91234.669
       10037.783      89294.6      308.985       89294.582
       10038.869      86826.8      294.323       86826.823
       10039.955      85240.5      292.430       85240.523
       10041.041      84951.0      289.902       84951.035
       10042.127      85557.0      316.168       85557.031
       10043.213      85529.4      287.200       85529.358
       10044.299      84740.5      288.410       84740.524
       10045.385      82979.6      287.906       82979.628
       10046.471      81574.6      285.440       81574.596
       10047.557      79326.8      279.927       79326.776
       10048.643      77038.7      275.313       77038.702
       10049.729      73054.7      254.025       73054.708
       10050.814      67859.5      259.290       67859.457
       10051.900      62824.4      248.081       62824.378
       10052.986      61251.9      248.695       61251.850
       10054.072      64114.5      252.549       64114.534
       10055.158      69809.7      262.979       69809.713
       10056.244      74083.3      272.259       74083.328
       10057.330      78107.6      271.821       78107.560
       10058.416      80910.4      272.112       80910.366
       10059.502      82910.2      289.800       82910.158
       10060.588      83853.0      288.188       83853.047
       10061.674      85533.6      293.398       85533.613
       10062.760      88246.0      297.078       88246.009
       10063.846      89614.2      300.207       89614.188
       10064.932      90340.7      304.151       90340.727
       10066.018      91726.4      298.565       91726.372
       10067.104      91926.5      302.777       91926.455
       10068.190      92396.2      303.657       92396.165
       10069.276      92922.7      304.156       92922.706
       10070.362      94170.2      305.661       94170.209
       10071.448      95596.0      305.281       95596.023
       10072.534      96152.6      310.012       96152.614
       10073.620      96901.6      310.528       96901.580
       10074.706      98209.2      316.958       98209.158
       10075.792      99312.2      315.040       99312.224
       10076.878      99349.1      315.677       99349.150
       10077.964      100165.      316.988       100164.83
       10079.050      100228.      316.841       100227.93
       10080.136      99951.4      316.618       99951.438
       10081.222      101038.      314.950       101037.90
       10082.308      101245.      319.074       101244.87
       10083.394      101589.      318.890       101588.84
       10084.480      101285.      320.095       101284.89
       10085.566      102330.      319.994       102330.29
       10086.652      103450.      320.958       103449.84
       10087.738      103105.      320.736       103104.76
       10088.824      102877.      326.824       102876.98
       10089.910      104011.      321.347       104010.67
       10090.995      103685.      322.443       103685.02
       10092.081      102290.      319.946       102290.20
       10093.167      102745.      349.268       102744.82
       10094.253      101494.      318.375       101493.84
       10095.339      100945.      317.417       100944.76
       10096.425      102869.      321.176       102869.06
       10097.511      104685.      324.597       104684.94
       10098.597      104975.      323.473       104974.78
       10099.683      105145.      324.669       105145.35
       10100.769      106360.      326.635       106359.76
       10101.855      106043.      325.260       106042.93
       10102.941      105672.      325.506       105671.78
       10104.027      105647.      324.001       105647.30
       10105.113      108282.      327.446       108282.23
       10106.199      107611.      327.884       107611.04
       10107.285      107342.      327.767       107341.84
       10108.371      108016.      326.783       108015.88
       10109.457      107863.      329.286       107862.83
       10110.543      108053.      328.513       108053.42
       10111.629      108653.      330.213       108653.14
       10112.715      109088.      328.440       109088.13
       10113.801      108910.      333.856       108909.76
       10114.887      109471.      330.523       109471.22
       10115.973      108824.      329.768       108824.31
       10117.059      108215.      328.823       108214.84
       10118.145      109115.      330.700       109114.60
       10119.231      108671.      330.106       108671.34
       10120.317      109980.      329.548       109980.02
       10121.403      109984.      331.885       109983.51
       10122.489      110266.      331.538       110265.66
       10123.575      110821.      323.482       110820.79
       10124.661      111262.      333.858       111262.11
       10125.747      110484.      332.311       110483.95
       10126.833      109203.      331.576       109203.32
       10127.919      108623.      330.077       108622.96
       10129.005      110073.      327.012       110073.16
       10130.090      110866.      332.267       110865.91
       10131.176      111044.      333.515       111044.32
       10132.262      112276.      332.656       112275.75
       10133.348      112414.         -NaN       112414.21
       10134.434      112085.      336.854       112084.97
       10135.520      112437.      331.369       112436.61
       10136.606      111636.      334.286       111636.02
       10137.692      112602.      339.864       112602.31
       10138.778      112343.      336.292       112343.46
       10139.864      112453.      336.192       112452.73
       10140.950      112238.      334.882       112237.76
       10142.036      113183.      336.112       113183.49
       10143.122      112502.      335.810       112502.45
       10144.208      112427.      321.121       112427.00
       10145.294      111897.      334.478       111897.44
       10146.380      111406.      332.779       111406.50
       10147.466      111366.      337.123       111365.88
       10148.552      109945.      331.626       109945.09
       10149.638      109886.      330.868       109885.80
       10150.724      112153.      335.054       112153.14
       10151.810      113105.      335.989       113105.29
       10152.896      113512.      336.478       113511.74
       10153.982      112842.      334.967       112841.98
       10155.068      113061.      335.959       113061.46
       10156.154      112741.      336.543       112740.53
       10157.240      112832.      336.092       112832.16
       10158.326      113384.      335.872       113383.68
       10159.412      114093.      336.531       114093.11
       10160.498      113507.      335.822       113506.91
       10161.584      114267.      334.849       114266.71
       10162.670      114371.      337.808       114370.59
       10163.756      114354.      335.649       114353.97
       10164.842      114937.      337.265       114936.91
       10165.928      114346.      338.818       114345.88
       10167.014      114655.      334.968       114654.90
       10168.100      114519.      485.683       114518.98
       10169.186      114072.      335.215       114072.12
       10170.271      114402.      335.853       114402.31
       10171.357      114239.      338.303       114238.69
       10172.443      114924.      325.407       114924.23
       10173.529      114205.      337.415       114204.98
       10174.615      113783.      337.017       113782.57
       10175.701      113412.      337.547       113411.91
       10176.787      113371.      336.656       113371.08
       10177.873      113823.      341.730       113823.48
       10178.959      114421.      338.887       114421.28
       10180.045      114161.      337.515       114161.34
       10181.131      113024.      334.797       113023.94
       10182.217      115539.      320.081       115539.34
       10183.303      115620.      339.551       115620.01
       10184.389      115918.      339.826       115918.10
       10185.475      115168.      339.394       115167.57
       10186.561      115160.      339.280       115160.50
       10187.647      115990.      341.619       115990.16
       10188.733      116238.      339.024       116237.58
       10189.819      115576.      338.740       115575.84
       10190.905      116193.      341.113       116192.75
       10191.991      115766.      337.134       115765.90
       10193.077      115488.      333.871       115487.86
       10194.163      114091.      336.858       114091.49
       10195.249      115273.      338.380       115273.02
       10196.335      113888.      336.526       113888.29
       10197.421      113851.      336.277       113851.36
       10198.507      115036.      325.986       115036.46
       10199.593      116381.      340.632       116381.33
       10200.679      115477.      337.909       115477.08
       10201.765      115776.      339.672       115776.45
       10202.851      115452.      340.315       115451.91
       10203.937      114449.      337.299       114449.21
       10205.023      114862.      337.224       114862.27
       10206.109      116061.      339.790       116060.75
       10207.195      115675.      340.091       115674.82
       10208.281      116366.      340.695       116365.62
       10209.367      116730.      341.124       116729.96
       10210.452      116125.      341.430       116125.22
       10211.538      116917.      336.859       116917.19
       10212.624      117369.      343.587       117369.14
       10213.710      116404.      343.817       116404.32
       10214.796      116428.      341.178       116428.14
       10215.882      116120.      340.469       116119.64
       10216.968      116154.      341.607       116153.87
       10218.054      115653.      338.773       115652.90
       10219.140      114791.      338.697       114790.88
       10220.226      113401.      331.841       113400.50
       10221.312      114241.      336.177       114240.54
       10222.398      114742.      338.714       114742.50
       10223.484      116118.      340.429       116118.37
       10224.570      117120.      340.392       117120.45
       10225.656      116767.      340.930       116767.15
       10226.742      116785.      342.408       116784.98
       10227.828      116743.      340.258       116742.92
       10228.914      117070.      344.238       117069.90
       10230.000      116941.      345.898       116940.64
       10231.086      116364.      355.681       116364.30
       10232.172      115518.      367.365       115517.70
       10233.258      114881.      337.858       114881.47
       10234.344      115290.      339.734       115289.78
       10235.430      115679.      345.386       115678.77
       10236.516      115606.      347.641       115605.90
       10237.602      115730.      313.129       115730.08
       10238.688      116091.      339.713       116091.01
       10239.774      116235.      342.476       116234.98
       10240.860      116009.      340.174       116009.30
       10241.946      115255.      339.469       115254.91
       10243.032      113886.      290.707       113886.15
       10244.118      115797.      339.635       115797.22
       10245.204      116594.      338.499       116593.53
       10246.290      116715.      338.979       116715.25
       10247.376      115931.      336.678       115930.77
       10248.462      115110.      338.021       115109.83
       10249.548      113867.      339.559       113866.89
       10250.633      113357.      333.883       113357.44
       10251.719      116035.      337.660       116035.40
       10252.805      116406.      340.997       116406.35
       10253.891      116812.      354.268       116812.38
       10254.977      115822.      339.656       115821.72
       10256.063      115337.      338.763       115337.26
       10257.149      116026.      340.469       116025.82
       10258.235      115982.      340.041       115981.88
       10259.321      116211.      341.590       116210.58
       10260.407      116039.      339.136       116038.54
       10261.493      115602.      345.137       115602.25
       10262.579      116114.      340.085       116113.54
       10263.665      115833.      321.871       115832.85
       10264.751      115839.      340.807       115838.61
       10265.837      115497.      338.423       115497.27
       10266.923      116115.      340.254       116115.42
       10268.009      115768.      339.160       115768.20
       10269.095      116211.      339.624       116210.96
       10270.181      115230.      339.704       115229.95
       10271.267      115409.      339.564       115408.56
       10272.353      116296.      341.017       116295.93
       10273.439      115026.      340.815       115026.41
       10274.525      115074.      339.166       115074.39
       10275.611      115011.      338.708       115010.65
       10276.697      115055.      338.636       115055.24
       10277.783      115222.      339.972       115221.84
       10278.869      115367.      339.092       115366.52
       10279.955      115186.      345.284       115186.39
       10281.041      115090.      338.877       115089.53
       10282.127      114786.      337.923       114786.47
       10283.213      114726.      338.222       114726.15
       10284.299      115094.      339.992       115094.15
       10285.385      115294.      339.775       115293.56
       10286.471      114880.      338.974       114880.13
       10287.557      113874.      338.475       113874.48
       10288.643      114648.      339.577       114647.67
       10289.729      114180.      336.244       114180.06
       10290.814      112642.      334.586       112641.88
       10291.900      114151.      349.623       114151.12
       10292.986      113203.      336.747       113202.62
       10294.072      113296.      335.684       113296.44
       10295.158      113370.      336.574       113369.60
       10296.244      114064.      337.413       114064.27
       10297.330      114705.      338.261       114705.24
       10298.416      114098.      338.838       114097.62
       10299.502      113747.         -NaN       113746.70
       10300.588      113454.      335.743       113453.95
       10301.674      114586.      337.586       114586.12
       10302.760      114606.      337.202       114606.09
       10303.846      114523.      339.411       114522.91
       10304.932      113994.      330.386       113993.86
       10306.018      113049.      338.313       113049.40
       10307.104      113901.      336.668       113900.80
       10308.190      113964.      336.831       113963.77
       10309.276      113188.      334.450       113187.65
       10310.362      113389.      336.421       113388.86
       10311.448      113769.      350.091       113768.98
       10312.534      113138.      336.527       113138.10
       10313.620      113389.      335.101       113388.61
       10314.706      114358.      351.745       114358.21
       10315.792      114427.      337.204       114426.74
       10316.878      114310.      337.639       114310.06
       10317.964      113872.      357.681       113871.58
       10319.050      110858.      332.010       110857.61
       10320.136      108956.      328.176       108956.29
       10321.222      111994.      333.850       111994.21
       10322.308      114016.      336.813       114016.28
       10323.394      113724.      337.184       113724.07
       10324.480      114241.      336.213       114241.14
       10325.566      113734.      333.433       113733.85
       10326.652      113003.      335.163       113002.56
       10327.738      113692.      334.738       113691.71
       10328.824      112070.      335.486       112070.03
       10329.910      107128.      326.809       107127.56
       10330.995      102545.      319.806       102544.52
       10332.081      103417.      321.369       103416.99
       10333.167      107665.      326.467       107664.66
       10334.253      110232.      328.802       110232.01
       10335.339      111447.      332.996       111446.99
       10336.425      112187.      334.677       112187.26
       10337.511      113214.      330.086       113214.19
       10338.597      113746.      336.997       113745.91
       10339.683      114712.      339.222       114711.80
       10340.769      114802.      338.336       114802.00
       10341.855      114957.      342.420       114957.12
       10342.941      115565.      340.252       115564.62
       10344.027      114679.      340.166       114679.38
       10345.113      113876.      338.408       113875.51
       10346.199      114040.      336.696       114040.29
       10347.285      115234.      339.653       115234.31
       10348.371      114676.      339.911       114676.19
       10349.457      114101.      336.493       114100.76
       10350.543      114892.      337.809       114892.42
       10351.629      114931.      338.579       114931.46
       10352.715      114636.      338.299       114636.17
       10353.801      114770.      338.159       114769.65
       10354.887      114499.      339.890       114498.66
       10355.973      113980.      337.294       113980.44
       10357.059      114738.      338.981       114737.67
       10358.145      114269.      337.827       114269.43
       10359.231      114761.      338.775       114760.74
       10360.317      116186.      339.751       116185.68
       10361.403      115495.      337.537       115495.41
       10362.489      115779.      341.158       115779.13
       10363.575      116105.      339.719       116104.77
       10364.661      116014.      340.872       116014.49
       10365.747      115657.      340.168       115656.66
       10366.833      115703.      341.810       115702.88
       10367.919      115232.      339.951       115232.47
       10369.005      114521.      338.375       114520.63
       10370.090      115105.      338.725       115104.80
       10371.176      115488.      338.799       115487.70
       10372.262      116046.      339.677       116045.90
       10373.348      114666.      339.130       114665.79
       10374.434      112928.      336.941       112927.50
       10375.520      111246.      333.818       111245.94
       10376.606      111763.      335.694       111762.89
       10377.692      114448.      338.168       114447.95
       10378.778      116075.      340.248       116074.82
       10379.864      116613.      341.415       116613.34
       10380.950      116387.      339.392       116387.33
       10382.036      115004.      339.008       115004.36
       10383.122      115464.      340.056       115464.43
       10384.208      116345.      340.595       116344.69
       10385.294      116967.      340.156       116967.02
       10386.380      116018.      340.940       116018.08
       10387.466      115130.      338.353       115129.83
       10388.552      114863.      338.866       114862.54
       10389.638      116983.      342.361       116982.82
       10390.724      116434.      341.278       116434.41
       10391.810      116232.      340.576       116232.22
       10392.896      115967.      340.379       115967.28
       10393.982      116187.      339.406       116187.47
       10395.068      116582.      334.965       116581.83
       10396.154      116699.      341.457       116698.83
       10397.240      117792.      343.074       117792.21
       10398.326      117166.      343.261       117165.55
       10399.412      116527.      341.499       116526.82
       10400.498      117447.      343.592       117446.63
       10401.584      118756.      344.723       118755.91
       10402.670      117731.      343.289       117730.79
       10403.756      118303.      340.975       118302.80
       10404.842      117905.      337.358       117905.29
       10405.928      116428.      341.258       116428.00
       10407.014      116858.      341.114       116858.01
       10408.100      117009.      343.461       117009.18
       10409.186      116004.      341.015       116004.11
       10410.271      115411.      339.667       115410.82
       10411.357      116668.      341.839       116668.44
       10412.443      117255.      341.092       117254.73
       10413.529      117164.      342.872       117163.90
       10414.615      116732.      342.223       116732.18
       10415.701      116203.      612.187       116203.22
       10416.787      116089.      340.714       116088.64
       10417.873      116354.      341.024       116354.42
       10418.959      118031.      344.474       118031.23
       10420.045      117679.      344.037       117679.15
       10421.131      116674.      342.682       116674.27
       10422.217      117803.      344.238       117802.76
       10423.303      116309.      341.440       116309.43
       10424.389      116226.      341.539       116225.67
       10425.475      117035.      341.413       117034.63
       10426.561      116766.      338.976       116766.41
       10427.647      116252.      340.424       116252.03
       10428.733      118983.      342.861       118982.51
       10429.819      117505.      342.034       117504.55
       10430.905      116882.      340.975       116881.54
       10431.991      116641.      339.446       116640.66
       10433.077      116945.      338.096       116944.58
       10434.163      120235.      345.677       120235.02
       10435.249      117864.      343.611       117863.85
       10436.335      116569.      342.087       116568.72
       10437.421      117087.      342.810       117086.81
       10438.507      117341.      340.520       117340.84
       10439.593      117268.      340.142       117267.68
       10440.679      117458.      341.784       117457.79
       10441.765      118050.      345.643       118049.73
       10442.851      119497.      345.769       119496.79
       10443.937      119086.      345.714       119086.23
       10445.023      118144.      342.947       118144.10
       10446.109      119505.      345.576       119504.81
       10447.195      119714.      345.226       119714.46
       10448.281      119053.      341.078       119052.63
       10449.367      118087.      341.570       118087.18
       10450.452      118541.      343.210       118540.66
       10451.538      120023.      348.405       120023.18
       10452.624      119511.      344.446       119511.00
       10453.710      119115.      344.711       119114.63
       10454.796      119670.      346.391       119670.35
       10455.882      117754.      343.488       117754.44
       10456.968      117592.      342.761       117591.67
       10458.054      113173.      336.019       113172.98
       10459.140      107864.      328.834       107864.48
       10460.226      105836.      324.724       105835.96
       10461.312      108362.      328.898       108362.15
       10462.398      109860.      331.961       109860.07
       10463.484      110066.      330.145       110066.45
       10464.570      113378.      335.642       113377.71
       10465.656      116592.      341.011       116591.82
       10466.742      118524.      343.947       118524.32
       10467.828      118605.      344.005       118605.09
       10468.914      117564.      342.977       117563.58
       10470.000      117992.      339.346       117991.74
       10471.086      117054.      339.802       117054.36
       10472.172      118595.      344.796       118595.40
       10473.258      117245.      342.885       117244.97
       10474.344      115884.      336.902       115883.57
       10475.430      117952.      343.132       117952.40
       10476.516      118309.      354.422       118308.65
       10477.602      118587.      343.823       118587.07
       10478.688      118579.      343.631       118578.89
       10479.774      117716.      341.646       117716.19
       10480.860      117896.      340.108       117896.11
       10481.946      118467.      342.335       118466.99
       10483.032      118620.      344.329       118619.50
       10484.118      117992.      343.195       117991.75
       10485.204      118810.      347.002       118809.87
       10486.290      117985.      342.501       117984.90
       10487.376      119026.      397.651       119026.13
       10488.462      117634.      340.060       117633.81
       10489.548      116890.      403.584       116889.69
       10490.633      117885.      343.245       117885.06
       10491.719      118265.      341.080       118264.79
       10492.805      117249.      339.556       117248.62
       10493.891      118073.      407.306       118073.19
       10494.977      117461.      342.264       117461.32
       10496.063      118065.      342.972       118065.48
       10497.149      118346.      343.489       118346.06
       10498.235      118641.      340.369       118640.86
       10499.321      118495.      343.937       118494.94
       10500.407      117978.      345.566       117977.59
       10501.493      117256.      343.340       117256.17
       10502.579      118184.      338.988       118183.76
       10503.665      117481.      343.245       117480.83
       10504.751      116220.      343.926       116220.45
       10505.837      114970.      338.747       114970.25
       10506.923      116288.      339.718       116288.45
       10508.009      117586.      343.194       117585.74
       10509.095      117170.      342.434       117169.54
       10510.181      118555.      344.936       118555.23
       10511.267      119003.      343.410       119002.97
       10512.353      117549.      342.230       117549.20
       10513.439      117628.      343.518       117627.68
       10514.525      116714.      341.648       116713.78
       10515.611      116328.      281.367       116328.34
       10516.697      116142.      340.056       116142.40
       10517.783      116093.      343.578       116092.85
       10518.869      115291.      346.890       115291.09
       10519.955      117907.      342.538       117906.58
       10521.041      116133.      340.674       116133.09
       10522.127      113763.      339.278       113762.89
       10523.213      115553.      339.536       115552.80
       10524.299      117210.      342.401       117210.11
       10525.385      117572.      343.090       117571.89
       10526.471      117024.      485.860       117024.08
       10527.557      116477.      341.789       116476.80
       10528.643      116249.      342.293       116249.19
       10529.729      115454.      339.590       115454.18
       10530.814      112510.      335.849       112510.37
       10531.900      115957.      340.547       115957.35
       10532.986      114299.      338.074       114299.49
       10534.072      112894.      336.497       112893.96
       10535.158      112417.      335.224       112416.88
       10536.244      116039.      340.587       116039.05
       10537.330      115939.      340.547       115939.43
       10538.416      115513.      339.790       115513.08
       10539.502      115539.      339.375       115539.47
       10540.588      115705.      344.648       115705.01
       10541.674      116226.      341.480       116226.13
       10542.760      116467.      340.680       116466.90
       10543.846      115892.      340.412       115891.85
       10544.932      115412.      339.504       115411.59
       10546.018      113966.      337.841       113965.53
       10547.104      113851.      337.512       113850.53
       10548.190      116246.      340.972       116245.90
       10549.276      115288.      345.339       115288.48
       10550.362      116317.      340.875       116317.06
       10551.448      117165.      338.846       117164.86
       10552.534      117881.      342.657       117881.44
       10553.620      117141.      350.996       117140.75
       10554.706      116009.      338.930       116009.03
       10555.792      115229.      339.701       115229.00
       10556.878      114596.      338.474       114595.79
       10557.964      116011.      340.088       116010.90
       10559.050      115109.      340.036       115109.11
       10560.136      115999.      339.358       115999.00
       10561.222      116341.      340.437       116340.96
       10562.308      117383.      340.991       117383.03
       10563.394      117861.      345.616       117861.26
       10564.480      116036.      339.455       116036.24
       10565.566      115115.      337.842       115114.51
       10566.652      113700.      337.391       113699.63
       10567.738      114357.      338.199       114357.35
       10568.824      116306.      340.940       116305.60
       10569.910      115610.      340.781       115610.09
       10570.995      115075.      339.495       115075.21
       10572.081      115234.      338.515       115233.67
       10573.167      116805.      341.198       116804.59
       10574.253      117818.      342.781       117818.41
       10575.339      116680.      340.374       116679.93
       10576.425      117034.      342.537       117034.38
       10577.511      116985.      342.618       116985.08
       10578.597      116870.      342.147       116869.85
       10579.683      115656.      340.081       115655.88
       10580.769      114758.      342.881       114758.06
       10581.855      115438.      339.408       115437.92
       10582.941      115622.      340.062       115622.24
       10584.027      115263.      341.254       115262.86
       10585.113      114644.      327.293       114644.10
       10586.199      113249.      336.834       113248.78
       10587.285      109991.      335.900       109991.22
       10588.371      108440.      329.219       108440.33
       10589.457      110069.      330.574       110068.72
       10590.543      111217.      336.427       111217.30
       10591.629      114050.      337.245       114049.86
       10592.715      117015.      342.688       117015.25
       10593.801      117974.      344.390       117973.64
       10594.887      117643.      341.144       117643.03
       10595.973      116585.      341.077       116584.58
       10597.059      117429.      342.550       117428.75
       10598.145      116603.      341.462       116603.47
       10599.231      115906.      339.445       115906.11
       10600.317      118030.      342.876       118029.60
       10601.403      118167.      343.225       118166.85
       10602.489      115180.      339.535       115180.00
       10603.575      115891.      340.199       115891.11
       10604.661      117815.      343.196       117814.67
       10605.747      115839.      340.059       115839.19
       10606.833      112678.      336.923       112678.13
       10607.919      113457.      335.039       113457.31
       10609.005      116191.      339.090       116191.09
       10610.090      117422.      342.498       117422.29
       10611.176      116926.      341.795       116925.92
       10612.262      116349.      342.608       116348.90
       10613.348      116221.      340.115       116220.75
       10614.434      117446.      341.597       117445.92
       10615.520      117680.      342.377       117679.96
       10616.606      116069.      340.223       116069.35
       10617.692      115651.      324.559       115650.53
       10618.778      116416.      340.731       116415.94
       10619.864      116524.      340.601       116523.80
       10620.950      115171.      332.669       115171.16
       10622.036      116452.      340.929       116451.93
       10623.122      116284.      340.719       116284.18
       10624.208      116013.      339.833       116012.97
       10625.294      116323.      339.956       116322.92
       10626.380      115314.      337.890       115313.66
       10627.466      115513.      340.994       115512.60
       10628.552      114188.      337.679       114187.52
       10629.638      113552.      337.390       113552.32
       10630.724      114037.      337.712       114036.66
       10631.810      115358.      340.236       115358.43
       10632.896      115266.      339.769       115266.29
       10633.982      115225.      340.386       115224.73
       10635.068      115765.      337.852       115764.55
       10636.154      115809.      340.452       115808.74
       10637.240      115423.      339.683       115422.71
       10638.326      115411.      339.539       115411.47
       10639.412      115447.      340.203       115447.41
       10640.498      114738.      339.444       114737.88
       10641.584      113638.      337.112       113637.89
       10642.670      115490.      339.230       115489.91
       10643.756      115771.      340.266       115771.16
       10644.842      116028.      341.169       116027.98
       10645.928      115448.      338.569       115447.51
       10647.014      116047.      345.875       116046.61
       10648.100      112030.      334.270       112029.95
       10649.186      114868.      339.229       114868.14
       10650.271      114384.      337.968       114384.37
       10651.357      113921.      338.268       113921.16
       10652.443      112881.      336.823       112880.51
       10653.529      112215.      335.065       112215.16
       10654.615      115480.      338.888       115480.00
       10655.701      115935.      339.982       115935.25
       10656.787      115351.      338.229       115351.29
       10657.873      115773.      340.118       115772.78
       10658.959      114175.      338.561       114174.86
       10660.045      114983.      339.448       114982.54
       10661.131      114980.      338.931       114980.14
       10662.217      114108.      337.257       114108.18
       10663.303      111622.      333.989       111622.03
       10664.389      107746.      328.251       107745.79
       10665.475      108146.      328.633       108146.46
       10666.561      110107.      331.672       110107.42
       10667.647      114797.      338.994       114797.18
       10668.733      115386.      340.351       115385.78
       10669.819      114781.      339.309       114780.80
       10670.905      113981.      337.583       113981.23
       10671.991      112775.      335.338       112774.76
       10673.077      113532.      336.818       113531.81
       10674.163      110906.      333.170       110906.41
       10675.249      114800.      339.900       114799.84
       10676.335      112892.      336.042       112892.02
       10677.421      110669.      332.911       110668.80
       10678.507      110409.      331.887       110408.52
       10679.593      106663.      327.740       106662.77
       10680.679      107038.      327.744       107038.35
       10681.765      105908.      326.382       105908.02
       10682.851      107078.      327.693       107077.65
       10683.937      107276.      327.850       107276.42
       10685.023      109520.      330.766       109520.19
       10686.109      103978.      323.486       103978.10
       10687.195      103163.      321.914       103162.59
       10688.281      103911.      323.112       103911.47
       10689.367      105236.      324.401       105236.16
       10690.452      108013.      329.412       108012.73
       10691.538      108512.      329.952       108511.85
       10692.624      106274.      298.005       106273.66
       10693.710      100944.      317.265       100943.52
       10694.796      98874.9      314.980       98874.894
       10695.882      100479.      317.515       100479.05
       10696.968      102603.      321.019       102602.91
       10698.054      104124.      323.278       104124.22
       10699.140      106498.      326.957       106498.32
       10700.226      109380.      331.491       109380.19
       10701.312      111645.      327.651       111644.80
       10702.398      111689.      334.861       111689.47
       10703.484      111381.      333.971       111381.27
       10704.570      111369.      333.939       111368.58
       10705.656      110984.      333.378       110983.76
       10706.742      111291.      333.343       111291.47
       10707.828      109788.      330.050       109787.91
       10708.914      109209.      330.600       109209.12
       10710.000      106423.      326.206       106423.35
       10711.086      104014.      322.905       104013.91
       10712.172      105194.      324.505       105194.33
       10713.258      106094.      325.557       106094.45
       10714.344      109055.      337.080       109055.00
       10715.430      109790.      332.259       109790.50
       10716.516      109321.      331.420       109321.47
       10717.602      109951.      331.157       109951.29
       10718.688      109608.      329.621       109607.65
       10719.774      110064.      330.695       110063.93
       10720.860      109075.      330.316       109074.55
       10721.946      108886.      329.351       108886.01
       10723.032      109509.      331.207       109509.41
       10724.118      108654.      330.182       108654.31
       10725.204      108218.      329.410       108217.60
       10726.290      108254.      328.945       108253.52
       10727.376      108071.      328.386       108070.97
       10728.462      107095.      327.507       107094.62
       10729.548      104526.      326.890       104525.52
       10730.633      101372.      318.676       101372.06
       10731.719      99028.4      315.203       99028.419
       10732.805      100846.      317.809       100845.92
       10733.891      101543.      318.619       101543.03
       10734.977      105967.      324.775       105967.18
       10736.063      107678.      326.236       107678.04
       10737.149      107141.      326.380       107141.21
       10738.235      105376.      318.151       105375.88
       10739.321      107060.      326.659       107059.63
       10740.407      106665.      326.838       106664.63
       10741.493      106608.      326.962       106608.47
       10742.579      105475.      324.586       105474.78
       10743.665      102852.      320.477       102851.96
       10744.751      105622.      322.543       105622.47
       10745.837      104837.      324.041       104836.84
       10746.923      105481.      323.938       105480.92
       10748.009      105646.      324.565       105646.14
       10749.095      105791.      318.534       105790.93
       10750.181      105809.      326.957       105808.76
       10751.267      102975.      320.692       102975.33
       10752.353      99647.2      315.183       99647.220
       10753.439      98943.6      314.844       98943.635
       10754.525      100460.      317.801       100459.50
       10755.611      103012.      321.070       103012.34
       10756.697      105025.      320.915       105024.84
       10757.783      105493.      324.063       105493.46
       10758.869      105494.      322.348       105494.24
       10759.955      106374.      322.030       106373.73
       10761.041      104809.      325.682       104808.56
       10762.127      106147.      318.856       106146.79
       10763.213      106006.      320.521       106006.50
       10764.299      106581.      324.739       106580.91
       10765.385      105554.      323.122       105554.40
       10766.471      106014.      328.391       106013.87
       10767.557      106262.      320.556       106262.42
       10768.643      106016.      325.890       106016.35
       10769.729      107079.      324.129       107079.25
       10770.814      106382.      324.733       106381.54
       10771.900      106049.      324.193       106048.81
       10772.986      105386.      324.470       105386.36
       10774.072      105265.      323.837       105264.97
       10775.158      105361.      323.323       105360.66
       10776.244      106320.      324.827       106319.53
       10777.330      106504.      324.777       106503.74
       10778.416      107465.      319.714       107465.46
       10779.502      106670.      337.812       106670.46
       10780.588      107023.      326.866       107023.48
       10781.674      105914.      324.833       105914.21
       10782.760      105643.      325.263       105642.87
       10783.846      107050.      326.150       107049.74
       10784.932      107277.      266.750       107277.34
       10786.018      107009.      261.655       107008.64
       10787.104      106019.      318.816       106019.35
       10788.190      104239.      321.231       104239.05
       10789.276      101291.      317.517       101291.06
       10790.362      99941.2      314.828       99941.207
       10791.448      102221.      295.846       102221.12
       10792.534      104818.      321.254       104817.50
       10793.620      107020.      325.183       107020.28
       10794.706      108267.      328.239       108266.79
       10795.792      107963.      327.020       107962.58
       10796.878      107372.      327.629       107372.30
       10797.964      108171.      325.462       108171.47
       10799.050      107188.      324.918       107188.25
       10800.136      106692.      326.435       106691.79
       10801.222      106215.      324.967       106215.20
       10802.308      107400.      327.286       107399.95
       10803.394      107926.      327.763       107926.29
       10804.480      108844.      329.398       108844.40
       10805.566      108508.      328.852       108508.26
       10806.652      108066.      327.892       108066.02
       10807.738      108562.      328.525       108561.65
       10808.824      108833.      337.472       108833.39
       10809.910      109923.      328.335       109923.01
       10810.995      108297.      327.825       108297.25
       10812.081      108043.      327.237       108042.59
       10813.167      104828.      322.032       104827.70
       10814.253      102155.      320.249       102155.45
       10815.339      102324.      313.490       102323.55
       10816.425      105168.      325.871       105168.11
       10817.511      106539.      326.334       106538.83
       10818.597      108208.      398.279       108208.27
       10819.683      108828.      328.252       108827.70
       10820.769      108891.      330.547       108890.69
       10821.855      109216.      327.594       109215.78
       10822.941      109072.      329.654       109072.14
       10824.027      109599.      331.479       109599.37
       10825.113      109416.      330.904       109416.38
       10826.199      109465.      330.160       109465.49
       10827.285      109489.      330.286       109488.90
       10828.371      107683.      329.181       107682.52
       10829.457      103660.      321.676       103660.12
       10830.543      98959.9      315.026       98959.914
       10831.629      99589.4      316.666       99589.357
       10832.715      103894.      323.776       103893.79
       10833.801      106274.      328.077       106274.05
       10834.887      107020.      328.491       107019.71
       10835.973      108069.      329.573       108069.49
       10837.059      108794.      330.115       108794.35
       10838.145      109096.      329.600       109095.99
       10839.231      109716.      330.478       109715.76
       10840.317      110334.      331.138       110333.60
       10841.403      110789.      332.799       110788.92
       10842.489      110980.      333.113       110980.10
       10843.575      110590.      332.402       110589.93
       10844.661      109955.      331.571       109955.38
       10845.747      106892.      326.998       106891.54
       10846.833      105032.      323.142       105031.67
       10847.919      104893.      324.251       104892.83
       10849.005      106623.      325.040       106622.99
       10850.090      108150.      328.564       108149.95
       10851.176      108292.      328.766       108291.97
       10852.262      108147.      327.274       108147.47
       10853.348      109985.      331.634       109985.19
       10854.434      110019.      331.969       110018.66
       10855.520      110862.      330.931       110861.81
       10856.606      110700.      331.717       110700.13
       10857.692      110213.      331.905       110213.15
       10858.778      109434.      331.511       109433.89
       10859.864      108471.      329.166       108471.20
       10860.950      106471.      325.857       106471.03
       10862.036      106747.      323.789       106746.95
       10863.122      107577.      324.785       107577.34
       10864.208      108247.      514.835       108247.07
       10865.294      107968.      328.823       107967.55
       10866.380      106107.      325.608       106107.05
       10867.466      105882.      324.929       105881.75
       10868.552      107859.      328.314       107858.95
       10869.638      107746.      327.606       107745.90
       10870.724      105787.      325.268       105787.12
       10871.810      100271.      315.868       100270.68
       10872.896      94948.7      307.678       94948.729
       10873.982      95931.6      309.425       95931.585
       10875.068      101415.      318.536       101414.79
       10876.154      104843.      320.030       104843.00
       10877.240      106364.      325.708       106363.64
       10878.326      107350.      326.886       107349.95
       10879.412      107225.      326.770       107225.05
       10880.498      106345.      325.697       106345.22
       10881.584      107504.      326.858       107504.13
       10882.670      107167.      325.171       107167.08
       10883.756      106963.      320.622       106962.79
       10884.842      105682.      310.398       105681.93
       10885.928      104904.      323.730       104904.00
       10887.014      103740.      321.900       103739.90
       10888.100      101738.      309.987       101737.87
       10889.186      101007.      316.285       101007.44
       10890.271      102001.      319.446       102000.91
       10891.357      102905.      320.336       102904.65
       10892.443      104466.      323.368       104465.94
       10893.529      104402.      322.610       104402.00
       10894.615      104449.      322.617       104449.33
       10895.701      104581.      323.747       104580.72
       10896.787      103873.      322.575       103873.48
       10897.873      103927.      322.625       103927.36
       10898.959      103851.      322.596       103851.24
       10900.045      103587.      322.290       103586.65
       10901.131      102351.      329.284       102351.11
       10902.217      102110.      318.570       102110.02
       10903.303      101579.      317.838       101578.69
       10904.389      102024.      319.085       102024.50
       10905.475      101869.      318.834       101868.87
       10906.561      101527.      319.168       101527.36
       10907.647      102093.      319.448       102092.83
       10908.733      101629.      312.258       101628.62
       10909.819      101941.      319.349       101940.85
       10910.905      101706.      321.464       101706.26
       10911.991      101455.      317.399       101454.77
       10913.077      100557.      317.002       100556.60
       10914.163      99361.3      302.273       99361.269
       10915.249      98950.4      314.173       98950.367
       10916.335      95381.5      307.532       95381.482
       10917.421      88913.3      296.695       88913.278
       10918.507      84789.2      290.301       84789.186
       10919.593      87620.6      295.351       87620.589
       10920.679      93070.2      304.669       93070.181
       10921.765      94719.0      311.470       94718.992
       10922.851      94215.7      309.033       94215.712
       10923.937      92491.8      306.268       92491.746
       10925.023      91114.2      299.407       91114.167
       10926.109      89767.0      299.883       89767.039
       10927.195      90986.2      301.232       90986.242
       10928.281      91001.2      302.016       91001.152
       10929.367      90915.3      299.336       90915.282
       10930.452      90002.3      299.865       90002.329
       10931.538      88877.6      296.926       88877.585
       10932.624      87052.9      289.986       87052.862
       10933.710      85583.2      291.220       85583.164
       10934.796      83628.8      289.688       83628.811
       10935.882      81707.7      285.136       81707.723
       10936.968      79270.2      290.841       79270.252
       10938.054      76883.3      284.014       76883.308
       10939.140      73368.7      270.819       73368.667
       10940.226      67645.7      260.087       67645.683
       10941.312      62581.4      249.444       62581.391
       10942.398      60749.6      245.289       60749.550
       10943.484      64991.7      253.965       64991.680
       10944.570      69694.4      270.111       69694.385
       10945.656      73460.0      272.091       73459.959
       10946.742      76513.5      269.156       76513.505
       10947.828      78676.9      279.693       78676.915
       10948.914      80761.6      284.077       80761.624
       10950.000      83389.6      290.358       83389.598
       10951.086      85515.0      292.193       85515.047
       10952.172      87020.5      294.455       87020.523
       10953.258      87724.1      297.488       87724.080
       10954.344      87253.3      296.157       87253.315
       10955.430      87319.0      457.079       87318.964
       10956.516      87272.2      294.830       87272.163
       10957.602      87909.2      295.122       87909.207
       10958.688      88897.7      297.593       88897.733
       10959.774      89528.2      298.986       89528.203
       10960.860      90103.2      298.305       90103.221
       10961.946      90873.4      300.490       90873.430
       10963.032      91925.4      300.892       91925.364
       10964.118      93899.0      304.963       93898.958
       10965.204      95467.9      310.158       95467.932
       10966.290      95575.8      307.803       95575.844
       10967.376      95167.4      307.823       95167.435
       10968.462      94465.7      306.092       94465.704
       10969.548      94274.8      306.688       94274.846
       10970.633      95419.3      309.713       95419.294
       10971.719      97306.8      312.129       97306.791
       10972.805      97017.2      311.939       97017.161
       10973.891      97182.7      313.153       97182.681
       10974.977      97845.5      313.969       97845.543
       10976.063      97127.0      313.120       97126.973
       10977.149      95838.1      309.471       95838.148
       10978.235      95786.2      309.240       95786.233
       10979.321      96815.1      307.620       96815.132
       10980.407      96743.0      310.621       96742.981
       10981.493      95897.5      309.693       95897.490
       10982.579      93849.0      306.573       93849.004
       10983.665      92700.0      301.636       92700.022
       10984.751      93387.3      305.540       93387.279
       10985.837      94681.8      306.645       94681.814
       10986.923      95084.9      307.859       95084.865
       10988.009      95307.0      308.937       95307.006
       10989.095      96602.4      310.868       96602.393
       10990.181      98969.8      314.420       98969.834
       10991.267      99774.4      319.083       99774.427
       10992.353      100415.      316.784       100415.36
       10993.439      99249.2      315.667       99249.160
       10994.525      96898.0      311.716       96898.047
       10995.611      95721.1      307.105       95721.138
       10996.697      96203.7      308.149       96203.683
       10997.783      96901.8      311.408       96901.845
       10998.869      98144.8      313.721       98144.788
       10999.955      100212.      316.865       100211.56
       11001.041      101435.      318.466       101435.12
       11002.127      101691.      319.167       101690.93
       11003.213      100924.      317.742       100923.79
       11004.299      100235.      315.702       100234.87
       11005.385      99982.4      316.442       99982.387
       11006.471      100341.      317.228       100340.80
       11007.557      100842.      318.579       100842.48
       11008.643      99455.7      316.306       99455.707
       11009.729      98078.5      313.804       98078.455
       11010.814      99014.5      315.554       99014.517
       11011.900      101842.      319.047       101841.63
       11012.986      102525.      320.649       102525.13
       11014.072      102174.      322.496       102174.14
       11015.158      100875.      318.503       100874.65
       11016.244      100041.      316.730       100040.85
       11017.330      99001.4      315.184       99001.421
       11018.416      97585.1      312.590       97585.069
       11019.502      96472.5      311.238       96472.475
       11020.588      95356.7      309.583       95356.719
       11021.674      95999.6      309.898       95999.591
       11022.760      97921.0      313.309       97920.958
       11023.846      98658.8      314.584       98658.751
       11024.932      100135.      316.577       100134.58
       11026.018      100265.      316.975       100265.09
       11027.104      97358.6      312.700       97358.596
       11028.190      97073.2      312.726       97073.253
       11029.276      99764.9      317.536       99764.930
       11030.362      100168.      317.819       100168.24
       11031.448      101174.      318.810       101174.13
       11032.534      101557.      319.595       101557.35
       11033.620      101949.      319.070       101949.39
       11034.706      102416.      315.164       102415.88
       11035.792      102763.      320.782       102762.87
       11036.878      104109.      323.225       104108.75
       11037.964      104635.      323.127       104634.77
       11039.050      103490.      336.735       103489.70
       11040.136      102488.      318.687       102487.96
       11041.222      100520.      317.830       100520.21
       11042.308      98674.5      313.959       98674.543
       11043.394      98793.6      315.816       98793.574
       11044.480      100488.      318.905       100487.93
       11045.566      101884.      318.821       101883.60
       11046.652      102327.      319.395       102327.31
       11047.738      103085.      322.191       103085.20
       11048.824      103123.      321.498       103122.55
       11049.910      103042.      320.400       103042.19
       11050.995      103397.      322.275       103397.41
       11052.081      103114.      319.409       103114.47
       11053.167      102214.      319.701       102213.84
       11054.253      101094.      311.776       101093.89
       11055.339      101372.      316.968       101371.99
       11056.425      101842.      318.667       101841.95
       11057.511      101123.      317.623       101123.13
       11058.597      99519.4      324.586       99519.406
       11059.683      98817.0      315.002       98817.019
       11060.769      97938.9      309.726       97938.849
       11061.855      98305.9      313.591       98305.888
       11062.941      98256.9      313.348       98256.853
       11064.027      98361.7      312.269       98361.679
       11065.113      99437.7      315.483       99437.731
       11066.199      100436.      315.727       100435.67
       11067.285      102285.      320.120       102284.93
       11068.371      104079.      322.591       104079.36
       11069.457      103832.      320.149       103831.93
       11070.543      103452.      320.504       103452.25
       11071.629      103552.      319.935       103551.91
       11072.715      103845.      320.496       103845.01
       11073.801      103950.      325.723       103950.02
       11074.887      103391.      321.040       103390.54
       11075.973      102964.      320.263       102963.59
       11077.059      101825.      318.055       101825.31
       11078.145      101146.      373.607       101145.65
       11079.231      100016.      314.655       100015.94
       11080.317      98789.4      359.258       98789.426
       11081.403      99554.5      312.484       99554.464
       11082.489      98955.2      317.470       98955.161
       11083.575      98457.7      290.173       98457.674
       11084.661      98952.2      312.895       98952.198
       11085.747      98456.5      307.775       98456.464
       11086.833      98469.0      313.316       98469.017
       11087.919      100787.      316.609       100786.67
       11089.005      103040.      319.642       103039.81
       11090.090      103161.      321.042       103160.98
       11091.176      100914.      317.515       100914.21
       11092.262      100162.      315.497       100161.89
       11093.348      101177.      303.863       101177.16
       11094.434      102295.      319.535       102294.81
       11095.520      102152.      321.240       102151.90
       11096.606      101023.      317.834       101022.59
       11097.692      100769.      316.135       100768.90
       11098.778      102170.      316.190       102170.10
       11099.864      102690.      320.247       102690.07
       11100.950      102569.      320.376       102568.76
       11102.036      101414.      436.799       101414.32
       11103.122      97449.9      310.813       97449.883
       11104.208      93269.2      304.219       93269.201
       11105.294      92581.8      302.446       92581.838
       11106.380      94196.1      309.297       94196.092
       11107.466      95252.0      307.201       95251.972
       11108.552      96284.9      315.392       96284.924
       11109.638      96992.9      309.132       96992.866
       11110.724      95068.8      305.690       95068.749
       11111.810      92254.1      306.790       92254.126
       11112.896      90022.8      298.237       90022.810
       11113.982      89242.6      296.786       89242.580
       11115.068      91032.0      301.349       91032.043
       11116.154      94282.4      308.500       94282.444
       11117.240      98761.5      315.706       98761.506
       11118.326      100722.      309.526       100721.92
       11119.412      100245.      316.009       100245.24
       11120.498      98259.5      306.935       98259.473
       11121.584      96510.0      307.905       96509.966
       11122.670      95992.8      307.390       95992.797
       11123.756      94929.7      278.751       94929.735
       11124.842      95653.3      307.735       95653.347
       11125.928      97420.1      311.023       97420.145
       11127.014      94062.6      305.627       94062.576
       11128.100      87494.5      296.423       87494.517
       11129.186      83110.5      286.000       83110.544
       11130.271      80874.6      283.222       80874.577
       11131.357      80624.9      283.206       80624.928
       11132.443      82658.2      286.854       82658.233
       11133.529      84787.1      287.134       84787.138
       11134.615      83757.3      289.148       83757.324
       11135.701      81788.9      286.617       81788.860
       11136.787      80324.1      283.286       80324.131
       11137.873      82705.0      281.841       82704.999
       11138.959      87446.6      292.369       87446.628
       11140.045      91265.4      300.881       91265.412
       11141.131      93820.8      305.518       93820.764
       11142.217      94949.0      296.692       94948.992
       11143.303      94856.7      305.767       94856.698
       11144.389      94239.8      304.704       94239.809
       11145.475      92897.1      298.910       92897.071
       11146.561      90983.5      297.031       90983.481
       11147.647      86880.2      285.517       86880.189
       11148.733      74983.4      272.856       74983.407
       11149.819      65060.5      252.032       65060.516
       11150.905      68360.9      136.628       68360.880
       11151.991      74236.4      276.586       74236.382
       11153.077      77845.5      280.874       77845.472
       11154.163      81847.2      284.306       81847.154
       11155.249      85801.2      243.936       85801.193
       11156.335      86880.0      289.815       86879.955
       11157.421      86097.0      293.376       86097.025
       11158.507      85882.5      291.362       85882.484
       11159.593      82874.9      284.460       82874.948
       11160.679      75282.5      273.663       75282.470
       11161.765      66450.4      255.195       66450.351
       11162.851      57106.4      236.992       57106.393
       11163.937      51570.6      230.822       51570.615
       11165.023      52329.0      228.969       52328.952
       11166.109      55250.2      235.845       55250.160
       11167.195      62290.4      246.945       62290.395
       11168.281      72429.9      268.606       72429.863
       11169.367      75123.9      278.704       75123.868
       11170.452      70335.1      264.746       70335.084
       11171.538      63826.1      252.585       63826.080
       11172.624      61136.9      233.193       61136.859
       11173.710      63779.0      249.475       63778.981
       11174.796      74001.8      234.869       74001.760
       11175.882      80780.8      285.900       80780.776
       11176.968      82820.5      287.168       82820.492
       11178.054      81069.2      283.505       81069.199
       11179.140      78666.0      279.172       78666.043
       11180.226      73172.6      267.333       73172.604
       11181.312      63367.3      251.499       63367.347
       11182.398      60563.2      243.547       60563.216
       11183.484      67993.9      255.367       67993.869
       11184.570      74211.2      273.613       74211.218
       11185.656      72377.8      265.579       72377.788
       11186.742      61548.4      244.267       61548.351
       11187.828      53187.4      226.636       53187.410
       11188.914      52610.8      237.142       52610.766
       11190.000      52185.6      231.608       52185.608
       11191.086      47044.5      213.824       47044.505
       11192.172      46863.0      215.249       46862.974
       11193.258      53349.1      229.261       53349.083
       11194.344      62794.2      251.269       62794.221
       11195.430      67847.2      259.787       67847.253
       11196.516      65814.2      253.795       65814.168
       11197.602      58214.9      240.572       58214.902
       11198.688      52394.2      231.066       52394.220
       11199.774      54466.2      232.601       54466.154
       11200.860      48463.9      219.387       48463.852
       11201.946      43207.1      205.580       43207.115
       11203.032      47764.2      217.861       47764.186
       11204.118      56515.7      224.026       56515.727
       11205.204      61443.0      254.837       61443.038
       11206.290      61787.9      247.642       61787.892
       11207.376      62598.8      244.028       62598.754
       11208.462      62006.3      247.478       62006.291
       11209.548      58866.4      243.319       58866.358
       11210.633      49220.6      221.001       49220.602
       11211.719      43070.3      215.208       43070.348
       11212.805      45937.0      212.757       45936.966
       11213.891      52034.7      227.521       52034.719
       11214.977      53983.3      230.843       53983.339
       11216.063      47731.9      217.690       47731.944
       11217.149      37055.2      181.277       37055.185
       11218.235      32546.2      178.347       32546.204
       11219.321      36741.0      248.430       36741.001
       11220.407      37372.0      191.978       37372.008
       11221.493      32997.0      180.810       32997.021
       11222.579      29128.6      170.438       29128.581
       11223.665      29020.9      155.566       29020.945
       11224.751      28896.5      167.451       28896.542
       11225.837      30150.7      174.327       30150.660
       11226.923      35874.9      191.320       35874.851
       11228.009      42637.5      204.296       42637.481
       11229.095      46838.7      444.443       46838.672
       11230.181      47550.9      220.878       47550.902
       11231.267      46105.9      206.412       46105.922
       11232.353      40206.3      197.711       40206.347
       11233.439      31232.3      175.299       31232.305
       11234.525      23303.4      152.262       23303.433
       11235.611      22701.0      146.117       22700.988
       11236.697      29091.3      165.769       29091.303
       11237.783      36628.6      189.102       36628.562
       11238.869      40171.3      203.040       40171.343
       11239.955          NaN         -NaN             NaN
