       9750.0000         -NaN         -NaN             NaN
       9751.0860      57993.9      221.353       57993.906
       9752.1719      60413.2      245.323       60413.237
       9753.2579      62663.5      246.151       62663.490
       9754.3439      61755.6      246.586       61755.604
       9755.4299      61446.2      231.248       61446.173
       9756.5158      61518.4      242.985       61518.444
       9757.6018      61593.8         -NaN       61593.759
       9758.6878      59988.3      240.495       59988.260
       9759.7738      59906.5      243.993       59906.505
       9760.8597      61120.4      246.271       61120.366
       9761.9457      66092.3      255.515       66092.338
       9763.0317      65921.0      253.619       65921.020
       9764.1176      64953.2      254.933       64953.192
       9765.2036      65126.0      256.691       65126.040
       9766.2896      64713.2      248.575       64713.237
       9767.3756      66067.8      257.925       66067.834
       9768.4615      68388.1      264.759       68388.054
       9769.5475      69784.9      263.056       69784.913
       9770.6335      70595.1      265.044       70595.096
       9771.7195      71537.4      247.693       71537.439
       9772.8054      71845.5      269.193       71845.524
       9773.8914      71883.2      266.491       71883.232
       9774.9774      71915.5      278.613       71915.484
       9776.0633      71754.2      260.732       71754.170
       9777.1493      72506.9      266.946       72506.899
       9778.2353      72097.1      268.869       72097.120
       9779.3213      72441.1      273.727       72441.112
       9780.4072      72440.7      269.031       72440.664
       9781.4932      72432.8      269.555       72432.803
       9782.5792      72760.6      270.770       72760.605
       9783.6652      71272.3      257.820       71272.264
       9784.7511      72094.8      276.650       72094.769
       9785.8371      74616.9      272.236       74616.943
       9786.9231      74552.7      272.744       74552.732
       9788.0090      74673.4      273.840       74673.375
       9789.0950      75189.1      265.318       75189.146
       9790.1810      75734.0      276.181       75734.042
       9791.2670      74478.5      273.364       74478.495
       9792.3529      73175.4      271.081       73175.410
       9793.4389      72724.1      268.924       72724.090
       9794.5249      72976.1      270.956       72976.144
       9795.6109      74734.6      273.064       74734.556
       9796.6968      76315.7      276.184       76315.714
       9797.7828      76960.3      277.448       76960.305
       9798.8688      76784.2      274.677       76784.190
       9799.9548      75107.7      273.875       75107.742
       9801.0407      74226.2      273.713       74226.201
       9802.1267      73864.8      272.413       73864.795
       9803.2127      72901.4      270.570       72901.435
       9804.2986      74247.3      272.270       74247.280
       9805.3846      76237.5      275.010       76237.487
       9806.4706      78681.4      280.737       78681.394
       9807.5566      79707.2      281.817       79707.205
       9808.6425      79221.4      281.842       79221.401
       9809.7285      79205.5      281.304       79205.499
       9810.8145      79111.2      284.379       79111.217
       9811.9005      79603.0      278.997       79603.008
       9812.9864      78914.2      282.852       78914.251
       9814.0724      78492.7      296.829       78492.690
       9815.1584      78619.5      279.949       78619.539
       9816.2443      79665.8      281.688       79665.766
       9817.3303      79750.1      282.134       79750.087
       9818.4163      79798.9      281.445       79798.873
       9819.5023      80340.2      209.358       80340.181
       9820.5882      81234.2      283.473       81234.178
       9821.6742      81869.6      287.009       81869.585
       9822.7602      81204.1      286.115       81204.128
       9823.8462      80396.3      280.579       80396.343
       9824.9321      77815.9      279.241       77815.848
       9826.0181      76407.4      277.921       76407.407
       9827.1041      79263.9      281.288       79263.873
       9828.1900      80270.3      298.487       80270.290
       9829.2760      81807.8      284.270       81807.780
       9830.3620      81029.9      282.662       81029.939
       9831.4480      81318.7      287.108       81318.704
       9832.5339      81686.1      279.036       81686.136
       9833.6199      81561.8      286.850       81561.760
       9834.7059      82569.0      290.035       82569.005
       9835.7919      83515.0      640.045       83515.043
       9836.8778      82872.8      345.296       82872.753
       9837.9638      82182.7      297.302       82182.712
       9839.0498      82958.9      291.858       82958.882
       9840.1357      83348.9      288.163       83348.936
       9841.2217      83663.2      324.163       83663.199
       9842.3077      84066.4      294.808       84066.387
       9843.3937      83127.0      297.980       83127.029
       9844.4796      83239.3      286.363       83239.283
       9845.5656      83072.9      286.056       83072.871
       9846.6516      83638.3      291.634       83638.325
       9847.7376      84280.3      287.306       84280.261
       9848.8235      83800.3      291.678       83800.332
       9849.9095      83420.8      286.272       83420.811
       9850.9955      83792.9      288.862       83792.909
       9852.0814      84401.7      290.682       84401.712
       9853.1674      84099.8      289.945       84099.773
       9854.2534      84329.9      287.419       84329.918
       9855.3394      85165.0      290.764       85164.960
       9856.4253      85033.9      221.568       85033.906
       9857.5113      85047.3      292.008       85047.347
       9858.5973      84567.1      290.662       84567.140
       9859.6833      85315.0      291.016       85315.040
       9860.7692      86134.3      294.410       86134.322
       9861.8552      86246.8      293.634       86246.799
       9862.9412      85836.0      294.207       85836.047
       9864.0271      85010.0      291.263       85009.996
       9865.1131      84948.3      288.476       84948.263
       9866.1991      85669.5      296.707       85669.515
       9867.2851      86667.3      296.268       86667.318
       9868.3710      86500.3      293.499       86500.279
       9869.4570      86707.8      294.825       86707.777
       9870.5430      86078.0      428.032       86078.006
       9871.6290      86278.4      291.582       86278.401
       9872.7149      86778.4      311.868       86778.400
       9873.8009      86639.8      293.060       86639.811
       9874.8869      86632.5      282.299       86632.487
       9875.9729      86161.1      292.638       86161.122
       9877.0588      87191.8      295.940       87191.771
       9878.1448      86673.6      289.554       86673.564
       9879.2308      87539.4      295.275       87539.434
       9880.3167      89037.2      298.652       89037.207
       9881.4027      89157.5      309.380       89157.474
       9882.4887      89844.3      289.908       89844.263
       9883.5747      90170.2      303.464       90170.164
       9884.6606      90265.3      298.001       90265.285
       9885.7466      89551.4      296.837       89551.433
       9886.8326      89244.1      301.557       89244.080
       9887.9186      90344.0      293.417       90343.974
       9889.0045      90085.1      299.588       90085.073
       9890.0905      89868.4      278.842       89868.395
       9891.1765      89654.4      300.218       89654.445
       9892.2624      88337.5      303.809       88337.501
       9893.3484      87077.6      289.092       87077.594
       9894.4344      87128.4      295.965       87128.385
       9895.5204      89815.2      321.374       89815.182
       9896.6063      91460.9      305.000       91460.912
       9897.6923      91299.8      304.056       91299.796
       9898.7783      92034.9      303.271       92034.927
       9899.8643      91915.4      303.404       91915.390
       9900.9502      92271.4      300.156       92271.404
       9902.0362      92387.8      313.641       92387.817
       9903.1222      93397.3      310.692       93397.266
       9904.2081      93593.9      307.195       93593.871
       9905.2941      94380.2      302.394       94380.222
       9906.3801      93734.1      302.661       93734.144
       9907.4661      94025.9      307.926       94025.851
       9908.5520      94820.2      308.482       94820.236
       9909.6380      94960.2      307.258       94960.202
       9910.7240      94457.2      304.294       94457.195
       9911.8100      94259.3      307.772       94259.255
       9912.8959      93783.4      296.471       93783.423
       9913.9819      93722.2      316.991       93722.217
       9915.0679      94538.4      306.894       94538.368
       9916.1538      95852.3      308.956       95852.299
       9917.2398      95810.1      310.548       95810.062
       9918.3258      96572.2      312.125       96572.156
       9919.4118      97420.5      312.467       97420.477
       9920.4977      96999.2      310.785       96999.253
       9921.5837      97083.5      311.298       97083.494
       9922.6697      97082.2      301.009       97082.183
       9923.7557      97986.6      314.195       97986.564
       9924.8416      98616.0      317.254       98616.031
       9925.9276      97719.6      316.210       97719.570
       9927.0136      97970.9      313.331       97970.862
       9928.0995      98104.0      312.072       98103.979
       9929.1855      98265.4      312.100       98265.424
       9930.2715      98917.9      319.428       98917.904
       9931.3575      99592.7      314.171       99592.716
       9932.4434      98877.1      285.329       98877.075
       9933.5294      98506.0      288.391       98505.990
       9934.6154      97943.0      314.619       97943.004
       9935.7014      98207.6      410.581       98207.650
       9936.7873      99191.4      318.174       99191.378
       9937.8733      99187.4      321.170       99187.400
       9938.9593      100980.      319.005       100980.43
       9940.0452      101574.      319.556       101574.21
       9941.1312      101290.         -NaN       101289.85
       9942.2172      101340.      318.888       101339.88
       9943.3032      101342.      341.934       101342.31
       9944.3891      101998.      320.236       101997.92
       9945.4751      101577.      318.016       101576.89
       9946.5611      101470.      326.517       101470.43
       9947.6471      101917.      321.558       101917.20
       9948.7330      102794.      319.575       102794.27
       9949.8190      102719.      319.418       102719.09
       9950.9050      103146.      319.026       103146.10
       9951.9910      102375.      318.498       102374.60
       9953.0769      101797.      359.103       101797.10
       9954.1629      103045.      320.031       103044.97
       9955.2489      103462.      442.514       103461.57
       9956.3348      103939.      335.032       103939.05
       9957.4208      103977.      327.420       103976.90
       9958.5068      104097.      320.497       104096.78
       9959.5928      103229.      322.206       103229.20
       9960.6787      104152.      316.649       104151.62
       9961.7647      104195.      332.221       104195.48
       9962.8507      104547.      310.963       104547.11
       9963.9367      105396.      319.855       105396.47
       9965.0226      105410.      328.404       105410.49
       9966.1086      104912.      322.139       104911.93
       9967.1946      105812.      327.428       105812.36
       9968.2805      105349.      330.346       105349.41
       9969.3665      105960.      321.381       105960.27
       9970.4525      106089.      339.277       106089.00
       9971.5385      105898.      311.644       105898.06
       9972.6244      105886.      319.889       105885.55
       9973.7104      106311.      326.966       106310.65
       9974.7964      106573.      327.155       106573.02
       9975.8824      106830.      326.305       106829.83
       9976.9683      107006.      334.187       107006.40
       9978.0543      107418.      325.452       107417.85
       9979.1403      106750.      323.941       106749.84
       9980.2262      107190.      332.588       107190.08
       9981.3122      107255.      319.692       107255.38
       9982.3982      107371.      333.443       107370.58
       9983.4842      107796.      320.947       107796.21
       9984.5701      107890.      328.123       107889.64
       9985.6561      107793.      332.956       107793.08
       9986.7421      107390.      326.194       107390.15
       9987.8281      106331.      325.508       106331.10
       9988.9140      107605.      327.251       107605.01
       9990.0000      106638.      324.699       106638.08
       9991.0860      102199.      318.386       102198.68
       9992.1719      102977.      425.636       102976.86
       9993.2579      108808.      331.915       108808.45
       9994.3439      106758.      327.392       106758.40
       9995.4299      106689.      325.700       106689.16
       9996.5158      105832.      330.922       105831.96
       9997.6018      103045.      324.305       103044.77
       9998.6878      99335.9      312.625       99335.901
       9999.7738      102427.      303.782       102426.70
       10000.860      104585.      325.439       104584.82
       10001.946      105669.      336.180       105669.03
       10003.032      106685.      323.674       106684.74
       10004.118      106906.      346.907       106905.69
       10005.204      107893.      328.886       107892.64
       10006.290      106825.      327.974       106825.49
       10007.376      107679.      328.246       107678.93
       10008.462      106698.      328.408       106697.78
       10009.548      107153.      330.526       107152.74
       10010.633      107328.      323.087       107328.08
       10011.719      107187.      329.349       107186.90
       10012.805      105706.      325.308       105705.87
       10013.891      108003.      328.545       108003.38
       10014.977      107736.      331.238       107735.65
       10016.063      107323.      319.395       107323.21
       10017.149      106262.      331.368       106261.77
       10018.235      105795.      326.684       105795.30
       10019.321      105922.      322.319       105921.68
       10020.407      106896.      333.702       106896.09
       10021.493      103373.      321.382       103373.39
       10022.579      104087.      323.218       104087.49
       10023.665      104819.      325.487       104819.16
       10024.751      105209.      325.123       105209.41
       10025.837      105843.      326.608       105843.33
       10026.923      106324.      321.480       106324.45
       10028.009      104813.      318.953       104812.59
       10029.095      105443.      322.649       105442.53
       10030.181      105482.      321.407       105482.24
       10031.267      104494.      236.182       104494.26
       10032.353      104363.      321.328       104362.99
       10033.439      104320.      320.740       104319.93
       10034.525      103817.      316.249       103817.29
       10035.611      103132.      317.188       103131.86
       10036.697      102201.      300.930       102201.01
       10037.783      101026.      320.294       101026.34
       10038.869      99267.2      311.604       99267.248
       10039.955      94611.4      304.097       94611.425
       10041.041      95144.7      310.363       95144.736
       10042.127      97490.5      310.912       97490.521
       10043.213      96848.4      310.630       96848.424
       10044.299      95642.9      307.262       95642.879
       10045.385      94629.3      289.857       94629.273
       10046.471      93752.4      303.867       93752.364
       10047.557      90005.2      283.793       90005.153
       10048.643      87943.7      293.927       87943.663
       10049.729      83446.6      287.546       83446.601
       10050.814      78259.9      282.318       78259.925
       10051.900      71900.8      274.086       71900.813
       10052.986      68172.1      260.261       68172.093
       10054.072      71136.6      266.568       71136.625
       10055.158      77443.5      276.793       77443.495
       10056.244      83280.3      286.631       83280.328
       10057.330      87253.4      298.959       87253.377
       10058.416      90769.7      302.072       90769.685
       10059.502      93237.8      242.384       93237.820
       10060.588      95007.6      305.857       95007.578
       10061.674      97293.1      311.839       97293.079
       10062.760      98968.6      315.108       98968.607
       10063.846      100022.      325.791       100021.77
       10064.932      101248.      310.935       101247.58
       10066.018      102160.      318.367       102160.41
       10067.104      102727.      320.311       102727.43
       10068.190      102304.      319.993       102304.16
       10069.276      101594.      315.017       101593.50
       10070.362      103334.      320.876       103334.40
       10071.448      103768.      321.558       103768.01
       10072.534      102506.      320.661       102505.72
       10073.620      102073.      371.381       102073.16
       10074.706      105664.      322.318       105663.73
       10075.792      104324.      321.957       104324.40
       10076.878      103397.      319.163       103396.57
       10077.964      102789.      320.532       102788.84
       10079.050      105034.      325.896       105033.63
       10080.136      105548.      325.503       105548.18
       10081.222      105455.      322.274       105455.41
       10082.308      104548.      323.010       104548.20
       10083.394      108002.      328.375       108002.18
       10084.480      107725.      327.393       107725.22
       10085.566      106464.      328.620       106463.76
       10086.652      107162.      327.092       107162.20
       10087.738      106981.      324.419       106980.64
       10088.824      105819.      325.823       105819.41
       10089.910      106890.      328.080       106890.28
       10090.995      107161.      326.524       107160.94
       10092.081      104512.      314.046       104512.02
       10093.167      105995.      330.888       105995.00
       10094.253      106488.      342.647       106488.06
       10095.339      106275.      315.959       106274.65
       10096.425      107361.      327.778       107361.23
       10097.511      107151.      327.731       107150.81
       10098.597      107128.      326.539       107128.49
       10099.683      108584.      328.891       108583.79
       10100.769      107589.      328.768       107588.55
       10101.855      108000.      328.609       107999.63
       10102.941      106564.      326.102       106563.62
       10104.027      107245.      326.954       107245.08
       10105.113      108435.      330.392       108434.90
       10106.199      107822.      325.939       107821.73
       10107.285      107024.      328.370       107023.71
       10108.371      106285.      325.938       106284.70
       10109.457      106898.      325.203       106897.74
       10110.543      107527.      327.841       107526.91
       10111.629      106444.      328.165       106444.46
       10112.715      109333.      330.702       109333.10
       10113.801      104948.      323.842       104948.13
       10114.887      106151.      324.881       106150.62
       10115.973      106918.      327.126       106918.35
       10117.059      106674.      326.373       106673.67
       10118.145      106825.      328.009       106825.41
       10119.231      109065.      330.316       109064.62
       10120.317      106309.      327.273       106309.40
       10121.403      107651.      333.222       107650.89
       10122.489      108042.      328.809       108042.38
       10123.575      107526.      328.539       107525.73
       10124.661      108003.      330.349       108002.58
       10125.747      106810.      326.799       106810.02
       10126.833      107774.      329.310       107774.45
       10127.919      109025.      330.875       109025.47
       10129.005      106428.      330.934       106427.61
       10130.090      108195.      335.736       108194.86
       10131.176      105641.      325.894       105640.83
       10132.262      107416.      329.093       107415.88
       10133.348      107210.      328.219       107209.61
       10134.434      109174.      331.797       109173.57
       10135.520      107775.      327.773       107775.36
       10136.606      106057.      325.284       106056.67
       10137.692      104905.      321.678       104904.69
       10138.778      107758.      328.145       107758.19
       10139.864      108766.      331.373       108765.80
       10140.950      109430.      330.378       109430.24
       10142.036      107828.      327.228       107827.70
       10143.122      108367.      329.901       108366.65
       10144.208      108354.      328.170       108353.87
       10145.294      108873.      329.615       108872.69
       10146.380      107164.      322.629       107163.93
       10147.466      109141.      334.918       109141.22
       10148.552      108515.      329.444       108515.10
       10149.638      107194.      327.417       107193.59
       10150.724      108294.      329.786       108294.10
       10151.810      108670.      327.040       108670.17
       10152.896      108885.      325.559       108884.51
       10153.982      108596.      328.402       108596.05
       10155.068      108792.      329.349       108792.10
       10156.154      107327.      327.175       107327.26
       10157.240      108896.      322.807       108895.99
       10158.326      110648.      328.553       110647.66
       10159.412      110311.      312.559       110311.08
       10160.498      107377.      371.861       107376.80
       10161.584      110989.      333.704       110989.33
       10162.670      110116.      330.967       110116.29
       10163.756      109328.      330.041       109327.86
       10164.842      110094.      337.132       110094.33
       10165.928      110352.      331.886       110352.11
       10167.014      109176.      328.076       109175.75
       10168.100      109313.      332.991       109313.16
       10169.186      108791.      330.666       108791.18
       10170.271      109523.      331.843       109523.17
       10171.357      111164.      335.410       111163.61
       10172.443      108672.      347.206       108671.67
       10173.529      108024.      330.158       108024.26
       10174.615      107832.      329.117       107832.31
       10175.701      109551.      330.158       109551.13
       10176.787      108448.      329.638       108448.48
       10177.873      108012.      329.294       108012.13
       10178.959      110438.      375.371       110438.07
       10180.045      108800.      337.436       108800.22
       10181.131      107830.      356.082       107830.01
       10182.217      109387.      328.581       109387.19
       10183.303      107532.      322.340       107532.16
       10184.389      108586.      327.477       108585.64
       10185.475      109188.      305.696       109188.14
       10186.561      110443.      334.956       110443.16
       10187.647      109123.      314.550       109122.63
       10188.733      107780.      323.701       107780.15
       10189.819      109303.      333.751       109303.12
       10190.905      108736.      332.158       108736.36
       10191.991      107571.      328.829       107571.19
       10193.077      106894.      331.256       106893.61
       10194.163      107729.      328.129       107728.68
       10195.249      106943.      317.578       106942.51
       10196.335      108215.      328.393       108215.48
       10197.421      109152.      331.894       109151.71
       10198.507      107321.      328.025       107321.35
       10199.593      108157.      321.620       108156.95
       10200.679      108465.      326.734       108464.76
       10201.765      108144.      550.512       108143.66
       10202.851      107698.      325.876       107698.19
       10203.937      109234.      328.691       109234.49
       10205.023      108148.      329.996       108147.64
       10206.109      109014.      315.685       109013.86
       10207.195      110123.      308.441       110122.55
       10208.281      107450.      326.508       107450.05
       10209.367      107623.      328.953       107622.63
       10210.452      110398.      330.500       110397.91
       10211.538      109165.      341.536       109164.97
       10212.624      110304.      339.439       110304.32
       10213.710      110366.      332.983       110366.27
       10214.796      109723.      329.320       109723.12
       10215.882      110635.      326.105       110635.39
       10216.968      111088.      333.689       111088.14
       10218.054      109840.      331.835       109840.27
       10219.140      109278.      334.262       109278.28
       10220.226      108668.      328.498       108668.20
       10221.312      109700.      333.677       109699.80
       10222.398      110393.      331.787       110393.14
       10223.484      108323.      331.693       108323.33
       10224.570      108961.      336.283       108960.55
       10225.656      108011.      326.785       108011.35
       10226.742      107841.      331.070       107841.39
       10227.828      108395.      324.190       108394.60
       10228.914      106927.      327.444       106927.44
       10230.000      107214.      326.758       107213.99
       10231.086      107715.      326.003       107715.31
       10232.172      109288.      328.330       109287.63
       10233.258      108542.      330.421       108541.71
       10234.344      107962.      264.361       107961.87
       10235.430      108043.      328.615       108042.91
       10236.516      106806.      324.137       106805.77
       10237.602      107993.      327.889       107993.09
       10238.688      108612.      327.869       108612.38
       10239.774      109732.      330.057       109732.42
       10240.860      110481.      332.050       110481.39
       10241.946      109798.      333.663       109797.78
       10243.032      108462.      334.020       108462.13
       10244.118      109288.      330.886       109288.20
       10245.204      105487.      328.823       105486.93
       10246.290      107460.      1062.74       107459.99
       10247.376      106851.      327.445       106851.02
       10248.462      106826.      336.798       106825.57
       10249.548      107412.      328.677       107411.88
       10250.633      106766.      323.412       106765.68
       10251.719      108271.      327.579       108270.53
       10252.805      107219.      325.409       107219.29
       10253.891      107184.      327.077       107183.72
       10254.977      107685.      330.397       107684.83
       10256.063      108047.      324.374       108046.51
       10257.149      108436.      329.069       108436.50
       10258.235      108611.      327.881       108610.69
       10259.321      107671.      330.959       107671.03
       10260.407      109164.      328.145       109164.35
       10261.493      107702.      328.898       107702.16
       10262.579      107037.      328.141       107037.00
       10263.665      107962.      328.894       107961.76
       10264.751      107493.      332.392       107492.74
       10265.837      107184.      334.685       107183.99
       10266.923      106874.      327.184       106874.37
       10268.009      107763.      324.903       107762.76
       10269.095      107778.      326.611       107778.30
       10270.181      107303.      328.122       107303.43
       10271.267      107318.      328.107       107318.19
       10272.353      107983.      328.776       107982.68
       10273.439      107625.      329.698       107624.90
       10274.525      105961.      325.952       105961.37
       10275.611      106871.      308.059       106870.64
       10276.697      106259.      325.134       106258.87
       10277.783      105849.      326.593       105849.10
       10278.869      106380.      328.322       106379.98
       10279.955      107549.      326.544       107549.11
       10281.041      107253.      326.149       107253.44
       10282.127      107457.      327.075       107457.00
       10283.213      107558.      328.491       107557.95
       10284.299      105865.      325.155       105865.16
       10285.385      106833.      368.773       106832.75
       10286.471      107960.      326.119       107959.71
       10287.557      107745.      327.497       107744.66
       10288.643      108298.      330.965       108297.93
       10289.729      108160.      329.513       108160.13
       10290.814      108455.      328.858       108455.35
       10291.900      109166.      330.544       109166.21
       10292.986      107192.      324.136       107191.82
       10294.072      106329.      252.493       106328.53
       10295.158      106813.      329.554       106813.19
       10296.244      106915.      323.083       106915.26
       10297.330      106545.      325.548       106544.78
       10298.416      106988.      327.684       106988.26
       10299.502      106544.      324.810       106544.48
       10300.588      107689.      343.352       107689.12
       10301.674      107847.      330.462       107847.25
       10302.760      106879.      327.171       106879.31
       10303.846      107214.      324.905       107214.11
       10304.932      106131.      327.038       106131.32
       10306.018      106802.      323.007       106802.32
       10307.104      106325.      324.820       106325.24
       10308.190      104983.      340.787       104982.56
       10309.276      105625.      325.163       105624.79
       10310.362      106066.      321.918       106065.54
       10311.448      106532.      323.522       106532.34
       10312.534      106201.      327.119       106200.69
       10313.620      104824.      327.319       104824.23
       10314.706      104067.      324.856       104067.08
       10315.792      104719.      326.226       104719.20
       10316.878      104946.      323.092       104946.04
       10317.964      105133.      324.281       105132.73
       10319.050      105587.      365.397       105586.80
       10320.136      105801.      323.683       105800.55
       10321.222      107371.      325.968       107370.90
       10322.308      108017.      328.977       108017.32
       10323.394      107000.      328.269       106999.63
       10324.480      105878.      326.296       105877.96
       10325.566      105641.      327.338       105640.72
       10326.652      105313.      328.527       105313.33
       10327.738      106239.      327.245       106238.63
       10328.824      108045.      328.853       108044.76
       10329.910      106271.      335.649       106271.00
       10330.995      103350.      330.505       103349.91
       10332.081      102291.      321.465       102290.98
       10333.167      102842.      323.649       102841.98
       10334.253      104133.      321.959       104133.22
       10335.339      103686.      321.850       103685.54
       10336.425      103137.      320.458       103137.10
       10337.511      104689.      317.771       104688.74
       10338.597      106512.      327.587       106511.87
       10339.683      106529.      324.895       106529.26
       10340.769      107534.      324.324       107534.13
       10341.855      108045.      329.071       108045.48
       10342.941      107078.      327.420       107078.11
       10344.027      107598.      322.078       107597.52
       10345.113      106436.      325.136       106435.53
       10346.199      105673.      325.429       105673.10
       10347.285      105569.      324.467       105568.58
       10348.371      105462.      325.149       105462.08
       10349.457      106300.      323.898       106300.48
       10350.543      107324.      326.854       107324.28
       10351.629      107836.      332.744       107835.62
       10352.715      105862.      339.107       105861.74
       10353.801      104903.      323.894       104903.30
       10354.887      104728.      323.754       104728.04
       10355.973      104741.      330.608       104740.86
       10357.059      105617.      323.747       105617.27
       10358.145      105510.      322.053       105509.80
       10359.231      105104.      322.030       105103.55
       10360.317      104620.      322.582       104620.32
       10361.403      105224.      323.718       105224.50
       10362.489      106463.      325.103       106462.61
       10363.575      105608.      341.137       105607.96
       10364.661      107682.      327.327       107681.78
       10365.747      107141.      328.285       107140.56
       10366.833      104284.      321.267       104283.61
       10367.919      104207.      320.785       104207.05
       10369.005      104661.      322.509       104660.92
       10370.090      105538.      324.648       105537.93
       10371.176      105681.      325.170       105681.32
       10372.262      105305.      324.125       105304.96
       10373.348      105114.      325.014       105113.76
       10374.434      104312.      324.504       104312.43
       10375.520      103424.      322.268       103423.61
       10376.606      104331.      324.234       104331.48
       10377.692      104164.      324.017       104164.00
       10378.778      104577.      323.625       104576.54
       10379.864      105830.      331.924       105829.69
       10380.950      115226.      341.452       115225.72
       10382.036      111376.      335.989       111376.21
       10383.122      104838.      332.320       104837.91
       10384.208      105518.      325.889       105517.72
       10385.294      105774.      327.593       105774.27
       10386.380      105752.      324.579       105751.81
       10387.466      105662.      310.479       105662.30
       10388.552      106880.      326.466       106879.91
       10389.638      105641.      326.103       105640.78
       10390.724      106190.      321.980       106190.21
       10391.810      107220.      327.799       107219.78
       10392.896      107337.      327.447       107337.03
       10393.982      109203.      330.278       109203.41
       10395.068      107962.      328.021       107961.84
       10396.154      107009.      327.634       107008.99
       10397.240      107159.      323.615       107159.39
       10398.326      109042.      331.481       109041.64
       10399.412      108010.      329.897       108009.78
       10400.498      107745.      329.063       107744.58
       10401.584      106020.      324.088       106020.00
       10402.670      106368.      326.194       106368.43
       10403.756      107134.      328.453       107134.34
       10404.842      107053.      322.814       107053.25
       10405.928      106049.      325.954       106048.66
       10407.014      106141.      326.114       106140.93
       10408.100      106194.      325.940       106194.15
       10409.186      106579.      325.378       106578.95
       10410.271      108728.      330.027       108727.95
       10411.357      109164.      330.695       109163.82
       10412.443      107412.      322.656       107412.24
       10413.529      105810.      326.648       105809.75
       10414.615      108554.      307.316       108553.96
       10415.701      105599.      324.134       105598.82
       10416.787      109445.      329.033       109444.85
       10417.873      108601.      328.563       108600.84
       10418.959      106994.      327.914       106993.64
       10420.045      105908.      327.387       105907.86
       10421.131      107467.      329.301       107466.88
       10422.217      109172.      331.834       109171.99
       10423.303      106625.      327.999       106624.65
       10424.389      106930.      317.388       106930.16
       10425.475      108656.      331.033       108656.13
       10426.561      109300.      336.642       109300.21
       10427.647      108219.      330.621       108219.43
       10428.733      107600.      328.296       107600.42
       10429.819      107847.      330.561       107846.92
       10430.905      108336.      328.886       108336.11
       10431.991      107690.      327.366       107690.30
       10433.077      108531.      329.789       108531.05
       10434.163      108728.      330.732       108727.59
       10435.249      106976.      327.357       106976.37
       10436.335      106445.      322.903       106444.71
       10437.421      107680.      328.985       107680.19
       10438.507      107075.      324.965       107075.42
       10439.593      109100.      330.189       109100.02
       10440.679      108627.      329.800       108626.60
       10441.765      107191.      326.907       107191.36
       10442.851      105211.      323.752       105211.41
       10443.937      107056.      327.221       107055.72
       10445.023      109169.      330.072       109169.09
       10446.109      109120.      332.416       109120.09
       10447.195      106058.      324.537       106057.56
       10448.281      107991.      330.342       107990.73
       10449.367      107510.      327.958       107510.31
       10450.452      107417.      470.253       107417.10
       10451.538      106574.      310.867       106573.62
       10452.624      104286.      323.580       104286.08
       10453.710      105773.      324.896       105773.49
       10454.796      107226.      327.665       107225.88
       10455.882      103089.      321.720       103088.65
       10456.968      102809.      319.861       102809.40
       10458.054      103861.      323.697       103861.42
       10459.140      100042.      316.558       100042.40
       10460.226      101170.      319.129       101169.50
       10461.312      98955.8      316.429       98955.748
       10462.398      101688.      319.537       101687.79
       10463.484      102862.      317.384       102861.54
       10464.570      104927.      326.755       104926.53
       10465.656      106056.      326.271       106055.87
       10466.742      105086.      317.346       105086.02
       10467.828      106001.      325.222       106000.50
       10468.914      105792.      321.832       105792.47
       10470.000      105906.      309.973       105905.65
       10471.086      109049.      330.465       109048.55
       10472.172      109208.      328.725       109208.16
       10473.258      107178.      326.881       107177.96
       10474.344      106503.      325.473       106502.79
       10475.430      105780.      323.698       105779.69
       10476.516      105873.      327.944       105872.95
       10477.602      105562.      322.116       105562.06
       10478.688      107617.      94.0249       107616.73
       10479.774      107438.      328.603       107437.56
       10480.860      106643.      323.159       106643.09
       10481.946      108291.      328.272       108291.28
       10483.032      109132.      327.841       109132.04
       10484.118      106895.      326.965       106895.30
       10485.204      108998.      329.858       108998.18
       10486.290      109942.      345.459       109941.55
       10487.376      112203.      334.887       112202.97
       10488.462      109238.      314.729       109238.31
       10489.548      108482.      323.427       108481.98
       10490.633      107801.      329.639       107800.99
       10491.719      105867.      326.662       105866.78
       10492.805      107783.      332.797       107783.28
       10493.891      106880.      327.059       106879.92
       10494.977      105595.      324.182       105594.92
       10496.063      105505.      326.114       105504.55
       10497.149      103299.      323.931       103299.43
       10498.235      104694.      323.456       104693.52
       10499.321      105403.      325.593       105402.59
       10500.407      106452.      327.526       106452.14
       10501.493      106143.      326.018       106142.82
       10502.579      106935.      325.254       106934.65
       10503.665      106123.      325.106       106123.20
       10504.751      106625.      339.206       106625.34
       10505.837      105428.      323.456       105428.43
       10506.923      104889.      315.824       104888.85
       10508.009      104670.      323.908       104669.73
       10509.095      104161.      322.074       104161.07
       10510.181      105144.      324.619       105143.90
       10511.267      106498.      328.597       106498.33
       10512.353      107670.      326.640       107669.89
       10513.439      106460.      323.986       106460.38
       10514.525      104339.      324.558       104339.47
       10515.611      105092.      325.143       105092.42
       10516.697      104663.      324.118       104663.48
       10517.783      103286.      321.297       103286.32
       10518.869      103783.      322.661       103782.53
       10519.955      104357.      322.800       104357.08
       10521.041      105126.      324.289       105126.40
       10522.127      107798.      328.368       107797.57
       10523.213      106403.      323.718       106402.63
       10524.299      105222.      325.092       105222.00
       10525.385      105023.      324.806       105023.19
       10526.471      105177.      324.333       105177.00
       10527.557      106154.      327.793       106153.83
       10528.643      106613.      327.035       106613.41
       10529.729      107438.      328.589       107437.79
       10530.814      106697.      326.233       106697.11
       10531.900      106882.      325.484       106882.08
       10532.986      106696.      325.579       106696.47
       10534.072      107620.      328.807       107620.21
       10535.158      107732.      327.479       107731.73
       10536.244      104149.      326.721       104149.49
       10537.330      105677.      325.830       105677.13
       10538.416      106796.      329.174       106795.65
       10539.502      108336.      329.572       108336.38
       10540.588      109365.      330.900       109364.71
       10541.674      109144.      330.378       109143.89
       10542.760      108256.      326.585       108256.30
       10543.846      108001.      327.548       108000.67
       10544.932      108218.      373.507       108218.44
       10546.018      107384.      240.767       107384.28
       10547.104      104897.      324.737       104896.58
       10548.190      107287.      324.883       107286.92
       10549.276      107299.      922.039       107298.57
       10550.362      104312.      322.693       104312.13
       10551.448      103730.      321.829       103729.50
       10552.534      105895.      328.750       105894.90
       10553.620      105911.      325.324       105910.95
       10554.706      105832.      325.814       105832.07
       10555.792      106844.      327.073       106844.26
       10556.878      106086.      325.472       106086.26
       10557.964      105587.      333.356       105586.70
       10559.050      105506.      324.334       105505.51
       10560.136      102891.      315.628       102891.49
       10561.222      104204.      321.679       104203.66
       10562.308      103775.      321.069       103774.99
       10563.394      103266.      323.180       103266.03
       10564.480      103212.      319.563       103211.54
       10565.566      102600.      320.110       102599.87
       10566.652      103793.      315.525       103793.46
       10567.738      104681.      327.305       104681.30
       10568.824      103335.      335.245       103335.39
       10569.910      104077.      323.456       104076.75
       10570.995      105551.      330.203       105551.37
       10572.081      104169.      322.557       104168.89
       10573.167      103399.      325.854       103398.89
       10574.253      104555.      325.301       104554.98
       10575.339      106363.      322.101       106363.30
       10576.425      106525.      338.117       106525.47
       10577.511      106033.      322.656       106033.26
       10578.597      107172.      328.338       107171.74
       10579.683      108099.      328.335       108098.92
       10580.769      107048.      331.561       107047.86
       10581.855      107183.      326.661       107182.60
       10582.941      106763.      326.719       106762.75
       10584.027      106682.      326.798       106682.39
       10585.113      106106.      332.100       106106.22
       10586.199      104315.      323.398       104314.52
       10587.285      104572.      322.051       104571.79
       10588.371      105761.      325.796       105760.66
       10589.457      105821.      325.918       105821.38
       10590.543      107123.      326.885       107122.87
       10591.629      108734.      318.771       108733.95
       10592.715      107431.      327.826       107431.16
       10593.801      104540.      323.701       104539.83
       10594.887      105773.      324.899       105773.17
       10595.973      107679.      328.926       107678.86
       10597.059      107432.      323.489       107432.24
       10598.145      108004.      330.518       108003.77
       10599.231      120845.      336.662       120844.95
       10600.317      115585.      335.647       115585.48
       10601.403      108398.      329.729       108398.24
       10602.489      107653.      324.198       107652.70
       10603.575      107993.      327.300       107992.71
       10604.661      108999.      330.178       108998.84
       10605.747      108258.      329.135       108258.39
       10606.833      106770.      326.669       106769.63
       10607.919      104502.      323.312       104502.47
       10609.005      103717.      318.746       103717.42
       10610.090      104759.      321.895       104758.72
       10611.176      106528.      326.856       106527.57
       10612.262      108844.      332.112       108844.23
       10613.348      108437.      328.671       108437.16
       10614.434      107844.      324.110       107844.30
       10615.520      108647.      331.850       108647.30
       10616.606      108066.      326.454       108066.41
       10617.692      108821.      330.055       108821.19
       10618.778      108381.      336.652       108381.31
       10619.864      107616.      327.562       107616.44
       10620.950      108273.      327.784       108273.24
       10622.036      108067.      318.847       108066.83
       10623.122      109177.      330.485       109176.83
       10624.208      110874.      332.008       110874.07
       10625.294      108558.      329.447       108558.38
       10626.380      109067.      329.846       109066.61
       10627.466      108998.      293.808       108997.53
       10628.552      110008.      330.966       110008.25
       10629.638      109514.      326.561       109514.23
       10630.724      109056.      330.277       109056.21
       10631.810      108365.      328.997       108364.56
       10632.896      108112.      328.944       108112.49
       10633.982      108323.      328.689       108323.38
       10635.068      109604.      330.798       109603.69
       10636.154      110987.      330.683       110987.26
       10637.240      109824.      329.004       109823.74
       10638.326      110465.      331.861       110464.85
       10639.412      110924.      333.901       110924.43
       10640.498      109597.      329.574       109597.11
       10641.584      109216.      329.042       109216.42
       10642.670      108059.      329.544       108059.19
       10643.756      108209.      329.601       108208.88
       10644.842      109090.      330.277       109090.47
       10645.928      108211.      328.858       108210.98
       10647.014      108762.      328.034       108761.71
       10648.100      108591.      329.361       108590.81
       10649.186      109069.      330.669       109069.08
       10650.271      107834.      328.529       107833.89
       10651.357      107545.      327.417       107545.35
       10652.443      107824.      327.661       107824.20
       10653.529      108716.      332.943       108716.36
       10654.615      108837.      330.976       108837.46
       10655.701      108331.      329.154       108330.72
       10656.787      107920.      326.769       107919.77
       10657.873      109372.      325.878       109372.03
       10658.959      107123.      327.932       107122.61
       10660.045      108321.      333.807       108320.99
       10661.131      109207.      328.904       109207.22
       10662.217      108125.      327.343       108125.05
       10663.303      107982.      328.992       107981.56
       10664.389      105246.      324.414       105246.25
       10665.475      104423.      322.986       104423.17
       10666.561      102835.      319.178       102834.81
       10667.647      105118.      323.516       105118.36
       10668.733      108146.      328.238       108145.95
       10669.819      107334.      325.791       107333.74
       10670.905      107832.      327.077       107831.88
       10671.991      106893.      327.936       106893.44
       10673.077      105312.      324.470       105312.21
       10674.163      104471.      321.931       104471.14
       10675.249      108805.      328.950       108804.91
       10676.335      105061.      323.802       105061.09
       10677.421      106549.      324.333       106549.12
       10678.507      107070.      323.966       107070.45
       10679.593      105384.      324.268       105384.11
       10680.679      105798.      326.184       105797.73
       10681.765      104990.      324.366       104989.70
       10682.851      104776.      333.936       104776.42
       10683.937      120452.      347.796       120452.34
       10685.023      101273.      316.025       101273.37
       10686.109      100944.      317.987       100944.01
       10687.195      101683.      319.410       101683.16
       10688.281      102934.      322.096       102934.30
       10689.367      101360.      317.223       101359.86
       10690.452      103058.      317.805       103057.65
       10691.538      102829.      319.165       102829.05
       10692.624      102142.      319.260       102141.57
       10693.710      99634.7      331.303       99634.731
       10694.796      98981.9      314.878       98981.941
       10695.882      99845.9      314.341       99845.923
       10696.968      98882.7      316.045       98882.711
       10698.054      97062.3      313.248       97062.276
       10699.140      100190.      317.138       100190.21
       10700.226      104858.      324.251       104857.64
       10701.312      104840.      324.096       104840.09
       10702.398      103648.      323.015       103647.66
       10703.484      107153.      327.630       107153.10
       10704.570      105564.      324.909       105564.15
       10705.656      107336.      327.363       107335.63
       10706.742      103858.      322.609       103858.23
       10707.828      106014.      325.906       106013.74
       10708.914      107334.      317.222       107334.47
       10710.000      106275.      325.642       106275.07
       10711.086      106749.      327.813       106749.43
       10712.172      101602.      318.544       101602.40
       10713.258      103875.      322.005       103874.61
       10714.344      108232.      329.332       108231.69
       10715.430      107050.      327.954       107050.04
       10716.516      105033.      324.191       105033.48
       10717.602      107123.      327.859       107122.65
       10718.688      105110.      324.574       105110.27
       10719.774      103726.      322.700       103725.79
       10720.860      104965.      324.783       104964.99
       10721.946      105697.      325.911       105697.33
       10723.032      104242.      324.440       104241.87
       10724.118      104063.      325.006       104063.21
       10725.204      105457.      324.932       105456.58
       10726.290      105461.      324.474       105461.48
       10727.376      104426.      322.138       104425.71
       10728.462      103021.      321.126       103021.15
       10729.548      104069.      322.798       104068.73
       10730.633      99916.5      316.862       99916.462
       10731.719      96756.2      312.042       96756.185
       10732.805      101608.      322.209       101607.77
       10733.891      98088.6      313.515       98088.624
       10734.977      100127.      314.622       100126.64
       10736.063      102202.      319.558       102201.99
       10737.149      102738.      321.432       102738.33
       10738.235      99822.9      315.719       99822.853
       10739.321      102266.      320.117       102265.83
       10740.407      105272.      323.081       105271.73
       10741.493      104435.      310.503       104434.92
       10742.579      104859.      323.550       104858.82
       10743.665      106680.      326.167       106679.85
       10744.751      105168.      324.395       105167.57
       10745.837      105540.      327.339       105540.39
       10746.923      106433.      322.320       106432.64
       10748.009      103782.      322.077       103782.43
       10749.095      103751.      321.875       103750.58
       10750.181      104319.      323.343       104319.42
       10751.267      102630.      319.598       102630.38
       10752.353      102355.      319.921       102355.34
       10753.439      100908.      317.903       100907.53
       10754.525      101162.      318.115       101161.83
       10755.611      101367.      318.031       101366.55
       10756.697      101847.      318.596       101846.81
       10757.783      104696.      323.255       104696.06
       10758.869      105260.      323.550       105260.24
       10759.955      106122.      324.434       106122.42
       10761.041      104322.      322.493       104321.74
       10762.127      106170.      325.699       106170.43
       10763.213      104295.      322.668       104294.51
       10764.299      105261.      324.592       105261.06
       10765.385      107098.      327.978       107098.50
       10766.471      105078.      329.152       105078.17
       10767.557      104887.      324.290       104887.44
       10768.643      105541.      321.256       105541.05
       10769.729      101756.      319.055       101756.34
       10770.814      103689.      321.710       103689.37
       10771.900      104482.      319.727       104481.77
       10772.986      104019.      322.740       104019.19
       10774.072      106366.      336.345       106365.77
       10775.158      106999.      326.938       106998.82
       10776.244      101530.      318.099       101530.41
       10777.330      105764.      323.601       105763.64
       10778.416      105988.      325.728       105988.03
       10779.502      104244.      322.465       104243.90
       10780.588      106229.      325.063       106228.59
       10781.674      109050.      330.097       109050.00
       10782.760      106454.      326.065       106454.17
       10783.846      104396.      322.779       104396.02
       10784.932      104843.      324.449       104843.29
       10786.018      104889.      323.981       104888.51
       10787.104      105934.      325.703       105933.50
       10788.190      104952.      322.703       104951.63
       10789.276      102302.      318.010       102301.68
       10790.362      96219.7      310.464       96219.701
       10791.448      72476.4      266.716       72476.359
       10792.534      80889.4      282.334       80889.448
       10793.620      100925.      318.015       100924.85
       10794.706      105769.      324.679       105768.69
       10795.792      104858.      323.798       104858.48
       10796.878      106409.      325.684       106408.53
       10797.964      106230.      325.610       106230.21
       10799.050      106426.      325.837       106425.97
       10800.136      105484.      324.504       105483.71
       10801.222      104213.      321.532       104213.36
       10802.308      107014.      328.284       107013.80
       10803.394      107765.      328.147       107765.30
       10804.480      107561.      328.188       107560.51
       10805.566      107768.      329.147       107768.42
       10806.652      108877.      338.284       108877.38
       10807.738      106708.      325.360       106707.56
       10808.824      106694.      326.955       106693.52
       10809.910      107817.      328.079       107816.99
       10810.995      107726.      328.967       107726.04
       10812.081      106213.      324.527       106212.59
       10813.167      106603.      326.730       106602.92
       10814.253      105859.      322.625       105859.08
       10815.339      104465.      322.688       104465.21
       10816.425      105530.      324.003       105530.09
       10817.511      106647.      326.400       106646.75
       10818.597      109710.      331.999       109710.25
       10819.683      106607.      329.508       106606.99
       10820.769      107651.      328.423       107650.63
       10821.855      107489.      327.584       107489.19
       10822.941      107846.      327.403       107846.40
       10824.027      106987.      326.394       106986.75
       10825.113      107201.      328.553       107201.40
       10826.199      106603.      326.578       106603.41
       10827.285      109610.      330.833       109609.82
       10828.371      107876.      327.932       107875.72
       10829.457      105797.      327.472       105796.87
       10830.543      104845.      324.595       104845.29
       10831.629      104466.      323.963       104466.04
       10832.715      104071.      324.175       104070.60
       10833.801      105199.      326.107       105198.78
       10834.887      106434.      328.104       106434.25
       10835.973      104666.      324.752       104666.50
       10837.059      106696.      326.883       106695.61
       10838.145      106705.      326.518       106704.76
       10839.231      106634.      327.138       106633.56
       10840.317      106670.      326.871       106670.38
       10841.403      107344.      328.143       107343.92
       10842.489      105827.      325.566       105826.95
       10843.575      105493.      323.769       105492.63
       10844.661      105268.      324.424       105267.68
       10845.747      105587.      328.574       105587.25
       10846.833      107125.      317.145       107124.60
       10847.919      106477.      317.158       106476.94
       10849.005      107291.      327.184       107290.88
       10850.090      107686.      328.168       107685.58
       10851.176      107802.      370.954       107801.87
       10852.262      107186.      327.196       107186.19
       10853.348      107569.      326.953       107568.78
       10854.434      106953.      327.418       106953.36
       10855.520      105843.      325.092       105842.96
       10856.606      106581.      371.639       106581.47
       10857.692      108468.      328.342       108468.32
       10858.778      106433.      324.870       106432.69
       10859.864      107356.      327.202       107356.14
       10860.950      108032.      327.861       108032.24
       10862.036      107021.      325.295       107020.83
       10863.122      106347.      325.890       106347.24
       10864.208      104451.      321.394       104450.99
       10865.294      103691.      323.531       103690.53
       10866.380      103535.      321.190       103535.12
       10867.466      102488.      320.612       102488.16
       10868.552      102223.      320.331       102222.79
       10869.638      104421.      299.323       104421.15
       10870.724      103815.      324.919       103815.28
       10871.810      101940.      318.469       101939.52
       10872.896      100811.      324.822       100811.33
       10873.982      100715.      313.695       100714.75
       10875.068      104617.      324.138       104616.70
       10876.154      104861.      324.024       104861.47
       10877.240      103962.      320.834       103962.31
       10878.326      102657.      320.360       102657.12
       10879.412      105013.      319.119       105013.26
       10880.498      105731.      321.227       105730.87
       10881.584      105525.      324.787       105524.51
       10882.670      105795.      328.707       105795.30
       10883.756      104527.      320.916       104526.86
       10884.842      103347.      321.864       103347.27
       10885.928      105075.      323.912       105074.84
       10887.014      105038.      325.128       105038.03
       10888.100      105765.      324.920       105765.03
       10889.186      106254.      325.278       106254.19
       10890.271      105928.      328.587       105928.09
       10891.357      107365.      328.075       107364.83
       10892.443      108235.      318.973       108235.35
       10893.529      106437.      326.441       106436.58
       10894.615      106088.      325.452       106088.43
       10895.701      107649.      327.811       107649.21
       10896.787      108003.      329.047       108002.95
       10897.873      107723.      328.594       107723.29
       10898.959      106880.      339.599       106880.48
       10900.045      106149.      326.010       106148.65
       10901.131      107571.      327.447       107571.27
       10902.217      107312.      318.019       107311.89
       10903.303      106225.      330.235       106224.90
       10904.389      104702.      321.875       104701.82
       10905.475      106708.      325.316       106707.60
       10906.561      107170.      326.491       107170.43
       10907.647      106381.      325.774       106381.07
       10908.733      106979.      327.102       106979.29
       10909.819      107256.      314.826       107255.59
       10910.905      106589.      323.124       106588.92
       10911.991      108944.      329.813       108943.93
       10913.077      108892.      332.992       108891.88
       10914.163      106840.      330.849       106839.87
       10915.249      106560.      319.064       106560.24
       10916.335      106051.      324.781       106051.44
       10917.421      99428.9      315.187       99428.850
       10918.507      92332.5      302.443       92332.471
       10919.593      93468.3      305.862       93468.267
       10920.679      100736.      316.886       100736.41
       10921.765      104472.      322.818       104471.81
       10922.851      104915.      325.131       104914.67
       10923.937      103008.      321.669       103008.35
       10925.023      100409.      317.568       100409.30
       10926.109      99940.6      317.070       99940.560
       10927.195      99764.0      316.374       99764.031
       10928.281      100441.      317.809       100441.35
       10929.367      100422.      317.185       100422.13
       10930.452      99408.6      313.463       99408.604
       10931.538      97916.4      312.716       97916.370
       10932.624      95851.9      307.383       95851.889
       10933.710      94286.4      309.197       94286.388
       10934.796      92385.4      301.811       92385.435
       10935.882      90861.5      301.939       90861.479
       10936.968      88354.5      304.973       88354.510
       10938.054      85011.1      291.816       85011.109
       10939.140      81670.2      285.193       81670.201
       10940.226      75975.4      276.224       75975.398
       10941.312      68671.4      260.846       68671.443
       10942.398      64962.6      253.755       64962.630
       10943.484      69796.8      263.434       69796.813
       10944.570      75947.4      275.144       75947.437
       10945.656      80988.9      284.726       80988.863
       10946.742      84171.7      289.883       84171.703
       10947.828      85924.0      295.458       85924.001
       10948.914      88185.4      297.895       88185.446
       10950.000      91189.6      302.149       91189.646
       10951.086      93879.2      306.803       93879.219
       10952.172      95000.4      308.558       95000.383
       10953.258      95760.9      309.867       95760.851
       10954.344      96079.4      319.925       96079.443
       10955.430      95747.5      309.554       95747.509
       10956.516      95393.9      308.662       95393.894
       10957.602      96700.7      310.786       96700.663
       10958.688      97240.2      312.299       97240.226
       10959.774      97834.2      271.703       97834.168
       10960.860      99241.3      315.301       99241.260
       10961.946      100296.      316.302       100295.72
       10963.032      101826.      318.289       101825.67
       10964.118      103741.      324.892       103740.76
       10965.204      104697.      324.047       104696.65
       10966.290      104639.      323.218       104638.91
       10967.376      103008.      321.649       103008.04
       10968.462      103812.      322.814       103812.28
       10969.548      103066.      321.708       103066.29
       10970.633      103817.      322.609       103817.08
       10971.719      104515.      324.054       104515.12
       10972.805      103817.      323.454       103817.05
       10973.891      104242.      324.687       104241.81
       10974.977      105810.      326.914       105809.65
       10976.063      105983.      326.809       105982.95
       10977.149      105254.      325.666       105253.59
       10978.235      104377.      323.755       104376.93
       10979.321      104875.      324.093       104874.65
       10980.407      103575.      321.579       103575.33
       10981.493      102639.      321.005       102639.27
       10982.579      103048.      322.040       103048.35
       10983.665      101426.      320.331       101426.49
       10984.751      101534.      319.270       101533.62
       10985.837      103096.      320.851       103095.84
       10986.923      103050.      322.094       103050.36
       10988.009      103253.      321.395       103253.23
       10989.095      101668.      319.785       101667.74
       10990.181      100631.      317.549       100630.77
       10991.267      104741.      324.905       104741.27
       10992.353      103089.      320.311       103088.74
       10993.439      101909.      319.326       101909.07
       10994.525      101211.      318.661       101211.37
       10995.611      102139.      320.206       102138.67
       10996.697      104454.      323.388       104453.97
       10997.783      103964.      323.215       103964.44
       10998.869      101685.      319.142       101684.94
       10999.955      103344.      321.858       103343.77
       11001.041      104651.      324.272       104650.93
       11002.127      103871.      322.840       103870.75
       11003.213      103390.      322.534       103389.60
       11004.299      104763.      347.935       104763.24
       11005.385      107295.      327.924       107295.30
       11006.471      107292.      328.812       107292.38
       11007.557      106274.      326.738       106274.17
       11008.643      105226.      325.291       105225.67
       11009.729      103734.      322.314       103734.01
       11010.814      103496.      322.727       103496.43
       11011.900      104419.      324.115       104419.32
       11012.986      105695.      325.615       105695.32
       11014.072      104405.      323.682       104404.70
       11015.158      104700.      324.131       104699.80
       11016.244      105305.      325.133       105304.87
       11017.330      104567.      323.807       104566.84
       11018.416      105901.      325.932       105901.46
       11019.502      104871.      324.288       104870.90
       11020.588      103257.      322.195       103256.84
       11021.674      102407.      320.540       102406.85
       11022.760      101272.      318.444       101271.99
       11023.846      101890.      319.057       101889.57
       11024.932      103404.      320.955       103403.85
       11026.018      104392.      323.728       104391.65
       11027.104      105394.      325.526       105393.87
       11028.190      104112.      323.922       104112.33
       11029.276      103611.      322.741       103610.73
       11030.362      104405.      324.167       104404.97
       11031.448      104829.      325.178       104829.04
       11032.534      103914.      322.428       103914.48
       11033.620      102434.      320.427       102433.94
       11034.706      104132.      322.311       104132.10
       11035.792      104608.      325.013       104607.56
       11036.878      102935.      320.006       102934.63
       11037.964      102966.      327.286       102966.28
       11039.050      102638.      321.054       102638.38
       11040.136      104336.      323.630       104336.30
       11041.222      106146.      326.029       106146.01
       11042.308      105461.      324.625       105460.94
       11043.394      103428.      321.920       103427.90
       11044.480      102389.      319.659       102388.67
       11045.566      103946.      322.740       103945.77
       11046.652      104098.      323.472       104097.71
       11047.738      103581.      319.880       103581.37
       11048.824      104582.      323.249       104582.18
       11049.910      102365.      319.410       102364.92
       11050.995      102166.      318.648       102165.73
       11052.081      102534.      286.256       102534.34
       11053.167      101431.      320.161       101430.98
       11054.253      102675.      320.327       102675.11
       11055.339      103621.      321.579       103620.62
       11056.425      102481.      320.040       102481.08
       11057.511      102323.      320.584       102323.05
       11058.597      102393.      316.952       102392.54
       11059.683      101995.      321.398       101995.17
       11060.769      102809.      321.643       102808.91
       11061.855      103695.      321.323       103695.40
       11062.941      104093.      322.974       104093.04
       11064.027      103453.      321.529       103452.52
       11065.113      103202.      320.282       103201.85
       11066.199      105061.      322.263       105061.27
       11067.285      107161.      317.713       107161.15
       11068.371      106794.      328.361       106794.30
       11069.457      106231.      325.817       106231.00
       11070.543      106479.      326.415       106478.69
       11071.629      105204.      324.540       105203.60
       11072.715      105814.      325.223       105813.66
       11073.801      107097.      326.829       107096.74
       11074.887      105595.      330.633       105594.51
       11075.973      104931.      325.405       104931.18
       11077.059      104726.      334.694       104726.37
       11078.145      104972.      326.387       104971.50
       11079.231      103697.      319.581       103696.66
       11080.317      102826.      316.928       102826.34
       11081.403      103485.      320.944       103484.69
       11082.489      103533.      321.055       103532.59
       11083.575      101813.      317.979       101812.84
       11084.661      101867.      318.926       101866.90
       11085.747      103067.      320.312       103066.93
       11086.833      103768.      320.796       103767.81
       11087.919      104058.      323.873       104057.68
       11089.005      104277.      323.326       104277.48
       11090.090      103879.      321.673       103878.92
       11091.176      103482.      321.853       103481.68
       11092.262      103566.      321.573       103565.63
       11093.348      102503.      317.862       102502.62
       11094.434      103797.      320.901       103796.89
       11095.520      104762.      323.934       104761.55
       11096.606      104384.      322.774       104384.49
       11097.692      104139.      336.464       104138.65
       11098.778      103965.      322.403       103965.44
       11099.864      103708.      320.591       103707.66
       11100.950      103781.      347.803       103781.12
       11102.036      104297.      323.748       104296.55
       11103.122      104913.      324.746       104913.49
       11104.208      101199.      318.255       101198.64
       11105.294      99716.9      314.488       99716.872
       11106.380      101234.      318.168       101233.86
       11107.466      100828.      317.135       100827.55
       11108.552      102085.      317.893       102084.71
       11109.638      103758.      321.376       103758.14
       11110.724      102571.      319.070       102570.51
       11111.810      100819.      316.068       100819.12
       11112.896      99425.0      314.190       99425.021
       11113.982      96466.9      311.731       96466.916
       11115.068      99104.2      312.334       99104.218
       11116.154      100742.      317.087       100742.47
       11117.240      100893.      316.599       100893.49
       11118.326      103352.      321.124       103351.78
       11119.412      102444.      320.364       102444.49
       11120.498      101843.      318.746       101842.86
       11121.584      101336.      319.089       101336.33
       11122.670      100050.      315.343       100050.02
       11123.756      100090.      352.447       100090.07
       11124.842      100364.      315.690       100364.12
       11125.928      101119.      318.549       101118.75
       11127.014      100847.      323.204       100846.69
       11128.100      95775.4      309.265       95775.365
       11129.186      90113.2      299.436       90113.234
       11130.271      87969.9      297.646       87969.848
       11131.357      87089.4      276.696       87089.419
       11132.443      89730.0      299.555       89729.988
       11133.529      93558.6      303.187       93558.636
       11134.615      93611.5      304.519       93611.494
       11135.701      89413.5      300.299       89413.458
       11136.787      88342.1      296.962       88342.131
       11137.873      88750.5      297.867       88750.494
       11138.959      93327.3      305.525       93327.278
       11140.045      98278.6      340.924       98278.606
       11141.131      97329.6      312.012       97329.572
       11142.217      98136.8      313.307       98136.783
       11143.303      98412.7      313.801       98412.718
       11144.389      99105.3      316.527       99105.285
       11145.475      98711.8      314.258       98711.748
       11146.561      97717.3      308.278       97717.341
       11147.647      97008.6      310.098       97008.616
       11148.733      88732.1      297.504       88732.073
       11149.819      70924.5      265.729       70924.536
       11150.905      69545.9      266.324       69545.908
       11151.991      82320.5      280.015       82320.536
       11153.077      85879.6      296.317       85879.649
       11154.163      87897.6      294.969       87897.592
       11155.249      92958.6      304.704       92958.618
       11156.335      93693.6      305.132       93693.641
       11157.421      93819.0         -NaN       93818.986
       11158.507      93821.1      305.721       93821.114
       11159.593      91599.8      300.483       91599.818
       11160.679      84694.5      288.126       84694.471
       11161.765      73425.8      272.162       73425.787
       11162.851      65297.0      251.058       65296.969
       11163.937      56916.5      236.405       56916.545
       11165.023      55329.4      236.232       55329.380
       11166.109      59889.1      243.476       59889.081
       11167.195      64148.7      252.509       64148.691
       11168.281      76372.1      276.703       76372.145
       11169.367      84473.8      289.188       84473.843
       11170.452      78707.2      280.738       78707.200
       11171.538      69691.3      263.140       69691.277
       11172.624      67265.5      259.240       67265.542
       11173.710      65385.7      255.194       65385.730
       11174.796      78228.1      277.647       78228.058
       11175.882      87884.0      295.380       87884.042
       11176.968      91441.6      301.829       91441.555
       11178.054      88663.8      304.605       88663.778
       11179.140      84711.3      289.856       84711.332
       11180.226      81569.9      259.548       81569.890
       11181.312      71258.5      266.608       71258.458
       11182.398      61255.2      239.625       61255.221
       11183.484      71133.7      264.834       71133.736
       11184.570      81863.3      285.040       81863.258
       11185.656      82850.4      288.529       82850.356
       11186.742      71294.0      265.798       71294.049
       11187.828      56968.5      238.695       56968.540
       11188.914      56543.1      235.989       56543.111
       11190.000      58594.6      242.215       58594.586
       11191.086      53311.7      230.013       53311.720
       11192.172      49330.6      229.018       49330.632
       11193.258      53988.7      234.016       53988.724
       11194.344      67482.8      260.845       67482.811
       11195.430      75793.3      274.717       75793.295
       11196.516      75358.5      271.067       75358.539
       11197.602      67054.4      256.993       67054.360
       11198.688      58294.8      242.968       58294.818
       11199.774      60156.0      252.115       60156.009
       11200.860      58296.4      242.436       58296.415
       11201.946      45517.8      212.468       45517.848
       11203.032      46642.4      214.785       46642.375
       11204.118      61775.9      257.038       61775.942
       11205.204      66479.1      261.788       66479.136
       11206.290      66255.3      258.020       66255.319
       11207.376      67801.0      258.065       67801.041
       11208.462      68354.6      264.736       68354.644
       11209.548      66540.4      251.812       66540.435
       11210.633      57637.1      239.133       57637.144
       11211.719      46020.4      213.722       46020.450
       11212.805      47387.6      214.708       47387.637
       11213.891      57075.6      239.622       57075.602
       11214.977      60587.4      243.406       60587.407
       11216.063      54702.4      231.525       54702.376
       11217.149      42595.3      203.219       42595.280
       11218.235      32756.4      180.535       32756.364
       11219.321      37511.6      194.664       37511.618
       11220.407      43683.5      198.704       43683.461
       11221.493      38035.9      194.840       38035.870
       11222.579      29991.0      173.648       29990.973
       11223.665      31654.7      177.537       31654.691
       11224.751      32762.2      182.857       32762.225
       11225.837      31343.1      175.246       31343.053
       11226.923      36208.4      188.946       36208.363
       11228.009      45690.5      213.950       45690.512
       11229.095      49941.1      222.427       49941.056
       11230.181      51043.8      223.146       51043.766
       11231.267      50664.4      226.613       50664.415
       11232.353      46693.8      215.587       46693.799
       11233.439      37592.7      188.095       37592.739
       11234.525      25835.6      159.450       25835.604
       11235.611      22262.3      134.979       22262.315
       11236.697      28371.3      164.647       28371.315
       11237.783      38500.0      198.815       38499.978
       11238.869      44374.8      207.251       44374.771
       11239.955          NaN         -NaN             NaN
