       9750.0000      0.00000
       9751.0860      56810.7
       9752.1719      58460.9
       9753.2579      60505.4
       9754.3439      60040.8
       9755.4299      59432.5
       9756.5158      59857.3
       9757.6018      59941.1
       9758.6878      59208.2
       9759.7738      58991.9
       9760.8597      60979.1
       9761.9457      64366.3
       9763.0317      64206.8
       9764.1176      63146.3
       9765.2036      62655.6
       9766.2896      62395.9
       9767.3756      63621.9
       9768.4615      65947.6
       9769.5475      67075.7
       9770.6335      68041.4
       9771.7195      68903.6
       9772.8054      69506.8
       9773.8914      69229.7
       9774.9774      69068.3
       9776.0633      69674.5
       9777.1493      69930.8
       9778.2353      69586.7
       9779.3213      69772.3
       9780.4072      69972.3
       9781.4932      69945.2
       9782.5792      70193.8
       9783.6652      69225.5
       9784.7511      69706.8
       9785.8371      71994.5
       9786.9231      72110.5
       9788.0090      72624.8
       9789.0950      72850.2
       9790.1810      72940.0
       9791.2670      72764.9
       9792.3529      71409.4
       9793.4389      71503.7
       9794.5249      71400.8
       9795.6109      72452.7
       9796.6968      74394.1
       9797.7828      74897.5
       9798.8688      74421.6
       9799.9548      73886.2
       9801.0407      72379.4
       9802.1267      72233.6
       9803.2127      71689.9
       9804.2986      72498.6
       9805.3846      74516.2
       9806.4706      76361.0
       9807.5566      76663.1
       9808.6425      76845.4
       9809.7285      76586.2
       9810.8145      76735.9
       9811.9005      77248.1
       9812.9864      76594.2
       9814.0724      76513.3
       9815.1584      76352.4
       9816.2443      77486.5
       9817.3303      78253.7
       9818.4163      77506.4
       9819.5023      77668.8
       9820.5882      77810.6
       9821.6742      78940.1
       9822.7602      78837.4
       9823.8462      77785.0
       9824.9321      75794.2
       9826.0181      74794.4
       9827.1041      77409.8
       9828.1900      77038.8
       9829.2760      78437.3
       9830.3620      77603.0
       9831.4480      78435.2
       9832.5339      78970.0
       9833.6199      78741.5
       9834.7059      78994.0
       9835.7919      80164.7
       9836.8778      80119.2
       9837.9638      79064.2
       9839.0498      79942.4
       9840.1357      80325.9
       9841.2217      80715.5
       9842.3077      81051.5
       9843.3937      80670.5
       9844.4796      80721.2
       9845.5656      80523.0
       9846.6516      80612.0
       9847.7376      81019.6
       9848.8235      80771.5
       9849.9095      81141.3
       9850.9955      81002.1
       9852.0814      81865.2
       9853.1674      81270.6
       9854.2534      81756.4
       9855.3394      82152.7
       9856.4253      82062.5
       9857.5113      82545.4
       9858.5973      82086.8
       9859.6833      82493.6
       9860.7692      82919.6
       9861.8552      83093.0
       9862.9412      83451.1
       9864.0271      82510.7
       9865.1131      82492.7
       9866.1991      82808.9
       9867.2851      83547.3
       9868.3710      84006.1
       9869.4570      84216.5
       9870.5430      83896.7
       9871.6290      83765.4
       9872.7149      83763.0
       9873.8009      83906.8
       9874.8869      83631.1
       9875.9729      84065.8
       9877.0588      84672.8
       9878.1448      84180.1
       9879.2308      84211.4
       9880.3167      85673.3
       9881.4027      85681.1
       9882.4887      86335.2
       9883.5747      86664.5
       9884.6606      86631.6
       9885.7466      85531.5
       9886.8326      85836.4
       9887.9186      86982.7
       9889.0045      86879.4
       9890.0905      87103.6
       9891.1765      86423.5
       9892.2624      85191.4
       9893.3484      84266.7
       9894.4344      84343.6
       9895.5204      86352.7
       9896.6063      87718.1
       9897.6923      86983.1
       9898.7783      88191.7
       9899.8643      89341.6
       9900.9502      89359.9
       9902.0362      89054.7
       9903.1222      89465.1
       9904.2081      89971.0
       9905.2941      90423.3
       9906.3801      90547.7
       9907.4661      90590.1
       9908.5520      90959.9
       9909.6380      91461.0
       9910.7240      91446.4
       9911.8100      91190.8
       9912.8959      90665.3
       9913.9819      89809.5
       9915.0679      90613.4
       9916.1538      92430.4
       9917.2398      92382.6
       9918.3258      92767.0
       9919.4118      93514.6
       9920.4977      93264.1
       9921.5837      93173.3
       9922.6697      93330.6
       9923.7557      93887.8
       9924.8416      94494.0
       9925.9276      95101.1
       9927.0136      94199.9
       9928.0995      94464.1
       9929.1855      94458.2
       9930.2715      94668.5
       9931.3575      94885.3
       9932.4434      95220.7
       9933.5294      94956.4
       9934.6154      94777.3
       9935.7014      94862.3
       9936.7873      95086.0
       9937.8733      94748.7
       9938.9593      97281.3
       9940.0452      97415.7
       9941.1312      97337.8
       9942.2172      97950.7
       9943.3032      97817.5
       9944.3891      97756.1
       9945.4751      98113.2
       9946.5611      98102.1
       9947.6471      98105.7
       9948.7330      98030.6
       9949.8190      97854.2
       9950.9050      97801.8
       9951.9910      98779.8
       9953.0769      97793.5
       9954.1629      98065.1
       9955.2489      98595.5
       9956.3348      99737.6
       9957.4208      99728.0
       9958.5068      99666.8
       9959.5928      98682.0
       9960.6787      98732.2
       9961.7647      99511.3
       9962.8507      100487.
       9963.9367      99890.0
       9965.0226      99335.1
       9966.1086      97419.4
       9967.1946      100536.
       9968.2805      100346.
       9969.3665      101717.
       9970.4525      101266.
       9971.5385      100464.
       9972.6244      99727.0
       9973.7104      101186.
       9974.7964      101499.
       9975.8824      102278.
       9976.9683      102459.
       9978.0543      101234.
       9979.1403      101035.
       9980.2262      102165.
       9981.3122      100806.
       9982.3982      101561.
       9983.4842      101685.
       9984.5701      101811.
       9985.6561      102216.
       9986.7421      101312.
       9987.8281      101879.
       9988.9140      101677.
       9990.0000      102000.
       9991.0860      99763.5
       9992.1719      99253.1
       9993.2579      102582.
       9994.3439      102981.
       9995.4299      102853.
       9996.5158      100526.
       9997.6018      97944.3
       9998.6878      96528.1
       9999.7738      98049.6
       10000.860      99230.5
       10001.946      99180.7
       10003.032      101895.
       10004.118      102327.
       10005.204      101168.
       10006.290      101276.
       10007.376      100404.
       10008.462      101486.
       10009.548      100632.
       10010.633      101137.
       10011.719      102700.
       10012.805      100815.
       10013.891      101474.
       10014.977      102672.
       10016.063      102127.
       10017.149      101881.
       10018.235      101267.
       10019.321      100728.
       10020.407      101030.
       10021.493      102213.
       10022.579      100329.
       10023.665      99798.3
       10024.751      99689.6
       10025.837      100434.
       10026.923      99993.0
       10028.009      100206.
       10029.095      101094.
       10030.181      100369.
       10031.267      100318.
       10032.353      101214.
       10033.439      99823.7
       10034.525      99849.2
       10035.611      99261.8
       10036.697      98617.9
       10037.783      97598.0
       10038.869      95567.1
       10039.955      91791.4
       10041.041      91880.9
       10042.127      92844.3
       10043.213      93328.8
       10044.299      92681.8
       10045.385      91645.6
       10046.471      90003.4
       10047.557      87006.6
       10048.643      84480.0
       10049.729      80653.6
       10050.814      75479.5
       10051.900      68699.2
       10052.986      65595.4
       10054.072      67435.7
       10055.158      73021.4
       10056.244      79377.3
       10057.330      84049.3
       10058.416      86538.5
       10059.502      88509.3
       10060.588      90533.8
       10061.674      92365.9
       10062.760      94957.6
       10063.846      96395.1
       10064.932      97034.3
       10066.018      97642.3
       10067.104      98298.1
       10068.190      98510.9
       10069.276      98750.3
       10070.362      100202.
       10071.448      99944.9
       10072.534      101727.
       10073.620      98551.1
       10074.706      99692.0
       10075.792      101743.
       10076.878      101616.
       10077.964      102237.
       10079.050      101723.
       10080.136      101375.
       10081.222      103004.
       10082.308      104293.
       10083.394      101961.
       10084.480      103036.
       10085.566      102254.
       10086.652      102761.
       10087.738      101843.
       10088.824      103009.
       10089.910      103669.
       10090.995      105419.
       10092.081      104335.
       10093.167      103385.
       10094.253      102075.
       10095.339      105861.
       10096.425      102630.
       10097.511      101969.
       10098.597      104566.
       10099.683      105341.
       10100.769      104898.
       10101.855      105287.
       10102.941      103717.
       10104.027      106345.
       10105.113      104855.
       10106.199      105087.
       10107.285      104355.
       10108.371      104925.
       10109.457      102596.
       10110.543      103755.
       10111.629      104146.
       10112.715      103665.
       10113.801      104247.
       10114.887      103216.
       10115.973      105513.
       10117.059      105620.
       10118.145      106529.
       10119.231      104833.
       10120.317      105424.
       10121.403      105353.
       10122.489      106814.
       10123.575      106930.
       10124.661      105637.
       10125.747      106517.
       10126.833      106430.
       10127.919      105002.
       10129.005      107213.
       10130.090      107461.
       10131.176      106001.
       10132.262      107559.
       10133.348      107726.
       10134.434      107452.
       10135.520      108056.
       10136.606      107779.
       10137.692      109869.
       10138.778      106530.
       10139.864      107052.
       10140.950      107847.
       10142.036      108106.
       10143.122      107755.
       10144.208      106696.
       10145.294      106765.
       10146.380      107601.
       10147.466      107309.
       10148.552      107886.
       10149.638      106210.
       10150.724      106446.
       10151.810      106985.
       10152.896      108249.
       10153.982      109431.
       10155.068      109058.
       10156.154      109778.
       10157.240      109060.
       10158.326      108916.
       10159.412      108381.
       10160.498      107495.
       10161.584      108105.
       10162.670      109713.
       10163.756      109768.
       10164.842      110775.
       10165.928      110236.
       10167.014      109230.
       10168.100      109042.
       10169.186      108373.
       10170.271      110336.
       10171.357      108993.
       10172.443      110057.
       10173.529      109144.
       10174.615      109278.
       10175.701      109387.
       10176.787      107281.
       10177.873      107928.
       10178.959      106480.
       10180.045      107783.
       10181.131      107105.
       10182.217      107720.
       10183.303      107222.
       10184.389      108691.
       10185.475      109864.
       10186.561      108599.
       10187.647      108535.
       10188.733      108737.
       10189.819      108459.
       10190.905      109485.
       10191.991      109965.
       10193.077      109770.
       10194.163      107469.
       10195.249      105910.
       10196.335      107131.
       10197.421      108824.
       10198.507      108764.
       10199.593      108789.
       10200.679      108984.
       10201.765      107811.
       10202.851      107300.
       10203.937      109228.
       10205.023      108256.
       10206.109      109335.
       10207.195      108888.
       10208.281      106718.
       10209.367      106923.
       10210.452      109959.
       10211.538      110207.
       10212.624      110069.
       10213.710      108970.
       10214.796      109554.
       10215.882      110629.
       10216.968      111212.
       10218.054      111724.
       10219.140      110766.
       10220.226      109990.
       10221.312      110472.
       10222.398      111495.
       10223.484      110321.
       10224.570      109475.
       10225.656      108913.
       10226.742      108641.
       10227.828      108567.
       10228.914      107752.
       10230.000      106952.
       10231.086      108672.
       10232.172      110725.
       10233.258      109488.
       10234.344      107562.
       10235.430      109425.
       10236.516      109617.
       10237.602      110619.
       10238.688      110195.
       10239.774      110248.
       10240.860      110734.
       10241.946      112697.
       10243.032      110677.
       10244.118      110320.
       10245.204      108100.
       10246.290      109693.
       10247.376      108153.
       10248.462      107927.
       10249.548      108942.
       10250.633      109321.
       10251.719      108340.
       10252.805      109054.
       10253.891      109042.
       10254.977      107451.
       10256.063      107753.
       10257.149      107556.
       10258.235      108596.
       10259.321      108722.
       10260.407      109467.
       10261.493      108894.
       10262.579      108978.
       10263.665      108119.
       10264.751      108840.
       10265.837      107998.
       10266.923      110554.
       10268.009      109795.
       10269.095      109703.
       10270.181      109855.
       10271.267      108650.
       10272.353      106942.
       10273.439      109744.
       10274.525      108639.
       10275.611      107880.
       10276.697      107325.
       10277.783      108997.
       10278.869      108909.
       10279.955      109314.
       10281.041      110607.
       10282.127      110372.
       10283.213      109494.
       10284.299      108716.
       10285.385      110175.
       10286.471      109585.
       10287.557      107905.
       10288.643      110274.
       10289.729      109916.
       10290.814      110273.
       10291.900      110180.
       10292.986      110675.
       10294.072      110160.
       10295.158      109764.
       10296.244      109518.
       10297.330      108601.
       10298.416      109036.
       10299.502      108305.
       10300.588      107973.
       10301.674      108247.
       10302.760      109131.
       10303.846      109241.
       10304.932      107795.
       10306.018      108704.
       10307.104      107827.
       10308.190      107606.
       10309.276      108138.
       10310.362      108261.
       10311.448      108476.
       10312.534      106191.
       10313.620      105205.
       10314.706      107276.
       10315.792      108137.
       10316.878      108639.
       10317.964      107950.
       10319.050      107526.
       10320.136      107291.
       10321.222      109323.
       10322.308      110677.
       10323.394      109796.
       10324.480      110064.
       10325.566      109924.
       10326.652      107677.
       10327.738      109024.
       10328.824      110185.
       10329.910      109483.
       10330.995      108042.
       10332.081      106469.
       10333.167      105323.
       10334.253      106950.
       10335.339      106266.
       10336.425      104979.
       10337.511      106960.
       10338.597      107050.
       10339.683      107788.
       10340.769      109578.
       10341.855      110491.
       10342.941      109644.
       10344.027      110042.
       10345.113      109877.
       10346.199      109136.
       10347.285      109154.
       10348.371      108609.
       10349.457      109376.
       10350.543      110988.
       10351.629      109834.
       10352.715      107285.
       10353.801      106564.
       10354.887      105576.
       10355.973      104908.
       10357.059      106342.
       10358.145      106435.
       10359.231      105954.
       10360.317      104308.
       10361.403      105047.
       10362.489      106869.
       10363.575      105787.
       10364.661      108088.
       10365.747      107317.
       10366.833      105113.
       10367.919      105641.
       10369.005      106505.
       10370.090      106768.
       10371.176      104577.
       10372.262      105194.
       10373.348      105720.
       10374.434      107387.
       10375.520      106691.
       10376.606      104843.
       10377.692      102731.
       10378.778      104031.
       10379.864      103983.
       10380.950      108504.
       10382.036      109403.
       10383.122      104404.
       10384.208      102651.
       10385.294      104321.
       10386.380      103953.
       10387.466      104726.
       10388.552      104008.
       10389.638      102591.
       10390.724      102899.
       10391.810      104796.
       10392.896      104386.
       10393.982      107687.
       10395.068      108744.
       10396.154      107290.
       10397.240      108669.
       10398.326      110703.
       10399.412      110914.
       10400.498      107050.
       10401.584      107236.
       10402.670      106543.
       10403.756      107252.
       10404.842      108186.
       10405.928      104919.
       10407.014      108045.
       10408.100      108771.
       10409.186      106440.
       10410.271      107450.
       10411.357      108559.
       10412.443      105332.
       10413.529      105041.
       10414.615      107082.
       10415.701      103807.
       10416.787      106930.
       10417.873      106600.
       10418.959      102532.
       10420.045      104135.
       10421.131      107415.
       10422.217      108033.
       10423.303      105756.
       10424.389      107450.
       10425.475      108886.
       10426.561      109295.
       10427.647      109253.
       10428.733      108571.
       10429.819      106775.
       10430.905      107731.
       10431.991      107758.
       10433.077      109036.
       10434.163      109507.
       10435.249      106513.
       10436.335      111696.
       10437.421      111674.
       10438.507      105629.
       10439.593      108196.
       10440.679      107746.
       10441.765      104957.
       10442.851      104923.
       10443.937      104307.
       10445.023      107446.
       10446.109      107450.
       10447.195      103147.
       10448.281      104830.
       10449.367      103736.
       10450.452      104342.
       10451.538      102762.
       10452.624      105585.
       10453.710      108347.
       10454.796      104039.
       10455.882      100574.
       10456.968      101100.
       10458.054      100411.
       10459.140      104148.
       10460.226      106686.
       10461.312      100856.
       10462.398      102028.
       10463.484      106636.
       10464.570      104360.
       10465.656      103514.
       10466.742      102533.
       10467.828      104431.
       10468.914      103211.
       10470.000      105371.
       10471.086      105653.
       10472.172      105866.
       10473.258      106691.
       10474.344      102276.
       10475.430      103158.
       10476.516      101958.
       10477.602      103392.
       10478.688      107248.
       10479.774      109988.
       10480.860      104201.
       10481.946      105359.
       10483.032      108949.
       10484.118      106902.
       10485.204      108996.
       10486.290      110742.
       10487.376      112135.
       10488.462      107841.
       10489.548      108278.
       10490.633      107226.
       10491.719      106153.
       10492.805      105397.
       10493.891      107066.
       10494.977      105350.
       10496.063      103995.
       10497.149      101030.
       10498.235      101712.
       10499.321      103654.
       10500.407      104485.
       10501.493      107478.
       10502.579      106240.
       10503.665      105170.
       10504.751      107923.
       10505.837      104835.
       10506.923      102564.
       10508.009      102052.
       10509.095      102712.
       10510.181      104176.
       10511.267      106123.
       10512.353      106264.
       10513.439      104257.
       10514.525      103431.
       10515.611      104719.
       10516.697      104779.
       10517.783      101688.
       10518.869      101683.
       10519.955      104276.
       10521.041      106930.
       10522.127      108387.
       10523.213      105525.
       10524.299      104915.
       10525.385      104408.
       10526.471      104077.
       10527.557      106677.
       10528.643      108021.
       10529.729      106314.
       10530.814      107917.
       10531.900      107413.
       10532.986      108110.
       10534.072      114556.
       10535.158      119285.
       10536.244      108050.
       10537.330      107990.
       10538.416      109652.
       10539.502      110385.
       10540.588      110742.
       10541.674      109791.
       10542.760      108339.
       10543.846      108255.
       10544.932      107256.
       10546.018      108740.
       10547.104      108003.
       10548.190      108386.
       10549.276      108453.
       10550.362      103992.
       10551.448      103372.
       10552.534      105533.
       10553.620      105800.
       10554.706      104899.
       10555.792      104464.
       10556.878      102388.
       10557.964      101435.
       10559.050      102756.
       10560.136      101778.
       10561.222      101086.
       10562.308      98328.4
       10563.394      97479.4
       10564.480      100083.
       10565.566      101512.
       10566.652      101000.
       10567.738      100717.
       10568.824      99841.1
       10569.910      99092.1
       10570.995      101116.
       10572.081      100992.
       10573.167      99575.8
       10574.253      101734.
       10575.339      104244.
       10576.425      105210.
       10577.511      104426.
       10578.597      105314.
       10579.683      106376.
       10580.769      102921.
       10581.855      102994.
       10582.941      103032.
       10584.027      104237.
       10585.113      106172.
       10586.199      105573.
       10587.285      106818.
       10588.371      108864.
       10589.457      109579.
       10590.543      107110.
       10591.629      108175.
       10592.715      106835.
       10593.801      105123.
       10594.887      104267.
       10595.973      106293.
       10597.059      105792.
       10598.145      105692.
       10599.231      107151.
       10600.317      107506.
       10601.403      107269.
       10602.489      109789.
       10603.575      108583.
       10604.661      108740.
       10605.747      109462.
       10606.833      110020.
       10607.919      108881.
       10609.005      104262.
       10610.090      103255.
       10611.176      104914.
       10612.262      108142.
       10613.348      108089.
       10614.434      108565.
       10615.520      110577.
       10616.606      108185.
       10617.692      107190.
       10618.778      108428.
       10619.864      108790.
       10620.950      108511.
       10622.036      108777.
       10623.122      108392.
       10624.208      109532.
       10625.294      107370.
       10626.380      107814.
       10627.466      109286.
       10628.552      111862.
       10629.638      110534.
       10630.724      109981.
       10631.810      109725.
       10632.896      109342.
       10633.982      109080.
       10635.068      110304.
       10636.154      111423.
       10637.240      110354.
       10638.326      112163.
       10639.412      112543.
       10640.498      109603.
       10641.584      107780.
       10642.670      109049.
       10643.756      110163.
       10644.842      110681.
       10645.928      109826.
       10647.014      109223.
       10648.100      108956.
       10649.186      109837.
       10650.271      108943.
       10651.357      108220.
       10652.443      108303.
       10653.529      109469.
       10654.615      109464.
       10655.701      108873.
       10656.787      108179.
       10657.873      109230.
       10658.959      107884.
       10660.045      107027.
       10661.131      109090.
       10662.217      108505.
       10663.303      107549.
       10664.389      105475.
       10665.475      104832.
       10666.561      103640.
       10667.647      104380.
       10668.733      107862.
       10669.819      107177.
       10670.905      106836.
       10671.991      106935.
       10673.077      105607.
       10674.163      104462.
       10675.249      107554.
       10676.335      104783.
       10677.421      105725.
       10678.507      106571.
       10679.593      104962.
       10680.679      105450.
       10681.765      104675.
       10682.851      103551.
       10683.937      105011.
       10685.023      100528.
       10686.109      100240.
       10687.195      102337.
       10688.281      101651.
       10689.367      101093.
       10690.452      101792.
       10691.538      101799.
       10692.624      100242.
       10693.710      99416.6
       10694.796      99140.1
       10695.882      99350.9
       10696.968      96418.9
       10698.054      96154.3
       10699.140      99630.3
       10700.226      103130.
       10701.312      102646.
       10702.398      102694.
       10703.484      106632.
       10704.570      104326.
       10705.656      105526.
       10706.742      102567.
       10707.828      104850.
       10708.914      104517.
       10710.000      104249.
       10711.086      105560.
       10712.172      102954.
       10713.258      101300.
       10714.344      106536.
       10715.430      105372.
       10716.516      103228.
       10717.602      105041.
       10718.688      103425.
       10719.774      101432.
       10720.860      102787.
       10721.946      103929.
       10723.032      102173.
       10724.118      102030.
       10725.204      102672.
       10726.290      102499.
       10727.376      103390.
       10728.462      99827.2
       10729.548      101468.
       10730.633      97619.5
       10731.719      95248.6
       10732.805      99533.1
       10733.891      96254.5
       10734.977      98134.3
       10736.063      99846.0
       10737.149      101350.
       10738.235      97530.3
       10739.321      99408.2
       10740.407      102614.
       10741.493      100922.
       10742.579      101232.
       10743.665      102947.
       10744.751      101742.
       10745.837      102961.
       10746.923      103522.
       10748.009      101367.
       10749.095      100383.
       10750.181      100897.
       10751.267      99339.0
       10752.353      98345.4
       10753.439      98380.5
       10754.525      98380.2
       10755.611      97741.1
       10756.697      99158.6
       10757.783      101407.
       10758.869      101250.
       10759.955      103056.
       10761.041      101105.
       10762.127      103431.
       10763.213      100923.
       10764.299      101562.
       10765.385      103539.
       10766.471      101211.
       10767.557      101510.
       10768.643      102690.
       10769.729      100595.
       10770.814      100021.
       10771.900      101072.
       10772.986      100008.
       10774.072      102690.
       10775.158      103536.
       10776.244      98087.8
       10777.330      102357.
       10778.416      102655.
       10779.502      99551.2
       10780.588      102024.
       10781.674      104338.
       10782.760      102215.
       10783.846      100328.
       10784.932      100791.
       10786.018      100042.
       10787.104      102116.
       10788.190      100447.
       10789.276      99009.5
       10790.362      95704.0
       10791.448      78958.0
       10792.534      86328.6
       10793.620      97424.9
       10794.706      101418.
       10795.792      101022.
       10796.878      100699.
       10797.964      102476.
       10799.050      100893.
       10800.136      100099.
       10801.222      99300.9
       10802.308      102206.
       10803.394      102298.
       10804.480      102285.
       10805.566      102372.
       10806.652      103750.
       10807.738      102068.
       10808.824      102441.
       10809.910      103243.
       10810.995      102294.
       10812.081      100380.
       10813.167      101036.
       10814.253      100051.
       10815.339      99029.7
       10816.425      99698.9
       10817.511      100775.
       10818.597      104832.
       10819.683      103135.
       10820.769      104320.
       10821.855      103887.
       10822.941      104284.
       10824.027      102578.
       10825.113      102500.
       10826.199      102522.
       10827.285      103103.
       10828.371      102792.
       10829.457      100760.
       10830.543      99172.4
       10831.629      99006.4
       10832.715      98189.1
       10833.801      100617.
       10834.887      101980.
       10835.973      101942.
       10837.059      102435.
       10838.145      101460.
       10839.231      101718.
       10840.317      102716.
       10841.403      103436.
       10842.489      102299.
       10843.575      100952.
       10844.661      100929.
       10845.747      101194.
       10846.833      100501.
       10847.919      99395.5
       10849.005      100328.
       10850.090      101538.
       10851.176      103318.
       10852.262      103316.
       10853.348      102004.
       10854.434      101487.
       10855.520      100905.
       10856.606      102368.
       10857.692      102630.
       10858.778      102572.
       10859.864      102881.
       10860.950      102970.
       10862.036      100391.
       10863.122      99786.1
       10864.208      99805.3
       10865.294      99986.3
       10866.380      100396.
       10867.466      99861.7
       10868.552      99813.3
       10869.638      100428.
       10870.724      99288.9
       10871.810      97694.7
       10872.896      94131.2
       10873.982      93926.8
       10875.068      96246.6
       10876.154      98340.8
       10877.240      97836.9
       10878.326      98708.0
       10879.412      100788.
       10880.498      100796.
       10881.584      102488.
       10882.670      101729.
       10883.756      100339.
       10884.842      98861.9
       10885.928      97637.3
       10887.014      97830.2
       10888.100      98724.6
       10889.186      97679.7
       10890.271      97064.7
       10891.357      98689.8
       10892.443      99032.2
       10893.529      99280.0
       10894.615      99393.5
       10895.701      99337.6
       10896.787      100110.
       10897.873      100184.
       10898.959      99891.6
       10900.045      98554.9
       10901.131      99299.1
       10902.217      100116.
       10903.303      98633.3
       10904.389      96538.7
       10905.475      98123.3
       10906.561      99388.4
       10907.647      98725.9
       10908.733      99109.9
       10909.819      97421.4
       10910.905      96798.5
       10911.991      98847.3
       10913.077      98296.0
       10914.163      96522.4
       10915.249      96930.3
       10916.335      95807.6
       10917.421      91895.4
       10918.507      89092.2
       10919.593      88743.9
       10920.679      92414.0
       10921.765      94037.8
       10922.851      95357.7
       10923.937      94577.2
       10925.023      93234.4
       10926.109      92281.1
       10927.195      93347.9
       10928.281      93375.4
       10929.367      92532.5
       10930.452      92175.6
       10931.538      91942.6
       10932.624      90667.6
       10933.710      89809.6
       10934.796      88732.8
       10935.882      87300.1
       10936.968      85069.4
       10938.054      81530.9
       10939.140      77909.5
       10940.226      72800.6
       10941.312      66174.7
       10942.398      62842.1
       10943.484      66025.8
       10944.570      71457.1
       10945.656      76609.5
       10946.742      79324.1
       10947.828      81040.6
       10948.914      83654.6
       10950.000      86705.2
       10951.086      89062.2
       10952.172      89881.7
       10953.258      91179.8
       10954.344      91860.5
       10955.430      91227.8
       10956.516      90786.2
       10957.602      91752.7
       10958.688      91942.2
       10959.774      93299.2
       10960.860      92720.4
       10961.946      91543.4
       10963.032      93917.6
       10964.118      94776.7
       10965.204      93900.5
       10966.290      93496.4
       10967.376      92906.2
       10968.462      93138.9
       10969.548      93555.9
       10970.633      94106.4
       10971.719      94354.0
       10972.805      93818.1
       10973.891      94315.5
       10974.977      95499.1
       10976.063      94886.2
       10977.149      94336.4
       10978.235      93241.4
       10979.321      93862.6
       10980.407      93752.2
       10981.493      92650.1
       10982.579      94103.2
       10983.665      94223.1
       10984.751      93784.6
       10985.837      94385.6
       10986.923      94663.0
       10988.009      93844.0
       10989.095      93036.5
       10990.181      94133.1
       10991.267      95167.3
       10992.353      94683.6
       10993.439      93944.0
       10994.525      93774.5
       10995.611      94568.9
       10996.697      94254.7
       10997.783      93774.8
       10998.869      92999.6
       10999.955      92967.6
       11001.041      95796.9
       11002.127      96464.5
       11003.213      95102.0
       11004.299      95629.5
       11005.385      97631.9
       11006.471      98069.1
       11007.557      96398.9
       11008.643      94926.6
       11009.729      95877.8
       11010.814      96648.4
       11011.900      95609.3
       11012.986      95730.7
       11014.072      96047.2
       11015.158      95229.1
       11016.244      97160.4
       11017.330      97108.1
       11018.416      95872.3
       11019.502      95387.8
       11020.588      94546.0
       11021.674      93845.8
       11022.760      93312.9
       11023.846      93689.9
       11024.932      93618.4
       11026.018      96039.1
       11027.104      97019.0
       11028.190      95444.3
       11029.276      95356.0
       11030.362      96421.9
       11031.448      95831.4
       11032.534      95881.0
       11033.620      95284.7
       11034.706      95037.2
       11035.792      96036.5
       11036.878      96601.7
       11037.964      96771.4
       11039.050      95581.9
       11040.136      96514.1
       11041.222      96534.5
       11042.308      96247.3
       11043.394      96459.0
       11044.480      94984.0
       11045.566      95003.2
       11046.652      95439.3
       11047.738      96047.2
       11048.824      97204.5
       11049.910      95999.0
       11050.995      95675.6
       11052.081      95279.8
       11053.167      94123.4
       11054.253      96727.9
       11055.339      97491.1
       11056.425      95151.9
       11057.511      93467.6
       11058.597      92802.9
       11059.683      94707.1
       11060.769      94379.3
       11061.855      94592.6
       11062.941      95080.4
       11064.027      94578.9
       11065.113      96160.5
       11066.199      96559.7
       11067.285      97980.3
       11068.371      98714.2
       11069.457      98252.6
       11070.543      98066.7
       11071.629      97018.1
       11072.715      97278.0
       11073.801      98330.0
       11074.887      97527.7
       11075.973      96620.7
       11077.059      96933.2
       11078.145      96002.5
       11079.231      96045.0
       11080.317      95733.6
       11081.403      95483.6
       11082.489      95772.7
       11083.575      97298.6
       11084.661      97061.6
       11085.747      95334.5
       11086.833      94510.5
       11087.919      95773.0
       11089.005      97371.2
       11090.090      98063.4
       11091.176      97618.0
       11092.262      96882.6
       11093.348      96758.4
       11094.434      96952.3
       11095.520      96276.6
       11096.606      94836.4
       11097.692      96291.8
       11098.778      96982.6
       11099.864      96122.0
       11100.950      95819.4
       11102.036      95324.3
       11103.122      96359.7
       11104.208      96043.9
       11105.294      95353.7
       11106.380      94320.2
       11107.466      94918.5
       11108.552      96108.6
       11109.638      94321.5
       11110.724      94584.3
       11111.810      92997.8
       11112.896      93503.0
       11113.982      92626.2
       11115.068      92764.4
       11116.154      94073.7
       11117.240      96046.1
       11118.326      95723.1
       11119.412      96217.4
       11120.498      96097.8
       11121.584      97593.5
       11122.670      96541.2
       11123.756      95082.9
       11124.842      94368.6
       11125.928      94854.5
       11127.014      93787.7
       11128.100      91908.2
       11129.186      87501.2
       11130.271      84021.5
       11131.357      83222.1
       11132.443      85144.4
       11133.529      88416.3
       11134.615      88412.5
       11135.701      84945.5
       11136.787      83746.0
       11137.873      84023.3
       11138.959      87747.0
       11140.045      91728.0
       11141.131      95934.8
       11142.217      92604.3
       11143.303      93605.6
       11144.389      95049.0
       11145.475      92557.9
       11146.561      92056.5
       11147.647      90891.5
       11148.733      85238.9
       11149.819      70425.7
       11150.905      66862.7
       11151.991      76121.6
       11153.077      81231.4
       11154.163      83786.0
       11155.249      87472.6
       11156.335      89550.0
       11157.421      89822.3
       11158.507      90701.6
       11159.593      87944.4
       11160.679      82018.5
       11161.765      71408.7
       11162.851      63857.9
       11163.937      56147.5
       11165.023      53848.1
       11166.109      56592.8
       11167.195      61214.8
       11168.281      71499.8
       11169.367      78329.5
       11170.452      75889.2
       11171.538      68391.2
       11172.624      64125.9
       11173.710      62092.3
       11174.796      72709.0
       11175.882      82192.1
       11176.968      87017.7
       11178.054      84710.0
       11179.140      81503.8
       11180.226      78006.8
       11181.312      69461.5
       11182.398      60076.6
       11183.484      66078.6
       11184.570      75696.0
       11185.656      78862.7
       11186.742      69528.6
       11187.828      56800.6
       11188.914      53446.2
       11190.000      55268.2
       11191.086      52176.6
       11192.172      47410.0
       11193.258      50833.3
       11194.344      61548.4
       11195.430      70606.7
       11196.516      71268.4
       11197.602      64817.5
       11198.688      56577.5
       11199.774      56537.6
       11200.860      55923.4
       11201.946      45471.2
       11203.032      44962.3
       11204.118      56072.3
       11205.204      62850.7
       11206.290      62529.2
       11207.376      64259.1
       11208.462      64526.2
       11209.548      63376.2
       11210.633      55796.7
       11211.719      45356.8
       11212.805      44732.9
       11213.891      52254.0
       11214.977      56388.3
       11216.063      52888.8
       11217.149      42380.5
       11218.235      32770.5
       11219.321      34587.0
       11220.407      39870.1
       11221.493      36794.1
       11222.579      30013.6
       11223.665      29726.5
       11224.751      30573.1
       11225.837      29498.3
       11226.923      33744.0
       11228.009      42130.8
       11229.095      47132.8
       11230.181      48575.3
       11231.267      48199.5
       11232.353      45233.3
       11233.439      36825.2
       11234.525      26289.2
       11235.611      21760.8
       11236.697      25588.3
       11237.783      34545.6
       11238.869      40475.1
       11239.955      5.09466
