       9750.0000         -NaN         -NaN             NaN
       9751.0860      8868.24      94.5002       8868.2406
       9752.1719      9114.39      95.8276       9114.3892
       9753.2579      9415.11      97.1579       9415.1137
       9754.3439      9435.84      97.1037       9435.8403
       9755.4299      9299.72      96.8693       9299.7229
       9756.5158      9280.70      96.7778       9280.7017
       9757.6018      9337.06      97.3661       9337.0610
       9758.6878      9257.77      96.2047       9257.7667
       9759.7738      9144.21      95.2730       9144.2146
       9760.8597      9268.11      96.5153       9268.1094
       9761.9457      9798.53      98.7870       9798.5267
       9763.0317      9930.54      99.7773       9930.5410
       9764.1176      9930.35      99.7507       9930.3549
       9765.2036      9984.94      100.251       9984.9426
       9766.2896      10030.8      100.168       10030.805
       9767.3756      10180.9      100.999       10180.870
       9768.4615      10292.2      101.613       10292.186
       9769.5475      10691.2      103.687       10691.164
       9770.6335      10611.4      101.454       10611.356
       9771.7195      10721.0      103.928       10721.018
       9772.8054      10739.9      103.673       10739.886
       9773.8914      10850.7      104.346       10850.664
       9774.9774      10663.4      103.168       10663.409
       9776.0633      10727.7      103.557       10727.699
       9777.1493      10819.0      103.978       10818.950
       9778.2353      10906.3      104.418       10906.344
       9779.3213      11150.5      105.201       11150.504
       9780.4072      11007.1      105.741       11007.143
       9781.4932      9560.04      98.0201       9560.0373
       9782.5792      9967.28      100.056       9967.2783
       9783.6652      10549.7      102.869       10549.673
       9784.7511      10712.9      103.411       10712.875
       9785.8371      11060.2      104.737       11060.210
       9786.9231      11245.3      106.499       11245.267
       9788.0090      11299.7      106.862       11299.674
       9789.0950      11305.1      106.840       11305.061
       9790.1810      11380.6      106.820       11380.582
       9791.2670      11336.2      106.829       11336.173
       9792.3529      11348.0      106.998       11348.038
       9793.4389      11169.7      106.418       11169.741
       9794.5249      11128.1      106.036       11128.099
       9795.6109      11223.4      105.739       11223.402
       9796.6968      11408.3      106.918       11408.261
       9797.7828      11749.3      108.119       11749.341
       9798.8688      11783.7      108.495       11783.746
       9799.9548      11626.8      108.501       11626.790
       9801.0407      11665.1      108.102       11665.121
       9802.1267      11632.3      108.196       11632.265
       9803.2127      11483.1      107.686       11483.130
       9804.2986      11517.1      107.669       11517.138
       9805.3846      11663.0      108.213       11663.006
       9806.4706      11843.6      109.170       11843.587
       9807.5566      12034.7      110.904       12034.699
       9808.6425      12128.2      109.608       12128.223
       9809.7285      12259.2      110.794       12259.165
       9810.8145      12144.9      110.577       12144.941
       9811.9005      12253.9      110.869       12253.865
       9812.9864      12150.3      110.622       12150.252
       9814.0724      12123.0      110.381       12123.021
       9815.1584      12102.5      110.493       12102.488
       9816.2443      12059.7      110.182       12059.711
       9817.3303      12073.5      109.928       12073.547
       9818.4163      12121.1      110.139       12121.107
       9819.5023      12346.8      111.240       12346.824
       9820.5882      12364.0      111.280       12363.982
       9821.6742      12258.3      111.272       12258.298
       9822.7602      12320.9      110.317       12320.888
       9823.8462      12244.4      110.734       12244.383
       9824.9321      12283.5      111.110       12283.534
       9826.0181      12121.5      110.964       12121.506
       9827.1041      12065.3      109.844       12065.275
       9828.1900      12107.8      110.181       12107.793
       9829.2760      12397.5      111.101       12397.513
       9830.3620      12544.8      112.665       12544.810
       9831.4480      12455.3      111.949       12455.282
       9832.5339      12358.2      112.033       12358.201
       9833.6199      12459.8      112.152       12459.788
       9834.7059      12569.2      112.452       12569.229
       9835.7919      12610.8      112.630       12610.805
       9836.8778      12461.1      112.013       12461.113
       9837.9638      12675.7      113.014       12675.699
       9839.0498      12635.4      112.745       12635.443
       9840.1357      12672.9      113.146       12672.865
       9841.2217      12582.9      112.916       12582.856
       9842.3077      12743.0      124.853       12743.026
       9843.3937      12837.5      113.843       12837.493
       9844.4796      12865.8      113.870       12865.845
       9845.5656      12624.5      112.451       12624.531
       9846.6516      12539.2      112.133       12539.182
       9847.7376      12769.1      113.333       12769.133
       9848.8235      12704.6      113.173       12704.612
       9849.9095      12507.1      112.246       12507.078
       9850.9955      12759.2      113.389       12759.175
       9852.0814      12963.1      114.497       12963.097
       9853.1674      13048.4      114.844       13048.379
       9854.2534      13194.8      115.375       13194.778
       9855.3394      12977.2      114.218       12977.194
       9856.4253      12863.2      113.771       12863.219
       9857.5113      12900.0      113.888       12900.003
       9858.5973      12911.9      114.073       12911.944
       9859.6833      12944.8      114.088       12944.797
       9860.7692      13102.5      114.728       13102.457
       9861.8552      13147.3      114.836       13147.260
       9862.9412      13130.1      113.112       13130.054
       9864.0271      13024.7      114.195       13024.737
       9865.1131      13110.3      114.471       13110.315
       9866.1991      13104.3      114.449       13104.268
       9867.2851      13213.4      114.736       13213.441
       9868.3710      13224.1      114.923       13224.106
       9869.4570      13219.4      114.949       13219.369
       9870.5430      13310.1      115.128       13310.098
       9871.6290      13442.7      116.567       13442.730
       9872.7149      13372.3      115.985       13372.309
       9873.8009      13369.1      115.896       13369.127
       9874.8869      13321.7      116.190       13321.653
       9875.9729      13433.7      116.196       13433.660
       9877.0588      13381.2      115.551       13381.197
       9878.1448      12731.9      112.938       12731.890
       9879.2308      13118.3      112.675       13118.309
       9880.3167      13606.4      116.563       13606.358
       9881.4027      13485.2      120.132       13485.165
       9882.4887      13430.4      115.825       13430.353
       9883.5747      13444.8      115.758       13444.801
       9884.6606      13545.3      115.913       13545.264
       9885.7466      13630.6      116.316       13630.568
       9886.8326      13759.9      116.704       13759.920
       9887.9186      13681.5      117.111       13681.518
       9889.0045      13898.6      117.714       13898.569
       9890.0905      13784.3      116.254       13784.334
       9891.1765      13818.4      117.454       13818.441
       9892.2624      13681.0      116.323       13681.002
       9893.3484      13787.3      117.449       13787.302
       9894.4344      13963.8      118.255       13963.828
       9895.5204      13846.9      117.983       13846.943
       9896.6063      13885.8      118.166       13885.822
       9897.6923      13948.9      118.464       13948.898
       9898.7783      13787.4      117.855       13787.390
       9899.8643      13718.8      117.249       13718.773
       9900.9502      13880.4      117.887       13880.378
       9902.0362      13973.0      118.953       13973.024
       9903.1222      14058.7      117.306       14058.698
       9904.2081      14143.2      118.680       14143.161
       9905.2941      14245.0      118.990       14245.006
       9906.3801      14262.6      119.902       14262.613
       9907.4661      14424.9      119.939       14424.933
       9908.5520      14443.9      118.983       14443.929
       9909.6380      14332.4      98.6336       14332.406
       9910.7240      14160.4      119.077       14160.418
       9911.8100      14523.8      120.258       14523.802
       9912.8959      14617.8      121.103       14617.808
       9913.9819      14619.8      120.988       14619.803
       9915.0679      14528.1      121.025       14528.087
       9916.1538      14664.1      121.825       14664.124
       9917.2398      14643.1      121.822       14643.136
       9918.3258      14559.7      121.206       14559.711
       9919.4118      14552.8      121.191       14552.848
       9920.4977      14774.4      121.859       14774.377
       9921.5837      14729.5      121.757       14729.493
       9922.6697      14708.0      121.511       14707.995
       9923.7557      14696.3      121.323       14696.285
       9924.8416      14734.5      121.423       14734.458
       9925.9276      14770.1      121.686       14770.116
       9927.0136      14703.1      121.387       14703.111
       9928.0995      14723.3      120.958       14723.272
       9929.1855      14738.6      121.951       14738.629
       9930.2715      14937.7      122.154       14937.704
       9931.3575      15127.1      122.353       15127.121
       9932.4434      15147.6      121.825       15147.646
       9933.5294      14930.0      122.395       14929.985
       9934.6154      15157.3      122.816       15157.282
       9935.7014      15281.2      123.500       15281.180
       9936.7873      15286.2      123.671       15286.182
       9937.8733      15421.8      123.439       15421.756
       9938.9593      15357.9      123.366       15357.921
       9940.0452      15408.4      123.810       15408.428
       9941.1312      15365.4      123.643       15365.397
       9942.2172      15388.3      124.114       15388.319
       9943.3032      15551.8      125.382       15551.850
       9944.3891      15486.3      125.010       15486.320
       9945.4751      15665.4      125.805       15665.406
       9946.5611      15634.8      125.614       15634.785
       9947.6471      15743.2      126.097       15743.202
       9948.7330      15760.0      126.401       15759.978
       9949.8190      15739.4      126.466       15739.373
       9950.9050      15687.0      125.985       15687.009
       9951.9910      15659.6      125.432       15659.602
       9953.0769      15820.0      126.265       15820.010
       9954.1629      15886.3      125.726       15886.313
       9955.2489      16011.5      126.453       16011.545
       9956.3348      15918.0      121.780       15917.957
       9957.4208      15948.7      126.746       15948.739
       9958.5068      15905.1      126.820       15905.147
       9959.5928      15930.3      126.973       15930.270
       9960.6787      16075.2      127.597       16075.216
       9961.7647      16027.3      126.904       16027.313
       9962.8507      16041.3      126.967       16041.347
       9963.9367      15880.5      126.370       15880.470
       9965.0226      15977.6      125.658       15977.646
       9966.1086      16119.4      127.212       16119.394
       9967.1946      16199.2      127.344       16199.218
       9968.2805      16219.5      127.377       16219.530
       9969.3665      16306.5      127.316       16306.501
       9970.4525      16249.3      127.408       16249.303
       9971.5385      16286.2      127.321       16286.206
       9972.6244      16294.7      127.499       16294.738
       9973.7104      16365.1      127.705       16365.139
       9974.7964      16516.4      128.250       16516.394
       9975.8824      16413.9      127.963       16413.876
       9976.9683      16424.8      128.930       16424.763
       9978.0543      16420.3      127.792       16420.254
       9979.1403      16526.5      128.181       16526.511
       9980.2262      16602.0      128.976       16602.022
       9981.3122      16441.2      128.119       16441.230
       9982.3982      16508.3      128.444       16508.262
       9983.4842      16568.6      128.423       16568.605
       9984.5701      16518.4      128.454       16518.414
       9985.6561      16521.4      128.693       16521.420
       9986.7421      16622.0      129.041       16622.042
       9987.8281      16615.9      129.089       16615.927
       9988.9140      16694.2      129.289       16694.193
       9990.0000      16714.1      129.180       16714.085
       9991.0860      16631.7      128.898       16631.657
       9992.1719      16526.6      128.541       16526.567
       9993.2579      16304.7      127.538       16304.707
       9994.3439      16441.7      128.380       16441.655
       9995.4299      16779.6      129.498       16779.597
       9996.5158      16750.4      128.970       16750.434
       9997.6018      16762.6      126.686       16762.636
       9998.6878      16868.7      129.447       16868.676
       9999.7738      16658.9      129.233       16658.874
       10000.860      16571.8      131.748       16571.753
       10001.946      16584.4      129.281       16584.433
       10003.032      16558.6      129.020       16558.594
       10004.118      16582.9      128.522       16582.929
       10005.204      16704.9      130.807       16704.876
       10006.290      16599.7      128.752       16599.697
       10007.376      16478.4      128.660       16478.404
       10008.462      16470.1      129.023       16470.099
       10009.548      16678.5      129.234       16678.483
       10010.633      16559.5      128.808       16559.489
       10011.719      16553.6      128.582       16553.586
       10012.805      16604.9      129.321       16604.883
       10013.891      16613.8      129.898       16613.753
       10014.977      16447.8      129.589       16447.774
       10016.063      16264.9      128.820       16264.854
       10017.149      16417.7      129.444       16417.711
       10018.235      16460.3      129.148       16460.285
       10019.321      16401.1      127.875       16401.147
       10020.407      16367.3      128.182       16367.291
       10021.493      16294.1      127.821       16294.098
       10022.579      16297.0      127.664       16297.006
       10023.665      16071.9      126.727       16071.931
       10024.751      15898.3      126.375       15898.327
       10025.837      16064.3      127.117       16064.325
       10026.923      16058.8      127.296       16058.792
       10028.009      16019.2      127.304       16019.178
       10029.095      15991.4      127.161       15991.446
       10030.181      15872.4      126.422       15872.390
       10031.267      15797.2      125.775       15797.191
       10032.353      15727.0      125.494       15726.970
       10033.439      15710.6      125.024       15710.554
       10034.525      15487.6      124.439       15487.614
       10035.611      15335.3      123.970       15335.334
       10036.697      15220.6      124.265       15220.603
       10037.783      15007.5      122.467       15007.520
       10038.869      14875.1      123.495       14875.081
       10039.955      14760.3      121.652       14760.320
       10041.041      14498.1      120.346       14498.145
       10042.127      14232.8      119.332       14232.804
       10043.213      13962.6      118.510       13962.649
       10044.299      13744.2      116.485       13744.227
       10045.385      13439.3      116.280       13439.321
       10046.471      13008.9      114.515       13008.890
       10047.557      12387.6      111.247       12387.645
       10048.643      11934.0      109.223       11934.019
       10049.729      11495.9      106.829       11495.918
       10050.814      10619.9      103.002       10619.930
       10051.900      9695.15      98.4597       9695.1458
       10052.986      9651.53      98.6913       9651.5298
       10054.072      10462.6      101.222       10462.563
       10055.158      11471.6      107.059       11471.613
       10056.244      12241.7      110.609       12241.676
       10057.330      12846.6      113.500       12846.641
       10058.416      13285.9      115.672       13285.945
       10059.502      13571.3      117.204       13571.291
       10060.588      13764.7      117.640       13764.672
       10061.674      14154.2      119.293       14154.184
       10062.760      14615.4      121.710       14615.396
       10063.846      14918.5      122.824       14918.459
       10064.932      15331.1      124.420       15331.073
       10066.018      15417.5      124.105       15417.540
       10067.104      15474.2      125.712       15474.176
       10068.190      15542.9      125.088       15542.856
       10069.276      15795.1      126.129       15795.066
       10070.362      16098.2      127.382       16098.232
       10071.448      16293.4      128.181       16293.359
       10072.534      16477.4      128.878       16477.373
       10073.620      16484.7      128.949       16484.724
       10074.706      16677.1      129.624       16677.060
       10075.792      16876.0      130.373       16875.964
       10076.878      16822.6      130.139       16822.637
       10077.964      16953.9      130.689       16953.875
       10079.050      17026.7      130.846       17026.741
       10080.136      16377.3      131.514       16377.296
       10081.222      16750.2      132.091       16750.218
       10082.308      17244.0      131.911       17243.972
       10083.394      17295.7      132.274       17295.681
       10084.480      17395.9      132.934       17395.939
       10085.566      17355.6      132.797       17355.627
       10086.652      17430.0      133.221       17430.012
       10087.738      17637.7      133.582       17637.732
       10088.824      17817.4      133.833       17817.372
       10089.910      17864.0      133.400       17864.029
       10090.995      17876.7      134.297       17876.732
       10092.081      17830.3      134.007       17830.282
       10093.167      17734.1      133.207       17734.058
       10094.253      17723.4      133.405       17723.401
       10095.339      17703.5      133.496       17703.548
       10096.425      17887.6      134.017       17887.609
       10097.511      18105.2      134.935       18105.199
       10098.597      18202.7      135.161       18202.700
       10099.683      18223.8      135.370       18223.836
       10100.769      17511.0      132.785       17510.977
       10101.855      17089.4      130.932       17089.388
       10102.941      17751.4      133.315       17751.392
       10104.027      18149.5      135.213       18149.459
       10105.113      18447.8      136.516       18447.824
       10106.199      18531.7      136.896       18531.677
       10107.285      18490.9      136.678       18490.932
       10108.371      18676.0      137.422       18676.048
       10109.457      18634.9      136.985       18634.888
       10110.543      18289.7      135.638       18289.742
       10111.629      18406.8      135.917       18406.799
       10112.715      18343.7      135.659       18343.748
       10113.801      17913.0      134.367       17913.035
       10114.887      17713.7      133.462       17713.656
       10115.973      18208.5      135.302       18208.522
       10117.059      18575.8      136.781       18575.842
       10118.145      18602.1      136.773       18602.101
       10119.231      18650.9      137.136       18650.852
       10120.317      18825.1      137.436       18825.096
       10121.403      18984.3      138.080       18984.302
       10122.489      18852.1      137.717       18852.056
       10123.575      18745.4      137.416       18745.407
       10124.661      18664.6      137.376       18664.581
       10125.747      17745.1      134.543       17745.142
       10126.833      17835.0      134.934       17834.992
       10127.919      18573.0      137.655       18573.049
       10129.005      18680.5      137.649       18680.499
       10130.090      18885.1      137.835       18885.117
       10131.176      19056.3      138.186       19056.262
       10132.262      19194.9      138.798       19194.916
       10133.348      19159.7      138.763       19159.690
       10134.434      19266.7      139.054       19266.687
       10135.520      19234.3      139.165       19234.312
       10136.606      19148.1      138.925       19148.111
       10137.692      19133.9      138.734       19133.936
       10138.778      19173.7      139.061       19173.653
       10139.864      19258.8      139.271       19258.812
       10140.950      19237.1      139.054       19237.090
       10142.036      19234.0      138.820       19234.028
       10143.122      19180.7      138.877       19180.673
       10144.208      19179.9      139.058       19179.858
       10145.294      19187.6      138.919       19187.631
       10146.380      19245.8      139.180       19245.802
       10147.466      19332.0      139.789       19331.999
       10148.552      19347.2      139.756       19347.182
       10149.638      19180.0      139.046       19179.954
       10150.724      19399.4      139.941       19399.360
       10151.810      19449.8      140.168       19449.756
       10152.896      19539.8      140.322       19539.757
       10153.982      19431.6      140.197       19431.563
       10155.068      19403.0      140.218       19403.006
       10156.154      19356.3      140.148       19356.331
       10157.240      19125.3      139.258       19125.309
       10158.326      19210.5      139.277       19210.524
       10159.412      19479.3      140.282       19479.292
       10160.498      19557.9      140.440       19557.930
       10161.584      19565.0      140.514       19565.017
       10162.670      19560.4      140.660       19560.435
       10163.756      19657.6      140.917       19657.571
       10164.842      19669.7      140.936       19669.714
       10165.928      19682.8      140.903       19682.788
       10167.014      19627.0      140.765       19627.021
       10168.100      19426.5      139.885       19426.509
       10169.186      19478.6      140.259       19478.568
       10170.271      19603.6      140.612       19603.628
       10171.357      19601.4      140.711       19601.386
       10172.443      19615.4      141.013       19615.367
       10173.529      19484.6      141.180       19484.602
       10174.615      19529.5      141.361       19529.452
       10175.701      19679.2      141.936       19679.178
       10176.787      19744.4      141.770       19744.373
       10177.873      19816.3      141.494       19816.325
       10178.959      19747.2      140.954       19747.170
       10180.045      19929.6      141.742       19929.612
       10181.131      19825.7      141.259       19825.742
       10182.217      19752.1      141.253       19752.114
       10183.303      19176.8      139.049       19176.799
       10184.389      18985.3      138.598       18985.282
       10185.475      19140.3      138.988       19140.344
       10186.561      19713.6      140.941       19713.635
       10187.647      19952.0      141.556       19951.958
       10188.733      19968.1      141.740       19968.083
       10189.819      19923.7      141.740       19923.712
       10190.905      19951.9      142.353       19951.861
       10191.991      19928.8      142.305       19928.808
       10193.077      19891.5      142.296       19891.496
       10194.163      19881.7      141.900       19881.654
       10195.249      19754.3      141.167       19754.300
       10196.335      20007.9      141.773       20007.915
       10197.421      20026.7      142.157       20026.716
       10198.507      19856.8      141.442       19856.845
       10199.593      19795.8      141.149       19795.832
       10200.679      19749.2      141.027       19749.161
       10201.765      19887.5      141.517       19887.538
       10202.851      19799.8      141.132       19799.763
       10203.937      19733.5      141.098       19733.496
       10205.023      19755.6      141.194       19755.608
       10206.109      19461.9      140.346       19461.858
       10207.195      19678.5      141.028       19678.484
       10208.281      19750.6      141.065       19750.633
       10209.367      19848.2      141.282       19848.219
       10210.452      19973.8      142.095       19973.814
       10211.538      19767.3      141.457       19767.301
       10212.624      19739.1      141.859       19739.118
       10213.710      19856.5      142.175       19856.478
       10214.796      19795.7      141.861       19795.701
       10215.882      19844.3      141.778       19844.272
       10216.968      19817.2      141.469       19817.208
       10218.054      19893.2      141.652       19893.182
       10219.140      19796.1      141.253       19796.100
       10220.226      19765.3      141.060       19765.310
       10221.312      19840.3      141.537       19840.334
       10222.398      19750.0      141.031       19749.971
       10223.484      19809.7      141.193       19809.652
       10224.570      19889.1      141.501       19889.057
       10225.656      19763.3      141.075       19763.316
       10226.742      19902.2      141.801       19902.205
       10227.828      20048.6      142.668       20048.636
       10228.914      19773.8      141.680       19773.806
       10230.000      19794.9      141.842       19794.909
       10231.086      19735.5      141.242       19735.544
       10232.172      19569.8      140.752       19569.797
       10233.258      19843.8      141.646       19843.806
       10234.344      19706.1      141.186       19706.067
       10235.430      19820.7      141.441       19820.730
       10236.516      19809.6      141.420       19809.611
       10237.602      19875.3      141.388       19875.288
       10238.688      19683.6      140.905       19683.563
       10239.774      19688.8      140.648       19688.831
       10240.860      19713.8      140.817       19713.785
       10241.946      19912.1      141.541       19912.069
       10243.032      19690.9      140.926       19690.861
       10244.118      20012.4      142.032       20012.414
       10245.204      19799.3      141.314       19799.325
       10246.290      19699.0      140.752       19699.043
       10247.376      19801.7      141.328       19801.724
       10248.462      19697.4      140.994       19697.394
       10249.548      19675.3      140.349       19675.265
       10250.633      19620.9      139.986       19620.950
       10251.719      19489.0      141.128       19489.004
       10252.805      19589.2      140.383       19589.158
       10253.891      19546.9      140.375       19546.859
       10254.977      19653.4      140.507       19653.388
       10256.063      19486.3      140.065       19486.308
       10257.149      19673.9      140.661       19673.881
       10258.235      19861.0      141.288       19861.024
       10259.321      19552.2      140.252       19552.150
       10260.407      19608.9      140.680       19608.934
       10261.493      19460.4      139.975       19460.401
       10262.579      19674.7      140.938       19674.698
       10263.665      19585.4      140.401       19585.370
       10264.751      19797.0      141.298       19797.032
       10265.837      19585.0      140.317       19585.011
       10266.923      19620.0      140.674       19619.958
       10268.009      19523.8      140.237       19523.836
       10269.095      19479.7      140.444       19479.701
       10270.181      17983.8      134.551       17983.818
       10271.267      16862.1      130.808       16862.114
       10272.353      19583.1      140.518       19583.121
       10273.439      19374.0      140.005       19374.017
       10274.525      19430.6      140.036       19430.638
       10275.611      19547.2      140.438       19547.158
       10276.697      19429.9      139.769       19429.936
       10277.783      19454.0      139.943       19454.044
       10278.869      19293.7      139.255       19293.677
       10279.955      19545.7      140.248       19545.682
       10281.041      19555.5      140.295       19555.481
       10282.127      19289.2      139.405       19289.178
       10283.213      19371.1      139.536       19371.124
       10284.299      19480.2      140.183       19480.249
       10285.385      19337.8      139.599       19337.799
       10286.471      19403.2      140.128       19403.231
       10287.557      19217.9      140.105       19217.871
       10288.643      19379.2      141.446       19379.206
       10289.729      19256.8      140.787       19256.837
       10290.814      19440.1      141.393       19440.052
       10291.900      19193.7      139.823       19193.693
       10292.986      19501.3      140.402       19501.261
       10294.072      19289.7      139.262       19289.692
       10295.158      19362.8      139.689       19362.843
       10296.244      19331.7      139.562       19331.718
       10297.330      19299.8      140.005       19299.786
       10298.416      19338.7      140.256       19338.693
       10299.502      19316.1      140.086       19316.092
       10300.588      19336.6      140.030       19336.644
       10301.674      19096.6      138.815       19096.612
       10302.760      19113.1      138.560       19113.083
       10303.846      19198.3      139.083       19198.262
       10304.932      19335.3      139.568       19335.331
       10306.018      19354.5      139.612       19354.531
       10307.104      19281.3      139.310       19281.321
       10308.190      19381.2      139.837       19381.241
       10309.276      19218.0      139.091       19217.964
       10310.362      19156.4      139.027       19156.373
       10311.448      19282.2      139.455       19282.177
       10312.534      19015.2      138.667       19015.156
       10313.620      19261.4      139.385       19261.363
       10314.706      19352.3      139.737       19352.334
       10315.792      19328.8      139.468       19328.804
       10316.878      19277.0      139.281       19276.980
       10317.964      19354.5      139.354       19354.539
       10319.050      19331.9      139.515       19331.905
       10320.136      19343.8      139.682       19343.759
       10321.222      19245.2      139.308       19245.222
       10322.308      19423.5      139.790       19423.516
       10323.394      19445.9      140.029       19445.923
       10324.480      19295.0      139.390       19295.016
       10325.566      19275.0      139.478       19275.030
       10326.652      19198.9      138.985       19198.946
       10327.738      19173.2      138.827       19173.180
       10328.824      19353.8      139.512       19353.844
       10329.910      19175.2      138.833       19175.154
       10330.995      19159.5      138.903       19159.455
       10332.081      19275.6      139.383       19275.607
       10333.167      19242.8      139.173       19242.800
       10334.253      19182.3      138.918       19182.292
       10335.339      19321.6      139.347       19321.588
       10336.425      19270.2      139.262       19270.249
       10337.511      19142.2      138.697       19142.158
       10338.597      19237.1      139.098       19237.070
       10339.683      19183.0      138.767       19182.979
       10340.769      19166.2      138.995       19166.214
       10341.855      19202.5      139.396       19202.467
       10342.941      19297.6      139.432       19297.637
       10344.027      19272.2      139.323       19272.220
       10345.113      19088.1      138.668       19088.075
       10346.199      19108.1      138.628       19108.138
       10347.285      19301.1      139.482       19301.147
       10348.371      19456.2      140.355       19456.162
       10349.457      19355.1      140.119       19355.077
       10350.543      19376.1      140.097       19376.088
       10351.629      19339.3      139.848       19339.325
       10352.715      19380.0      139.683       19380.025
       10353.801      19517.4      140.125       19517.372
       10354.887      19589.7      140.280       19589.686
       10355.973      19581.2      140.477       19581.224
       10357.059      19522.0      140.371       19522.030
       10358.145      19469.3      140.077       19469.350
       10359.231      19507.3      140.231       19507.280
       10360.317      19530.0      140.210       19530.049
       10361.403      19461.0      138.639       19460.965
       10362.489      19562.6      140.191       19562.642
       10363.575      19461.3      140.032       19461.259
       10364.661      19437.3      139.900       19437.304
       10365.747      19543.4      140.330       19543.389
       10366.833      19519.0      140.017       19518.977
       10367.919      19560.3      139.808       19560.259
       10369.005      19486.4      140.044       19486.374
       10370.090      19480.8      140.045       19480.834
       10371.176      19436.4      139.926       19436.362
       10372.262      19621.1      140.542       19621.059
       10373.348      19657.9      141.100       19657.894
       10374.434      19782.4      142.227       19782.449
       10375.520      19554.2      141.577       19554.155
       10376.606      19419.1      141.171       19419.107
       10377.692      19683.8      141.706       19683.771
       10378.778      19727.3      141.112       19727.251
       10379.864      19667.9      140.777       19667.867
       10380.950      19782.7      141.163       19782.748
       10382.036      19801.0      141.004       19801.020
       10383.122      19758.8      140.472       19758.781
       10384.208      19805.4      141.134       19805.357
       10385.294      19845.5      141.464       19845.484
       10386.380      19741.7      141.068       19741.672
       10387.466      19752.0      141.073       19751.974
       10388.552      19976.9      141.873       19976.884
       10389.638      20015.3      141.907       20015.263
       10390.724      19914.8      141.524       19914.785
       10391.810      19914.8      141.543       19914.812
       10392.896      19959.6      141.770       19959.559
       10393.982      20049.7      142.089       20049.706
       10395.068      20072.0      142.255       20071.980
       10396.154      20085.2      142.330       20085.159
       10397.240      19953.9      142.077       19953.903
       10398.326      19299.9      140.322       19299.930
       10399.412      18967.0      139.295       18967.004
       10400.498      19694.9      141.552       19694.917
       10401.584      20104.8      142.607       20104.802
       10402.670      20232.7      142.793       20232.714
       10403.756      20203.1      142.609       20203.116
       10404.842      20028.9      141.941       20028.928
       10405.928      19646.2      140.522       19646.239
       10407.014      19883.3      141.481       19883.265
       10408.100      20065.4      142.114       20065.446
       10409.186      20041.0      142.196       20041.041
       10410.271      20097.9      142.378       20097.864
       10411.357      20286.0      143.599       20285.980
       10412.443      20229.7      142.605       20229.745
       10413.529      20065.4      142.290       20065.364
       10414.615      20190.3      142.556       20190.298
       10415.701      20074.3      142.379       20074.269
       10416.787      20253.7      142.662       20253.747
       10417.873      20281.8      142.581       20281.773
       10418.959      20286.1      143.519       20286.144
       10420.045      20308.6      144.225       20308.575
       10421.131      20156.7      143.743       20156.653
       10422.217      20270.2      144.232       20270.160
       10423.303      20114.5      143.058       20114.543
       10424.389      20145.9      142.585       20145.878
       10425.475      20237.5      142.714       20237.507
       10426.561      20152.2      142.573       20152.226
       10427.647      20330.5      143.004       20330.501
       10428.733      20181.1      142.576       20181.127
       10429.819      20111.9      142.238       20111.891
       10430.905      20221.5      142.830       20221.538
       10431.991      20134.8      142.536       20134.781
       10433.077      20079.0      142.399       20078.971
       10434.163      20279.9      142.828       20279.942
       10435.249      20172.5      142.410       20172.482
       10436.335      20165.3      142.427       20165.339
       10437.421      20220.4      142.551       20220.352
       10438.507      20274.6      142.793       20274.590
       10439.593      20231.1      142.485       20231.143
       10440.679      19808.7      141.115       19808.670
       10441.765      20185.6      143.237       20185.607
       10442.851      20318.5      143.077       20318.452
       10443.937      20097.5      142.285       20097.537
       10445.023      19655.6      140.547       19655.617
       10446.109      20098.2      142.020       20098.178
       10447.195      20206.3      142.731       20206.321
       10448.281      20229.7      142.717       20229.717
       10449.367      20081.1      142.191       20081.081
       10450.452      20111.3      142.415       20111.326
       10451.538      20227.1      142.952       20227.133
       10452.624      20278.0      143.298       20278.050
       10453.710      20135.0      142.655       20135.006
       10454.796      20298.8      143.390       20298.780
       10455.882      20088.8      142.234       20088.769
       10456.968      19946.0      141.691       19946.039
       10458.054      19478.4      139.918       19478.386
       10459.140      19698.7      140.573       19698.675
       10460.226      19710.3      140.723       19710.289
       10461.312      19800.5      141.014       19800.515
       10462.398      19568.4      140.047       19568.404
       10463.484      19926.7      141.581       19926.682
       10464.570      20022.4      141.980       20022.377
       10465.656      20163.6      142.436       20163.588
       10466.742      20156.7      142.318       20156.730
       10467.828      20195.6      142.565       20195.566
       10468.914      20214.8      142.765       20214.832
       10470.000      19903.1      142.352       19903.068
       10471.086      20196.2      143.595       20196.190
       10472.172      20175.8      143.599       20175.756
       10473.258      19728.9      141.792       19728.875
       10474.344      19839.7      141.566       19839.681
       10475.430      20042.1      141.916       20042.053
       10476.516      20038.2      142.244       20038.194
       10477.602      20073.6      142.377       20073.583
       10478.688      20072.3      142.329       20072.308
       10479.774      20093.6      142.301       20093.597
       10480.860      19949.5      141.922       19949.506
       10481.946      19949.8      141.505       19949.839
       10483.032      19884.3      141.721       19884.312
       10484.118      19938.9      141.637       19938.913
       10485.204      20012.3      142.066       20012.325
       10486.290      20115.5      142.076       20115.479
       10487.376      20036.1      142.092       20036.080
       10488.462      20047.0      142.024       20047.031
       10489.548      19812.8      141.346       19812.759
       10490.633      20029.5      141.939       20029.457
       10491.719      20074.6      142.065       20074.630
       10492.805      19845.0      141.216       19845.036
       10493.891      19980.7      142.166       19980.681
       10494.977      19824.7      141.175       19824.684
       10496.063      19729.2      141.139       19729.230
       10497.149      19867.6      141.241       19867.595
       10498.235      19927.9      141.682       19927.902
       10499.321      19668.5      140.619       19668.487
       10500.407      19736.2      140.872       19736.217
       10501.493      19806.1      141.181       19806.071
       10502.579      19836.4      141.134       19836.396
       10503.665      19886.5      141.441       19886.533
       10504.751      19790.5      141.082       19790.453
       10505.837      19583.1      140.272       19583.059
       10506.923      19973.1      141.786       19973.081
       10508.009      19706.3      140.768       19706.302
       10509.095      19836.6      141.174       19836.621
       10510.181      19925.2      141.709       19925.213
       10511.267      19796.7      141.580       19796.737
       10512.353      19843.1      141.492       19843.078
       10513.439      19851.0      141.621       19850.991
       10514.525      19656.5      140.715       19656.505
       10515.611      19032.3      138.438       19032.321
       10516.697      19540.4      140.148       19540.406
       10517.783      19707.8      141.043       19707.751
       10518.869      19745.1      141.139       19745.111
       10519.955      19601.8      140.326       19601.776
       10521.041      19758.7      140.721       19758.704
       10522.127      19582.9      140.602       19582.865
       10523.213      19674.0      140.652       19673.971
       10524.299      19724.1      141.035       19724.137
       10525.385      19562.1      140.603       19562.084
       10526.471      19765.4      141.715       19765.431
       10527.557      19750.5      141.623       19750.470
       10528.643      19719.1      141.580       19719.123
       10529.729      19831.7      141.585       19831.673
       10530.814      19656.4      140.624       19656.424
       10531.900      19748.0      140.929       19747.966
       10532.986      19676.0      140.481       19675.972
       10534.072      19506.5      139.935       19506.514
       10535.158      19582.6      140.155       19582.559
       10536.244      19707.0      140.613       19706.966
       10537.330      19540.0      140.076       19540.048
       10538.416      19672.6      140.756       19672.573
       10539.502      19657.9      140.764       19657.874
       10540.588      19636.8      140.538       19636.840
       10541.674      19519.7      140.108       19519.696
       10542.760      19352.1      139.475       19352.057
       10543.846      19473.9      139.772       19473.871
       10544.932      19558.2      140.019       19558.208
       10546.018      19662.0      140.628       19661.960
       10547.104      19700.1      140.795       19700.110
       10548.190      19799.2      141.094       19799.199
       10549.276      19591.9      139.862       19591.936
       10550.362      19756.4      140.995       19756.417
       10551.448      19639.5      140.241       19639.501
       10552.534      19682.5      140.655       19682.490
       10553.620      19727.6      140.735       19727.634
       10554.706      19712.2      140.272       19712.157
       10555.792      19712.3      140.675       19712.288
       10556.878      19665.6      140.251       19665.552
       10557.964      19826.3      141.193       19826.297
       10559.050      19907.5      141.584       19907.470
       10560.136      19898.8      141.425       19898.846
       10561.222      19608.8      140.418       19608.828
       10562.308      19641.7      140.349       19641.729
       10563.394      19700.6      140.862       19700.620
       10564.480      19753.4      140.875       19753.363
       10565.566      20001.9      141.706       20001.893
       10566.652      19980.8      141.481       19980.749
       10567.738      19845.1      141.582       19845.079
       10568.824      19921.4      141.491       19921.437
       10569.910      19888.5      141.479       19888.462
       10570.995      19751.4      141.026       19751.422
       10572.081      19881.6      141.541       19881.594
       10573.167      19869.7      141.412       19869.744
       10574.253      19794.5      141.268       19794.522
       10575.339      19785.0      141.230       19785.034
       10576.425      19977.7      141.946       19977.656
       10577.511      20015.0      141.952       20015.008
       10578.597      19988.7      142.045       19988.671
       10579.683      19946.3      141.481       19946.255
       10580.769      19980.9      141.780       19980.873
       10581.855      19878.5      141.445       19878.482
       10582.941      19825.8      141.195       19825.840
       10584.027      19808.6      141.350       19808.569
       10585.113      19774.2      141.062       19774.164
       10586.199      19662.2      140.862       19662.160
       10587.285      19642.7      141.034       19642.702
       10588.371      19711.3      141.220       19711.334
       10589.457      19740.1      141.347       19740.057
       10590.543      19832.1      141.502       19832.120
       10591.629      20083.5      142.316       20083.549
       10592.715      19965.7      141.821       19965.715
       10593.801      19883.0      141.463       19883.038
       10594.887      19915.9      141.541       19915.852
       10595.973      19985.0      141.684       19984.959
       10597.059      19981.0      141.876       19981.036
       10598.145      19949.7      141.825       19949.690
       10599.231      20079.7      142.278       20079.741
       10600.317      20201.9      142.607       20201.863
       10601.403      20084.0      142.174       20084.023
       10602.489      19820.2      141.359       19820.216
       10603.575      19993.6      142.056       19993.582
       10604.661      19848.1      141.501       19848.142
       10605.747      19901.9      141.636       19901.853
       10606.833      19972.4      141.843       19972.401
       10607.919      20052.4      142.013       20052.385
       10609.005      20246.7      142.536       20246.714
       10610.090      20126.6      142.459       20126.577
       10611.176      19957.4      141.847       19957.420
       10612.262      19998.9      141.859       19998.907
       10613.348      19911.8      141.527       19911.827
       10614.434      19931.9      141.679       19931.886
       10615.520      19917.7      141.680       19917.735
       10616.606      19987.8      141.891       19987.819
       10617.692      20048.6      141.992       20048.555
       10618.778      19975.5      141.522       19975.533
       10619.864      19913.3      141.304       19913.298
       10620.950      19985.6      141.843       19985.601
       10622.036      20013.8      141.978       20013.793
       10623.122      19985.7      141.833       19985.723
       10624.208      19688.6      140.503       19688.634
       10625.294      19013.9      138.169       19013.860
       10626.380      19482.8      139.912       19482.802
       10627.466      20032.6      141.998       20032.604
       10628.552      20117.1      142.263       20117.101
       10629.638      20133.7      142.398       20133.695
       10630.724      20030.0      141.998       20029.958
       10631.810      19934.9      141.583       19934.859
       10632.896      19828.4      141.180       19828.447
       10633.982      19812.1      141.154       19812.107
       10635.068      19915.3      141.554       19915.302
       10636.154      19978.3      141.726       19978.286
       10637.240      19848.5      141.317       19848.510
       10638.326      19769.4      141.102       19769.377
       10639.412      19520.9      140.158       19520.910
       10640.498      19074.8      138.518       19074.846
       10641.584      19448.3      139.914       19448.313
       10642.670      19836.3      141.441       19836.335
       10643.756      19941.4      141.738       19941.439
       10644.842      19846.4      141.253       19846.378
       10645.928      19673.2      140.670       19673.233
       10647.014      19649.0      140.588       19648.954
       10648.100      19651.2      140.570       19651.226
       10649.186      19670.2      140.753       19670.217
       10650.271      19704.2      140.811       19704.190
       10651.357      19675.0      140.827       19674.979
       10652.443      19707.8      140.502       19707.756
       10653.529      19567.6      140.340       19567.601
       10654.615      19661.8      140.714       19661.814
       10655.701      19514.0      140.319       19513.960
       10656.787      19491.4      139.950       19491.365
       10657.873      19398.4      139.721       19398.404
       10658.959      19394.3      139.668       19394.258
       10660.045      19315.1      139.412       19315.112
       10661.131      19331.2      139.314       19331.234
       10662.217      19581.7      140.335       19581.663
       10663.303      19574.9      140.311       19574.893
       10664.389      19370.8      139.526       19370.772
       10665.475      19472.4      139.770       19472.432
       10666.561      19453.0      139.453       19452.989
       10667.647      19508.0      140.028       19508.038
       10668.733      19232.5      138.929       19232.507
       10669.819      19300.9      139.238       19300.865
       10670.905      19283.1      139.368       19283.095
       10671.991      18800.8      137.555       18800.814
       10673.077      18080.0      134.725       18079.992
       10674.163      18914.3      137.997       18914.275
       10675.249      19022.7      138.419       19022.675
       10676.335      18932.4      138.029       18932.417
       10677.421      19092.7      138.718       19092.740
       10678.507      18985.0      138.055       18985.046
       10679.593      19086.8      138.752       19086.798
       10680.679      18890.1      137.883       18890.087
       10681.765      18940.8      138.099       18940.824
       10682.851      19096.2      138.715       19096.237
       10683.937      18725.4      137.116       18725.358
       10685.023      18169.2      135.380       18169.247
       10686.109      17743.0      133.828       17743.041
       10687.195      17969.5      134.530       17969.512
       10688.281      17997.2      134.826       17997.197
       10689.367      18557.3      136.802       18557.293
       10690.452      18725.0      137.430       18724.978
       10691.538      18659.1      137.023       18659.104
       10692.624      18189.8      135.403       18189.754
       10693.710      17594.7      133.145       17594.733
       10694.796      17794.6      134.000       17794.638
       10695.882      18430.5      136.146       18430.524
       10696.968      18572.4      136.841       18572.352
       10698.054      18541.4      136.780       18541.436
       10699.140      18508.5      136.879       18508.458
       10700.226      18582.2      137.049       18582.170
       10701.312      18680.6      137.554       18680.642
       10702.398      18567.7      136.858       18567.703
       10703.484      18569.7      136.947       18569.681
       10704.570      18400.7      136.290       18400.736
       10705.656      18376.0      136.308       18375.975
       10706.742      18418.9      136.321       18418.903
       10707.828      18424.3      136.368       18424.299
       10708.914      18208.8      135.396       18208.761
       10710.000      18023.0      134.775       18022.976
       10711.086      18230.9      135.729       18230.909
       10712.172      18233.1      136.068       18233.077
       10713.258      18338.8      136.376       18338.809
       10714.344      18304.9      136.477       18304.861
       10715.430      18134.5      135.582       18134.465
       10716.516      17942.3      134.612       17942.330
       10717.602      18164.0      135.254       18163.960
       10718.688      17919.6      134.391       17919.594
       10719.774      17781.6      133.761       17781.632
       10720.860      18002.3      134.849       18002.301
       10721.946      17828.9      134.295       17828.907
       10723.032      17715.7      133.954       17715.723
       10724.118      18119.2      135.275       18119.150
       10725.204      18041.4      135.104       18041.403
       10726.290      17908.3      134.239       17908.273
       10727.376      17980.5      134.499       17980.538
       10728.462      17922.7      134.442       17922.675
       10729.548      17889.4      135.047       17889.429
       10730.633      17764.1      134.754       17764.062
       10731.719      17669.6      134.499       17669.602
       10732.805      17495.1      133.618       17495.123
       10733.891      17921.4      134.843       17921.421
       10734.977      18095.9      135.079       18095.917
       10736.063      17927.4      134.554       17927.437
       10737.149      17803.9      134.088       17803.924
       10738.235      17657.0      133.427       17656.965
       10739.321      17750.3      133.795       17750.290
       10740.407      17652.3      133.584       17652.332
       10741.493      17700.3      133.450       17700.313
       10742.579      17734.1      133.796       17734.091
       10743.665      17583.1      133.237       17583.100
       10744.751      17718.8      134.074       17718.827
       10745.837      17664.2      133.863       17664.180
       10746.923      17505.8      133.321       17505.821
       10748.009      17518.7      133.014       17518.725
       10749.095      17337.7      132.135       17337.702
       10750.181      17585.9      133.010       17585.930
       10751.267      17575.6      133.705       17575.620
       10752.353      17565.7      133.981       17565.679
       10753.439      17536.1      133.972       17536.120
       10754.525      17636.4      134.166       17636.429
       10755.611      17549.6      133.655       17549.606
       10756.697      17415.5      132.492       17415.491
       10757.783      17460.1      132.631       17460.086
       10758.869      17392.8      132.336       17392.775
       10759.955      17546.3      132.956       17546.272
       10761.041      17491.6      132.761       17491.585
       10762.127      17458.1      132.648       17458.078
       10763.213      17562.1      132.926       17562.137
       10764.299      17470.9      132.785       17470.939
       10765.385      17597.5      133.231       17597.466
       10766.471      17489.5      132.818       17489.473
       10767.557      17701.6      133.302       17701.625
       10768.643      17487.6      132.762       17487.589
       10769.729      17596.1      133.119       17596.115
       10770.814      17341.6      132.089       17341.645
       10771.900      17383.8      132.260       17383.838
       10772.986      17475.9      132.969       17475.894
       10774.072      17454.9      133.003       17454.875
       10775.158      17578.8      133.639       17578.786
       10776.244      17651.8      133.660       17651.806
       10777.330      17455.0      132.674       17455.029
       10778.416      17512.1      132.630       17512.116
       10779.502      17640.7      133.251       17640.669
       10780.588      17585.8      133.146       17585.761
       10781.674      17629.6      132.842       17629.578
       10782.760      17583.4      132.862       17583.418
       10783.846      17667.4      133.532       17667.410
       10784.932      17627.4      133.052       17627.405
       10786.018      17585.8      133.008       17585.776
       10787.104      17752.0      133.689       17751.992
       10788.190      17727.2      133.741       17727.191
       10789.276      17752.0      133.538       17752.048
       10790.362      17690.7      133.576       17690.710
       10791.448      17775.6      133.593       17775.580
       10792.534      17789.7      133.602       17789.739
       10793.620      17575.5      133.112       17575.451
       10794.706      17753.1      133.673       17753.125
       10795.792      17763.8      133.582       17763.754
       10796.878      17750.6      133.845       17750.606
       10797.964      17777.5      133.665       17777.478
       10799.050      17822.8      134.089       17822.800
       10800.136      17676.0      133.395       17676.033
       10801.222      17623.6      133.379       17623.593
       10802.308      17775.8      133.823       17775.782
       10803.394      17824.9      134.146       17824.888
       10804.480      17987.4      134.658       17987.409
       10805.566      17280.4      133.575       17280.436
       10806.652      17543.4      132.985       17543.389
       10807.738      17823.3      133.992       17823.285
       10808.824      17738.2      133.551       17738.241
       10809.910      17941.0      134.268       17940.976
       10810.995      17816.2      133.703       17816.237
       10812.081      17799.0      133.733       17799.040
       10813.167      17895.4      134.297       17895.429
       10814.253      17806.9      133.993       17806.948
       10815.339      17962.3      133.517       17962.272
       10816.425      18067.3      134.810       18067.340
       10817.511      17750.9      133.425       17750.937
       10818.597      18006.4      134.249       18006.382
       10819.683      18130.6      134.715       18130.599
       10820.769      17889.7      134.173       17889.664
       10821.855      17822.1      133.754       17822.111
       10822.941      17916.8      134.371       17916.808
       10824.027      17946.5      134.406       17946.545
       10825.113      18044.9      134.858       18044.852
       10826.199      18225.2      135.390       18225.152
       10827.285      18202.2      135.540       18202.218
       10828.371      17991.1      134.397       17991.087
       10829.457      17807.5      134.038       17807.479
       10830.543      17982.8      134.915       17982.842
       10831.629      18088.2      136.109       18088.226
       10832.715      18046.6      136.929       18046.576
       10833.801      17816.0      136.443       17816.030
       10834.887      17729.1      135.744       17729.139
       10835.973      17799.2      135.717       17799.168
       10837.059      18079.4      135.315       18079.400
       10838.145      18258.6      135.769       18258.554
       10839.231      18000.5      134.436       18000.486
       10840.317      18126.2      135.037       18126.241
       10841.403      18078.7      135.151       18078.742
       10842.489      18254.5      136.362       18254.471
       10843.575      18331.5      136.704       18331.495
       10844.661      18497.2      137.487       18497.223
       10845.747      18130.1      135.994       18130.138
       10846.833      18140.9      135.583       18140.868
       10847.919      18078.1      135.867       18078.079
       10849.005      18050.4      134.734       18050.384
       10850.090      17937.8      134.232       17937.810
       10851.176      18178.6      135.305       18178.623
       10852.262      18060.6      134.767       18060.638
       10853.348      18147.0      135.148       18147.024
       10854.434      18040.5      134.799       18040.490
       10855.520      17864.8      134.207       17864.780
       10856.606      18118.5      135.096       18118.485
       10857.692      18097.2      135.098       18097.191
       10858.778      18060.2      135.234       18060.179
       10859.864      17910.0      134.707       17909.985
       10860.950      16847.6      130.535       16847.568
       10862.036      17531.7      133.094       17531.728
       10863.122      17644.9      132.978       17644.928
       10864.208      17937.7      134.191       17937.672
       10865.294      18011.6      134.471       18011.593
       10866.380      17727.6      133.469       17727.559
       10867.466      17988.9      134.241       17988.901
       10868.552      18014.5      134.677       18014.487
       10869.638      17954.5      134.245       17954.479
       10870.724      17783.6      133.591       17783.641
       10871.810      17860.1      133.940       17860.053
       10872.896      17856.1      134.173       17856.084
       10873.982      17890.8      134.248       17890.798
       10875.068      18174.1      135.376       18174.091
       10876.154      17263.4      131.890       17263.398
       10877.240      16939.0      130.847       16939.049
       10878.326      17147.9      131.423       17147.891
       10879.412      17797.4      133.940       17797.426
       10880.498      17629.5      133.118       17629.484
       10881.584      17077.5      131.280       17077.521
       10882.670      17569.6      132.845       17569.565
       10883.756      17685.1      133.324       17685.145
       10884.842      17543.8      132.014       17543.847
       10885.928      17375.6      132.371       17375.624
       10887.014      17555.7      132.880       17555.744
       10888.100      17431.2      132.392       17431.195
       10889.186      17512.9      132.694       17512.917
       10890.271      17516.1      132.754       17516.123
       10891.357      17194.4      131.519       17194.381
       10892.443      17087.1      131.119       17087.145
       10893.529      17284.7      131.872       17284.668
       10894.615      17277.6      131.629       17277.600
       10895.701      17234.5      131.692       17234.462
       10896.787      17142.3      131.913       17142.266
       10897.873      17179.8      132.142       17179.797
       10898.959      17183.4      132.282       17183.357
       10900.045      17152.6      132.027       17152.594
       10901.131      16957.3      131.060       16957.279
       10902.217      16876.5      130.324       16876.462
       10903.303      16709.6      143.548       16709.561
       10904.389      16818.1      130.128       16818.097
       10905.475      16781.5      130.059       16781.462
       10906.561      16818.7      130.131       16818.742
       10907.647      16763.1      129.834       16763.055
       10908.733      16635.9      129.203       16635.884
       10909.819      16521.9      128.961       16521.923
       10910.905      16467.0      128.629       16466.965
       10911.991      16629.3      129.352       16629.349
       10913.077      16583.4      129.144       16583.372
       10914.163      16201.8      127.675       16201.798
       10915.249      16198.9      127.094       16198.945
       10916.335      14666.3      121.501       14666.338
       10917.421      14373.5      120.213       14373.534
       10918.507      15474.6      124.610       15474.551
       10919.593      15766.5      126.466       15766.519
       10920.679      15805.3      126.067       15805.259
       10921.765      15702.6      125.610       15702.611
       10922.851      15353.5      123.971       15353.535
       10923.937      15397.6      125.067       15397.617
       10925.023      14794.8      123.844       14794.760
       10926.109      14399.2      122.088       14399.225
       10927.195      14392.0      122.371       14391.950
       10928.281      14550.1      122.584       14550.084
       10929.367      14503.5      121.197       14503.513
       10930.452      14349.6      119.910       14349.555
       10931.538      13987.0      121.862       13986.951
       10932.624      13716.7      117.332       13716.670
       10933.710      13492.9      116.304       13492.884
       10934.796      13121.1      113.853       13121.137
       10935.882      12832.6      113.291       12832.557
       10936.968      12378.2      111.599       12378.205
       10938.054      11937.7      109.532       11937.671
       10939.140      11140.4      105.895       11140.427
       10940.226      9921.79      99.8379       9921.7948
       10941.312      9215.05      96.1851       9215.0550
       10942.398      9911.39      99.8963       9911.3932
       10943.484      10834.9      104.365       10834.895
       10944.570      11619.5      108.090       11619.533
       10945.656      12173.5      110.444       12173.525
       10946.742      12434.5      111.657       12434.468
       10947.828      12731.5      112.953       12731.519
       10948.914      13118.7      115.247       13118.682
       10950.000      13355.1      116.719       13355.065
       10951.086      13661.1      118.152       13661.088
       10952.172      14022.0      119.777       14021.986
       10953.258      14142.5      120.065       14142.505
       10954.344      14215.3      119.308       14215.315
       10955.430      14271.9      119.783       14271.908
       10956.516      14633.4      121.187       14633.437
       10957.602      14528.9      120.878       14528.917
       10958.688      14581.0      121.880       14580.983
       10959.774      14757.0      121.754       14756.970
       10960.860      14894.1      122.317       14894.054
       10961.946      14999.6      122.794       14999.552
       10963.032      15077.2      122.858       15077.236
       10964.118      15162.9      123.543       15162.920
       10965.204      15517.8      124.808       15517.794
       10966.290      15637.6      125.368       15637.554
       10967.376      15429.2      124.297       15429.172
       10968.462      15594.9      125.107       15594.867
       10969.548      15802.9      125.778       15802.940
       10970.633      15821.4      126.035       15821.430
       10971.719      15818.0      126.027       15817.977
       10972.805      15930.6      127.216       15930.612
       10973.891      15674.6      127.222       15674.604
       10974.977      15483.1      126.549       15483.108
       10976.063      15765.7      127.351       15765.689
       10977.149      15894.6      127.981       15894.589
       10978.235      15753.9      126.262       15753.881
       10979.321      15956.9      126.853       15956.922
       10980.407      15984.1      126.848       15984.072
       10981.493      15850.6      126.257       15850.568
       10982.579      16047.7      126.773       16047.722
       10983.665      16236.9      127.600       16236.935
       10984.751      16002.9      126.745       16002.914
       10985.837      16057.3      127.241       16057.265
       10986.923      16165.7      127.554       16165.724
       10988.009      16285.4      128.138       16285.429
       10989.095      16103.4      127.363       16103.397
       10990.181      16268.9      128.136       16268.920
       10991.267      16332.2      128.136       16332.150
       10992.353      16349.7      128.071       16349.695
       10993.439      16215.1      127.712       16215.090
       10994.525      16252.8      128.067       16252.769
       10995.611      15891.4      126.385       15891.402
       10996.697      15706.8      125.849       15706.813
       10997.783      15957.7      126.838       15957.697
       10998.869      16041.6      126.989       16041.562
       10999.955      16343.6      128.142       16343.569
       11001.041      16267.7      127.885       16267.739
       11002.127      16370.1      128.228       16370.113
       11003.213      16371.8      128.475       16371.797
       11004.299      16207.9      127.884       16207.873
       11005.385      16337.7      128.245       16337.674
       11006.471      16409.0      128.417       16408.954
       11007.557      16611.0      129.818       16611.017
       11008.643      16419.3      129.325       16419.324
       11009.729      15924.0      127.620       15924.032
       11010.814      16235.9      128.508       16235.868
       11011.900      16559.4      129.503       16559.447
       11012.986      16691.4      129.676       16691.385
       11014.072      16586.7      129.099       16586.658
       11015.158      16747.5      129.821       16747.533
       11016.244      16614.7      129.244       16614.743
       11017.330      16678.4      129.369       16678.429
       11018.416      16209.4      127.638       16209.396
       11019.502      16018.7      126.780       16018.699
       11020.588      16208.9      127.627       16208.903
       11021.674      16321.9      127.574       16321.882
       11022.760      16591.3      129.083       16591.300
       11023.846      16575.5      128.838       16575.491
       11024.932      16330.4      128.189       16330.370
       11026.018      16265.6      127.842       16265.600
       11027.104      16366.6      128.666       16366.601
       11028.190      16854.9      131.212       16854.949
       11029.276      16657.4      130.969       16657.416
       11030.362      16365.6      129.888       16365.588
       11031.448      16477.2      130.422       16477.202
       11032.534      16687.3      130.366       16687.290
       11033.620      16713.3      130.090       16713.319
       11034.706      16660.9      129.349       16660.934
       11035.792      16837.7      130.125       16837.680
       11036.878      16894.3      130.357       16894.339
       11037.964      16921.4      130.445       16921.413
       11039.050      16732.6      129.438       16732.634
       11040.136      16734.3      129.595       16734.313
       11041.222      16515.9      128.621       16515.942
       11042.308      16385.2      128.438       16385.182
       11043.394      16127.0      130.663       16127.010
       11044.480      16142.7      127.404       16142.683
       11045.566      16510.8      128.776       16510.750
       11046.652      16861.1      130.245       16861.083
       11047.738      16636.1      128.985       16636.136
       11048.824      16793.7      129.705       16793.690
       11049.910      16691.2      129.362       16691.199
       11050.995      16932.3      130.300       16932.305
       11052.081      16866.0      130.058       16865.986
       11053.167      16778.5      130.034       16778.519
       11054.253      16747.8      129.820       16747.749
       11055.339      16521.7      129.218       16521.667
       11056.425      16399.5      128.424       16399.467
       11057.511      16623.9      129.393       16623.886
       11058.597      16655.0      129.296       16654.974
       11059.683      16330.8      128.345       16330.777
       11060.769      16357.3      128.214       16357.268
       11061.855      16226.1      127.702       16226.085
       11062.941      16184.0      127.464       16183.988
       11064.027      16172.6      127.597       16172.636
       11065.113      16355.2      128.253       16355.182
       11066.199      16310.3      128.184       16310.291
       11067.285      16282.3      127.903       16282.252
       11068.371      16654.5      129.593       16654.493
       11069.457      16942.3      130.528       16942.260
       11070.543      16853.4      130.559       16853.414
       11071.629      16653.5      129.878       16653.486
       11072.715      16732.8      130.403       16732.795
       11073.801      16856.9      130.622       16856.916
       11074.887      16759.7      130.176       16759.676
       11075.973      16839.3      130.118       16839.263
       11077.059      16739.0      129.606       16738.955
       11078.145      16498.4      128.677       16498.406
       11079.231      16497.2      128.735       16497.209
       11080.317      16330.6      127.909       16330.626
       11081.403      16302.5      128.027       16302.498
       11082.489      16374.4      128.001       16374.424
       11083.575      16327.2      128.298       16327.151
       11084.661      16069.3      110.011       16069.266
       11085.747      15975.8      126.710       15975.797
       11086.833      15949.7      126.535       15949.734
       11087.919      16034.6      127.443       16034.636
       11089.005      16278.5      128.715       16278.492
       11090.090      16426.8      129.572       16426.774
       11091.176      16577.6      129.811       16577.640
       11092.262      16339.4      128.776       16339.396
       11093.348      16209.9      127.524       16209.862
       11094.434      16345.7      128.067       16345.713
       11095.520      16410.5      128.101       16410.530
       11096.606      16044.5      126.567       16044.474
       11097.692      16273.5      127.425       16273.532
       11098.778      16276.8      127.717       16276.761
       11099.864      16319.1      128.362       16319.136
       11100.950      16484.2      128.518       16484.158
       11102.036      16398.2      128.004       16398.207
       11103.122      16550.2      128.746       16550.242
       11104.208      15978.0      126.255       15978.020
       11105.294      14850.2      120.384       14850.157
       11106.380      15301.7      123.506       15301.741
       11107.466      15711.0      125.656       15711.043
       11108.552      15466.6      124.497       15466.558
       11109.638      15674.8      124.035       15674.781
       11110.724      15836.0      125.940       15835.976
       11111.810      14989.4      122.731       14989.413
       11112.896      15072.5      122.708       15072.511
       11113.982      14866.7      121.875       14866.661
       11115.068      14660.8      120.442       14660.783
       11116.154      15429.6      124.358       15429.561
       11117.240      15998.6      126.858       15998.574
       11118.326      16404.8      128.286       16404.791
       11119.412      16293.3      127.768       16293.261
       11120.498      16015.8      126.351       16015.764
       11121.584      15809.4      126.454       15809.389
       11122.670      15831.9      125.998       15831.919
       11123.756      15408.9      124.218       15408.920
       11124.842      15487.8      124.556       15487.792
       11125.928      15793.6      125.789       15793.622
       11127.014      15853.7      126.160       15853.719
       11128.100      15430.1      124.355       15430.117
       11129.186      14436.1      120.417       14436.067
       11130.271      13778.1      118.070       13778.058
       11131.357      13730.1      117.484       13730.054
       11132.443      13570.1      116.627       13570.052
       11133.529      14048.2      118.637       14048.199
       11134.615      14640.9      121.255       14640.880
       11135.701      14488.9      120.629       14488.880
       11136.787      13689.4      117.242       13689.394
       11137.873      13653.3      117.047       13653.303
       11138.959      13678.0      117.264       13677.972
       11140.045      14661.0      121.782       14661.033
       11141.131      15116.2      123.275       15116.216
       11142.217      15116.1      123.524       15116.136
       11143.303      15398.6      124.369       15398.618
       11144.389      15285.8      123.952       15285.784
       11145.475      15330.0      123.648       15329.959
       11146.561      14951.3      122.510       14951.346
       11147.647      14873.1      122.273       14873.067
       11148.733      14720.4      121.276       14720.439
       11149.819      13302.7      111.102       13302.676
       11150.905      10708.7      103.413       10708.746
       11151.991      11092.2      105.277       11092.241
       11153.077      12967.3      114.360       12967.316
       11154.163      13096.4      115.037       13096.435
       11155.249      13540.2      117.229       13540.217
       11156.335      14113.1      119.255       14113.067
       11157.421      13814.6      118.126       13814.599
       11158.507      13906.0      118.416       13905.992
       11159.593      14126.5      119.579       14126.521
       11160.679      13810.1      117.611       13810.131
       11161.765      12890.4      114.733       12890.397
       11162.851      11316.1      106.090       11316.135
       11163.937      10408.7      102.550       10408.725
       11165.023      8979.96      94.7476       8979.9633
       11166.109      9146.30      95.8392       9146.2975
       11167.195      9692.28      98.3324       9692.2839
       11168.281      10426.4      100.976       10426.428
       11169.367      12057.4      109.964       12057.449
       11170.452      12770.0      113.386       12770.020
       11171.538      11620.0      107.942       11619.987
       11172.624      10652.8      103.880       10652.780
       11173.710      10405.0      101.645       10404.985
       11174.796      10291.1      101.703       10291.117
       11175.882      11956.4      110.767       11956.378
       11176.968      13274.6      115.885       13274.591
       11178.054      13331.0      115.691       13331.021
       11179.140      13161.6      115.089       13161.609
       11180.226      12697.0      113.006       12697.011
       11181.312      12302.2      111.190       12302.158
       11182.398      10760.4      105.074       10760.392
       11183.484      9717.45      98.3285       9717.4521
       11184.570      11113.2      105.451       11113.236
       11185.656      12259.5      110.972       12259.519
       11186.742      12307.2      111.043       12307.186
       11187.828      10799.1      104.142       10799.133
       11188.914      8838.90      93.9289       8838.9004
       11190.000      9098.99      95.3189       9098.9914
       11191.086      9361.58      96.7652       9361.5828
       11192.172      8772.40      93.3231       8772.3959
       11193.258      8253.69      90.8256       8253.6867
       11194.344      8894.65      92.4353       8894.6511
       11195.430      10498.0      102.066       10497.995
       11196.516      11292.3      106.512       11292.328
       11197.602      11226.0      105.773       11226.008
       11198.688      9737.17      99.0691       9737.1683
       11199.774      8892.96      94.6192       8892.9646
       11200.860      9562.58      98.0518       9562.5758
       11201.946      8871.39      94.2942       8871.3927
       11203.032      6953.92      82.5912       6953.9177
       11204.118      7610.41      87.2274       7610.4110
       11205.204      9454.30      97.1544       9454.3025
       11206.290      10134.7      100.400       10134.700
       11207.376      10039.9      100.260       10039.864
       11208.462      10036.7      99.8252       10036.716
       11209.548      10142.4      100.011       10142.362
       11210.633      9900.47      100.309       9900.4707
       11211.719      8581.72      91.8491       8581.7201
       11212.805      6973.78      61.6336       6973.7826
       11213.891      7454.46      87.1580       7454.4571
       11214.977      8735.86      93.4814       8735.8574
       11216.063      8999.18      94.6905       8999.1807
       11217.149      8321.19      91.0965       8321.1878
       11218.235      6483.90      80.1830       6483.9031
       11219.321      5310.97      75.2633       5310.9659
       11220.407      6191.06      78.7806       6191.0641
       11221.493      6941.16      82.9029       6941.1560
       11222.579      5827.94      75.2355       5827.9450
       11223.665      4817.98      69.1881       4817.9799
       11224.751      5237.98      72.0259       5237.9839
       11225.837      5252.34      69.1674       5252.3356
       11226.923      4953.70      70.5585       4953.6987
       11228.009      5866.40      76.6385       5866.4031
       11229.095      7118.07      81.3337       7118.0708
       11230.181      7579.48      87.1496       7579.4800
       11231.267      7663.44      87.4376       7663.4368
       11232.353      7559.65      86.5879       7559.6520
       11233.439      7138.96      79.3231       7138.9620
       11234.525      5820.03      76.5827       5820.0337
       11235.611      4193.35      64.9925       4193.3541
       11236.697      3700.62      60.5135       3700.6177
       11237.783      4560.81      67.2863       4560.8066
       11238.869      5940.79      76.8929       5940.7897
       11239.955          NaN     0.851273             NaN
