       9750.0000         -NaN         -NaN             NaN
       9751.0860      8854.87      96.5484       8854.8699
       9752.1719      9028.67      97.5025       9028.6714
       9753.2579      9330.15      99.0416       9330.1471
       9754.3439      9393.91      99.2585       9393.9137
       9755.4299      9385.25      99.3091       9385.2516
       9756.5158      9407.90      99.4660       9407.8986
       9757.6018      9499.77      99.9361       9499.7701
       9758.6878      9499.82      99.8800       9499.8223
       9759.7738      9317.91      98.9992       9317.9049
       9760.8597      9701.68      101.031       9701.6754
       9761.9457      9960.24      102.127       9960.2387
       9763.0317      10001.4      102.496       10001.367
       9764.1176      9880.27      101.752       9880.2675
       9765.2036      9796.59      101.309       9796.5920
       9766.2896      9926.66      101.900       9926.6589
       9767.3756      10113.5      102.881       10113.477
       9768.4615      10100.6      102.796       10100.562
       9769.5475      10164.6      103.006       10164.590
       9770.6335      10709.7      105.793       10709.717
       9771.7195      10876.5      106.559       10876.512
       9772.8054      10863.2      106.427       10863.183
       9773.8914      10924.0      106.729       10924.007
       9774.9774      10824.5      106.280       10824.464
       9776.0633      10891.0      106.707       10890.957
       9777.1493      10873.8      106.591       10873.780
       9778.2353      10825.0      106.389       10825.024
       9779.3213      10958.8      107.017       10958.759
       9780.4072      10998.9      107.191       10998.928
       9781.4932      10964.6      107.001       10964.569
       9782.5792      10851.1      106.600       10851.075
       9783.6652      10692.2      105.831       10692.194
       9784.7511      10744.3      105.988       10744.310
       9785.8371      11112.8      107.796       11112.800
       9786.9231      11277.1      108.513       11277.128
       9788.0090      11308.3      108.571       11308.305
       9789.0950      11368.9      109.022       11368.894
       9790.1810      11495.2      109.688       11495.244
       9791.2670      11511.6      109.940       11511.579
       9792.3529      11447.3      109.748       11447.259
       9793.4389      11270.1      108.859       11270.075
       9794.5249      11040.6      107.807       11040.623
       9795.6109      11180.0      108.326       11179.975
       9796.6968      11471.9      109.507       11471.944
       9797.7828      11651.2      110.222       11651.220
       9798.8688      11917.1      111.401       11917.083
       9799.9548      11897.6      111.440       11897.569
       9801.0407      11656.3      110.373       11656.307
       9802.1267      11477.0      109.554       11476.972
       9803.2127      11402.9      109.155       11402.881
       9804.2986      11439.9      109.340       11439.945
       9805.3846      11506.8      109.592       11506.769
       9806.4706      11790.6      110.824       11790.644
       9807.5566      12155.8      112.425       12155.848
       9808.6425      12169.3      112.505       12169.347
       9809.7285      12239.9      112.796       12239.926
       9810.8145      12274.4      113.038       12274.404
       9811.9005      12237.5      112.881       12237.483
       9812.9864      12277.7      113.147       12277.711
       9814.0724      12290.6      113.195       12290.574
       9815.1584      12288.3      113.198       12288.281
       9816.2443      12175.7      112.627       12175.704
       9817.3303      12064.6      112.107       12064.594
       9818.4163      12190.8      112.669       12190.773
       9819.5023      12229.3      112.830       12229.347
       9820.5882      12318.6      113.213       12318.562
       9821.6742      12478.8      113.972       12478.842
       9822.7602      12561.3      114.302       12561.293
       9823.8462      12508.3      114.025       12508.303
       9824.9321      12446.4      113.814       12446.415
       9826.0181      12280.9      113.126       12280.945
       9827.1041      12090.3      112.249       12090.338
       9828.1900      12163.4      112.528       12163.356
       9829.2760      12452.4      113.821       12452.449
       9830.3620      12584.6      114.455       12584.564
       9831.4480      12560.0      114.292       12560.046
       9832.5339      12385.3      113.536       12385.259
       9833.6199      12380.7      113.554       12380.707
       9834.7059      12523.7      114.226       12523.694
       9835.7919      12494.3      113.923       12494.282
       9836.8778      12451.3      113.832       12451.345
       9837.9638      12680.2      114.771       12680.197
       9839.0498      12680.3      114.848       12680.270
       9840.1357      12569.9      114.264       12569.855
       9841.2217      12685.6      114.766       12685.551
       9842.3077      12630.7      114.479       12630.698
       9843.3937      12694.1      114.648       12694.148
       9844.4796      12613.0      114.439       12612.960
       9845.5656      12710.2      114.868       12710.235
       9846.6516      12713.5      114.884       12713.549
       9847.7376      12863.1      115.648       12863.089
       9848.8235      12919.6      115.997       12919.621
       9849.9095      12755.4      115.323       12755.412
       9850.9955      12794.7      115.530       12794.659
       9852.0814      12625.8      114.768       12625.758
       9853.1674      12377.9      113.572       12377.864
       9854.2534      12688.3      114.873       12688.311
       9855.3394      12950.5      116.088       12950.512
       9856.4253      13106.2      116.688       13106.169
       9857.5113      13078.8      116.501       13078.837
       9858.5973      13033.9      116.356       13033.922
       9859.6833      13117.2      116.684       13117.217
       9860.7692      13298.3      117.631       13298.343
       9861.8552      13316.9      117.600       13316.894
       9862.9412      13307.4      117.587       13307.417
       9864.0271      13345.1      117.757       13345.065
       9865.1131      12865.2      117.838       12865.243
       9866.1991      12345.5      116.813       12345.532
       9867.2851      13266.1      117.434       13266.088
       9868.3710      13335.9      117.728       13335.860
       9869.4570      13437.4      118.098       13437.399
       9870.5430      13412.5      118.078       13412.497
       9871.6290      13488.3      118.470       13488.265
       9872.7149      13409.6      118.430       13409.610
       9873.8009      13323.6      118.257       13323.595
       9874.8869      13388.0      118.374       13387.954
       9875.9729      13436.1      118.829       13436.100
       9877.0588      13460.0      118.838       13459.963
       9878.1448      13486.9      118.328       13486.885
       9879.2308      13616.3      118.845       13616.263
       9880.3167      13672.6      119.150       13672.635
       9881.4027      13523.6      118.431       13523.591
       9882.4887      13571.4      118.700       13571.394
       9883.5747      13683.6      119.083       13683.605
       9884.6606      13742.4      119.455       13742.380
       9885.7466      13781.9      119.515       13781.865
       9886.8326      13750.9      119.429       13750.888
       9887.9186      13771.2      119.620       13771.203
       9889.0045      13850.3      119.892       13850.318
       9890.0905      13822.7      119.882       13822.739
       9891.1765      13863.6      120.452       13863.615
       9892.2624      13759.0      119.585       13759.025
       9893.3484      13818.8      119.914       13818.757
       9894.4344      14008.7      120.730       14008.670
       9895.5204      13971.7      120.495       13971.661
       9896.6063      13859.4      119.972       13859.423
       9897.6923      14023.0      120.806       14022.980
       9898.7783      14020.6      120.827       14020.581
       9899.8643      13945.3      120.408       13945.324
       9900.9502      13994.6      120.498       13994.596
       9902.0362      13638.4      119.494       13638.432
       9903.1222      13838.7      120.904       13838.690
       9904.2081      14260.5      121.669       14260.547
       9905.2941      14362.9      121.990       14362.898
       9906.3801      14372.3      121.998       14372.266
       9907.4661      14469.5      122.407       14469.494
       9908.5520      14461.4      122.489       14461.394
       9909.6380      14436.8      122.349       14436.846
       9910.7240      14542.7      122.667       14542.691
       9911.8100      14580.6      122.888       14580.568
       9912.8959      14553.8      122.810       14553.771
       9913.9819      14614.5      123.183       14614.491
       9915.0679      14689.8      123.723       14689.838
       9916.1538      14755.8      124.130       14755.843
       9917.2398      14745.2      124.072       14745.204
       9918.3258      14809.0      124.309       14808.974
       9919.4118      14818.7      124.195       14818.733
       9920.4977      14950.6      124.555       14950.586
       9921.5837      14852.0      124.077       14851.968
       9922.6697      14989.8      124.645       14989.752
       9923.7557      14953.0      124.499       14953.042
       9924.8416      14887.8      124.208       14887.831
       9925.9276      15030.6      124.830       15030.632
       9927.0136      15083.1      125.008       15083.147
       9928.0995      15005.2      124.643       15005.187
       9929.1855      14779.6      123.625       14779.592
       9930.2715      14998.8      124.599       14998.807
       9931.3575      15206.0      125.563       15205.966
       9932.4434      15272.6      125.812       15272.561
       9933.5294      15194.2      125.421       15194.198
       9934.6154      15290.9      125.885       15290.915
       9935.7014      15292.8      125.899       15292.784
       9936.7873      15380.8      126.323       15380.761
       9937.8733      15506.4      126.680       15506.381
       9938.9593      15558.7      126.851       15558.680
       9940.0452      15396.0      126.244       15396.007
       9941.1312      15283.9      125.982       15283.892
       9942.2172      15300.3      126.086       15300.299
       9943.3032      15460.3      126.767       15460.312
       9944.3891      15325.0      126.318       15325.007
       9945.4751      15480.8      127.070       15480.802
       9946.5611      15595.0      127.621       15595.028
       9947.6471      15557.5      127.541       15557.495
       9948.7330      15553.4      127.481       15553.437
       9949.8190      15566.2      127.471       15566.211
       9950.9050      15498.7      127.113       15498.719
       9951.9910      15646.5      127.435       15646.504
       9953.0769      15722.8      127.597       15722.832
       9954.1629      15702.7      127.434       15702.671
       9955.2489      15747.0      127.625       15747.022
       9956.3348      15901.5      128.487       15901.490
       9957.4208      15772.2      128.186       15772.169
       9958.5068      15838.4      128.378       15838.382
       9959.5928      15973.0      128.890       15972.995
       9960.6787      15980.1      129.032       15980.085
       9961.7647      15739.3      128.124       15739.341
       9962.8507      15427.1      126.839       15427.147
       9963.9367      15426.8      126.727       15426.761
       9965.0226      15971.2      128.908       15971.155
       9966.1086      16186.6      129.677       16186.576
       9967.1946      16126.8      129.225       16126.848
       9968.2805      16145.4      129.302       16145.390
       9969.3665      16228.2      129.513       16228.185
       9970.4525      16330.1      129.921       16330.085
       9971.5385      16285.5      129.718       16285.488
       9972.6244      16390.8      130.226       16390.788
       9973.7104      16342.8      130.110       16342.769
       9974.7964      16385.1      130.237       16385.121
       9975.8824      16477.1      130.531       16477.108
       9976.9683      16634.8      131.192       16634.828
       9978.0543      16605.6      131.077       16605.642
       9979.1403      16462.7      130.494       16462.697
       9980.2262      16532.8      130.638       16532.781
       9981.3122      16544.9      130.725       16544.929
       9982.3982      16616.4      131.041       16616.402
       9983.4842      16663.5      131.222       16663.543
       9984.5701      16554.1      130.849       16554.101
       9985.6561      16607.5      130.989       16607.535
       9986.7421      16667.5      131.197       16667.499
       9987.8281      16599.4      130.938       16599.429
       9988.9140      16562.4      130.794       16562.365
       9990.0000      16532.2      130.643       16532.166
       9991.0860      16429.3      130.219       16429.296
       9992.1719      16544.5      130.720       16544.460
       9993.2579      16688.2      131.268       16688.166
       9994.3439      16619.9      130.940       16619.906
       9995.4299      16787.7      131.640       16787.669
       9996.5158      16734.2      131.422       16734.247
       9997.6018      16882.7      131.977       16882.718
       9998.6878      16734.8      131.447       16734.762
       9999.7738      16524.4      130.625       16524.407
       10000.860      16560.8      130.843       16560.796
       10001.946      16667.8      131.296       16667.801
       10003.032      16632.4      131.054       16632.398
       10004.118      16750.8      131.515       16750.790
       10005.204      16712.7      131.324       16712.734
       10006.290      16806.2      131.753       16806.174
       10007.376      16755.4      131.507       16755.380
       10008.462      16721.2      131.450       16721.181
       10009.548      16700.9      131.372       16700.909
       10010.633      16687.0      131.188       16686.965
       10011.719      16707.5      131.356       16707.545
       10012.805      16601.8      131.235       16601.843
       10013.891      16566.1      131.607       16566.142
       10014.977      16588.3      131.836       16588.296
       10016.063      16595.3      131.811       16595.284
       10017.149      16589.7      131.749       16589.748
       10018.235      16634.5      131.513       16634.468
       10019.321      16474.7      130.572       16474.679
       10020.407      16555.2      130.836       16555.168
       10021.493      16605.3      131.065       16605.336
       10022.579      16548.6      130.821       16548.642
       10023.665      16461.4      130.457       16461.412
       10024.751      16352.9      130.010       16352.907
       10025.837      16363.5      130.213       16363.471
       10026.923      16422.8      130.586       16422.815
       10028.009      16433.8      130.651       16433.762
       10029.095      16242.8      129.853       16242.833
       10030.181      16161.5      129.442       16161.463
       10031.267      16013.8      128.788       16013.818
       10032.353      15908.2      128.206       15908.168
       10033.439      15813.8      127.883       15813.799
       10034.525      15771.9      127.791       15771.921
       10035.611      15556.7      126.975       15556.659
       10036.697      15401.5      126.334       15401.533
       10037.783      15328.4      125.935       15328.400
       10038.869      15051.4      124.806       15051.446
       10039.955      14893.7      124.220       14893.718
       10041.041      14714.7      123.533       14714.685
       10042.127      14423.7      122.347       14423.708
       10043.213      14248.8      121.638       14248.756
       10044.299      13864.7      119.991       13864.743
       10045.385      13386.0      118.157       13386.039
       10046.471      13201.8      117.340       13201.798
       10047.557      12681.6      115.020       12681.556
       10048.643      12137.5      112.614       12137.476
       10049.729      11561.4      109.756       11561.405
       10050.814      10623.5      105.219       10623.451
       10051.900      10060.7      102.622       10060.685
       10052.986      10456.2      104.555       10456.232
       10054.072      11168.7      107.976       11168.726
       10055.158      11937.5      111.387       11937.471
       10056.244      12537.9      114.014       12537.928
       10057.330      13015.5      116.179       13015.491
       10058.416      13486.5      118.344       13486.522
       10059.502      13843.7      119.693       13843.703
       10060.588      14207.7      121.480       14207.661
       10061.674      14582.6      123.056       14582.587
       10062.760      14826.8      124.100       14826.782
       10063.846      15010.4      124.866       15010.398
       10064.932      15221.9      125.624       15221.869
       10066.018      15500.0      126.615       15499.952
       10067.104      15716.1      127.463       15716.076
       10068.190      15856.3      128.005       15856.295
       10069.276      16054.7      128.782       16054.688
       10070.362      16305.6      129.778       16305.615
       10071.448      16444.7      130.358       16444.704
       10072.534      16619.9      131.074       16619.901
       10073.620      16663.9      131.228       16663.924
       10074.706      16728.0      131.465       16727.969
       10075.792      16902.3      132.139       16902.348
       10076.878      16909.5      132.130       16909.547
       10077.964      16985.1      132.396       16985.062
       10079.050      17152.2      133.090       17152.218
       10080.136      17270.8      133.523       17270.816
       10081.222      17333.5      133.758       17333.472
       10082.308      17442.9      134.500       17442.946
       10083.394      17331.2      134.281       17331.206
       10084.480      17307.6      134.165       17307.617
       10085.566      17473.1      134.882       17473.054
       10086.652      17600.2      135.315       17600.201
       10087.738      17654.1      135.274       17654.079
       10088.824      17793.7      135.408       17793.704
       10089.910      17826.6      135.529       17826.643
       10090.995      17880.0      135.878       17880.008
       10092.081      17893.3      135.914       17893.307
       10093.167      17829.0      135.577       17829.000
       10094.253      17863.2      135.660       17863.177
       10095.339      17680.5      134.973       17680.481
       10096.425      17751.4      135.210       17751.356
       10097.511      18293.0      137.195       18292.979
       10098.597      18443.9      137.841       18443.855
       10099.683      18483.6      138.043       18483.624
       10100.769      18357.8      137.537       18357.847
       10101.855      18521.4      138.125       18521.449
       10102.941      18668.5      138.727       18668.477
       10104.027      18648.7      138.852       18648.731
       10105.113      18594.5      138.709       18594.490
       10106.199      18521.6      138.422       18521.637
       10107.285      18609.2      138.671       18609.163
       10108.371      18592.6      138.512       18592.632
       10109.457      18439.0      137.849       18438.982
       10110.543      18564.3      138.281       18564.344
       10111.629      18723.3      138.923       18723.293
       10112.715      18673.8      138.697       18673.773
       10113.801      18716.0      138.797       18716.026
       10114.887      18695.9      138.797       18695.909
       10115.973      18645.7      138.582       18645.704
       10117.059      18687.8      138.747       18687.823
       10118.145      18737.8      138.913       18737.778
       10119.231      18826.1      139.151       18826.149
       10120.317      18897.8      139.401       18897.807
       10121.403      18976.5      139.726       18976.525
       10122.489      19113.3      140.321       19113.272
       10123.575      19150.3      140.715       19150.267
       10124.661      19078.4      140.831       19078.412
       10125.747      18984.4      140.650       18984.430
       10126.833      19003.5      140.653       19003.497
       10127.919      19051.9      140.839       19051.939
       10129.005      19096.5      140.652       19096.489
       10130.090      19200.7      140.669       19200.655
       10131.176      19115.5      140.328       19115.538
       10132.262      19172.9      140.477       19172.905
       10133.348      19165.7      140.449       19165.710
       10134.434      18999.7      139.774       18999.700
       10135.520      19114.7      140.238       19114.671
       10136.606      19252.9      140.798       19252.914
       10137.692      19245.0      140.737       19244.979
       10138.778      19234.7      140.702       19234.720
       10139.864      19221.6      140.710       19221.620
       10140.950      19228.5      140.766       19228.520
       10142.036      19278.2      140.907       19278.214
       10143.122      19160.2      140.491       19160.171
       10144.208      19138.6      140.467       19138.593
       10145.294      19279.4      140.959       19279.380
       10146.380      19261.9      140.794       19261.871
       10147.466      19362.0      141.193       19362.035
       10148.552      19365.3      141.225       19365.346
       10149.638      19407.6      141.437       19407.601
       10150.724      19571.8      141.925       19571.797
       10151.810      19638.0      142.162       19638.037
       10152.896      19466.4      141.678       19466.382
       10153.982      19393.1      141.599       19393.051
       10155.068      19523.0      142.057       19522.955
       10156.154      19570.8      142.330       19570.805
       10157.240      19593.0      142.327       19592.964
       10158.326      19562.8      142.058       19562.766
       10159.412      19617.2      142.141       19617.190
       10160.498      19591.7      142.053       19591.715
       10161.584      19439.1      141.526       19439.107
       10162.670      19610.9      142.219       19610.893
       10163.756      19758.8      142.671       19758.798
       10164.842      19705.2      142.523       19705.172
       10165.928      19699.6      142.437       19699.624
       10167.014      19764.2      142.705       19764.214
       10168.100      19643.6      142.234       19643.610
       10169.186      19725.6      142.585       19725.583
       10170.271      19705.1      142.455       19705.061
       10171.357      19747.6      142.822       19747.598
       10172.443      19743.6      143.258       19743.628
       10173.529      19810.6      143.737       19810.579
       10174.615      19807.2      143.594       19807.249
       10175.701      19831.6      143.747       19831.603
       10176.787      19710.0      143.157       19709.996
       10177.873      19845.6      143.131       19845.596
       10178.959      19984.9      143.313       19984.895
       10180.045      19908.5      143.138       19908.505
       10181.131      19906.8      143.144       19906.764
       10182.217      19999.4      143.592       19999.432
       10183.303      19905.0      143.251       19905.019
       10184.389      19928.7      143.269       19928.674
       10185.475      19874.7      143.143       19874.708
       10186.561      19818.5      142.876       19818.456
       10187.647      19924.8      143.199       19924.785
       10188.733      20105.9      143.851       20105.948
       10189.819      19990.9      143.580       19990.878
       10190.905      19936.7      143.641       19936.719
       10191.991      19954.9      143.784       19954.881
       10193.077      19864.7      143.486       19864.685
       10194.163      19993.9      143.924       19993.880
       10195.249      19892.5      143.279       19892.484
       10196.335      19912.7      143.110       19912.661
       10197.421      19945.1      143.222       19945.093
       10198.507      19822.5      142.814       19822.458
       10199.593      19976.7      143.273       19976.722
       10200.679      20023.8      143.478       20023.837
       10201.765      20040.9      143.583       20040.851
       10202.851      19932.5      143.212       19932.482
       10203.937      20008.7      143.641       20008.684
       10205.023      20031.8      143.677       20031.822
       10206.109      20001.8      143.626       20001.847
       10207.195      20052.2      143.735       20052.217
       10208.281      20017.1      143.656       20017.067
       10209.367      19978.3      143.420       19978.345
       10210.452      19997.4      143.729       19997.422
       10211.538      19968.6      143.931       19968.620
       10212.624      19997.5      144.267       19997.507
       10213.710      20017.6      144.234       20017.623
       10214.796      19914.2      143.745       19914.202
       10215.882      19804.6      143.172       19804.580
       10216.968      19912.2      143.223       19912.171
       10218.054      19921.5      143.104       19921.470
       10219.140      20071.4      143.700       20071.415
       10220.226      19746.4      142.552       19746.379
       10221.312      19817.8      142.714       19817.826
       10222.398      20044.5      143.483       20044.452
       10223.484      20123.4      143.805       20123.449
       10224.570      20146.3      143.881       20146.311
       10225.656      20070.6      143.821       20070.578
       10226.742      20057.3      143.971       20057.294
       10227.828      19907.6      143.599       19907.594
       10228.914      20009.0      143.846       20008.973
       10230.000      20091.2      144.090       20091.214
       10231.086      19964.2      143.648       19964.196
       10232.172      20088.4      144.048       20088.366
       10233.258      20071.4      144.024       20071.392
       10234.344      20142.0      144.326       20141.983
       10235.430      20009.0      143.699       20008.960
       10236.516      19924.3      143.151       19924.348
       10237.602      19897.0      143.036       19897.004
       10238.688      19771.5      142.728       19771.492
       10239.774      19649.4      142.211       19649.361
       10240.860      19962.4      143.299       19962.373
       10241.946      20019.6      143.467       20019.597
       10243.032      20093.4      143.812       20093.388
       10244.118      19875.4      142.970       19875.447
       10245.204      20093.2      143.796       20093.200
       10246.290      19707.8      142.311       19707.822
       10247.376      19320.5      140.939       19320.525
       10248.462      19662.0      142.285       19661.952
       10249.548      19955.7      143.346       19955.680
       10250.633      19847.2      142.922       19847.248
       10251.719      19418.1      141.409       19418.146
       10252.805      19470.5      141.768       19470.501
       10253.891      19970.0      143.259       19970.045
       10254.977      19825.4      142.754       19825.392
       10256.063      19764.1      142.599       19764.114
       10257.149      19835.4      142.847       19835.424
       10258.235      19799.6      142.682       19799.622
       10259.321      19632.3      142.630       19632.269
       10260.407      19685.5      143.003       19685.456
       10261.493      19702.3      142.407       19702.269
       10262.579      19878.5      142.881       19878.544
       10263.665      19895.7      142.875       19895.665
       10264.751      19792.7      142.643       19792.723
       10265.837      19868.5      143.072       19868.514
       10266.923      19671.4      142.385       19671.405
       10268.009      19920.1      143.120       19920.138
       10269.095      19661.1      142.224       19661.118
       10270.181      19422.9      141.342       19422.891
       10271.267      19720.1      142.610       19720.071
       10272.353      19664.8      142.443       19664.756
       10273.439      19755.6      142.743       19755.623
       10274.525      19732.8      142.646       19732.758
       10275.611      19734.9      142.614       19734.945
       10276.697      19486.2      141.734       19486.160
       10277.783      19592.2      142.110       19592.168
       10278.869      19722.8      142.421       19722.850
       10279.955      19701.5      142.328       19701.466
       10281.041      19598.8      141.934       19598.804
       10282.127      19479.0      141.644       19478.972
       10283.213      19681.4      142.346       19681.441
       10284.299      19762.7      142.624       19762.657
       10285.385      19587.0      142.184       19587.042
       10286.471      19665.5      143.245       19665.523
       10287.557      19741.6      144.383       19741.632
       10288.643      19523.9      143.625       19523.916
       10289.729      19489.8      143.444       19489.766
       10290.814      19375.6      143.140       19375.642
       10291.900      19558.3      142.683       19558.302
       10292.986      19562.4      142.042       19562.423
       10294.072      19530.9      141.795       19530.865
       10295.158      19504.6      141.919       19504.584
       10296.244      19413.6      141.914       19413.609
       10297.330      19496.6      142.338       19496.593
       10298.416      19441.2      142.022       19441.160
       10299.502      19415.0      141.938       19415.029
       10300.588      19424.2      141.834       19424.186
       10301.674      19494.3      141.768       19494.265
       10302.760      19465.8      141.571       19465.844
       10303.846      19550.0      141.819       19550.035
       10304.932      19504.1      141.708       19504.091
       10306.018      19490.7      141.734       19490.720
       10307.104      19395.5      141.307       19395.537
       10308.190      19462.1      141.689       19462.111
       10309.276      19408.7      141.512       19408.661
       10310.362      19674.9      142.477       19674.861
       10311.448      19465.0      141.709       19465.033
       10312.534      19605.6      142.259       19605.559
       10313.620      19387.3      141.507       19387.281
       10314.706      19523.5      141.909       19523.464
       10315.792      19499.5      141.685       19499.472
       10316.878      19487.5      141.578       19487.477
       10317.964      19472.0      141.593       19472.050
       10319.050      19539.1      141.916       19539.073
       10320.136      19452.1      141.567       19452.078
       10321.222      19545.7      141.883       19545.742
       10322.308      19430.3      141.379       19430.318
       10323.394      19500.3      141.648       19500.269
       10324.480      19475.9      141.537       19475.899
       10325.566      19345.2      141.241       19345.192
       10326.652      19418.0      141.450       19417.989
       10327.738      19475.2      141.654       19475.227
       10328.824      19422.3      141.522       19422.274
       10329.910      19250.9      140.827       19250.899
       10330.995      19243.3      140.794       19243.320
       10332.081      19460.6      141.543       19460.560
       10333.167      19536.3      141.777       19536.318
       10334.253      19443.2      141.482       19443.228
       10335.339      19466.0      141.481       19465.978
       10336.425      19610.5      142.001       19610.516
       10337.511      19442.7      141.381       19442.736
       10338.597      19490.8      141.716       19490.762
       10339.683      19309.2      140.997       19309.217
       10340.769      19534.2      141.923       19534.195
       10341.855      19420.5      141.491       19420.467
       10342.941      19434.8      141.437       19434.801
       10344.027      19437.5      141.521       19437.466
       10345.113      19514.8      141.681       19514.826
       10346.199      19580.9      141.881       19580.947
       10347.285      19611.5      142.087       19611.517
       10348.371      19581.9      142.413       19581.929
       10349.457      19659.3      142.557       19659.268
       10350.543      19603.8      142.464       19603.763
       10351.629      19748.7      142.827       19748.732
       10352.715      19406.2      141.451       19406.237
       10353.801      19555.1      141.862       19555.120
       10354.887      19660.5      142.351       19660.517
       10355.973      19662.1      142.349       19662.119
       10357.059      19608.0      142.183       19607.950
       10358.145      19539.2      141.902       19539.192
       10359.231      19597.9      141.913       19597.909
       10360.317      19689.0      142.268       19688.994
       10361.403      19613.2      141.996       19613.201
       10362.489      19659.4      142.067       19659.409
       10363.575      19535.3      141.679       19535.296
       10364.661      19498.5      141.633       19498.544
       10365.747      19820.8      142.730       19820.838
       10366.833      19738.2      142.464       19738.178
       10367.919      19821.9      142.896       19821.881
       10369.005      19864.9      142.972       19864.896
       10370.090      19775.7      142.721       19775.742
       10371.176      19831.6      142.900       19831.606
       10372.262      19850.0      143.217       19850.010
       10373.348      19905.6      144.237       19905.634
       10374.434      19983.9      144.728       19983.926
       10375.520      19868.0      144.255       19867.961
       10376.606      20006.3      144.894       20006.269
       10377.692      19995.5      144.386       19995.501
       10378.778      19984.9      143.591       19984.873
       10379.864      19920.6      143.233       19920.647
       10380.950      20080.6      143.712       20080.552
       10382.036      19989.1      143.283       19989.098
       10383.122      20008.3      143.454       20008.276
       10384.208      20094.7      143.706       20094.735
       10385.294      20148.5      144.127       20148.546
       10386.380      20081.8      143.882       20081.752
       10387.466      20087.4      143.803       20087.353
       10388.552      20084.3      143.691       20084.325
       10389.638      20058.3      143.685       20058.274
       10390.724      20038.5      143.658       20038.539
       10391.810      20179.6      144.182       20179.550
       10392.896      20153.9      143.980       20153.885
       10393.982      20126.9      143.886       20126.892
       10395.068      20070.5      143.756       20070.504
       10396.154      20048.0      143.941       20047.955
       10397.240      20070.2      144.259       20070.218
       10398.326      20337.5      145.176       20337.467
       10399.412      20405.5      145.443       20405.517
       10400.498      20235.1      144.828       20235.103
       10401.584      20297.0      144.825       20296.963
       10402.670      20241.2      144.277       20241.153
       10403.756      20279.3      144.397       20279.274
       10404.842      20391.4      144.851       20391.392
       10405.928      20399.7      144.865       20399.676
       10407.014      20303.2      144.526       20303.243
       10408.100      20225.5      144.252       20225.451
       10409.186      20291.7      144.479       20291.694
       10410.271      20296.7      144.526       20296.690
       10411.357      20189.5      144.131       20189.508
       10412.443      19905.5      143.447       19905.475
       10413.529      19873.5      143.538       19873.454
       10414.615      20071.2      144.488       20071.200
       10415.701      19994.8      143.980       19994.801
       10416.787      20224.1      144.309       20224.132
       10417.873      20463.3      145.575       20463.300
       10418.959      20407.1      146.120       20407.080
       10420.045      20570.1      146.907       20570.081
       10421.131      20584.9      146.960       20584.902
       10422.217      20497.5      146.722       20497.460
       10423.303      20442.3      145.933       20442.340
       10424.389      20365.0      144.900       20365.024
       10425.475      20394.2      144.766       20394.168
       10426.561      20442.1      144.948       20442.122
       10427.647      20299.6      144.428       20299.573
       10428.733      20337.6      144.705       20337.577
       10429.819      19822.3      142.961       19822.255
       10430.905      20003.1      143.388       20003.086
       10431.991      20444.3      144.969       20444.287
       10433.077      20422.9      144.909       20422.887
       10434.163      20388.7      144.721       20388.719
       10435.249      20371.7      144.590       20371.651
       10436.335      20280.4      144.259       20280.351
       10437.421      20412.1      144.780       20412.106
       10438.507      20617.2      145.439       20617.181
       10439.593      20703.1      145.699       20703.054
       10440.679      20569.5      145.348       20569.465
       10441.765      20678.0      145.758       20677.986
       10442.851      20593.4      145.559       20593.370
       10443.937      20605.1      145.644       20605.085
       10445.023      20698.1      145.859       20698.116
       10446.109      20530.0      145.219       20530.020
       10447.195      20418.5      144.831       20418.474
       10448.281      20435.1      144.936       20435.121
       10449.367      20567.3      145.396       20567.338
       10450.452      20555.0      145.648       20555.049
       10451.538      20591.4      145.926       20591.449
       10452.624      20666.6      146.174       20666.626
       10453.710      20450.3      145.381       20450.287
       10454.796      20558.4      145.663       20558.410
       10455.882      20347.5      144.707       20347.492
       10456.968      20098.2      143.721       20098.172
       10458.054      19965.7      143.214       19965.669
       10459.140      20168.4      143.948       20168.356
       10460.226      20069.6      143.533       20069.621
       10461.312      19869.1      142.915       19869.138
       10462.398      20007.8      143.361       20007.819
       10463.484      20291.5      144.487       20291.527
       10464.570      20442.3      144.996       20442.320
       10465.656      20415.9      144.897       20415.909
       10466.742      20251.3      144.343       20251.342
       10467.828      20339.5      144.755       20339.499
       10468.914      20430.9      145.635       20430.883
       10470.000      20095.0      144.875       20095.028
       10471.086      20145.5      145.031       20145.453
       10472.172      20353.4      145.800       20353.408
       10473.258      20489.6      146.161       20489.570
       10474.344      20417.5      145.240       20417.501
       10475.430      20198.5      144.129       20198.507
       10476.516      20458.6      145.108       20458.629
       10477.602      20433.2      144.871       20433.238
       10478.688      20237.0      144.304       20236.983
       10479.774      20182.6      144.117       20182.550
       10480.860      20155.4      143.922       20155.381
       10481.946      20278.4      144.311       20278.380
       10483.032      20194.6      144.069       20194.553
       10484.118      20228.8      144.235       20228.777
       10485.204      20220.8      144.256       20220.828
       10486.290      20179.9      144.030       20179.916
       10487.376      20303.3      144.509       20303.316
       10488.462      20260.9      144.352       20260.914
       10489.548      20266.8      144.388       20266.830
       10490.633      20292.8      144.453       20292.775
       10491.719      20190.0      144.124       20190.014
       10492.805      20123.9      143.820       20123.946
       10493.891      20085.6      143.703       20085.554
       10494.977      20114.1      143.844       20114.107
       10496.063      20151.3      144.026       20151.294
       10497.149      20181.2      144.024       20181.242
       10498.235      20148.8      144.001       20148.838
       10499.321      20061.6      143.626       20061.561
       10500.407      19880.3      143.014       19880.277
       10501.493      19920.4      143.058       19920.377
       10502.579      19940.8      143.130       19940.847
       10503.665      20025.2      143.520       20025.197
       10504.751      19984.4      143.325       19984.374
       10505.837      19864.2      142.906       19864.182
       10506.923      19866.4      142.989       19866.401
       10508.009      19981.8      143.370       19981.810
       10509.095      20007.5      143.648       20007.509
       10510.181      20046.4      143.778       20046.432
       10511.267      19935.9      143.497       19935.878
       10512.353      20133.0      144.197       20133.039
       10513.439      19686.4      142.488       19686.414
       10514.525      19852.3      142.915       19852.271
       10515.611      20036.3      143.577       20036.311
       10516.697      19902.8      143.075       19902.829
       10517.783      19712.4      142.383       19712.358
       10518.869      19830.8      142.867       19830.817
       10519.955      19896.5      143.022       19896.479
       10521.041      19758.8      142.521       19758.753
       10522.127      19821.5      142.918       19821.506
       10523.213      19513.7      141.734       19513.743
       10524.299      19526.6      141.897       19526.623
       10525.385      19629.6      142.437       19629.578
       10526.471      19889.5      143.527       19889.457
       10527.557      19811.3      143.240       19811.306
       10528.643      19778.2      143.106       19778.249
       10529.729      19843.7      142.957       19843.708
       10530.814      19754.4      142.411       19754.426
       10531.900      19834.0      142.777       19833.988
       10532.986      19691.8      142.264       19691.806
       10534.072      19684.1      142.215       19684.091
       10535.158      19609.8      142.070       19609.776
       10536.244      19489.4      141.478       19489.448
       10537.330      19731.2      142.413       19731.229
       10538.416      19793.2      142.488       19793.180
       10539.502      19837.4      142.751       19837.449
       10540.588      19840.6      142.718       19840.633
       10541.674      19701.9      142.351       19701.936
       10542.760      19617.6      141.995       19617.629
       10543.846      19634.5      142.066       19634.455
       10544.932      19584.2      141.958       19584.152
       10546.018      19773.9      142.642       19773.907
       10547.104      19790.4      142.710       19790.414
       10548.190      19685.6      142.224       19685.574
       10549.276      19877.6      142.894       19877.640
       10550.362      19966.5      143.320       19966.521
       10551.448      19814.8      142.750       19814.794
       10552.534      19776.7      142.712       19776.692
       10553.620      19983.6      143.398       19983.562
       10554.706      19699.6      142.409       19699.585
       10555.792      19736.4      142.451       19736.401
       10556.878      19661.5      142.182       19661.465
       10557.964      19878.9      142.965       19878.874
       10559.050      19992.6      143.357       19992.567
       10560.136      19922.2      143.006       19922.248
       10561.222      19749.6      142.472       19749.644
       10562.308      19962.9      143.150       19962.904
       10563.394      19931.6      143.023       19931.569
       10564.480      19823.7      142.672       19823.667
       10565.566      19715.5      142.374       19715.461
       10566.652      19870.8      142.905       19870.799
       10567.738      20044.2      143.471       20044.204
       10568.824      19825.7      142.749       19825.659
       10569.910      20049.8      143.634       20049.805
       10570.995      19722.5      142.354       19722.510
       10572.081      19987.6      143.351       19987.608
       10573.167      19899.3      143.008       19899.294
       10574.253      20024.7      143.665       20024.747
       10575.339      19657.3      142.337       19657.324
       10576.425      19521.3      141.765       19521.286
       10577.511      20045.2      143.573       20045.192
       10578.597      19998.3      143.318       19998.257
       10579.683      20142.9      143.850       20142.893
       10580.769      20022.9      143.435       20022.921
       10581.855      20083.8      143.703       20083.791
       10582.941      19783.9      142.594       19783.894
       10584.027      19938.1      143.167       19938.058
       10585.113      19975.2      143.416       19975.152
       10586.199      19974.5      143.410       19974.534
       10587.285      19704.7      142.533       19704.660
       10588.371      19827.0      142.919       19827.011
       10589.457      20043.0      143.802       20043.005
       10590.543      19965.0      143.455       19964.997
       10591.629      20087.8      143.669       20087.821
       10592.715      20114.7      143.724       20114.669
       10593.801      20026.4      143.475       20026.361
       10594.887      19990.8      143.367       19990.828
       10595.973      20051.8      143.497       20051.753
       10597.059      20096.8      143.767       20096.824
       10598.145      20184.5      144.141       20184.524
       10599.231      20048.8      143.643       20048.836
       10600.317      20199.3      144.081       20199.304
       10601.403      20224.1      144.176       20224.146
       10602.489      20196.2      144.075       20196.222
       10603.575      20249.3      144.239       20249.292
       10604.661      20032.1      143.475       20032.093
       10605.747      20010.6      143.424       20010.645
       10606.833      20154.3      144.004       20154.318
       10607.919      20088.7      143.696       20088.697
       10609.005      20128.2      143.856       20128.233
       10610.090      20014.2      143.419       20014.166
       10611.176      19720.4      142.516       19720.436
       10612.262      19940.3      143.282       19940.295
       10613.348      20031.7      143.527       20031.714
       10614.434      20089.9      143.631       20089.896
       10615.520      20161.9      143.994       20161.865
       10616.606      20147.3      143.885       20147.277
       10617.692      20082.5      143.722       20082.473
       10618.778      19873.3      143.176       19873.279
       10619.864      19916.1      143.307       19916.129
       10620.950      20152.0      143.925       20151.969
       10622.036      20131.2      143.873       20131.209
       10623.122      19981.4      143.220       19981.385
       10624.208      20096.4      143.653       20096.386
       10625.294      19916.1      143.101       19916.056
       10626.380      19370.0      141.312       19369.964
       10627.466      19128.4      141.202       19128.354
       10628.552      19883.1      143.031       19883.107
       10629.638      20102.4      143.845       20102.354
       10630.724      19982.7      143.383       19982.716
       10631.810      19877.1      142.915       19877.080
       10632.896      19797.5      142.593       19797.521
       10633.982      20106.2      143.696       20106.216
       10635.068      19792.0      142.693       19791.969
       10636.154      19639.5      142.137       19639.510
       10637.240      19693.9      142.325       19693.885
       10638.326      19833.6      142.799       19833.606
       10639.412      19829.0      142.755       19828.983
       10640.498      19786.0      142.753       19785.998
       10641.584      19785.8      142.727       19785.834
       10642.670      19913.7      143.100       19913.653
       10643.756      19783.3      142.540       19783.287
       10644.842      19855.0      142.871       19855.013
       10645.928      19752.9      142.560       19752.906
       10647.014      19828.1      142.762       19828.106
       10648.100      19726.9      142.450       19726.865
       10649.186      19644.0      142.161       19643.958
       10650.271      19438.0      141.520       19437.957
       10651.357      19358.7      141.191       19358.662
       10652.443      19462.0      141.531       19461.992
       10653.529      19857.7      143.031       19857.658
       10654.615      19792.5      142.741       19792.454
       10655.701      19428.7      141.462       19428.705
       10656.787      19374.4      141.207       19374.395
       10657.873      19476.5      141.567       19476.454
       10658.959      19546.1      141.769       19546.146
       10660.045      19533.0      141.754       19532.995
       10661.131      19506.8      141.660       19506.829
       10662.217      19514.7      141.708       19514.692
       10663.303      19347.0      141.022       19346.990
       10664.389      19256.1      140.852       19256.058
       10665.475      19236.0      140.693       19236.019
       10666.561      19178.2      140.508       19178.233
       10667.647      19236.3      140.638       19236.331
       10668.733      19211.1      140.560       19211.058
       10669.819      19196.5      140.577       19196.456
       10670.905      19116.9      140.269       19116.887
       10671.991      19172.2      140.428       19172.151
       10673.077      19005.6      139.864       19005.633
       10674.163      18784.0      139.087       18784.004
       10675.249      18781.6      139.017       18781.638
       10676.335      18830.3      139.139       18830.335
       10677.421      18937.3      139.641       18937.322
       10678.507      18937.8      139.547       18937.757
       10679.593      18855.5      139.228       18855.496
       10680.679      18900.7      139.428       18900.705
       10681.765      18773.3      139.047       18773.332
       10682.851      18493.5      137.922       18493.511
       10683.937      18422.6      137.852       18422.578
       10685.023      18137.4      136.956       18137.396
       10686.109      17982.2      136.320       17982.195
       10687.195      17898.5      135.922       17898.460
       10688.281      18129.5      136.797       18129.466
       10689.367      18348.4      137.657       18348.413
       10690.452      18513.2      138.249       18513.201
       10691.538      18155.8      136.838       18155.778
       10692.624      17685.9      135.192       17685.860
       10693.710      17590.3      134.734       17590.298
       10694.796      17895.4      135.888       17895.407
       10695.882      18434.7      137.800       18434.656
       10696.968      18569.5      138.370       18569.459
       10698.054      18565.9      138.482       18565.875
       10699.140      18613.5      138.745       18613.491
       10700.226      18420.2      138.000       18420.229
       10701.312      18357.5      137.707       18357.519
       10702.398      18514.1      138.167       18514.086
       10703.484      18530.2      138.231       18530.240
       10704.570      18520.2      138.222       18520.150
       10705.656      18404.2      137.746       18404.213
       10706.742      18411.1      137.759       18411.085
       10707.828      18309.8      137.365       18309.837
       10708.914      17924.7      135.922       17924.723
       10710.000      17588.5      134.852       17588.500
       10711.086      17904.1      136.170       17904.127
       10712.172      18291.5      137.667       18291.493
       10713.258      18260.2      137.598       18260.226
       10714.344      18144.1      137.289       18144.067
       10715.430      18201.5      137.314       18201.533
       10716.516      18277.8      137.445       18277.825
       10717.602      18174.5      136.910       18174.459
       10718.688      18119.5      136.611       18119.514
       10719.774      17990.2      136.238       17990.163
       10720.860      18035.6      136.569       18035.593
       10721.946      18048.4      136.662       18048.441
       10723.032      18024.7      136.550       18024.714
       10724.118      18006.1      136.388       18006.094
       10725.204      18019.3      136.496       18019.336
       10726.290      17882.6      135.808       17882.565
       10727.376      17929.7      135.950       17929.747
       10728.462      17930.3      136.416       17930.252
       10729.548      17897.5      136.575       17897.483
       10730.633      17659.4      135.720       17659.434
       10731.719      17531.8      135.441       17531.845
       10732.805      17665.8      135.868       17665.788
       10733.891      17672.9      135.366       17672.910
       10734.977      16822.4      131.796       16822.410
       10736.063      16267.7      129.661       16267.742
       10737.149      17157.9      133.124       17157.895
       10738.235      17641.3      134.901       17641.272
       10739.321      17614.0      134.635       17614.041
       10740.407      17383.8      133.824       17383.759
       10741.493      17046.6      132.526       17046.593
       10742.579      17374.3      133.926       17374.310
       10743.665      17602.4      134.887       17602.362
       10744.751      17598.4      135.046       17598.352
       10745.837      17423.5      134.360       17423.521
       10746.923      17198.3      133.564       17198.304
       10748.009      17236.5      133.590       17236.480
       10749.095      17422.4      134.118       17422.448
       10750.181      17490.7      134.563       17490.702
       10751.267      17392.9      134.717       17392.938
       10752.353      17447.8      135.131       17447.758
       10753.439      17569.0      135.632       17568.998
       10754.525      17609.6      135.766       17609.550
       10755.611      17544.6      135.266       17544.624
       10756.697      17335.8      133.866       17335.787
       10757.783      17373.6      133.801       17373.564
       10758.869      17383.9      133.823       17383.947
       10759.955      17502.8      134.335       17502.785
       10761.041      17564.7      134.553       17564.674
       10762.127      17459.6      134.195       17459.626
       10763.213      17377.7      133.813       17377.678
       10764.299      17556.8      134.560       17556.775
       10765.385      17654.2      134.910       17654.177
       10766.471      17575.8      134.590       17575.822
       10767.557      17586.5      134.545       17586.485
       10768.643      17634.3      134.811       17634.270
       10769.729      17674.8      134.912       17674.758
       10770.814      17617.2      134.824       17617.153
       10771.900      17541.7      134.688       17541.711
       10772.986      17379.5      134.323       17379.494
       10774.072      17227.4      133.852       17227.380
       10775.158      17388.4      134.394       17388.443
       10776.244      17457.5      134.590       17457.527
       10777.330      17414.0      134.234       17414.016
       10778.416      17142.6      133.008       17142.555
       10779.502      17396.5      133.914       17396.474
       10780.588      17591.2      134.511       17591.179
       10781.674      17591.5      134.656       17591.513
       10782.760      17580.5      134.645       17580.463
       10783.846      17660.4      134.842       17660.441
       10784.932      17648.5      134.864       17648.544
       10786.018      17491.3      134.288       17491.324
       10787.104      17534.6      134.345       17534.605
       10788.190      17633.1      134.770       17633.110
       10789.276      17531.2      134.345       17531.247
       10790.362      17583.3      134.646       17583.348
       10791.448      17457.8      134.260       17457.827
       10792.534      17388.2      133.887       17388.162
       10793.620      17354.6      133.716       17354.555
       10794.706      17377.4      133.890       17377.398
       10795.792      17672.9      134.928       17672.926
       10796.878      17725.2      135.267       17725.155
       10797.964      17759.2      135.245       17759.205
       10799.050      17839.0      135.500       17839.017
       10800.136      17613.8      134.639       17613.815
       10801.222      17443.5      134.226       17443.547
       10802.308      17617.4      134.741       17617.429
       10803.394      17768.7      135.288       17768.728
       10804.480      17833.4      135.463       17833.445
       10805.566      18049.1      136.356       18049.104
       10806.652      17885.2      135.830       17885.198
       10807.738      17738.1      135.239       17738.119
       10808.824      17795.0      135.320       17795.045
       10809.910      17866.2      135.613       17866.217
       10810.995      17604.2      135.118       17604.190
       10812.081      17524.7      134.931       17524.747
       10813.167      17628.9      134.890       17628.923
       10814.253      17693.3      135.005       17693.296
       10815.339      17764.0      135.230       17764.004
       10816.425      17941.7      135.921       17941.728
       10817.511      18024.4      136.157       18024.446
       10818.597      17927.1      135.867       17927.087
       10819.683      18100.2      136.513       18100.240
       10820.769      18090.4      136.517       18090.351
       10821.855      18082.5      136.404       18082.519
       10822.941      18145.0      136.641       18145.042
       10824.027      18019.3      136.141       18019.332
       10825.113      18148.0      136.737       18147.986
       10826.199      18195.1      136.846       18195.147
       10827.285      18167.7      136.836       18167.728
       10828.371      18011.5      136.205       18011.544
       10829.457      17635.9      135.049       17635.933
       10830.543      17124.0      133.586       17124.029
       10831.629      17524.9      136.377       17524.895
       10832.715      17834.4      138.294       17834.417
       10833.801      17667.2      137.907       17667.172
       10834.887      17706.1      137.620       17706.094
       10835.973      17905.7      137.918       17905.654
       10837.059      18080.2      137.132       18080.203
       10838.145      18084.6      136.683       18084.637
       10839.231      18090.0      136.580       18089.964
       10840.317      18148.6      136.851       18148.560
       10841.403      18083.6      136.946       18083.590
       10842.489      17999.5      137.097       17999.527
       10843.575      17934.4      136.892       17934.363
       10844.661      17882.2      136.719       17882.229
       10845.747      17876.0      136.618       17876.046
       10846.833      17902.4      136.369       17902.409
       10847.919      18038.0      136.393       18037.962
       10849.005      18007.3      136.127       18007.350
       10850.090      17928.8      135.879       17928.846
       10851.176      17968.3      136.063       17968.283
       10852.262      17917.9      135.837       17917.905
       10853.348      17983.2      136.304       17983.243
       10854.434      17953.6      136.093       17953.565
       10855.520      17986.2      136.235       17986.231
       10856.606      18016.0      136.341       18015.980
       10857.692      17781.0      135.651       17780.993
       10858.778      17761.9      135.543       17761.896
       10859.864      17554.5      134.830       17554.524
       10860.950      17174.7      133.269       17174.749
       10862.036      17287.5      133.588       17287.540
       10863.122      17563.2      134.523       17563.171
       10864.208      17739.9      135.259       17739.861
       10865.294      17704.3      135.018       17704.293
       10866.380      17777.7      135.368       17777.720
       10867.466      17875.3      135.802       17875.263
       10868.552      17868.5      135.849       17868.453
       10869.638      17694.2      135.020       17694.183
       10870.724      17667.0      134.988       17667.023
       10871.810      17661.2      134.842       17661.182
       10872.896      17749.4      135.309       17749.353
       10873.982      17757.0      135.252       17757.027
       10875.068      17695.6      135.023       17695.642
       10876.154      17735.1      135.175       17735.122
       10877.240      17640.3      134.959       17640.334
       10878.326      17711.6      135.122       17711.585
       10879.412      17820.4      135.585       17820.382
       10880.498      17632.8      134.887       17632.784
       10881.584      17654.0      134.937       17653.983
       10882.670      17229.7      135.221       17229.673
       10883.756      17228.5      134.694       17228.502
       10884.842      17524.2      134.384       17524.167
       10885.928      17430.9      134.019       17430.935
       10887.014      17561.1      134.428       17561.134
       10888.100      17618.8      134.700       17618.759
       10889.186      17595.8      134.629       17595.804
       10890.271      17237.6      133.366       17237.595
       10891.357      17178.1      133.067       17178.054
       10892.443      17320.4      133.501       17320.419
       10893.529      16824.6      131.864       16824.569
       10894.615      16679.5      131.399       16679.537
       10895.701      16955.8      132.514       16955.840
       10896.787      17145.1      133.595       17145.058
       10897.873      17101.3      133.452       17101.314
       10898.959      16917.1      132.799       16917.090
       10900.045      16888.0      132.589       16888.034
       10901.131      16699.2      131.514       16699.243
       10902.217      16586.9      130.862       16586.930
       10903.303      16486.8      130.506       16486.798
       10904.389      16501.5      130.533       16501.497
       10905.475      16509.8      130.582       16509.847
       10906.561      16503.2      130.553       16503.204
       10907.647      16686.3      131.214       16686.294
       10908.733      16588.1      130.713       16588.084
       10909.819      16563.7      130.806       16563.725
       10910.905      16515.3      130.646       16515.309
       10911.991      16601.1      130.917       16601.097
       10913.077      16491.3      130.440       16491.255
       10914.163      16253.6      129.543       16253.569
       10915.249      16130.1      129.036       16130.139
       10916.335      15821.9      127.772       15821.850
       10917.421      15443.1      126.186       15443.069
       10918.507      15594.5      126.855       15594.467
       10919.593      15625.7      126.915       15625.664
       10920.679      15611.5      126.923       15611.503
       10921.765      15493.0      126.475       15493.042
       10922.851      15143.4      125.705       15143.399
       10923.937      14818.9      125.475       14818.878
       10925.023      14457.0      124.393       14456.959
       10926.109      14196.5      123.379       14196.498
       10927.195      14264.9      123.835       14264.859
       10928.281      14204.7      123.000       14204.674
       10929.367      14094.8      121.423       14094.850
       10930.452      14066.7      120.814       14066.715
       10931.538      13872.6      119.946       13872.556
       10932.624      13668.2      118.954       13668.218
       10933.710      13385.3      117.726       13385.285
       10934.796      13058.5      116.374       13058.544
       10935.882      12576.2      114.198       12576.163
       10936.968      12047.7      111.849       12047.729
       10938.054      11282.9      108.452       11282.934
       10939.140      10515.1      104.741       10515.113
       10940.226      9743.99      101.012       9743.9943
       10941.312      9642.93      100.547       9642.9317
       10942.398      10306.8      103.824       10306.778
       10943.484      11145.0      107.766       11144.959
       10944.570      11809.6      110.811       11809.592
       10945.656      12316.5      113.054       12316.501
       10946.742      12574.1      114.420       12574.062
       10947.828      12779.6      115.460       12779.557
       10948.914      13109.4      117.397       13109.374
       10950.000      13466.0      119.043       13465.963
       10951.086      13840.2      120.587       13840.225
       10952.172      14024.8      121.474       14024.800
       10953.258      14190.7      122.100       14190.744
       10954.344      14308.3      121.896       14308.348
       10955.430      14374.5      121.954       14374.469
       10956.516      14494.3      122.439       14494.301
       10957.602      14486.5      122.495       14486.483
       10958.688      14406.7      122.009       14406.743
       10959.774      14780.2      123.555       14780.182
       10960.860      15017.1      124.493       15017.107
       10961.946      15119.0      124.950       15118.964
       10963.032      15290.3      125.740       15290.264
       10964.118      15507.5      126.580       15507.510
       10965.204      15518.4      126.618       15518.411
       10966.290      15534.1      126.772       15534.087
       10967.376      15701.4      127.394       15701.354
       10968.462      15789.8      127.747       15789.763
       10969.548      15760.6      127.488       15760.577
       10970.633      15988.2      128.372       15988.240
       10971.719      16005.1      128.928       16005.137
       10972.805      16088.3      130.458       16088.339
       10973.891      15839.7      130.180       15839.700
       10974.977      15888.2      130.510       15888.163
       10976.063      15880.2      130.328       15880.167
       10977.149      15662.0      129.101       15661.952
       10978.235      15460.7      127.078       15460.749
       10979.321      15749.0      127.642       15749.017
       10980.407      15956.5      128.373       15956.521
       10981.493      16183.6      129.258       16183.613
       10982.579      16275.9      129.482       16275.857
       10983.665      16193.8      129.204       16193.778
       10984.751      16198.7      129.341       16198.713
       10985.837      16027.7      128.575       16027.676
       10986.923      16079.6      128.841       16079.551
       10988.009      16093.5      128.872       16093.463
       10989.095      16180.2      129.084       16180.150
       10990.181      16125.0      128.869       16124.968
       10991.267      16184.4      129.146       16184.375
       10992.353      16265.5      129.550       16265.504
       10993.439      16285.8      129.544       16285.758
       10994.525      15962.6      128.291       15962.634
       10995.611      15609.8      126.900       15609.769
       10996.697      15443.5      126.162       15443.498
       10997.783      15597.0      126.791       15596.992
       10998.869      15946.4      128.292       15946.377
       10999.955      16158.0      128.974       16158.003
       11001.041      16395.9      129.956       16395.909
       11002.127      16483.3      130.244       16483.264
       11003.213      16360.6      129.850       16360.566
       11004.299      16132.2      129.000       16132.227
       11005.385      16278.1      129.601       16278.145
       11006.471      16297.3      130.007       16297.318
       11007.557      16280.0      130.200       16279.991
       11008.643      15853.2      128.552       15853.191
       11009.729      15678.6      127.967       15678.562
       11010.814      15867.3      128.641       15867.339
       11011.900      16249.1      129.663       16249.058
       11012.986      16473.3      130.240       16473.285
       11014.072      16598.8      130.721       16598.834
       11015.158      16544.7      130.517       16544.738
       11016.244      16375.7      129.986       16375.714
       11017.330      16176.3      129.001       16176.303
       11018.416      16007.8      128.345       16007.802
       11019.502      15691.6      127.107       15691.552
       11020.588      15855.2      127.885       15855.245
       11021.674      15959.2      128.192       15959.245
       11022.760      16168.2      129.013       16168.218
       11023.846      16092.7      128.861       16092.656
       11024.932      16043.7      128.566       16043.699
       11026.018      16168.4      129.232       16168.417
       11027.104      16302.7      130.780       16302.699
       11028.190      16219.6      130.769       16219.596
       11029.276      16006.4      130.295       16006.424
       11030.362      15978.5      130.120       15978.470
       11031.448      16261.2      131.032       16261.188
       11032.534      16358.1      130.501       16358.133
       11033.620      16336.5      129.801       16336.487
       11034.706      16557.9      130.572       16557.902
       11035.792      16712.9      131.270       16712.907
       11036.878      17012.5      132.351       17012.548
       11037.964      16856.3      131.801       16856.274
       11039.050      16685.9      131.107       16685.912
       11040.136      16169.7      129.126       16169.735
       11041.222      15842.3      127.731       15842.331
       11042.308      15614.2      126.816       15614.212
       11043.394      15520.6      126.422       15520.604
       11044.480      15925.6      128.071       15925.650
       11045.566      16174.5      129.018       16174.540
       11046.652      16426.2      130.131       16426.233
       11047.738      16565.8      130.762       16565.794
       11048.824      16479.2      130.482       16479.231
       11049.910      16614.2      130.745       16614.222
       11050.995      16568.3      130.514       16568.265
       11052.081      16610.7      130.738       16610.662
       11053.167      16403.8      129.940       16403.849
       11054.253      16239.9      129.317       16239.852
       11055.339      15997.6      128.478       15997.601
       11056.425      16166.7      129.103       16166.655
       11057.511      16203.4      129.210       16203.374
       11058.597      16087.1      128.699       16087.098
       11059.683      15923.8      128.000       15923.841
       11060.769      15678.2      127.005       15678.225
       11061.855      15431.5      126.183       15431.471
       11062.941      15633.4      126.960       15633.382
       11064.027      15702.8      127.245       15702.826
       11065.113      15740.4      127.435       15740.352
       11066.199      15953.4      128.247       15953.364
       11067.285      16287.4      129.577       16287.399
       11068.371      16695.2      131.153       16695.220
       11069.457      16831.9      131.895       16831.853
       11070.543      16771.1      131.777       16771.146
       11071.629      16627.4      131.197       16627.395
       11072.715      16748.2      131.750       16748.220
       11073.801      16571.5      130.877       16571.484
       11074.887      16608.7      130.980       16608.662
       11075.973      16480.5      130.193       16480.466
       11077.059      16142.6      128.919       16142.578
       11078.145      15959.8      128.123       15959.819
       11079.231      15426.6      126.088       15426.612
       11080.317      15405.0      126.074       15405.047
       11081.403      15661.7      127.007       15661.714
       11082.489      15708.8      127.202       15708.792
       11083.575      15504.5      126.347       15504.495
       11084.661      15242.6      125.320       15242.587
       11085.747      15176.2      125.067       15176.231
       11086.833      15432.8      126.496       15432.760
       11087.919      15802.8      128.312       15802.838
       11089.005      16121.2      129.771       16121.191
       11090.090      16251.9      130.238       16251.943
       11091.176      15998.1      129.028       15998.112
       11092.262      16066.2      129.049       16066.200
       11093.348      15860.2      128.028       15860.239
       11094.434      16114.0      128.792       16113.959
       11095.520      16195.9      129.121       16195.947
       11096.606      15944.8      128.042       15944.767
       11097.692      15944.3      128.026       15944.251
       11098.778      16213.8      129.100       16213.816
       11099.864      16287.2      129.314       16287.229
       11100.950      16388.2      129.803       16388.194
       11102.036      16342.6      129.585       16342.626
       11103.122      15727.5      127.251       15727.452
       11104.208      14515.4      122.473       14515.400
       11105.294      14442.5      122.084       14442.458
       11106.380      14572.8      122.633       14572.849
       11107.466      14613.0      122.606       14612.997
       11108.552      14992.9      124.169       14992.856
       11109.638      15291.5      125.557       15291.548
       11110.724      14892.1      123.895       14892.057
       11111.810      14442.4      122.065       14442.361
       11112.896      14107.3      120.621       14107.258
       11113.982      13725.1      118.927       13725.093
       11115.068      14377.6      121.717       14377.569
       11116.154      15492.3      126.370       15492.347
       11117.240      16065.2      128.575       16065.230
       11118.326      15875.3      127.789       15875.317
       11119.412      15755.8      127.296       15755.779
       11120.498      15313.3      125.492       15313.335
       11121.584      15131.8      124.767       15131.824
       11122.670      15250.9      125.142       15250.911
       11123.756      15169.1      124.907       15169.126
       11124.842      15351.1      125.788       15351.096
       11125.928      15172.1      125.007       15172.143
       11127.014      14754.8      123.261       14754.825
       11128.100      13667.6      118.738       13667.575
       11129.186      12887.3      115.396       12887.327
       11130.271      12174.3      112.203       12174.254
       11131.357      11937.9      111.075       11937.930
       11132.443      12417.0      113.300       12417.015
       11133.529      13182.9      116.681       13182.893
       11134.615      13115.8      116.307       13115.783
       11135.701      12731.9      114.658       12731.949
       11136.787      12442.6      113.432       12442.567
       11137.873      12675.2      114.432       12675.182
       11138.959      13454.1      118.041       13454.091
       11140.045      14265.8      121.660       14265.768
       11141.131      14554.3      122.742       14554.275
       11142.217      14815.1      123.684       14815.103
       11143.303      15006.7      124.359       15006.656
       11144.389      14913.2      123.966       14913.193
       11145.475      14684.7      122.998       14684.718
       11146.561      14300.5      121.508       14300.469
       11147.647      13709.7      118.923       13709.687
       11148.733      12117.5      112.030       12117.545
       11149.819      10094.1      102.341       10094.108
       11150.905      9798.12      100.948       9798.1217
       11151.991      10853.7      106.186       10853.694
       11153.077      11633.0      109.986       11633.002
       11154.163      12296.8      113.052       12296.795
       11155.249      12881.5      115.684       12881.529
       11156.335      13102.8      116.600       13102.760
       11157.421      13175.8      116.953       13175.767
       11158.507      13258.7      117.101       13258.711
       11159.593      12743.0      114.828       12742.997
       11160.679      11559.9      109.437       11559.924
       11161.765      9935.88      101.687       9935.8798
       11162.851      8346.78      93.5053       8346.7753
       11163.937      7259.96      87.4733       7259.9578
       11165.023      6925.53      85.6025       6925.5301
       11166.109      7328.58      87.6756       7328.5762
       11167.195      8437.60      93.8216       8437.5955
       11168.281      10107.8      102.414       10107.796
       11169.367      11065.4      106.982       11065.385
       11170.452      10524.0      104.483       10524.013
       11171.538      9602.17      100.019       9602.1719
       11172.624      8953.82      96.6331       8953.8163
       11173.710      9285.01      98.3674       9285.0129
       11174.796      10858.1      106.216       10858.092
       11175.882      12275.8      112.754       12275.813
       11176.968      12871.2      115.328       12871.165
       11178.054      12617.8      114.319       12617.843
       11179.140      12046.0      111.731       12046.019
       11180.226      11053.8      106.997       11053.755
       11181.312      9704.11      100.434       9704.1134
       11182.398      9133.80      97.5389       9133.8021
       11183.484      9902.83      101.527       9902.8289
       11184.570      11072.4      107.260       11072.429
       11185.656      11042.1      106.992       11042.091
       11186.742      9589.66      99.9816       9589.6579
       11187.828      8232.02      92.8827       8232.0196
       11188.914      7809.75      90.5463       7809.7518
       11190.000      7643.48      89.6650       7643.4816
       11191.086      7260.28      87.5408       7260.2794
       11192.172      7093.01      86.4000       7093.0141
       11193.258      7747.98      90.1744       7747.9804
       11194.344      9133.32      97.6239       9133.3164
       11195.430      10215.1      103.060       10215.115
       11196.516      10051.1      102.138       10051.117
       11197.602      9119.75      97.4867       9119.7497
       11198.688      8532.00      94.4041       8532.0010
       11199.774      8164.83      92.4490       8164.8319
       11200.860      7310.08      87.5709       7310.0764
       11201.946      6559.99      83.2425       6559.9889
       11203.032      6962.85      85.5335       6962.8461
       11204.118      8285.44      93.0636       8285.4396
       11205.204      9176.29      97.7533       9176.2877
       11206.290      9427.63      99.0803       9427.6282
       11207.376      9582.56      99.7952       9582.5626
       11208.462      9599.40      100.011       9599.4009
       11209.548      8919.39      96.5470       8919.3929
       11210.633      7622.08      89.5356       7622.0833
       11211.719      6581.03      83.3839       6581.0327
       11212.805      6656.28      83.7825       6656.2813
       11213.891      7431.62      88.0164       7431.6211
       11214.977      7937.31      91.1085       7937.3109
       11216.063      7063.92      86.1638       7063.9227
       11217.149      5539.03      76.7677       5539.0261
       11218.235      4722.31      70.8538       4722.3103
       11219.321      5017.01      73.0405       5017.0130
       11220.407      5180.23      74.0819       5180.2316
       11221.493      4578.62      69.8710       4578.6177
       11222.579      4085.17      66.2689       4085.1704
       11223.665      3923.31      65.0448       3923.3067
       11224.751      3832.69      64.2170       3832.6925
       11225.837      4075.73      66.1714       4075.7311
       11226.923      4940.03      72.5754       4940.0326
       11228.009      6149.60      80.7610       6149.6014
       11229.095      6865.01      84.8814       6865.0069
       11230.181      7104.11      86.4503       7104.1111
       11231.267      6937.66      85.4651       6937.6587
       11232.353      6224.25      81.0867       6224.2532
       11233.439      4841.87      71.9463       4841.8723
       11234.525      3511.72      61.6864       3511.7193
       11235.611      3233.76      59.5590       3233.7632
       11236.697      4034.82      65.9428       4034.8162
       11237.783      5272.85      74.6171       5272.8509
       11238.869      6071.66      79.8344       6071.6615
       11239.955          NaN      18.7011             NaN
