       9750.0000         -NaN         -NaN             NaN
       9751.0860      8597.08      88.5127       8597.0798
       9752.1719      8801.10      93.1198       8801.1012
       9753.2579      9134.26      95.3297       9134.2607
       9754.3439      9124.32      95.2695       9124.3211
       9755.4299      9009.99      94.2592       9009.9893
       9756.5158      9017.92      95.2569       9017.9196
       9757.6018      9043.20      95.3342       9043.1996
       9758.6878      8980.89      98.9201       8980.8914
       9759.7738      8989.23      94.4634       8989.2292
       9760.8597      9296.09      95.4404       9296.0899
       9761.9457      9586.49      98.4975       9586.4874
       9763.0317      9642.50      98.2712       9642.5035
       9764.1176      9722.82      98.7469       9722.8153
       9765.2036      9679.17      98.0761       9679.1748
       9766.2896      9803.15      99.5092       9803.1524
       9767.3756      10088.7      100.626       10088.734
       9768.4615      10070.6      100.442       10070.572
       9769.5475      10324.5      102.032       10324.454
       9770.6335      10324.7      101.012       10324.691
       9771.7195      10355.8      101.825       10355.814
       9772.8054      10396.5      101.910       10396.519
       9773.8914      10474.5      100.913       10474.478
       9774.9774      10370.5      101.426       10370.523
       9776.0633      10388.0      101.909       10388.029
       9777.1493      10614.8      103.185       10614.841
       9778.2353      10679.5      103.698       10679.459
       9779.3213      10858.1      115.884       10858.119
       9780.4072      10776.7      54.8607       10776.677
       9781.4932      9781.53      97.8071       9781.5261
       9782.5792      10075.8      24.7735       10075.804
       9783.6652      10388.0      101.775       10387.953
       9784.7511      10665.1      104.021       10665.133
       9785.8371      10885.9      104.548       10885.900
       9786.9231      10972.2      104.779       10972.162
       9788.0090      11056.8      105.357       11056.788
       9789.0950      11094.1      105.369       11094.136
       9790.1810      11159.9      105.622       11159.883
       9791.2670      11153.2      105.385       11153.180
       9792.3529      11102.7      106.730       11102.712
       9793.4389      10920.9      104.820       10920.888
       9794.5249      10884.5      104.655       10884.538
       9795.6109      11092.4      105.615       11092.389
       9796.6968      11313.4      107.087       11313.413
       9797.7828      11559.9      104.414       11559.919
       9798.8688      11635.2      107.943       11635.176
       9799.9548      11431.4      106.952       11431.390
       9801.0407      11440.2      107.705       11440.227
       9802.1267      11396.6      106.377       11396.622
       9803.2127      11255.9      105.368       11255.859
       9804.2986      11373.0      106.780       11372.972
       9805.3846      11488.5      106.868       11488.504
       9806.4706      11662.5      107.477       11662.505
       9807.5566      11747.4      108.219       11747.371
       9808.6425      11774.6      108.116       11774.553
       9809.7285      12035.3      109.699       12035.318
       9810.8145      11832.4      106.868       11832.395
       9811.9005      11960.3      108.999       11960.266
       9812.9864      11792.8      180.065       11792.820
       9814.0724      11819.8      109.015       11819.832
       9815.1584      11787.0      108.544       11787.035
       9816.2443      11866.5      108.851       11866.463
       9817.3303      11939.4      109.441       11939.358
       9818.4163      11842.7      108.733       11842.732
       9819.5023      12000.9      110.059       12000.881
       9820.5882      12037.4      109.468       12037.433
       9821.6742      11873.2      109.142       11873.177
       9822.7602      11970.4      109.553       11970.379
       9823.8462      11932.2      109.412       11932.158
       9824.9321      11993.6      109.783       11993.552
       9826.0181      11827.6      108.745       11827.613
       9827.1041      11633.9      107.919       11633.864
       9828.1900      11712.3      108.830       11712.324
       9829.2760      12138.8      110.028       12138.840
       9830.3620      12193.4      110.583       12193.434
       9831.4480      12199.9      112.365       12199.897
       9832.5339      12052.9      109.272       12052.855
       9833.6199      12235.5      109.192       12235.467
       9834.7059      12365.7      111.327       12365.697
       9835.7919      12339.4      111.835       12339.440
       9836.8778      12104.8      111.346       12104.850
       9837.9638      12294.3      111.333       12294.270
       9839.0498      12376.6      111.582       12376.613
       9840.1357      12440.9      111.519       12440.884
       9841.2217      12170.2      110.473       12170.230
       9842.3077      12253.7      110.864       12253.734
       9843.3937      12373.9      111.390       12373.934
       9844.4796      12451.2      111.464       12451.219
       9845.5656      12212.2      110.548       12212.238
       9846.6516      12164.8      110.365       12164.806
       9847.7376      12381.6      110.905       12381.551
       9848.8235      12121.8      110.054       12121.772
       9849.9095      11898.2      109.544       11898.237
       9850.9955      12336.2      110.951       12336.192
       9852.0814      12634.5      111.444       12634.453
       9853.1674      12679.0      112.456       12679.020
       9854.2534      12877.3      113.558       12877.276
       9855.3394      12707.6      112.619       12707.603
       9856.4253      12586.3      112.176       12586.254
       9857.5113      12557.5      112.039       12557.484
       9858.5973      12584.5      112.201       12584.525
       9859.6833      12666.8      112.223       12666.818
       9860.7692      12834.0      113.619       12833.965
       9861.8552      12760.5      112.819       12760.451
       9862.9412      12905.2      113.498       12905.166
       9864.0271      12753.5      113.045       12753.500
       9865.1131      12742.6      113.022       12742.624
       9866.1991      12701.1      112.530       12701.101
       9867.2851      12858.7      113.042       12858.659
       9868.3710      12932.6      113.794       12932.638
       9869.4570      12805.4      113.107       12805.440
       9870.5430      12894.7      113.515       12894.721
       9871.6290      13050.1      113.174       13050.077
       9872.7149      13104.9      114.676       13104.882
       9873.8009      13035.6      114.510       13035.646
       9874.8869      12942.9      114.149       12942.937
       9875.9729      13156.3      114.897       13156.305
       9877.0588      13118.1      114.141       13118.079
       9878.1448      12227.2      111.673       12227.202
       9879.2308      12854.0      113.167       12854.029
       9880.3167      13281.0      115.275       13281.036
       9881.4027      13223.4      114.989       13223.376
       9882.4887      13179.7      114.651       13179.690
       9883.5747      13181.7      115.298       13181.672
       9884.6606      13306.6      134.098       13306.647
       9885.7466      13406.4      116.685       13406.436
       9886.8326      13465.2      116.352       13465.190
       9887.9186      13344.7      115.571       13344.688
       9889.0045      13465.1      116.731       13465.077
       9890.0905      13596.1      116.518       13596.127
       9891.1765      13544.4      116.579       13544.360
       9892.2624      13468.2      116.144       13468.210
       9893.3484      13680.4      116.893       13680.401
       9894.4344      13754.1      117.181       13754.120
       9895.5204      13569.3      116.557       13569.265
       9896.6063      13675.3      116.980       13675.266
       9897.6923      13724.4      117.344       13724.368
       9898.7783      13422.2      115.998       13422.240
       9899.8643      13166.8      114.815       13166.847
       9900.9502      13556.8      116.170       13556.833
       9902.0362      13813.0      117.396       13812.968
       9903.1222      13868.2      117.169       13868.248
       9904.2081      13807.4      117.592       13807.370
       9905.2941      13886.1      117.753       13886.092
       9906.3801      13976.3      118.187       13976.283
       9907.4661      14142.3      118.731       14142.311
       9908.5520      14167.4      118.802       14167.379
       9909.6380      14091.5      119.007       14091.501
       9910.7240      13909.6      117.972       13909.620
       9911.8100      14161.6      119.264       14161.609
       9912.8959      14264.1      119.430       14264.109
       9913.9819      14317.7      119.848       14317.726
       9915.0679      14173.6      119.364       14173.564
       9916.1538      14369.0      120.339       14369.009
       9917.2398      14400.2      120.473       14400.229
       9918.3258      14198.4      119.426       14198.410
       9919.4118      14252.2      119.598       14252.157
       9920.4977      14444.0      120.304       14443.961
       9921.5837      14393.4      120.017       14393.442
       9922.6697      14412.7      120.173       14412.734
       9923.7557      14393.9      120.658       14393.884
       9924.8416      14387.3      119.611       14387.277
       9925.9276      14482.7      120.244       14482.732
       9927.0136      14452.0      120.251       14451.994
       9928.0995      14346.0      119.590       14345.961
       9929.1855      14352.9      119.582       14352.921
       9930.2715      14714.0      121.217       14713.965
       9931.3575      14800.2      122.492       14800.226
       9932.4434      14868.0      122.058       14868.033
       9933.5294      14630.8      121.256       14630.756
       9934.6154      14833.3      121.753       14833.293
       9935.7014      15005.0      122.381       15004.986
       9936.7873      15086.5      122.672       15086.487
       9937.8733      15051.6      122.381       15051.640
       9938.9593      15073.7      123.237       15073.687
       9940.0452      15006.7      121.244       15006.676
       9941.1312      14933.9      121.704       14933.852
       9942.2172      15038.1      122.710       15038.136
       9943.3032      15177.8      123.603       15177.759
       9944.3891      15152.7      123.450       15152.719
       9945.4751      15364.2      124.358       15364.176
       9946.5611      15469.3      124.830       15469.299
       9947.6471      15527.3      124.972       15527.271
       9948.7330      15548.9      124.934       15548.858
       9949.8190      15601.9      125.436       15601.947
       9950.9050      15557.4      124.992       15557.407
       9951.9910      15508.9      124.770       15508.920
       9953.0769      15665.4      124.954       15665.422
       9954.1629      15608.6      124.613       15608.569
       9955.2489      15801.7      125.704       15801.703
       9956.3348      15727.7      125.027       15727.650
       9957.4208      15628.7      125.270       15628.709
       9958.5068      15585.4      125.338       15585.411
       9959.5928      15585.7      125.237       15585.657
       9960.6787      15785.3      125.830       15785.290
       9961.7647      15599.4      125.295       15599.440
       9962.8507      15678.4      125.588       15678.441
       9963.9367      15563.0      125.155       15563.022
       9965.0226      15770.8      125.856       15770.757
       9966.1086      15831.3      126.032       15831.264
       9967.1946      15820.2      125.907       15820.172
       9968.2805      15949.1      126.381       15949.096
       9969.3665      16130.2      126.561       16130.250
       9970.4525      15984.4      126.334       15984.447
       9971.5385      16020.5      126.824       16020.502
       9972.6244      15965.8      126.146       15965.850
       9973.7104      16105.5      127.040       16105.499
       9974.7964      16258.5      127.565       16258.512
       9975.8824      16066.7      126.846       16066.712
       9976.9683      16151.9      127.389       16151.878
       9978.0543      16171.2      127.277       16171.207
       9979.1403      16281.2      127.751       16281.170
       9980.2262      16312.2      127.692       16312.214
       9981.3122      16300.5      127.663       16300.489
       9982.3982      16190.3      127.242       16190.256
       9983.4842      16187.5      127.310       16187.519
       9984.5701      16305.1      127.586       16305.123
       9985.6561      16309.2      124.738       16309.165
       9986.7421      16384.1      128.113       16384.098
       9987.8281      16287.0      127.774       16287.017
       9988.9140      16438.2      128.679       16438.198
       9990.0000      16459.6      127.298       16459.557
       9991.0860      16422.3      127.746       16422.337
       9992.1719      16272.5      127.369       16272.509
       9993.2579      16032.2      126.092       16032.175
       9994.3439      16156.0      127.111       16156.044
       9995.4299      16383.1      129.218       16383.095
       9996.5158      16374.6      127.914       16374.573
       9997.6018      16404.4      128.159       16404.443
       9998.6878      16467.5      128.535       16467.458
       9999.7738      16362.7      127.885       16362.720
       10000.860      16361.7      127.827       16361.684
       10001.946      16416.3      126.924       16416.270
       10003.032      16292.3      127.860       16292.254
       10004.118      16307.4      127.735       16307.393
       10005.204      16366.6      127.681       16366.606
       10006.290      16364.0      127.724       16363.965
       10007.376      16304.1      127.170       16304.146
       10008.462      16242.5      127.476       16242.452
       10009.548      16273.8      127.626       16273.766
       10010.633      16162.7      127.205       16162.705
       10011.719      16179.5      127.473       16179.474
       10012.805      16260.4      127.976       16260.379
       10013.891      16159.0      127.819       16158.978
       10014.977      16074.7      127.734       16074.680
       10016.063      15886.2      126.885       15886.222
       10017.149      16109.9      127.603       16109.895
       10018.235      16160.6      127.519       16160.601
       10019.321      16040.7      126.640       16040.709
       10020.407      15971.5      126.479       15971.484
       10021.493      15973.8      126.633       15973.809
       10022.579      16006.2      126.763       16006.222
       10023.665      15781.0      125.931       15781.027
       10024.751      15612.1      125.118       15612.146
       10025.837      15762.7      125.825       15762.662
       10026.923      15748.6      126.228       15748.588
       10028.009      15762.1      127.016       15762.126
       10029.095      15810.6      126.053       15810.580
       10030.181      15664.7      125.355       15664.689
       10031.267      15584.1      124.870       15584.064
       10032.353      15492.0      124.558       15492.045
       10033.439      15303.5      123.328       15303.498
       10034.525      15147.6      123.272       15147.581
       10035.611      15025.2      122.899       15025.239
       10036.697      14970.6      122.362       14970.577
       10037.783      14762.3      121.818       14762.265
       10038.869      14662.3      121.299       14662.269
       10039.955      14500.1      120.719       14500.125
       10041.041      14187.6      119.238       14187.570
       10042.127      14015.0      118.534       14015.038
       10043.213      13834.0      117.820       13834.044
       10044.299      13533.5      116.947       13533.471
       10045.385      13135.1      114.930       13135.131
       10046.471      12755.5      113.134       12755.532
       10047.557      12059.1      109.997       12059.083
       10048.643      11649.1      107.792       11649.061
       10049.729      11214.5      106.976       11214.479
       10050.814      10217.9      100.311       10217.894
       10051.900      9534.94      97.3917       9534.9366
       10052.986      9847.26      99.3976       9847.2632
       10054.072      10694.6      102.703       10694.563
       10055.158      11564.4      106.907       11564.428
       10056.244      12222.8      110.330       12222.823
       10057.330      12872.8      112.390       12872.827
       10058.416      13235.0      114.688       13235.015
       10059.502      13528.5      115.287       13528.483
       10060.588      13800.8      117.492       13800.823
       10061.674      14080.2      119.019       14080.236
       10062.760      14465.7      120.730       14465.711
       10063.846      14805.1      121.925       14805.054
       10064.932      15178.6      123.412       15178.554
       10066.018      15192.3      123.309       15192.292
       10067.104      15225.6      124.276       15225.564
       10068.190      15331.5      123.711       15331.508
       10069.276      15598.8      125.024       15598.825
       10070.362      15958.2      126.364       15958.215
       10071.448      16135.3      127.401       16135.300
       10072.534      16284.4      127.807       16284.381
       10073.620      16229.8      127.528       16229.825
       10074.706      16346.8      128.143       16346.829
       10075.792      16566.8      128.986       16566.817
       10076.878      16604.1      130.073       16604.080
       10077.964      16673.7      129.369       16673.652
       10079.050      16806.8      129.767       16806.780
       10080.136      16305.8      130.610       16305.820
       10081.222      16598.2      130.905       16598.184
       10082.308      16945.3      130.519       16945.318
       10083.394      17087.7      131.275       17087.666
       10084.480      17227.4      131.881       17227.384
       10085.566      17076.0      131.347       17076.009
       10086.652      17082.8      131.340       17082.769
       10087.738      17256.0      131.884       17255.989
       10088.824      17337.8      131.924       17337.775
       10089.910      17505.1      132.449       17505.091
       10090.995      17747.8      133.231       17747.839
       10092.081      17580.1      132.720       17580.119
       10093.167      17485.9      132.834       17485.891
       10094.253      17403.0      132.134       17402.961
       10095.339      17465.3      132.408       17465.340
       10096.425      17739.2      133.471       17739.228
       10097.511      17856.0      133.886       17856.026
       10098.597      17859.9      134.001       17859.919
       10099.683      17892.7      133.946       17892.720
       10100.769      17372.2      131.996       17372.201
       10101.855      17025.2      130.767       17025.215
       10102.941      17569.2      133.138       17569.190
       10104.027      17836.6      133.873       17836.584
       10105.113      18199.2      135.448       18199.217
       10106.199      18368.8      136.016       18368.781
       10107.285      18228.8      135.527       18228.762
       10108.371      18347.3      135.925       18347.315
       10109.457      18394.6      135.945       18394.597
       10110.543      17984.8      134.408       17984.762
       10111.629      18099.0      134.843       18099.017
       10112.715      17989.3      134.463       17989.288
       10113.801      17634.8      133.143       17634.839
       10114.887      17640.9      132.851       17640.854
       10115.973      17894.6      133.999       17894.646
       10117.059      18179.5      135.053       18179.465
       10118.145      18225.9      135.228       18225.896
       10119.231      18365.4      135.830       18365.432
       10120.317      18585.0      136.540       18584.953
       10121.403      18639.4      136.871       18639.404
       10122.489      18499.2      136.346       18499.168
       10123.575      18540.9      136.495       18540.940
       10124.661      18415.3      136.426       18415.260
       10125.747      17566.3      133.599       17566.282
       10126.833      17629.4      133.787       17629.378
       10127.919      18314.4      136.233       18314.380
       10129.005      18533.4      136.864       18533.351
       10130.090      18587.5      136.900       18587.547
       10131.176      18766.7      137.360       18766.654
       10132.262      18865.1      137.634       18865.083
       10133.348      18794.6      137.340       18794.581
       10134.434      18835.9      137.620       18835.944
       10135.520      18915.1      137.698       18915.061
       10136.606      18857.6      137.601       18857.596
       10137.692      18700.9      137.083       18700.945
       10138.778      18762.9      137.324       18762.897
       10139.864      18835.2      137.647       18835.159
       10140.950      18929.7      137.802       18929.652
       10142.036      18890.7      137.793       18890.654
       10143.122      18821.0      137.550       18821.015
       10144.208      18791.4      137.421       18791.444
       10145.294      18816.0      137.533       18815.954
       10146.380      18971.2      138.183       18971.202
       10147.466      19011.7      138.276       19011.709
       10148.552      19106.9      138.765       19106.928
       10149.638      18835.7      137.694       18835.656
       10150.724      19087.5      138.550       19087.477
       10151.810      19061.5      138.476       19061.465
       10152.896      19173.9      138.924       19173.943
       10153.982      19056.0      138.687       19056.041
       10155.068      19126.8      138.844       19126.798
       10156.154      19043.0      138.655       19043.046
       10157.240      18866.1      138.029       18866.085
       10158.326      18892.2      138.110       18892.162
       10159.412      19002.9      138.249       19002.861
       10160.498      19100.8      138.643       19100.806
       10161.584      19072.6      138.427       19072.584
       10162.670      19032.5      138.400       19032.520
       10163.756      19231.7      138.981       19231.666
       10164.842      19213.2      138.908       19213.186
       10165.928      19264.3      139.190       19264.261
       10167.014      19181.4      138.922       19181.423
       10168.100      19028.1      138.147       19028.081
       10169.186      19099.7      138.668       19099.651
       10170.271      19257.7      139.105       19257.736
       10171.357      19186.5      139.009       19186.467
       10172.443      19235.4      139.388       19235.444
       10173.529      19117.6      139.281       19117.597
       10174.615      19107.9      139.233       19107.931
       10175.701      19231.8      139.714       19231.758
       10176.787      19073.3      138.709       19073.265
       10177.873      19315.6      139.527       19315.579
       10178.959      19350.6      139.295       19350.642
       10180.045      19379.7      139.453       19379.741
       10181.131      19303.3      139.198       19303.267
       10182.217      19362.9      139.615       19362.851
       10183.303      18919.3      138.156       18919.319
       10184.389      18671.0      137.091       18670.963
       10185.475      18703.2      137.135       18703.249
       10186.561      19201.5      138.968       19201.481
       10187.647      19322.9      139.282       19322.898
       10188.733      19550.7      140.231       19550.734
       10189.819      19451.1      139.982       19451.138
       10190.905      19398.1      140.045       19398.116
       10191.991      19366.2      139.850       19366.188
       10193.077      19407.0      140.010       19407.048
       10194.163      19525.2      140.359       19525.216
       10195.249      19292.5      139.530       19292.480
       10196.335      19550.6      140.280       19550.632
       10197.421      19796.2      141.193       19796.172
       10198.507      19544.3      140.073       19544.303
       10199.593      19420.3      139.646       19420.281
       10200.679      19427.0      139.746       19426.978
       10201.765      19456.5      140.170       19456.545
       10202.851      19283.7      139.126       19283.680
       10203.937      19333.3      139.356       19333.271
       10205.023      19342.3      139.626       19342.303
       10206.109      19054.9      138.645       19054.916
       10207.195      19141.1      138.762       19141.077
       10208.281      19320.2      139.609       19320.150
       10209.367      19402.2      139.723       19402.210
       10210.452      19554.8      141.085       19554.807
       10211.538      19419.9      140.044       19419.894
       10212.624      19357.6      140.136       19357.613
       10213.710      19409.4      140.231       19409.412
       10214.796      19442.6      140.369       19442.571
       10215.882      19450.7      140.136       19450.664
       10216.968      19330.0      139.422       19329.972
       10218.054      19383.5      139.715       19383.528
       10219.140      19613.5      141.022       19613.452
       10220.226      19456.3      139.989       19456.288
       10221.312      19624.9      140.355       19624.907
       10222.398      19317.0      139.338       19317.010
       10223.484      19451.6      139.656       19451.577
       10224.570      19500.6      139.998       19500.585
       10225.656      19244.6      139.215       19244.558
       10226.742      19366.2      139.823       19366.156
       10227.828      19466.0      140.288       19465.972
       10228.914      19261.4      139.443       19261.386
       10230.000      19334.4      139.821       19334.425
       10231.086      19339.0      139.668       19338.971
       10232.172      19218.9      139.205       19218.900
       10233.258      19497.1      140.207       19497.108
       10234.344      19314.0      139.595       19313.994
       10235.430      19415.6      139.769       19415.633
       10236.516      19447.3      139.543       19447.301
       10237.602      19528.7      140.058       19528.730
       10238.688      19372.3      139.449       19372.290
       10239.774      19201.9      138.684       19201.939
       10240.860      19271.3      139.058       19271.306
       10241.946      19337.6      139.449       19337.602
       10243.032      19182.3      138.672       19182.298
       10244.118      19472.6      139.192       19472.587
       10245.204      19202.7      138.819       19202.716
       10246.290      19339.8      139.388       19339.774
       10247.376      19312.5      139.365       19312.467
       10248.462      19510.5      139.808       19510.473
       10249.548      19348.2      139.211       19348.228
       10250.633      19293.9      139.365       19293.939
       10251.719      19121.1      138.504       19121.103
       10252.805      19235.6      138.967       19235.592
       10253.891      19159.0      138.754       19159.021
       10254.977      19273.0      138.938       19273.038
       10256.063      19123.0      138.496       19122.985
       10257.149      19397.5      139.505       19397.452
       10258.235      19404.6      139.482       19404.618
       10259.321      19140.1      138.619       19140.144
       10260.407      19174.8      138.690       19174.755
       10261.493      18975.2      137.795       18975.213
       10262.579      19175.4      138.902       19175.386
       10263.665      19087.2      138.545       19087.178
       10264.751      19400.5      139.597       19400.485
       10265.837      19170.6      138.764       19170.556
       10266.923      19180.8      138.731       19180.778
       10268.009      19101.6      138.484       19101.580
       10269.095      19178.0      138.898       19178.003
       10270.181      18158.7      134.691       18158.711
       10271.267      17307.0      131.880       17307.019
       10272.353      19212.4      139.051       19212.443
       10273.439      19009.1      138.406       19009.063
       10274.525      19037.2      138.588       19037.232
       10275.611      19103.3      138.853       19103.277
       10276.697      18995.0      138.173       18994.981
       10277.783      18853.3      137.728       18853.318
       10278.869      18888.4      137.746       18888.420
       10279.955      19068.2      138.555       19068.239
       10281.041      19027.4      138.221       19027.386
       10282.127      18926.6      138.075       18926.645
       10283.213      18994.1      138.173       18994.105
       10284.299      19248.5      139.234       19248.458
       10285.385      19057.5      138.337       19057.458
       10286.471      18988.5      138.376       18988.486
       10287.557      18862.5      138.469       18862.544
       10288.643      18914.2      138.941       18914.164
       10289.729      18989.2      139.413       18989.242
       10290.814      19156.5      139.934       19156.460
       10291.900      18864.7      138.224       18864.669
       10292.986      18955.0      138.139       18955.037
       10294.072      18889.8      137.847       18889.818
       10295.158      18977.4      138.168       18977.423
       10296.244      18908.7      138.026       18908.706
       10297.330      18926.5      138.434       18926.515
       10298.416      18904.8      138.259       18904.760
       10299.502      18852.2      138.241       18852.184
       10300.588      18702.5      137.604       18702.513
       10301.674      18638.0      136.730       18637.994
       10302.760      18706.6      137.047       18706.558
       10303.846      18758.3      137.174       18758.269
       10304.932      18839.1      137.531       18839.115
       10306.018      18876.1      137.690       18876.133
       10307.104      18826.5      137.575       18826.547
       10308.190      18888.7      137.874       18888.737
       10309.276      18698.2      136.875       18698.167
       10310.362      18731.1      137.255       18731.082
       10311.448      18623.0      136.967       18622.972
       10312.534      18188.3      135.349       18188.322
       10313.620      18665.6      136.936       18665.615
       10314.706      18884.8      137.762       18884.814
       10315.792      18877.7      138.509       18877.654
       10316.878      18767.6      137.245       18767.590
       10317.964      18949.0      137.988       18949.039
       10319.050      18810.8      137.568       18810.783
       10320.136      18767.3      137.213       18767.288
       10321.222      18705.2      137.102       18705.229
       10322.308      18894.0      137.212       18894.014
       10323.394      18885.6      137.761       18885.569
       10324.480      18774.1      136.975       18774.082
       10325.566      18768.8      137.343       18768.805
       10326.652      18654.5      136.773       18654.468
       10327.738      18589.8      136.590       18589.819
       10328.824      18835.3      137.462       18835.320
       10329.910      18683.1      137.133       18683.102
       10330.995      18618.3      136.768       18618.337
       10332.081      18631.0      136.874       18631.008
       10333.167      18677.7      137.059       18677.743
       10334.253      18705.4      137.084       18705.423
       10335.339      18865.9      138.567       18865.942
       10336.425      18776.5      137.454       18776.538
       10337.511      18762.2      137.224       18762.206
       10338.597      18842.3      137.674       18842.318
       10339.683      18828.4      137.468       18828.449
       10340.769      18750.2      137.267       18750.215
       10341.855      18820.1      137.629       18820.115
       10342.941      18915.0      138.096       18915.041
       10344.027      18907.6      138.056       18907.611
       10345.113      18637.8      137.060       18637.774
       10346.199      18591.4      136.816       18591.363
       10347.285      18777.9      137.523       18777.895
       10348.371      19028.2      138.564       19028.168
       10349.457      18948.5      138.448       18948.543
       10350.543      18867.4      138.163       18867.355
       10351.629      18892.0      138.003       18892.024
       10352.715      18972.3      138.130       18972.286
       10353.801      18969.5      138.146       18969.518
       10354.887      19063.5      138.359       19063.525
       10355.973      19049.5      138.477       19049.541
       10357.059      19051.2      138.459       19051.250
       10358.145      19003.1      138.371       19003.087
       10359.231      19107.2      138.673       19107.188
       10360.317      19075.6      138.538       19075.557
       10361.403      19014.4      138.154       19014.445
       10362.489      19060.4      138.375       19060.363
       10363.575      18889.8      137.831       18889.830
       10364.661      18837.0      137.490       18836.967
       10365.747      19005.1      138.108       19005.074
       10366.833      19043.5      138.239       19043.467
       10367.919      19020.3      138.491       19020.325
       10369.005      18893.6      137.875       18893.597
       10370.090      18884.3      137.674       18884.317
       10371.176      18881.5      137.776       18881.484
       10372.262      19048.1      138.343       19048.105
       10373.348      19107.4      138.962       19107.411
       10374.434      19281.5      140.114       19281.496
       10375.520      19036.8      139.103       19036.825
       10376.606      18946.6      138.833       18946.581
       10377.692      19183.9      139.379       19183.900
       10378.778      19243.7      138.977       19243.726
       10379.864      19249.0      138.948       19249.014
       10380.950      19381.8      139.640       19381.808
       10382.036      19362.1      139.428       19362.094
       10383.122      19289.0      139.044       19288.976
       10384.208      19314.3      139.162       19314.313
       10385.294      19339.5      139.262       19339.459
       10386.380      19107.5      138.470       19107.493
       10387.466      19064.1      138.141       19064.090
       10388.552      19471.1      139.751       19471.104
       10389.638      19593.9      140.182       19593.911
       10390.724      19341.5      139.373       19341.542
       10391.810      19265.7      139.155       19265.695
       10392.896      19492.5      139.956       19492.498
       10393.982      19647.7      140.412       19647.668
       10395.068      19652.7      140.405       19652.715
       10396.154      19596.9      140.476       19596.924
       10397.240      19513.0      140.186       19513.026
       10398.326      18688.7      137.445       18688.720
       10399.412      18216.0      135.761       18215.980
       10400.498      19037.3      138.655       19037.294
       10401.584      19559.9      140.297       19559.860
       10402.670      19668.5      140.550       19668.520
       10403.756      19811.8      141.038       19811.828
       10404.842      19838.0      140.926       19838.018
       10405.928      19213.8      138.874       19213.808
       10407.014      19500.0      139.596       19499.999
       10408.100      19647.9      140.480       19647.895
       10409.186      19654.3      140.489       19654.264
       10410.271      19735.3      140.732       19735.274
       10411.357      19837.9      141.144       19837.890
       10412.443      19816.6      140.924       19816.600
       10413.529      19728.9      140.321       19728.867
       10414.615      19766.6      140.713       19766.582
       10415.701      19660.9      140.479       19660.919
       10416.787      19731.3      140.765       19731.305
       10417.873      19815.6      141.450       19815.578
       10418.959      19765.0      141.544       19765.040
       10420.045      19928.5      142.441       19928.516
       10421.131      19833.6      142.100       19833.592
       10422.217      19844.2      142.129       19844.232
       10423.303      19822.0      141.590       19821.950
       10424.389      19836.7      141.261       19836.720
       10425.475      19839.5      141.073       19839.475
       10426.561      19761.2      140.864       19761.181
       10427.647      19836.0      141.156       19836.004
       10428.733      19818.3      141.108       19818.279
       10429.819      19745.1      140.870       19745.072
       10430.905      19748.9      140.967       19748.935
       10431.991      19864.2      141.431       19864.186
       10433.077      19721.5      140.877       19721.520
       10434.163      19662.0      140.356       19662.011
       10435.249      19680.4      140.489       19680.413
       10436.335      19631.1      139.712       19631.071
       10437.421      19851.9      141.060       19851.898
       10438.507      19886.8      141.145       19886.778
       10439.593      19731.8      140.746       19731.845
       10440.679      19390.8      139.390       19390.805
       10441.765      19655.6      140.039       19655.644
       10442.851      19851.6      141.219       19851.602
       10443.937      19630.1      140.458       19630.109
       10445.023      19211.2      138.922       19211.221
       10446.109      19694.9      140.544       19694.857
       10447.195      19659.8      140.244       19659.753
       10448.281      19738.2      140.729       19738.232
       10449.367      19529.2      139.938       19529.234
       10450.452      19462.7      139.791       19462.701
       10451.538      19805.0      141.247       19805.014
       10452.624      19789.1      141.320       19789.094
       10453.710      19662.6      140.868       19662.601
       10454.796      19747.2      141.150       19747.158
       10455.882      19519.5      140.183       19519.518
       10456.968      19143.6      138.714       19143.623
       10458.054      18834.4      137.620       18834.421
       10459.140      19398.1      139.553       19398.123
       10460.226      19385.7      139.697       19385.688
       10461.312      19235.4      139.087       19235.408
       10462.398      19244.5      139.238       19244.465
       10463.484      19271.3      139.338       19271.322
       10464.570      19615.7      140.417       19615.709
       10465.656      19769.8      141.172       19769.779
       10466.742      19649.7      140.738       19649.692
       10467.828      19670.5      140.589       19670.518
       10468.914      19619.5      140.448       19619.535
       10470.000      19377.1      140.065       19377.125
       10471.086      19609.6      141.038       19609.637
       10472.172      19505.2      140.743       19505.226
       10473.258      19189.8      139.306       19189.834
       10474.344      19335.6      139.622       19335.640
       10475.430      19437.1      139.742       19437.111
       10476.516      19559.0      140.238       19558.964
       10477.602      19586.8      140.097       19586.820
       10478.688      19580.9      140.363       19580.905
       10479.774      19710.2      140.552       19710.211
       10480.860      19567.3      140.274       19567.337
       10481.946      19431.7      139.499       19431.711
       10483.032      19275.2      137.975       19275.225
       10484.118      19509.8      140.027       19509.816
       10485.204      19563.5      140.137       19563.522
       10486.290      19601.5      139.893       19601.509
       10487.376      19426.8      139.535       19426.842
       10488.462      19403.9      139.276       19403.932
       10489.548      19325.5      139.204       19325.512
       10490.633      19499.7      139.884       19499.710
       10491.719      19574.2      140.188       19574.241
       10492.805      19398.2      139.474       19398.183
       10493.891      19340.2      139.280       19340.173
       10494.977      19358.0      139.224       19358.022
       10496.063      19268.6      139.182       19268.569
       10497.149      19349.2      139.286       19349.151
       10498.235      19314.1      139.165       19314.096
       10499.321      19376.9      139.302       19376.866
       10500.407      19328.9      139.293       19328.899
       10501.493      19345.0      139.403       19344.951
       10502.579      19341.4      139.451       19341.408
       10503.665      19275.9      139.065       19275.935
       10504.751      19273.2      139.093       19273.205
       10505.837      19122.9      138.501       19122.870
       10506.923      19237.4      138.907       19237.440
       10508.009      19249.7      139.074       19249.690
       10509.095      19448.4      139.800       19448.439
       10510.181      19439.1      139.902       19439.062
       10511.267      19322.6      139.608       19322.645
       10512.353      19471.8      140.103       19471.798
       10513.439      19477.9      140.044       19477.928
       10514.525      19201.5      139.090       19201.462
       10515.611      18420.8      136.273       18420.759
       10516.697      18768.3      137.380       18768.257
       10517.783      19232.6      138.277       19232.635
       10518.869      19316.0      137.684       19315.966
       10519.955      19187.2      138.917       19187.150
       10521.041      19271.5      139.269       19271.461
       10522.127      19122.2      138.737       19122.223
       10523.213      19199.7      138.953       19199.729
       10524.299      19234.7      138.963       19234.671
       10525.385      19218.8      139.153       19218.824
       10526.471      19420.7      140.131       19420.653
       10527.557      19185.0      139.173       19184.957
       10528.643      19123.7      138.981       19123.668
       10529.729      19182.7      138.865       19182.700
       10530.814      19017.3      138.352       19017.327
       10531.900      19284.4      139.152       19284.429
       10532.986      19050.7      138.328       19050.711
       10534.072      18872.6      137.555       18872.646
       10535.158      18969.7      137.982       18969.664
       10536.244      19242.8      139.110       19242.795
       10537.330      19079.8      138.200       19079.802
       10538.416      19224.8      138.966       19224.848
       10539.502      19258.1      138.970       19258.054
       10540.588      19250.6      138.948       19250.604
       10541.674      19063.0      138.246       19063.034
       10542.760      18983.0      138.038       18983.025
       10543.846      19102.0      138.521       19102.045
       10544.932      19149.4      141.612       19149.352
       10546.018      19142.6      138.522       19142.635
       10547.104      19233.2      139.020       19233.208
       10548.190      19284.9      139.179       19284.941
       10549.276      19072.4      135.152       19072.375
       10550.362      19275.0      139.018       19275.010
       10551.448      19243.3      138.887       19243.314
       10552.534      19368.5      139.510       19368.464
       10553.620      19403.7      139.587       19403.710
       10554.706      19261.8      139.107       19261.764
       10555.792      19143.1      138.656       19143.132
       10556.878      19135.1      138.676       19135.126
       10557.964      19311.3      139.274       19311.282
       10559.050      19339.8      139.267       19339.812
       10560.136      19345.8      139.120       19345.750
       10561.222      19119.1      138.391       19119.128
       10562.308      19181.5      138.810       19181.549
       10563.394      19347.8      139.395       19347.833
       10564.480      19366.7      139.538       19366.724
       10565.566      19448.7      139.801       19448.679
       10566.652      19379.0      139.491       19378.964
       10567.738      19270.5      139.065       19270.531
       10568.824      19422.0      139.640       19421.991
       10569.910      19411.1      138.861       19411.149
       10570.995      19297.5      139.293       19297.456
       10572.081      19372.0      139.491       19372.011
       10573.167      19352.3      139.531       19352.263
       10574.253      19355.4      139.551       19355.408
       10575.339      19331.9      139.542       19331.897
       10576.425      19511.2      140.255       19511.161
       10577.511      19589.7      140.421       19589.717
       10578.597      19484.7      139.908       19484.716
       10579.683      19405.9      139.529       19405.890
       10580.769      19395.0      139.648       19394.960
       10581.855      19372.3      139.524       19372.302
       10582.941      19316.3      139.382       19316.257
       10584.027      19349.6      139.438       19349.626
       10585.113      19237.6      139.014       19237.647
       10586.199      19068.8      138.677       19068.794
       10587.285      19022.4      138.465       19022.415
       10588.371      19204.2      139.086       19204.215
       10589.457      19185.3      139.154       19185.263
       10590.543      19188.2      139.021       19188.235
       10591.629      19537.7      140.170       19537.748
       10592.715      19441.0      139.787       19441.026
       10593.801      19523.1      139.939       19523.071
       10594.887      19605.5      140.393       19605.469
       10595.973      19592.8      140.386       19592.835
       10597.059      19554.2      140.265       19554.246
       10598.145      19454.9      139.783       19454.939
       10599.231      19520.4      140.092       19520.409
       10600.317      19646.7      140.588       19646.741
       10601.403      19479.0      140.013       19478.986
       10602.489      19307.4      139.383       19307.442
       10603.575      19497.9      140.131       19497.929
       10604.661      19383.7      139.588       19383.710
       10605.747      19366.3      139.607       19366.258
       10606.833      19389.6      139.610       19389.623
       10607.919      19417.0      139.669       19417.017
       10609.005      19548.3      139.976       19548.262
       10610.090      19551.2      140.205       19551.227
       10611.176      19383.4      139.605       19383.385
       10612.262      19469.6      139.901       19469.613
       10613.348      19331.4      139.415       19331.365
       10614.434      19167.2      138.805       19167.234
       10615.520      19226.1      139.000       19226.055
       10616.606      19435.0      139.548       19434.967
       10617.692      19518.3      139.740       19518.269
       10618.778      19387.3      139.462       19387.257
       10619.864      19308.7      139.197       19308.694
       10620.950      19468.6      139.863       19468.565
       10622.036      19604.2      140.354       19604.213
       10623.122      19545.5      140.076       19545.517
       10624.208      18720.8      126.322       18720.850
       10625.294      18015.9      134.607       18015.950
       10626.380      18824.1      137.551       18824.064
       10627.466      19481.3      139.966       19481.294
       10628.552      19486.8      140.076       19486.821
       10629.638      19528.1      140.191       19528.074
       10630.724      19527.9      140.024       19527.944
       10631.810      19395.0      139.491       19395.011
       10632.896      19297.9      139.127       19297.900
       10633.982      19427.0      139.312       19427.023
       10635.068      19377.4      139.526       19377.399
       10636.154      19456.5      139.869       19456.530
       10637.240      19166.9      138.602       19166.867
       10638.326      19275.1      139.026       19275.143
       10639.412      19169.5      138.422       19169.535
       10640.498      18858.6      137.535       18858.648
       10641.584      19078.8      138.221       19078.785
       10642.670      19322.9      139.134       19322.913
       10643.756      19247.2      138.910       19247.243
       10644.842      19240.8      139.046       19240.822
       10645.928      19154.6      138.712       19154.566
       10647.014      19153.8      138.944       19153.762
       10648.100      19056.6      138.288       19056.565
       10649.186      19157.1      138.737       19157.115
       10650.271      19204.3      138.876       19204.267
       10651.357      19160.8      138.801       19160.826
       10652.443      19093.3      138.409       19093.301
       10653.529      19068.3      138.620       19068.314
       10654.615      19070.7      138.498       19070.732
       10655.701      18997.8      138.006       18997.817
       10656.787      18889.5      137.358       18889.489
       10657.873      18836.5      137.799       18836.536
       10658.959      18945.1      137.932       18945.055
       10660.045      18846.8      137.683       18846.828
       10661.131      18765.2      137.289       18765.239
       10662.217      18892.6      137.900       18892.556
       10663.303      18924.4      137.864       18924.396
       10664.389      18691.4      137.375       18691.413
       10665.475      18909.6      137.886       18909.584
       10666.561      18778.2      137.503       18778.228
       10667.647      18866.5      137.634       18866.477
       10668.733      18609.8      136.737       18609.757
       10669.819      18698.4      136.993       18698.389
       10670.905      18620.5      136.727       18620.515
       10671.991      18350.4      135.694       18350.360
       10673.077      17979.6      134.370       17979.594
       10674.163      18435.4      136.194       18435.381
       10675.249      18633.2      136.917       18633.217
       10676.335      18563.2      136.295       18563.206
       10677.421      18663.9      136.851       18663.926
       10678.507      18530.2      136.390       18530.225
       10679.593      18492.2      136.446       18492.247
       10680.679      18086.8      134.739       18086.847
       10681.765      18364.1      136.236       18364.070
       10682.851      18501.3      136.244       18501.329
       10683.937      18102.5      135.019       18102.467
       10685.023      17588.2      132.930       17588.246
       10686.109      17436.3      132.514       17436.323
       10687.195      17638.8      133.309       17638.763
       10688.281      17850.8      133.765       17850.830
       10689.367      18176.5      135.281       18176.462
       10690.452      18175.9      135.317       18175.860
       10691.538      17877.0      134.016       17877.044
       10692.624      17235.0      131.739       17234.998
       10693.710      17019.0      130.718       17018.981
       10694.796      17386.0      132.283       17385.956
       10695.882      17862.3      133.238       17862.259
       10696.968      18128.5      134.987       18128.549
       10698.054      17952.6      134.335       17952.557
       10699.140      17905.6      134.154       17905.567
       10700.226      18084.9      134.779       18084.865
       10701.312      17996.0      134.612       17996.036
       10702.398      17939.4      134.286       17939.380
       10703.484      18075.1      135.796       18075.111
       10704.570      18018.7      134.452       18018.650
       10705.656      17802.3      133.897       17802.340
       10706.742      17818.2      133.817       17818.222
       10707.828      17641.7      133.157       17641.718
       10708.914      17448.5      132.316       17448.489
       10710.000      17334.5      132.053       17334.515
       10711.086      17552.5      132.911       17552.452
       10712.172      17651.5      133.511       17651.477
       10713.258      17768.1      133.873       17768.080
       10714.344      17821.4      134.134       17821.396
       10715.430      17551.2      132.808       17551.194
       10716.516      17402.2      132.408       17402.233
       10717.602      17594.1      133.037       17594.069
       10718.688      17280.1      131.819       17280.076
       10719.774      17025.3      130.883       17025.263
       10720.860      17516.9      132.938       17516.853
       10721.946      17361.8      132.488       17361.753
       10723.032      17253.0      131.940       17253.030
       10724.118      17684.1      133.394       17684.124
       10725.204      17360.0      132.351       17360.049
       10726.290      17392.9      132.274       17392.917
       10727.376      17491.9      132.636       17491.935
       10728.462      17400.9      132.352       17400.921
       10729.548      17383.8      132.775       17383.792
       10730.633      17044.5      131.403       17044.542
       10731.719      17011.4      131.421       17011.432
       10732.805      17059.6      131.510       17059.616
       10733.891      17347.7      132.264       17347.739
       10734.977      17457.2      132.347       17457.192
       10736.063      17446.7      132.371       17446.668
       10737.149      17330.3      131.967       17330.316
       10738.235      17183.8      131.450       17183.815
       10739.321      17241.9      131.554       17241.901
       10740.407      17186.2      131.637       17186.237
       10741.493      17188.2      131.570       17188.241
       10742.579      17220.6      131.717       17220.621
       10743.665      16893.5      130.569       16893.490
       10744.751      17099.9      131.496       17099.927
       10745.837      17000.6      131.115       17000.576
       10746.923      17133.5      131.704       17133.529
       10748.009      17075.6      131.240       17075.581
       10749.095      16843.2      130.307       16843.230
       10750.181      17027.5      130.965       17027.505
       10751.267      16925.2      130.881       16925.156
       10752.353      16941.1      131.190       16941.140
       10753.439      16934.3      131.359       16934.314
       10754.525      16956.7      131.174       16956.656
       10755.611      17025.0      131.352       17025.011
       10756.697      16874.1      130.435       16874.139
       10757.783      16868.6      130.325       16868.566
       10758.869      16845.7      130.106       16845.672
       10759.955      16938.1      130.446       16938.135
       10761.041      16920.5      130.586       16920.550
       10762.127      16859.7      130.425       16859.677
       10763.213      16997.6         -NaN       16997.575
       10764.299      16951.0      130.545       16950.960
       10765.385      16900.0      130.401       16899.953
       10766.471      16899.1      130.318       16899.082
       10767.557      17115.0      131.588       17114.952
       10768.643      16871.2      130.191       16871.185
       10769.729      16961.4      129.633       16961.445
       10770.814      16920.7      130.206       16920.729
       10771.900      16737.0      129.606       16737.047
       10772.986      16863.6      130.516       16863.611
       10774.072      16748.0      129.723       16747.961
       10775.158      16874.2      130.499       16874.246
       10776.244      17015.6      130.660       17015.558
       10777.330      16837.2      130.048       16837.222
       10778.416      16814.0      129.531       16813.976
       10779.502      16960.7      130.436       16960.740
       10780.588      17032.8      131.834       17032.822
       10781.674      16929.6      130.217       16929.627
       10782.760      16998.7      130.468       16998.662
       10783.846      17039.9      130.675       17039.872
       10784.932      16981.3      130.690       16981.302
       10786.018      17016.5      131.005       17016.452
       10787.104      17146.1      131.217       17146.061
       10788.190      17201.8      131.454       17201.760
       10789.276      17261.3      131.239       17261.279
       10790.362      17108.1      131.103       17108.134
       10791.448      17241.4      131.034       17241.385
       10792.534      17304.5      131.816       17304.513
       10793.620      17102.2      130.748       17102.190
       10794.706      17166.8      131.196       17166.825
       10795.792      17216.1      128.407       17216.131
       10796.878      17363.0      131.666       17363.019
       10797.964      17342.5      131.793       17342.540
       10799.050      17235.4      131.461       17235.426
       10800.136      17261.1      131.539       17261.115
       10801.222      17060.4      131.108       17060.370
       10802.308      17283.9      131.834       17283.860
       10803.394      17300.2      131.999       17300.176
       10804.480      17493.3      132.635       17493.306
       10805.566      17028.2      132.289       17028.216
       10806.652      17254.9      131.845       17254.874
       10807.738      17407.4      132.227       17407.450
       10808.824      17237.6      131.640       17237.575
       10809.910      17459.4      132.323       17459.357
       10810.995      17263.0      132.095       17263.006
       10812.081      17229.1      131.260       17229.106
       10813.167      17425.8      132.233       17425.770
       10814.253      17389.6      132.256       17389.599
       10815.339      17454.7      132.335       17454.685
       10816.425      17482.7      132.485       17482.743
       10817.511      17279.2      131.781       17279.180
       10818.597      17465.1      132.482       17465.149
       10819.683      17609.4      132.975       17609.373
       10820.769      17287.7      132.019       17287.655
       10821.855      17352.1      131.914       17352.069
       10822.941      17389.3      131.973       17389.263
       10824.027      17403.4      131.112       17403.443
       10825.113      17462.0      132.642       17462.014
       10826.199      17643.3      133.081       17643.263
       10827.285      17676.7      133.150       17676.728
       10828.371      17508.8      135.181       17508.833
       10829.457      17269.6      131.789       17269.635
       10830.543      17515.9      132.909       17515.907
       10831.629      17678.9      134.407       17678.852
       10832.715      17559.7      134.440       17559.651
       10833.801      17135.8      132.898       17135.758
       10834.887      17199.5      132.770       17199.498
       10835.973      17367.9      133.161       17367.932
       10837.059      17429.4      132.304       17429.396
       10838.145      17562.3      132.928       17562.326
       10839.231      17532.9      132.658       17532.933
       10840.317      17689.1      133.412       17689.065
       10841.403      17671.1      133.261       17671.071
       10842.489      17619.0      133.519       17619.023
       10843.575      17665.6      133.819       17665.557
       10844.661      17801.8      134.318       17801.813
       10845.747      17559.0      133.260       17558.972
       10846.833      17668.3      133.554       17668.304
       10847.919      17616.7      132.590       17616.683
       10849.005      17428.3      132.323       17428.346
       10850.090      17381.3      132.006       17381.295
       10851.176      17564.4      132.949       17564.429
       10852.262      17451.1      132.536       17451.120
       10853.348      17553.6      132.931       17553.584
       10854.434      17468.2      132.423       17468.216
       10855.520      17452.0      131.830       17451.994
       10856.606      17591.9      133.103       17591.910
       10857.692      17576.6      133.120       17576.614
       10858.778      17436.2      132.497       17436.211
       10859.864      17646.7      133.303       17646.683
       10860.950      16245.7      127.995       16245.745
       10862.036      16914.2      130.490       16914.214
       10863.122      17242.0      131.657       17242.041
       10864.208      17199.3      131.419       17199.289
       10865.294      17425.5      132.415       17425.476
       10866.380      17243.8      131.559       17243.776
       10867.466      17369.1      132.157       17369.123
       10868.552      17285.0      131.616       17284.980
       10869.638      17452.7      132.325       17452.655
       10870.724      17181.8      131.444       17181.797
       10871.810      17190.1      131.357       17190.115
       10872.896      17390.3      132.051       17390.341
       10873.982      17392.2      132.096       17392.197
       10875.068      17464.2      132.551       17464.246
       10876.154      16780.1      129.858       16780.116
       10877.240      16280.7      128.143       16280.687
       10878.326      16876.2      130.303       16876.169
       10879.412      17289.3      132.035       17289.325
       10880.498      16923.5      130.436       16923.496
       10881.584      16696.7      129.326       16696.739
       10882.670      16928.2      130.157       16928.246
       10883.756      17060.2      130.905       17060.244
       10884.842      17028.9      130.741       17028.858
       10885.928      16967.7      130.702       16967.684
       10887.014      17027.4      130.704       17027.448
       10888.100      16882.8      130.265       16882.763
       10889.186      16876.8      130.267       16876.759
       10890.271      16940.3      130.359       16940.335
       10891.357      16839.7      129.752       16839.654
       10892.443      16759.5      129.830       16759.540
       10893.529      16658.6      129.257       16658.570
       10894.615      16690.2      129.757       16690.159
       10895.701      16669.4      129.423       16669.410
       10896.787      16696.6      129.953       16696.570
       10897.873      16614.3      129.495       16614.279
       10898.959      16604.1      129.489       16604.071
       10900.045      16630.6      129.457       16630.611
       10901.131      16446.5      128.903       16446.451
       10902.217      16303.6      127.654       16303.643
       10903.303      16107.2      127.027       16107.241
       10904.389      16172.9      127.414       16172.889
       10905.475      16238.6      127.772       16238.579
       10906.561      16210.5      127.547       16210.498
       10907.647      16068.6      126.894       16068.558
       10908.733      16165.5      127.437       16165.498
       10909.819      16201.4      127.404       16201.443
       10910.905      15992.0      125.925       15991.972
       10911.991      16016.8      126.554       16016.824
       10913.077      15827.1      125.956       15827.105
       10914.163      15624.0      125.132       15623.980
       10915.249      15492.4      124.579       15492.444
       10916.335      14464.3      120.599       14464.326
       10917.421      13999.7      118.259       13999.674
       10918.507      14971.5      122.402       14971.505
       10919.593      15058.2      122.743       15058.183
       10920.679      15026.2      122.681       15026.196
       10921.765      15137.2      123.291       15137.219
       10922.851      14850.3      122.067       14850.326
       10923.937      14555.4      121.465       14555.409
       10925.023      14150.5      120.223       14150.460
       10926.109      13755.2      118.569       13755.183
       10927.195      13940.5      119.602       13940.451
       10928.281      13921.7      118.911       13921.696
       10929.367      13878.7      105.897       13878.732
       10930.452      13720.2      117.172       13720.160
       10931.538      13580.1      116.696       13580.070
       10932.624      13153.5      114.601       13153.540
       10933.710      12838.1      113.293       12838.099
       10934.796      12446.1      111.367       12446.057
       10935.882      12214.0      110.565       12214.035
       10936.968      11734.5      108.417       11734.463
       10938.054      11184.2      107.987       11184.238
       10939.140      10224.7      100.747       10224.651
       10940.226      9097.23      95.2808       9097.2284
       10941.312      9039.79      95.0960       9039.7932
       10942.398      9809.81      99.1814       9809.8121
       10943.484      10636.4      103.339       10636.391
       10944.570      11216.7      106.020       11216.682
       10945.656      11788.2      108.731       11788.176
       10946.742      11983.0      109.562       11983.049
       10947.828      12284.3      110.983       12284.325
       10948.914      12833.5      113.609       12833.464
       10950.000      13019.3      114.671       13019.318
       10951.086      13328.8      116.270       13328.775
       10952.172      13671.6      117.754       13671.603
       10953.258      13695.3      117.502       13695.297
       10954.344      13784.4      117.621       13784.387
       10955.430      13865.3      118.272       13865.335
       10956.516      14164.3      118.341       14164.259
       10957.602      14015.4      118.619       14015.409
       10958.688      14068.3      118.486       14068.267
       10959.774      14256.4      119.655       14256.366
       10960.860      14465.8      120.488       14465.782
       10961.946      14570.8      121.235       14570.750
       10963.032      14620.6      119.497       14620.553
       10964.118      14785.8      121.663       14785.766
       10965.204      15090.9      122.848       15090.938
       10966.290      15052.4      123.232       15052.392
       10967.376      15066.1      123.171       15066.133
       10968.462      15327.6      124.097       15327.560
       10969.548      15348.0      123.578       15348.023
       10970.633      15494.4      124.544       15494.360
       10971.719      15481.2      124.639       15481.151
       10972.805      15514.9      125.497       15514.900
       10973.891      15059.0      124.331       15059.012
       10974.977      15203.7      125.253       15203.718
       10976.063      15421.9      125.945       15421.902
       10977.149      15485.8      125.877       15485.833
       10978.235      15362.1      124.429       15362.079
       10979.321      15573.5      125.212       15573.518
       10980.407      15515.1      124.766       15515.067
       10981.493      15404.8      124.578       15404.765
       10982.579      15532.9      125.063       15532.866
       10983.665      15700.9      125.710       15700.915
       10984.751      15725.4      125.987       15725.405
       10985.837      15595.2      125.307       15595.189
       10986.923      15618.8      125.107       15618.836
       10988.009      15690.7      125.650       15690.708
       10989.095      15608.3      125.229       15608.264
       10990.181      15749.0      125.782       15748.965
       10991.267      15756.9      125.606       15756.904
       10992.353      15864.9      126.301       15864.870
       10993.439      15622.5      124.958       15622.509
       10994.525      15526.1      124.820       15526.097
       10995.611      15185.5      123.285       15185.544
       10996.697      15216.9      123.822       15216.906
       10997.783      15526.0      124.846       15525.986
       10998.869      15441.7      124.521       15441.684
       10999.955      15836.0      126.044       15835.957
       11001.041      15839.9      126.053       15839.921
       11002.127      15886.0      126.125       15885.958
       11003.213      15820.7      125.976       15820.654
       11004.299      15664.9      125.398       15664.882
       11005.385      15762.2      125.882       15762.226
       11006.471      15850.2      126.259       15850.193
       11007.557      16071.3      127.614       16071.279
       11008.643      15646.6      125.911       15646.640
       11009.729      15336.1      124.601       15336.059
       11010.814      15806.5      126.442       15806.535
       11011.900      16057.8      127.234       16057.784
       11012.986      16265.1      127.921       16265.104
       11014.072      16069.8      126.981       16069.840
       11015.158      16154.9      127.162       16154.923
       11016.244      15889.1      126.401       15889.085
       11017.330      15993.0      126.653       15992.951
       11018.416      15591.3      117.602       15591.278
       11019.502      15437.6      124.336       15437.614
       11020.588      15782.3      126.037       15782.290
       11021.674      15859.9      126.243       15859.890
       11022.760      16058.2      126.802       16058.156
       11023.846      16115.7      127.076       16115.662
       11024.932      15733.0      125.694       15732.972
       11026.018      15897.4      126.320       15897.421
       11027.104      15916.5      126.778       15916.531
       11028.190      16254.4      128.491       16254.437
       11029.276      15976.3      127.896       15976.304
       11030.362      15931.4      127.592       15931.364
       11031.448      15902.3      127.312       15902.301
       11032.534      16041.2      127.229       16041.160
       11033.620      16014.7      128.221       16014.710
       11034.706      16104.1      126.983       16104.078
       11035.792      16238.1      127.740       16238.123
       11036.878      16422.2      127.975       16422.165
       11037.964      16448.0      128.017       16447.974
       11039.050      16260.1      127.819       16260.089
       11040.136      16086.5      127.048       16086.534
       11041.222      15886.6      126.755       15886.635
       11042.308      15697.0      125.629       15697.020
       11043.394      15662.9      125.968       15662.882
       11044.480      15836.8      126.133       15836.793
       11045.566      16063.2      126.693       16063.224
       11046.652      16360.9      128.170       16360.859
       11047.738      16053.7      126.856       16053.655
       11048.824      16287.3      127.801       16287.316
       11049.910      16249.5      127.691       16249.476
       11050.995      16459.6      128.778       16459.583
       11052.081      16216.8      127.784       16216.798
       11053.167      16199.8      127.710       16199.773
       11054.253      16172.2      127.521       16172.207
       11055.339      15986.5      126.474       15986.543
       11056.425      15956.3      125.066       15956.279
       11057.511      16184.6      126.737       16184.641
       11058.597      16021.9      126.441       16021.930
       11059.683      15666.7      124.785       15666.652
       11060.769      15722.0      125.173       15722.019
       11061.855      15561.9      124.991       15561.878
       11062.941      15600.8      125.668       15600.797
       11064.027      15559.4      125.197       15559.447
       11065.113      15682.0      125.237       15681.976
       11066.199      15697.7      125.637       15697.657
       11067.285      15879.4      126.191       15879.411
       11068.371      16180.7      127.288       16180.678
       11069.457      16491.5      128.720       16491.513
       11070.543      16409.9      128.490       16409.942
       11071.629      16317.7      128.317       16317.659
       11072.715      16118.9      127.628       16118.856
       11073.801      16366.4      128.750       16366.396
       11074.887      16242.9      127.726       16242.907
       11075.973      16173.4      127.274       16173.437
       11077.059      16146.5      127.181       16146.494
       11078.145      15837.9      126.076       15837.895
       11079.231      15726.3      126.185       15726.308
       11080.317      15739.9      125.844       15739.947
       11081.403      15684.5      125.462       15684.462
       11082.489      15784.3      125.662       15784.292
       11083.575      15891.7      126.148       15891.728
       11084.661      15705.8      125.606       15705.845
       11085.747      15455.3      124.556       15455.299
       11086.833      15447.7      124.504       15447.675
       11087.919      15800.7      126.516       15800.660
       11089.005      15863.5      126.871       15863.505
       11090.090      15903.3      127.162       15903.258
       11091.176      16009.7      127.385       16009.704
       11092.262      15829.7      126.404       15829.695
       11093.348      15680.2      125.766       15680.213
       11094.434      15929.6      126.911       15929.569
       11095.520      16052.8      126.672       16052.789
       11096.606      15720.8      125.398       15720.835
       11097.692      15780.6      125.766       15780.560
       11098.778      15823.9      126.246       15823.929
       11099.864      15816.8      125.928       15816.834
       11100.950      16123.4      127.024       16123.411
       11102.036      16031.8      126.536       16031.788
       11103.122      15891.3      126.308       15891.253
       11104.208      15114.0      123.025       15113.969
       11105.294      14567.8      120.624       14567.780
       11106.380      14972.5      122.439       14972.497
       11107.466      15085.1      122.993       15085.069
       11108.552      15036.9      122.784       15036.900
       11109.638      15291.0      123.794       15290.995
       11110.724      15226.1      123.705       15226.089
       11111.810      14004.9      118.170       14004.883
       11112.896      14279.0      115.772       14278.975
       11113.982      14163.3      123.638       14163.317
       11115.068      14434.9      119.702       14434.865
       11116.154      15181.6      122.926       15181.615
       11117.240      15710.0      125.191       15709.971
       11118.326      15892.1      125.870       15892.130
       11119.412      15763.0      125.992       15762.974
       11120.498      15574.2      124.859       15574.214
       11121.584      15351.0      124.385       15351.039
       11122.670      15302.6      123.667       15302.592
       11123.756      15151.3      122.873       15151.311
       11124.842      15099.1      122.661       15099.082
       11125.928      15307.2      125.197       15307.198
       11127.014      15373.6      124.194       15373.602
       11128.100      14549.8      120.697       14549.837
       11129.186      13766.8      117.505       13766.835
       11130.271      13317.3      116.751       13317.308
       11131.357      13101.7      114.541       13101.681
       11132.443      13159.9      114.738       13159.941
       11133.529      13796.4      117.961       13796.427
       11134.615      14162.7      119.145       14162.676
       11135.701      13725.2      117.490       13725.152
       11136.787      13170.8      115.055       13170.831
       11137.873      13061.7      114.654       13061.689
       11138.959      13553.6      116.883       13553.593
       11140.045      14474.2      120.791       14474.239
       11141.131      14592.3      120.915       14592.330
       11142.217      14732.8      121.505       14732.775
       11143.303      14886.4      122.515       14886.433
       11144.389      14764.8      121.785       14764.777
       11145.475      14804.8      121.769       14804.763
       11146.561      14324.2      119.859       14324.236
       11147.647      14351.1      120.060       14351.120
       11148.733      13838.0      117.834       13838.025
       11149.819      11745.0      108.623       11745.003
       11150.905      10308.2      101.299       10308.154
       11151.991      11393.1      106.854       11393.091
       11153.077      12352.6      111.555       12352.619
       11154.163      12701.0      112.895       12701.045
       11155.249      13368.6      116.061       13368.647
       11156.335      13665.9      117.188       13665.891
       11157.421      13467.6      116.375       13467.625
       11158.507      13424.7      116.501       13424.741
       11159.593      13622.5      116.853       13622.510
       11160.679      13035.8      114.355       13035.847
       11161.765      11898.5      109.349       11898.454
       11162.851      10573.4      102.339       10573.377
       11163.937      9446.64      97.5024       9446.6353
       11165.023      8676.75      92.8683       8676.7515
       11166.109      9000.87      94.9950       9000.8713
       11167.195      9434.67      97.3408       9434.6651
       11168.281      10542.6      103.196       10542.588
       11169.367      11939.0      109.606       11938.989
       11170.452      11962.3      109.586       11962.268
       11171.538      10813.9      103.859       10813.854
       11172.624      10207.6      101.131       10207.555
       11173.710      9886.93      99.4121       9886.9337
       11174.796      10494.8      102.768       10494.760
       11175.882      11886.2      110.059       11886.215
       11176.968      12860.0      113.885       12859.965
       11178.054      12886.6      113.404       12886.590
       11179.140      12520.7      111.782       12520.671
       11180.226      12125.8      110.530       12125.778
       11181.312      11291.7      105.579       11291.749
       11182.398      9948.58      100.122       9948.5845
       11183.484      9874.79      99.8454       9874.7930
       11184.570      11072.3      105.354       11072.349
       11185.656      11932.1      109.435       11932.109
       11186.742      11361.6      106.716       11361.647
       11187.828      9607.75      98.1843       9607.7485
       11188.914      8631.71      92.7591       8631.7073
       11190.000      8956.49      94.8607       8956.4868
       11191.086      8848.54      93.9738       8848.5391
       11192.172      8367.82      91.5596       8367.8203
       11193.258      8232.87      93.2127       8232.8709
       11194.344      9239.97      96.2159       9239.9673
       11195.430      10455.4      102.324       10455.388
       11196.516      10822.8      104.075       10822.770
       11197.602      10412.7      102.021       10412.694
       11198.688      9203.82      96.5906       9203.8243
       11199.774      8910.28      95.4521       8910.2789
       11200.860      9027.71      95.1407       9027.7071
       11201.946      7876.51      89.0114       7876.5095
       11203.032      6935.53      84.0810       6935.5291
       11204.118      8030.40      90.0274       8030.4039
       11205.204      9351.31      96.8473       9351.3121
       11206.290      9791.46      99.1543       9791.4604
       11207.376      9743.42      98.7859       9743.4171
       11208.462      9784.03      98.9403       9784.0303
       11209.548      9663.93      98.3034       9663.9298
       11210.633      9154.03      95.9861       9154.0275
       11211.719      7724.26      87.4519       7724.2625
       11212.805      6912.49      83.3543       6912.4937
       11213.891      7570.67      87.4576       7570.6689
       11214.977      8530.29      91.0464       8530.2879
       11216.063      8523.93      92.3094       8523.9265
       11217.149      7410.74      86.1978       7410.7393
       11218.235      5795.74      76.9911       5795.7390
       11219.321      5417.30      71.5246       5417.3032
       11220.407      6253.15      77.3713       6253.1456
       11221.493      6305.37      79.4195       6305.3689
       11222.579      5178.25      70.8837       5178.2503
       11223.665      4760.11      68.6842       4760.1125
       11224.751      4994.04      69.9322       4994.0419
       11225.837      4812.85      68.9232       4812.8493
       11226.923      5006.47      69.4990       5006.4691
       11228.009      6028.84      78.2735       6028.8443
       11229.095      7015.10      83.6208       7015.0984
       11230.181      7397.26      85.8679       7397.2633
       11231.267      7396.45      86.5082       7396.4467
       11232.353      7086.53      83.8770       7086.5276
       11233.439      6353.61      79.4494       6353.6068
       11234.525      4977.20      70.7425       4977.2016
       11235.611      3784.11      61.5105       3784.1134
       11236.697      3789.02      60.7437       3789.0210
       11237.783      4819.68      67.2706       4819.6757
       11238.869      5977.97      77.2349       5977.9708
       11239.955          NaN      3.84332             NaN
