       9750.0000         -NaN         -NaN             NaN
       9751.0860      7946.12      92.0292       7946.1217
       9752.1719      8072.92      92.8656       8072.9158
       9753.2579      8597.35      95.5452       8597.3453
       9754.3439      8663.26      96.1148       8663.2626
       9755.4299      8545.64      95.5532       8545.6359
       9756.5158      8581.53      95.9384       8581.5269
       9757.6018      8749.95      96.6630       8749.9481
       9758.6878      8669.28      96.1707       8669.2846
       9759.7738      8443.24      95.0301       8443.2409
       9760.8597      8841.22      97.2282       8841.2206
       9761.9457      9257.62      99.1782       9257.6207
       9763.0317      9291.01      99.4116       9291.0105
       9764.1176      9083.81      98.5704       9083.8072
       9765.2036      8927.09      97.6302       8927.0934
       9766.2896      9137.37      98.7323       9137.3736
       9767.3756      9374.69      100.107       9374.6943
       9768.4615      9392.50      100.081       9392.5040
       9769.5475      9406.62      100.022       9406.6160
       9770.6335      10005.3      102.891       10005.344
       9771.7195      10153.9      103.583       10153.917
       9772.8054      10229.3      104.094       10229.266
       9773.8914      10214.6      104.089       10214.588
       9774.9774      10064.0      103.248       10064.005
       9776.0633      10067.1      103.303       10067.148
       9777.1493      10093.9      103.366       10093.924
       9778.2353      10027.8      102.998       10027.771
       9779.3213      10137.3      103.612       10137.273
       9780.4072      10244.9      104.211       10244.905
       9781.4932      10242.4      104.275       10242.374
       9782.5792      10100.7      103.533       10100.734
       9783.6652      9847.84      102.252       9847.8395
       9784.7511      9836.37      102.235       9836.3723
       9785.8371      10280.9      104.246       10280.929
       9786.9231      10560.0      105.502       10559.969
       9788.0090      10508.4      105.696       10508.402
       9789.0950      10541.2      105.904       10541.205
       9790.1810      10729.7      106.803       10729.749
       9791.2670      10708.4      106.623       10708.375
       9792.3529      10637.0      106.427       10636.999
       9793.4389      10460.1      105.831       10460.117
       9794.5249      10189.0      104.371       10188.974
       9795.6109      10430.5      105.415       10430.473
       9796.6968      10748.5      106.879       10748.531
       9797.7828      10930.3      107.615       10930.333
       9798.8688      11199.5      108.876       11199.501
       9799.9548      11097.9      108.418       11097.901
       9801.0407      10830.8      107.144       10830.814
       9802.1267      10767.5      107.036       10767.519
       9803.2127      10650.4      106.626       10650.432
       9804.2986      10580.8      106.275       10580.787
       9805.3846      10674.6      106.613       10674.569
       9806.4706      11072.2      108.358       11072.171
       9807.5566      11479.2      110.168       11479.206
       9808.6425      11434.1      110.071       11434.082
       9809.7285      11568.5      110.863       11568.490
       9810.8145      11519.3      110.536       11519.255
       9811.9005      11499.2      110.512       11499.247
       9812.9864      11476.4      110.432       11476.385
       9814.0724      11640.9      111.192       11640.922
       9815.1584      11411.4      110.049       11411.444
       9816.2443      11367.8      109.609       11367.755
       9817.3303      11335.0      109.512       11335.026
       9818.4163      11391.2      109.742       11391.171
       9819.5023      11446.5      110.060       11446.537
       9820.5882      11533.9      110.543       11533.874
       9821.6742      11666.0      111.100       11665.964
       9822.7602      11640.7      111.152       11640.672
       9823.8462      11692.3      111.246       11692.281
       9824.9321      11698.8      111.197       11698.827
       9826.0181      11440.6      109.933       11440.586
       9827.1041      11270.9      109.340       11270.940
       9828.1900      11327.9      109.679       11327.940
       9829.2760      11604.8      111.040       11604.833
       9830.3620      11691.3      111.042       11691.336
       9831.4480      11731.6      111.330       11731.557
       9832.5339      11597.7      110.713       11597.704
       9833.6199      11602.7      110.768       11602.663
       9834.7059      11648.9      110.992       11648.923
       9835.7919      11671.3      110.989       11671.335
       9836.8778      11537.0      110.449       11536.989
       9837.9638      11792.8      111.486       11792.794
       9839.0498      11718.4      111.196       11718.383
       9840.1357      11740.4      111.369       11740.396
       9841.2217      11873.2      111.910       11873.246
       9842.3077      11710.6      111.078       11710.568
       9843.3937      11881.9      111.858       11881.882
       9844.4796      11784.7      111.414       11784.691
       9845.5656      11808.4      111.655       11808.439
       9846.6516      11804.5      111.576       11804.468
       9847.7376      11905.2      111.818       11905.185
       9848.8235      11973.3      112.596       11973.311
       9849.9095      11875.7      112.041       11875.690
       9850.9955      11925.3      112.135       11925.311
       9852.0814      11738.7      111.298       11738.673
       9853.1674      11366.8      109.293       11366.848
       9854.2534      11635.7      110.630       11635.662
       9855.3394      12154.3      113.067       12154.267
       9856.4253      12435.4      114.362       12435.395
       9857.5113      12172.1      113.046       12172.150
       9858.5973      12081.0      112.635       12080.966
       9859.6833      12279.3      113.559       12279.349
       9860.7692      12484.2      114.821       12484.218
       9861.8552      12440.2      114.264       12440.182
       9862.9412      12285.1      113.367       12285.137
       9864.0271      12341.4      113.963       12341.407
       9865.1131      11676.5      113.940       11676.543
       9866.1991      11057.3      113.148       11057.283
       9867.2851      12367.6      114.088       12367.569
       9868.3710      12497.9      114.488       12497.852
       9869.4570      12490.6      114.506       12490.627
       9870.5430      12479.8      114.472       12479.843
       9871.6290      12559.6      114.831       12559.636
       9872.7149      12478.5      114.762       12478.522
       9873.8009      12426.1      114.756       12426.072
       9874.8869      12507.8      115.068       12507.842
       9875.9729      12531.4      115.364       12531.393
       9877.0588      12645.0      115.852       12644.974
       9878.1448      12584.9      114.956       12584.902
       9879.2308      12789.3      116.028       12789.312
       9880.3167      12771.8      116.105       12771.763
       9881.4027      12479.3      114.720       12479.278
       9882.4887      12571.4      115.057       12571.404
       9883.5747      12804.3      116.163       12804.296
       9884.6606      12812.3      116.155       12812.346
       9885.7466      12787.0      115.899       12787.015
       9886.8326      12747.9      116.131       12747.893
       9887.9186      12859.2      116.533       12859.233
       9889.0045      12974.1      117.020       12974.054
       9890.0905      13005.0      117.144       13005.046
       9891.1765      13037.5      117.348       13037.459
       9892.2624      13037.3      116.887       13037.305
       9893.3484      12902.5      116.589       12902.451
       9894.4344      13013.8      117.041       13013.811
       9895.5204      13049.3      117.246       13049.279
       9896.6063      12951.2      116.844       12951.162
       9897.6923      12982.4      117.108       12982.418
       9898.7783      12936.8      116.900       12936.807
       9899.8643      12924.0      116.765       12923.996
       9900.9502      12923.4      116.597       12923.410
       9902.0362      12605.9      115.820       12605.906
       9903.1222      12952.0      118.106       12951.955
       9904.2081      13236.5      118.116       13236.463
       9905.2941      13184.4      117.599       13184.409
       9906.3801      13323.9      118.301       13323.943
       9907.4661      13519.3      119.170       13519.293
       9908.5520      13485.3      119.077       13485.292
       9909.6380      13436.8      118.826       13436.759
       9910.7240      13572.8      119.360       13572.762
       9911.8100      13538.5      119.078       13538.542
       9912.8959      13540.1      119.309       13540.092
       9913.9819      13499.4      119.181       13499.420
       9915.0679      13605.4      119.922       13605.354
       9916.1538      13747.5      120.594       13747.514
       9917.2398      13776.0      120.799       13775.963
       9918.3258      13863.7      121.022       13863.675
       9919.4118      13854.5      120.863       13854.489
       9920.4977      14047.7      121.615       14047.664
       9921.5837      13812.2      120.608       13812.169
       9922.6697      13922.4      120.884       13922.378
       9923.7557      13844.5      120.733       13844.538
       9924.8416      13850.9      120.636       13850.913
       9925.9276      13921.4      120.905       13921.430
       9927.0136      14037.5      121.257       14037.475
       9928.0995      13895.4      120.690       13895.384
       9929.1855      13622.4      119.223       13622.370
       9930.2715      13966.4      120.801       13966.374
       9931.3575      14244.8      122.193       14244.827
       9932.4434      14276.8      122.442       14276.780
       9933.5294      14231.3      122.244       14231.328
       9934.6154      14254.0      122.213       14254.028
       9935.7014      14243.2      122.280       14243.222
       9936.7873      14236.0      122.362       14236.000
       9937.8733      14384.5      122.980       14384.465
       9938.9593      14435.6      122.981       14435.578
       9940.0452      14364.1      122.667       14364.100
       9941.1312      14235.1      122.507       14235.079
       9942.2172      14316.6      122.799       14316.638
       9943.3032      14454.7      123.188       14454.712
       9944.3891      14299.9      122.812       14299.886
       9945.4751      14399.7      123.188       14399.664
       9946.5611      14460.4      123.452       14460.364
       9947.6471      14371.5      122.994       14371.527
       9948.7330      14374.5      123.114       14374.453
       9949.8190      14360.6      122.983       14360.594
       9950.9050      14174.8      122.073       14174.755
       9951.9910      14413.2      122.929       14413.163
       9953.0769      14676.5      123.994       14676.470
       9954.1629      14520.5      123.334       14520.536
       9955.2489      14584.8      123.672       14584.757
       9956.3348      14669.7      124.045       14669.701
       9957.4208      14616.6      123.894       14616.616
       9958.5068      14639.2      124.210       14639.201
       9959.5928      14848.7      125.313       14848.678
       9960.6787      14854.0      124.918       14854.028
       9961.7647      14741.5      124.560       14741.538
       9962.8507      14342.6      123.045       14342.602
       9963.9367      14318.0      122.955       14318.001
       9965.0226      14819.0      124.868       14819.046
       9966.1086      14965.7      125.461       14965.690
       9967.1946      15017.9      125.532       15017.903
       9968.2805      15061.8      125.645       15061.842
       9969.3665      15141.3      126.047       15141.294
       9970.4525      15200.4      126.199       15200.397
       9971.5385      15128.9      125.916       15128.929
       9972.6244      15227.6      126.565       15227.637
       9973.7104      15107.8      126.119       15107.834
       9974.7964      15230.8      126.407       15230.843
       9975.8824      15379.5      127.106       15379.505
       9976.9683      15431.4      127.189       15431.431
       9978.0543      15418.5      127.060       15418.453
       9979.1403      15344.9      126.849       15344.940
       9980.2262      15355.0      126.804       15354.967
       9981.3122      15400.0      127.037       15399.954
       9982.3982      15425.8      127.128       15425.817
       9983.4842      15577.6      127.701       15577.615
       9984.5701      15474.4      127.277       15474.434
       9985.6561      15456.6      127.486       15456.643
       9986.7421      15444.0      127.253       15444.046
       9987.8281      15348.9      126.800       15348.852
       9988.9140      15498.3      127.403       15498.272
       9990.0000      15495.0      127.430       15494.987
       9991.0860      15358.4      126.813       15358.445
       9992.1719      15529.7      127.656       15529.661
       9993.2579      15619.4      128.030       15619.353
       9994.3439      15484.0      127.166       15484.048
       9995.4299      15719.0      128.246       15719.041
       9996.5158      15625.6      128.015       15625.640
       9997.6018      15718.1      128.341       15718.138
       9998.6878      15720.4      128.374       15720.381
       9999.7738      15562.5      127.674       15562.484
       10000.860      15567.5      127.721       15567.546
       10001.946      15541.9      127.626       15541.895
       10003.032      15518.3      127.627       15518.317
       10004.118      15545.3      127.688       15545.349
       10005.204      15641.4      128.256       15641.373
       10006.290      15703.3      128.181       15703.312
       10007.376      15605.6      127.993       15605.570
       10008.462      15661.1      128.092       15661.072
       10009.548      15581.7      127.691       15581.748
       10010.633      15591.6      127.744       15591.584
       10011.719      15663.5      128.086       15663.465
       10012.805      15536.5      127.888       15536.512
       10013.891      15482.5      127.945       15482.514
       10014.977      15437.6      127.903       15437.576
       10016.063      15482.4      128.106       15482.353
       10017.149      15493.1      127.977       15493.114
       10018.235      15471.0      127.561       15471.048
       10019.321      15388.5      127.121       15388.520
       10020.407      15467.7      127.402       15467.708
       10021.493      15483.7      127.501       15483.661
       10022.579      15513.8      127.570       15513.845
       10023.665      15380.4      126.920       15380.354
       10024.751      15283.0      126.546       15283.009
       10025.837      15326.4      126.896       15326.370
       10026.923      15294.5      126.654       15294.468
       10028.009      15433.0      127.479       15433.034
       10029.095      15337.7      127.147       15337.743
       10030.181      15205.3      126.589       15205.309
       10031.267      14994.5      125.575       14994.520
       10032.353      14794.7      124.561       14794.657
       10033.439      14880.7      125.088       14880.706
       10034.525      14833.8      124.905       14833.764
       10035.611      14663.9      124.129       14663.898
       10036.697      14551.5      123.685       14551.514
       10037.783      14438.2      123.166       14438.197
       10038.869      14109.2      121.703       14109.207
       10039.955      13930.9      120.955       13930.941
       10041.041      13686.0      119.715       13686.003
       10042.127      13539.2      119.080       13539.235
       10043.213      13356.9      118.528       13356.864
       10044.299      12982.5      116.803       12982.481
       10045.385      12501.8      114.852       12501.795
       10046.471      12359.7      114.187       12359.660
       10047.557      12062.5      113.140       12062.478
       10048.643      11496.6      110.775       11496.560
       10049.729      10931.3      107.571       10931.324
       10050.814      10055.7      103.163       10055.731
       10051.900      9298.49      99.5396       9298.4864
       10052.986      9595.62      100.894       9595.6191
       10054.072      10400.4      104.986       10400.421
       10055.158      11146.3      108.409       11146.266
       10056.244      11708.6      111.229       11708.631
       10057.330      12285.1      114.096       12285.082
       10058.416      12668.7      115.720       12668.652
       10059.502      12971.2      116.846       12971.161
       10060.588      13354.7      118.655       13354.676
       10061.674      13679.8      120.090       13679.830
       10062.760      13925.5      121.138       13925.522
       10063.846      14134.0      121.992       14133.980
       10064.932      14276.9      122.532       14276.899
       10066.018      14605.9      123.857       14605.861
       10067.104      14742.6      124.516       14742.551
       10068.190      14868.8      124.989       14868.839
       10069.276      14960.7      125.267       14960.749
       10070.362      15173.6      126.224       15173.601
       10071.448      15385.9      127.057       15385.852
       10072.534      15632.7      127.853       15632.670
       10073.620      15723.9      128.254       15723.852
       10074.706      15763.5      128.463       15763.537
       10075.792      15895.9      129.086       15895.870
       10076.878      15888.6      129.060       15888.588
       10077.964      15938.5      129.176       15938.529
       10079.050      16089.7      129.639       16089.671
       10080.136      16153.7      129.832       16153.663
       10081.222      16251.8      130.241       16251.758
       10082.308      16346.5      130.896       16346.544
       10083.394      16210.2      130.651       16210.193
       10084.480      16260.4      130.948       16260.372
       10085.566      16348.0      131.162       16348.035
       10086.652      16386.9      131.221       16386.898
       10087.738      16474.4      131.503       16474.425
       10088.824      16579.5      131.753       16579.514
       10089.910      16623.9      131.832       16623.945
       10090.995      16698.4      132.238       16698.421
       10092.081      16697.6      132.088       16697.566
       10093.167      16572.3      131.369       16572.335
       10094.253      16609.0      131.540       16608.985
       10095.339      16491.1      131.146       16491.134
       10096.425      16674.1      131.857       16674.083
       10097.511      17108.6      133.615       17108.572
       10098.597      17211.7      133.973       17211.698
       10099.683      17317.2      134.314       17317.188
       10100.769      17150.5      133.894       17150.501
       10101.855      17357.9      134.705       17357.890
       10102.941      17483.1      135.055       17483.122
       10104.027      17306.5      134.466       17306.500
       10105.113      17308.1      134.594       17308.133
       10106.199      17200.3      134.108       17200.283
       10107.285      17284.6      134.447       17284.612
       10108.371      17329.0      134.605       17328.971
       10109.457      17320.5      134.517       17320.515
       10110.543      17305.2      134.158       17305.210
       10111.629      17430.5      134.791       17430.513
       10112.715      17437.2      134.713       17437.234
       10113.801      17549.3      135.262       17549.297
       10114.887      17341.4      134.416       17341.351
       10115.973      17349.6      134.405       17349.632
       10117.059      17361.2      134.384       17361.169
       10118.145      17443.5      134.940       17443.454
       10119.231      17617.3      135.625       17617.313
       10120.317      17742.7      136.055       17742.692
       10121.403      17675.1      135.964       17675.088
       10122.489      17843.3      136.622       17843.260
       10123.575      17904.6      136.826       17904.644
       10124.661      17834.2      137.080       17834.202
       10125.747      17886.1      137.349       17886.074
       10126.833      17825.4      137.050       17825.369
       10127.919      17906.8      137.353       17906.844
       10129.005      17897.0      136.910       17897.018
       10130.090      17902.0      136.645       17901.979
       10131.176      17887.0      136.633       17886.972
       10132.262      17905.6      136.705       17905.629
       10133.348      17804.7      136.315       17804.735
       10134.434      17759.9      136.069       17759.879
       10135.520      17943.8      136.724       17943.784
       10136.606      18092.6      137.343       18092.614
       10137.692      18094.6      137.460       18094.632
       10138.778      17989.2      136.919       17989.217
       10139.864      17999.1      137.077       17999.136
       10140.950      18043.7      137.391       18043.690
       10142.036      18012.4      137.027       18012.443
       10143.122      17906.1      136.704       17906.128
       10144.208      17894.5      136.651       17894.507
       10145.294      17998.7      137.080       17998.694
       10146.380      17928.1      136.692       17928.095
       10147.466      18070.9      137.495       18070.914
       10148.552      18117.4      137.631       18117.425
       10149.638      18171.4      137.595       18171.433
       10150.724      18342.6      138.182       18342.622
       10151.810      18412.7      138.485       18412.717
       10152.896      18211.1      137.928       18211.148
       10153.982      18145.2      137.758       18145.171
       10155.068      18129.5      137.565       18129.502
       10156.154      18138.2      137.636       18138.204
       10157.240      18225.5      137.963       18225.450
       10158.326      18247.8      137.950       18247.843
       10159.412      18314.8      138.309       18314.771
       10160.498      18291.1      138.002       18291.052
       10161.584      18242.6      138.031       18242.568
       10162.670      18433.7      138.634       18433.705
       10163.756      18613.1      139.402       18613.147
       10164.842      18470.6      138.907       18470.619
       10165.928      18418.4      138.724       18418.438
       10167.014      18423.2      138.643       18423.204
       10168.100      18310.1      138.255       18310.060
       10169.186      18271.6      138.276       18271.630
       10170.271      18359.2      138.326       18359.217
       10171.357      18471.7      138.850       18471.718
       10172.443      18478.9      139.257       18478.933
       10173.529      18491.9      139.324       18491.853
       10174.615      18478.1      139.512       18478.134
       10175.701      18627.1      140.138       18627.077
       10176.787      18615.1      139.934       18615.069
       10177.873      18673.5      139.864       18673.484
       10178.959      18707.6      139.723       18707.558
       10180.045      18664.6      139.538       18664.595
       10181.131      18550.8      139.027       18550.815
       10182.217      18676.6      139.618       18676.574
       10183.303      18685.4      139.631       18685.404
       10184.389      18634.5      139.479       18634.500
       10185.475      18688.6      139.549       18688.634
       10186.561      18695.5      139.635       18695.515
       10187.647      18885.9      140.550       18885.877
       10188.733      18929.4      140.706       18929.354
       10189.819      18885.9      140.597       18885.873
       10190.905      18753.3      140.348       18753.333
       10191.991      18759.6      140.429       18759.587
       10193.077      18565.7      139.664       18565.650
       10194.163      18802.5      140.421       18802.476
       10195.249      18756.7      140.164       18756.708
       10196.335      18680.7      139.905       18680.731
       10197.421      18674.2      139.565       18674.190
       10198.507      18706.3      139.776       18706.270
       10199.593      18830.6      140.258       18830.609
       10200.679      18804.6      139.993       18804.598
       10201.765      18937.8      140.522       18937.761
       10202.851      18844.3      140.223       18844.253
       10203.937      18859.6      140.473       18859.604
       10205.023      18792.9      140.350       18792.897
       10206.109      18645.6      139.615       18645.633
       10207.195      18836.7      140.437       18836.743
       10208.281      18789.8      140.316       18789.836
       10209.367      18745.2      139.842       18745.168
       10210.452      18711.6      139.889       18711.621
       10211.538      18804.3      140.733       18804.272
       10212.624      18831.7      141.123       18831.705
       10213.710      18787.4      140.636       18787.375
       10214.796      18775.6      140.281       18775.579
       10215.882      18559.8      139.450       18559.798
       10216.968      18652.6      139.580       18652.571
       10218.054      18665.0      139.578       18665.011
       10219.140      18898.7      140.357       18898.674
       10220.226      18664.1      139.685       18664.085
       10221.312      18665.4      139.530       18665.405
       10222.398      18932.9      140.541       18932.854
       10223.484      18899.5      140.364       18899.515
       10224.570      18874.3      140.368       18874.252
       10225.656      18936.3      140.641       18936.350
       10226.742      18946.3      140.819       18946.261
       10227.828      18774.2      140.504       18774.163
       10228.914      18818.3      140.361       18818.279
       10230.000      18964.1      140.940       18964.145
       10231.086      18699.0      140.002       18699.028
       10232.172      18967.6      140.817       18967.599
       10233.258      19010.0      140.945       19010.017
       10234.344      19008.5      140.936       19008.520
       10235.430      18812.0      140.201       18812.015
       10236.516      18809.3      140.202       18809.321
       10237.602      18705.3      139.547       18705.265
       10238.688      18685.5      139.421       18685.488
       10239.774      18438.6      138.618       18438.598
       10240.860      18762.6      139.925       18762.615
       10241.946      18776.5      139.803       18776.501
       10243.032      18833.6      140.004       18833.611
       10244.118      18722.5      139.750       18722.522
       10245.204      18862.1      140.310       18862.095
       10246.290      18549.0      139.105       18549.018
       10247.376      18065.2      137.442       18065.196
       10248.462      18476.3      138.827       18476.308
       10249.548      18759.8      139.848       18759.803
       10250.633      18826.0      140.116       18826.041
       10251.719      18213.9      137.897       18213.864
       10252.805      18282.3      138.207       18282.307
       10253.891      18707.0      139.623       18707.002
       10254.977      18717.3      139.779       18717.253
       10256.063      18493.6      138.975       18493.563
       10257.149      18672.0      139.666       18671.996
       10258.235      18710.0      139.635       18710.048
       10259.321      18511.7      139.442       18511.714
       10260.407      18534.2      139.624       18534.177
       10261.493      18448.6      138.879       18448.603
       10262.579      18513.3      138.936       18513.267
       10263.665      18716.2      139.882       18716.190
       10264.751      18680.8      139.634       18680.765
       10265.837      18683.2      139.635       18683.242
       10266.923      18492.1      138.987       18492.095
       10268.009      18730.3      139.849       18730.292
       10269.095      18587.8      139.296       18587.811
       10270.181      18447.2      138.936       18447.154
       10271.267      18789.3      140.142       18789.319
       10272.353      18653.3      139.695       18653.339
       10273.439      18523.2      139.201       18523.169
       10274.525      18600.8      139.207       18600.811
       10275.611      18410.0      138.662       18409.982
       10276.697      18298.6      138.250       18298.612
       10277.783      18419.2      138.706       18419.169
       10278.869      18642.6      139.294       18642.560
       10279.955      18509.8      138.947       18509.844
       10281.041      18384.6      138.627       18384.553
       10282.127      18259.6      138.148       18259.623
       10283.213      18624.3      139.482       18624.342
       10284.299      18628.3      139.436       18628.311
       10285.385      18465.6      138.897       18465.649
       10286.471      18407.5      139.251       18407.467
       10287.557      18422.5      140.328       18422.500
       10288.643      18373.7      139.911       18373.676
       10289.729      18300.1      139.630       18300.080
       10290.814      18311.7      139.666       18311.654
       10291.900      18487.2      139.801       18487.164
       10292.986      18440.4      138.943       18440.418
       10294.072      18349.1      138.562       18349.113
       10295.158      18419.6      138.928       18419.589
       10296.244      18363.8      138.886       18363.749
       10297.330      18316.9      138.952       18316.947
       10298.416      18246.8      138.532       18246.798
       10299.502      18141.0      138.133       18141.014
       10300.588      18240.5      138.493       18240.468
       10301.674      18322.4      138.725       18322.433
       10302.760      18148.1      137.901       18148.123
       10303.846      18311.1      138.451       18311.134
       10304.932      18338.6      138.448       18338.632
       10306.018      18405.0      138.714       18404.973
       10307.104      18206.7      137.980       18206.715
       10308.190      18419.4      138.744       18419.380
       10309.276      18365.4      138.607       18365.421
       10310.362      18496.8      138.826       18496.787
       10311.448      18391.6      138.693       18391.625
       10312.534      18459.7      138.828       18459.697
       10313.620      18190.7      138.080       18190.693
       10314.706      18390.5      138.643       18390.530
       10315.792      18338.0      138.445       18337.999
       10316.878      18343.3      138.430       18343.332
       10317.964      18403.4      138.588       18403.382
       10319.050      18386.4      138.504       18386.447
       10320.136      18201.6      137.816       18201.562
       10321.222      18245.7      137.908       18245.737
       10322.308      18306.2      138.221       18306.191
       10323.394      18334.8      138.420       18334.772
       10324.480      18294.7      138.153       18294.747
       10325.566      18310.0      138.267       18310.025
       10326.652      18366.0      138.613       18366.014
       10327.738      18309.2      138.239       18309.214
       10328.824      18242.6      138.033       18242.619
       10329.910      17978.7      136.991       17978.691
       10330.995      17964.6      136.852       17964.627
       10332.081      18291.0      138.210       18290.985
       10333.167      18391.3      138.412       18391.277
       10334.253      18347.3      138.275       18347.329
       10335.339      18372.1      138.588       18372.052
       10336.425      18445.8      138.758       18445.829
       10337.511      18302.4      138.154       18302.375
       10338.597      18377.6      138.420       18377.612
       10339.683      18155.4      137.473       18155.449
       10340.769      18284.2      138.012       18284.212
       10341.855      18195.2      137.980       18195.173
       10342.941      18247.1      137.891       18247.089
       10344.027      18293.5      138.111       18293.489
       10345.113      18414.0      138.657       18414.041
       10346.199      18366.7      138.460       18366.699
       10347.285      18555.9      139.286       18555.890
       10348.371      18539.5      139.426       18539.460
       10349.457      18458.1      139.285       18458.136
       10350.543      18467.5      139.167       18467.460
       10351.629      18554.6      139.566       18554.616
       10352.715      18336.0      138.537       18336.001
       10353.801      18505.1      139.128       18505.121
       10354.887      18631.4      139.593       18631.365
       10355.973      18488.9      138.948       18488.900
       10357.059      18487.5      138.892       18487.483
       10358.145      18350.8      138.410       18350.797
       10359.231      18440.9      138.720       18440.935
       10360.317      18530.0      138.920       18529.996
       10361.403      18320.0      138.270       18319.997
       10362.489      18515.0      138.924       18514.993
       10363.575      18565.2      139.136       18565.171
       10364.661      18490.5      138.685       18490.481
       10365.747      18737.5      139.631       18737.527
       10366.833      18715.8      139.575       18715.826
       10367.919      18703.1      139.650       18703.078
       10369.005      18794.7      139.940       18794.715
       10370.090      18742.1      139.769       18742.117
       10371.176      18724.6      139.588       18724.550
       10372.262      18826.0      140.268       18825.960
       10373.348      18824.0      141.057       18823.981
       10374.434      18817.0      141.219       18816.999
       10375.520      18667.9      140.739       18667.950
       10376.606      18774.0      141.107       18774.023
       10377.692      18832.1      141.066       18832.064
       10378.778      18928.1      140.729       18928.109
       10379.864      18826.7      140.099       18826.656
       10380.950      18924.1      140.532       18924.117
       10382.036      18771.1      140.001       18771.104
       10383.122      18888.7      140.247       18888.735
       10384.208      18919.8      140.389       18919.819
       10385.294      18992.9      140.931       18992.891
       10386.380      18939.5      140.659       18939.518
       10387.466      18871.2      140.330       18871.202
       10388.552      18905.9      140.455       18905.872
       10389.638      18954.7      140.634       18954.687
       10390.724      18868.7      140.366       18868.687
       10391.810      18881.9      140.341       18881.899
       10392.896      18872.8      140.118       18872.762
       10393.982      18949.0      140.582       18949.048
       10395.068      19021.5      140.866       19021.473
       10396.154      18990.4      140.775       18990.445
       10397.240      19068.5      141.424       19068.544
       10398.326      19277.8      142.383       19277.786
       10399.412      19390.2      142.832       19390.177
       10400.498      19258.5      142.210       19258.473
       10401.584      19333.7      142.280       19333.695
       10402.670      19199.2      141.548       19199.229
       10403.756      19239.3      141.745       19239.303
       10404.842      19363.1      141.998       19363.099
       10405.928      19354.9      142.048       19354.902
       10407.014      19299.1      141.828       19299.080
       10408.100      19132.8      141.300       19132.831
       10409.186      19131.1      141.254       19131.113
       10410.271      19194.5      141.585       19194.453
       10411.357      19128.8      141.307       19128.784
       10412.443      18895.0      140.898       18894.997
       10413.529      18826.6      140.918       18826.552
       10414.615      19193.9      142.074       19193.894
       10415.701      19154.3      141.652       19154.257
       10416.787      19348.5      142.200       19348.540
       10417.873      19397.2      142.578       19397.244
       10418.959      19310.9      142.980       19310.904
       10420.045      19446.8      143.650       19446.801
       10421.131      19531.3      143.937       19531.292
       10422.217      19456.9      143.752       19456.891
       10423.303      19398.3      143.284       19398.306
       10424.389      19258.0      142.171       19258.035
       10425.475      19215.5      141.670       19215.502
       10426.561      19315.7      142.081       19315.707
       10427.647      19241.7      141.709       19241.689
       10428.733      19261.6      141.899       19261.556
       10429.819      18916.7      140.604       18916.678
       10430.905      18940.7      140.501       18940.732
       10431.991      19318.2      142.053       19318.178
       10433.077      19302.7      141.923       19302.679
       10434.163      19212.3      141.549       19212.258
       10435.249      19156.1      141.351       19156.055
       10436.335      19045.0      140.977       19045.035
       10437.421      19345.4      142.002       19345.383
       10438.507      19621.7      143.041       19621.683
       10439.593      19544.9      142.722       19544.857
       10440.679      19348.7      142.056       19348.714
       10441.765      19485.6      142.565       19485.583
       10442.851      19455.5      142.394       19455.530
       10443.937      19441.7      142.296       19441.660
       10445.023      19573.5      142.865       19573.472
       10446.109      19450.7      142.578       19450.665
       10447.195      19449.4      142.654       19449.425
       10448.281      19433.7      142.447       19433.746
       10449.367      19490.8      142.649       19490.819
       10450.452      19531.4      143.011       19531.397
       10451.538      19617.9      143.504       19617.884
       10452.624      19550.5      143.163       19550.522
       10453.710      19385.1      142.404       19385.129
       10454.796      19480.5      142.773       19480.462
       10455.882      19350.7      142.200       19350.683
       10456.968      19076.0      141.130       19076.002
       10458.054      18847.4      140.253       18847.396
       10459.140      18982.8      140.537       18982.775
       10460.226      19061.7      140.888       19061.687
       10461.312      19029.3      140.913       19029.252
       10462.398      18881.7      140.130       18881.683
       10463.484      19205.4      141.317       19205.406
       10464.570      19377.2      142.012       19377.156
       10465.656      19279.7      141.662       19279.731
       10466.742      19067.2      140.989       19067.186
       10467.828      19171.3      141.310       19171.348
       10468.914      19319.3      142.269       19319.348
       10470.000      18954.5      141.499       18954.526
       10471.086      19004.3      141.579       19004.333
       10472.172      19357.2      142.780       19357.168
       10473.258      19322.1      142.513       19322.051
       10474.344      19152.0      141.698       19151.962
       10475.430      19153.0      141.319       19153.014
       10476.516      19311.8      141.784       19311.824
       10477.602      19408.1      142.150       19408.055
       10478.688      19196.9      141.469       19196.864
       10479.774      19202.6      141.605       19202.576
       10480.860      19107.7      141.168       19107.664
       10481.946      19197.5      141.460       19197.469
       10483.032      19165.9      141.327       19165.913
       10484.118      19124.9      141.090       19124.928
       10485.204      19242.0      141.545       19242.007
       10486.290      19143.7      141.022       19143.724
       10487.376      19084.1      140.987       19084.082
       10488.462      19091.1      141.134       19091.065
       10489.548      19180.3      141.387       19180.285
       10490.633      19227.6      141.275       19227.640
       10491.719      19005.0      140.491       19005.044
       10492.805      18978.0      140.430       18977.952
       10493.891      19037.1      140.918       19037.117
       10494.977      19100.5      140.983       19100.496
       10496.063      19164.2      141.305       19164.235
       10497.149      19126.5      141.039       19126.521
       10498.235      19220.9      141.299       19220.872
       10499.321      18944.2      140.465       18944.227
       10500.407      18812.5      139.866       18812.450
       10501.493      18728.8      139.453       18728.765
       10502.579      18853.6      140.147       18853.569
       10503.665      19087.0      140.982       19086.982
       10504.751      19043.2      140.701       19043.225
       10505.837      18772.5      139.891       18772.453
       10506.923      18916.2      140.513       18916.154
       10508.009      18867.0      140.300       18866.951
       10509.095      18813.3      140.079       18813.325
       10510.181      18802.9      140.183       18802.920
       10511.267      18770.3      139.640       18770.326
       10512.353      19047.2      140.931       19047.175
       10513.439      18850.4      140.353       18850.355
       10514.525      18828.0      140.141       18827.951
       10515.611      18975.9      140.524       18975.852
       10516.697      18760.7      139.737       18760.723
       10517.783      18741.8      139.577       18741.795
       10518.869      18751.5      139.556       18751.516
       10519.955      18778.0      139.827       18777.952
       10521.041      18722.6      139.704       18722.575
       10522.127      18733.3      139.737       18733.287
       10523.213      18387.8      138.395       18387.805
       10524.299      18543.7      139.198       18543.746
       10525.385      18558.7      139.407       18558.707
       10526.471      18788.0      140.364       18788.032
       10527.557      18855.6      140.351       18855.570
       10528.643      18797.0      140.377       18796.993
       10529.729      18799.9      140.147       18799.859
       10530.814      18767.3      139.885       18767.322
       10531.900      18885.1      140.400       18885.129
       10532.986      18635.0      139.297       18634.967
       10534.072      18712.6      139.551       18712.570
       10535.158      18603.8      139.224       18603.796
       10536.244      18680.5      139.574       18680.475
       10537.330      18597.5      139.314       18597.507
       10538.416      18738.2      139.860       18738.187
       10539.502      18857.2      139.965       18857.237
       10540.588      18858.9      140.075       18858.897
       10541.674      18608.1      139.017       18608.149
       10542.760      18501.7      138.767       18501.655
       10543.846      18730.9      139.706       18730.924
       10544.932      18601.8      139.176       18601.774
       10546.018      18925.6      140.421       18925.573
       10547.104      18773.7      139.748       18773.745
       10548.190      18694.5      139.510       18694.533
       10549.276      18802.2      139.878       18802.203
       10550.362      18863.9      140.203       18863.933
       10551.448      18956.8      140.489       18956.850
       10552.534      18824.4      139.950       18824.385
       10553.620      18992.3      140.589       18992.302
       10554.706      18795.7      139.860       18795.674
       10555.792      18692.5      139.628       18692.491
       10556.878      18718.1      139.619       18718.064
       10557.964      18872.1      140.268       18872.092
       10559.050      18903.7      140.190       18903.654
       10560.136      18875.0      140.003       18875.016
       10561.222      18725.9      139.650       18725.896
       10562.308      18943.8      140.449       18943.803
       10563.394      19053.7      140.624       19053.674
       10564.480      18916.2      140.291       18916.232
       10565.566      18785.2      139.915       18785.248
       10566.652      18960.6      140.316       18960.611
       10567.738      18879.9      140.242       18879.877
       10568.824      18710.5      139.386       18710.496
       10569.910      18867.1      139.945       18867.136
       10570.995      18622.7      139.080       18622.738
       10572.081      18865.3      139.933       18865.323
       10573.167      18886.4      140.101       18886.395
       10574.253      19108.0      141.153       19107.989
       10575.339      18675.8      139.565       18675.796
       10576.425      18592.5      139.136       18592.464
       10577.511      19180.9      141.325       19180.854
       10578.597      19112.4      140.991       19112.435
       10579.683      19383.7      141.966       19383.717
       10580.769      19140.6      141.166       19140.604
       10581.855      19100.2      140.881       19100.183
       10582.941      18813.6      139.950       18813.569
       10584.027      18999.9      140.578       18999.913
       10585.113      18943.4      140.501       18943.374
       10586.199      18838.1      140.141       18838.119
       10587.285      18851.7      140.289       18851.673
       10588.371      18967.6      140.819       18967.600
       10589.457      19176.0      141.568       19176.034
       10590.543      19101.5      141.278       19101.492
       10591.629      19271.9      141.776       19271.886
       10592.715      19386.6      142.201       19386.615
       10593.801      19114.6      141.029       19114.578
       10594.887      18887.9      140.174       18887.857
       10595.973      19203.5      141.239       19203.547
       10597.059      19053.9      140.804       19053.927
       10598.145      19128.9      141.113       19128.881
       10599.231      19049.2      140.939       19049.226
       10600.317      19231.0      141.578       19231.042
       10601.403      18994.8      140.709       18994.835
       10602.489      19106.1      141.045       19106.071
       10603.575      19222.2      141.550       19222.155
       10604.661      19066.8      140.932       19066.850
       10605.747      18893.8      140.176       18893.813
       10606.833      19170.4      141.409       19170.405
       10607.919      19099.8      140.997       19099.768
       10609.005      18970.7      140.657       18970.672
       10610.090      19072.9      141.011       19072.896
       10611.176      18632.7      139.459       18632.709
       10612.262      18794.7      140.129       18794.708
       10613.348      18950.5      140.409       18950.513
       10614.434      19054.7      140.870       19054.667
       10615.520      19131.4      141.063       19131.402
       10616.606      19052.5      140.758       19052.480
       10617.692      18999.2      140.579       18999.182
       10618.778      18932.2      140.513       18932.226
       10619.864      19005.9      140.858       19005.894
       10620.950      19163.3      141.271       19163.334
       10622.036      19117.3      141.050       19117.286
       10623.122      18976.4      140.556       18976.355
       10624.208      18951.7      140.316       18951.720
       10625.294      18793.6      140.037       18793.598
       10626.380      18298.6      138.310       18298.621
       10627.466      18081.0      138.258       18080.979
       10628.552      18871.6      140.313       18871.620
       10629.638      19018.3      140.733       19018.272
       10630.724      18801.3      139.939       18801.300
       10631.810      18686.4      139.427       18686.400
       10632.896      18706.7      139.526       18706.742
       10633.982      19128.4      141.049       19128.353
       10635.068      18851.0      139.846       18850.959
       10636.154      18550.1      138.788       18550.105
       10637.240      18617.8      139.276       18617.835
       10638.326      18764.2      139.718       18764.246
       10639.412      18727.2      139.702       18727.207
       10640.498      18726.5      139.705       18726.489
       10641.584      18724.3      139.664       18724.271
       10642.670      18772.7      139.724       18772.732
       10643.756      18766.8      139.654       18766.782
       10644.842      18881.3      140.076       18881.286
       10645.928      18863.7      140.002       18863.656
       10647.014      18890.4      140.041       18890.386
       10648.100      18697.5      139.454       18697.497
       10649.186      18517.3      138.664       18517.325
       10650.271      18345.7      138.198       18345.673
       10651.357      18297.0      138.200       18296.991
       10652.443      18428.3      138.707       18428.350
       10653.529      18819.2      140.174       18819.201
       10654.615      18739.4      139.723       18739.427
       10655.701      18510.7      139.060       18510.747
       10656.787      18408.3      138.657       18408.336
       10657.873      18554.5      139.103       18554.489
       10658.959      18807.4      139.934       18807.357
       10660.045      18610.4      139.110       18610.415
       10661.131      18632.5      139.277       18632.479
       10662.217      18550.2      139.180       18550.222
       10663.303      18421.9      138.598       18421.910
       10664.389      18217.5      137.645       18217.493
       10665.475      18152.1      137.351       18152.062
       10666.561      18238.7      137.847       18238.676
       10667.647      18288.3      138.129       18288.265
       10668.733      18395.0      138.452       18394.995
       10669.819      18350.5      138.143       18350.506
       10670.905      18186.8      137.562       18186.761
       10671.991      18074.8      137.123       18074.839
       10673.077      18097.4      137.330       18097.359
       10674.163      18130.5      137.586       18130.503
       10675.249      18031.8      137.141       18031.804
       10676.335      18074.4      137.223       18074.387
       10677.421      18085.6      137.218       18085.554
       10678.507      18073.6      137.185       18073.644
       10679.593      17821.3      136.282       17821.327
       10680.679      17866.6      136.577       17866.608
       10681.765      17765.8      136.138       17765.815
       10682.851      17534.0      135.025       17533.983
       10683.937      17527.2      135.168       17527.235
       10685.023      17360.2      134.598       17360.151
       10686.109      17099.7      133.297       17099.694
       10687.195      16939.1      132.905       16939.085
       10688.281      17103.8      133.597       17103.753
       10689.367      17282.2      134.191       17282.244
       10690.452      17465.6      134.862       17465.610
       10691.538      17381.4      134.556       17381.358
       10692.624      16981.1      133.164       16981.083
       10693.710      16727.1      132.187       16727.120
       10694.796      16914.1      132.816       16914.149
       10695.882      17544.0      135.115       17543.996
       10696.968      17696.1      135.878       17696.069
       10698.054      17660.0      135.693       17659.959
       10699.140      17725.9      136.143       17725.889
       10700.226      17497.7      135.349       17497.701
       10701.312      17379.0      134.787       17379.035
       10702.398      17497.7      135.088       17497.661
       10703.484      17448.6      134.769       17448.557
       10704.570      17532.1      135.197       17532.146
       10705.656      17492.2      135.048       17492.183
       10706.742      17565.1      135.388       17565.141
       10707.828      17435.7      134.847       17435.681
       10708.914      17180.1      133.859       17180.123
       10710.000      16722.6      132.312       16722.567
       10711.086      16929.3      133.442       16929.349
       10712.172      17405.2      135.096       17405.196
       10713.258      17376.0      134.823       17375.967
       10714.344      17189.5      134.086       17189.498
       10715.430      17254.6      134.378       17254.564
       10716.516      17414.0      135.046       17414.040
       10717.602      17372.6      134.647       17372.639
       10718.688      17257.1      134.149       17257.134
       10719.774      17139.2      133.840       17139.242
       10720.860      17223.3      134.234       17223.271
       10721.946      17187.6      134.043       17187.577
       10723.032      17159.3      134.047       17159.266
       10724.118      17182.2      134.030       17182.200
       10725.204      17148.1      133.850       17148.149
       10726.290      17036.7      133.287       17036.714
       10727.376      17054.4      133.386       17054.357
       10728.462      17055.5      133.733       17055.486
       10729.548      17013.2      133.843       17013.243
       10730.633      16735.8      132.753       16735.772
       10731.719      16619.1      132.355       16619.132
       10732.805      16701.1      132.700       16701.098
       10733.891      16826.9      132.918       16826.929
       10734.977      16077.9      129.402       16077.947
       10736.063      15431.3      127.054       15431.276
       10737.149      16226.2      130.116       16226.242
       10738.235      16680.8      131.759       16680.810
       10739.321      16763.9      132.156       16763.862
       10740.407      16359.1      130.629       16359.122
       10741.493      15967.4      129.057       15967.419
       10742.579      16408.0      131.013       16407.989
       10743.665      16740.5      132.264       16740.517
       10744.751      16780.1      132.419       16780.108
       10745.837      16572.5      131.668       16572.473
       10746.923      16311.1      130.662       16311.070
       10748.009      16364.9      130.950       16364.901
       10749.095      16528.1      131.234       16528.121
       10750.181      16615.4      131.709       16615.382
       10751.267      16522.3      132.046       16522.333
       10752.353      16469.2      131.933       16469.208
       10753.439      16702.9      132.819       16702.866
       10754.525      16667.5      132.806       16667.491
       10755.611      16647.9      132.615       16647.872
       10756.697      16510.4      131.523       16510.408
       10757.783      16462.9      131.143       16462.902
       10758.869      16581.3      131.586       16581.285
       10759.955      16643.6      131.858       16643.554
       10761.041      16700.6      132.048       16700.586
       10762.127      16584.9      131.523       16584.875
       10763.213      16556.2      131.470       16556.248
       10764.299      16698.6      132.153       16698.592
       10765.385      16804.5      132.539       16804.520
       10766.471      16770.8      132.362       16770.821
       10767.557      16698.9      132.033       16698.861
       10768.643      16824.8      132.686       16824.837
       10769.729      16841.9      132.678       16841.877
       10770.814      16728.9      132.232       16728.922
       10771.900      16739.4      132.332       16739.417
       10772.986      16553.0      131.648       16552.994
       10774.072      16391.3      130.977       16391.296
       10775.158      16420.3      131.189       16420.348
       10776.244      16502.0      131.422       16501.982
       10777.330      16562.2      131.463       16562.171
       10778.416      16415.8      130.971       16415.768
       10779.502      16534.3      131.522       16534.268
       10780.588      16717.1      132.238       16717.060
       10781.674      16735.4      132.193       16735.445
       10782.760      16764.1      132.296       16764.129
       10783.846      16709.8      131.986       16709.796
       10784.932      16783.7      132.274       16783.680
       10786.018      16665.9      131.705       16665.855
       10787.104      16773.8      132.222       16773.822
       10788.190      16761.8      130.039       16761.849
       10789.276      16695.9      131.821       16695.866
       10790.362      16774.7      132.231       16774.713
       10791.448      16702.0      132.108       16701.986
       10792.534      16641.4      131.946       16641.380
       10793.620      16494.0      131.156       16493.982
       10794.706      16598.5      131.798       16598.490
       10795.792      16825.7      132.495       16825.722
       10796.878      16780.4      132.281       16780.357
       10797.964      16898.3      132.768       16898.328
       10799.050      16901.4      132.744       16901.413
       10800.136      16721.3      132.217       16721.259
       10801.222      16550.9      131.744       16550.863
       10802.308      16723.4      132.372       16723.386
       10803.394      16965.5      133.249       16965.513
       10804.480      17016.3      133.199       17016.328
       10805.566      17211.2      134.030       17211.205
       10806.652      17070.2      133.522       17070.217
       10807.738      16925.1      133.094       16925.059
       10808.824      17065.4      133.684       17065.416
       10809.910      17092.5      133.585       17092.524
       10810.995      16829.5      133.136       16829.547
       10812.081      16733.2      132.772       16733.160
       10813.167      16716.5      132.266       16716.548
       10814.253      16812.6      132.602       16812.623
       10815.339      16917.3      132.837       16917.318
       10816.425      17128.3      133.617       17128.335
       10817.511      17192.2      133.843       17192.161
       10818.597      17228.4      134.015       17228.441
       10819.683      17374.4      134.439       17374.409
       10820.769      17242.8      134.016       17242.850
       10821.855      17163.0      133.927       17163.045
       10822.941      17234.1      134.074       17234.118
       10824.027      17147.6      133.704       17147.620
       10825.113      17323.3      134.374       17323.288
       10826.199      17447.5      135.049       17447.481
       10827.285      17392.8      134.865       17392.817
       10828.371      17332.1      134.624       17332.092
       10829.457      16849.1      133.047       16849.116
       10830.543      16195.6      131.287       16195.584
       10831.629      16639.7      134.130       16639.675
       10832.715      17070.2      136.454       17070.241
       10833.801      16866.8      135.761       16866.754
       10834.887      16853.4      135.664       16853.430
       10835.973      17129.7      135.957       17129.747
       10837.059      17297.8      135.268       17297.819
       10838.145      17274.6      134.369       17274.605
       10839.231      17314.8      134.467       17314.832
       10840.317      17355.4      134.814       17355.378
       10841.403      17296.4      134.769       17296.373
       10842.489      17200.7      134.692       17200.690
       10843.575      17206.7      134.819       17206.695
       10844.661      17201.6      134.918       17201.610
       10845.747      17010.3      134.022       17010.350
       10846.833      17071.3      134.035       17071.347
       10847.919      17300.0      134.451       17300.023
       10849.005      17313.5      134.227       17313.530
       10850.090      17329.8      134.267       17329.845
       10851.176      17225.2      133.894       17225.153
       10852.262      17124.9      133.685       17124.864
       10853.348      17233.0      134.117       17232.993
       10854.434      17079.3      133.559       17079.332
       10855.520      17147.1      133.853       17147.052
       10856.606      17319.2      134.598       17319.163
       10857.692      17137.3      134.003       17137.260
       10858.778      17074.4      133.794       17074.439
       10859.864      16744.3      132.718       16744.329
       10860.950      16336.0      130.953       16336.040
       10862.036      16306.9      130.474       16306.940
       10863.122      16586.2      131.567       16586.156
       10864.208      16903.9      132.898       16903.892
       10865.294      17019.5      133.208       17019.513
       10866.380      17092.8      133.327       17092.810
       10867.466      17166.5      133.734       17166.496
       10868.552      17089.1      133.565       17089.129
       10869.638      16909.8      133.019       16909.774
       10870.724      16900.9      132.875       16900.887
       10871.810      16928.0      132.869       16928.046
       10872.896      16956.6      133.056       16956.612
       10873.982      16999.9      133.239       16999.851
       10875.068      16958.5      132.984       16958.461
       10876.154      16872.9      132.626       16872.915
       10877.240      16696.4      131.970       16696.441
       10878.326      16889.1      132.978       16889.100
       10879.412      16938.0      133.098       16938.043
       10880.498      16771.9      132.394       16771.864
       10881.584      16881.9      132.838       16881.879
       10882.670      16325.7      133.148       16325.665
       10883.756      16198.2      132.038       16198.161
       10884.842      16714.7      132.188       16714.667
       10885.928      16699.9      132.023       16699.915
       10887.014      16786.5      132.435       16786.504
       10888.100      16876.9      132.605       16876.944
       10889.186      16826.0      132.464       16825.953
       10890.271      16344.7      130.636       16344.683
       10891.357      16331.8      130.665       16331.839
       10892.443      16431.8      130.978       16431.751
       10893.529      15973.0      129.269       15973.020
       10894.615      15814.0      128.601       15813.980
       10895.701      16129.5      129.878       16129.545
       10896.787      16225.9      130.688       16225.877
       10897.873      16309.2      131.022       16309.171
       10898.959      16213.3      130.763       16213.291
       10900.045      16187.8      130.558       16187.757
       10901.131      16023.3      129.592       16023.270
       10902.217      15859.6      128.753       15859.589
       10903.303      15600.8      127.563       15600.835
       10904.389      15520.1      127.428       15520.141
       10905.475      15604.8      127.724       15604.804
       10906.561      15720.2      128.117       15720.245
       10907.647      16038.4      129.379       16038.393
       10908.733      15934.5      128.934       15934.457
       10909.819      15826.9      128.398       15826.894
       10910.905      15790.5      128.530       15790.471
       10911.991      15835.0      128.723       15834.976
       10913.077      15825.1      128.660       15825.137
       10914.163      15575.8      127.220       15575.762
       10915.249      15516.9      127.395       15516.950
       10916.335      15195.1      126.090       15195.083
       10917.421      14776.5      124.408       14776.483
       10918.507      14856.8      124.733       14856.788
       10919.593      14889.3      124.808       14889.271
       10920.679      14932.0      125.048       14931.955
       10921.765      14878.4      124.822       14878.384
       10922.851      14598.7      123.804       14598.679
       10923.937      14298.4      123.464       14298.416
       10925.023      13734.0      121.582       13734.027
       10926.109      13402.6      120.572       13402.633
       10927.195      13408.5      120.528       13408.471
       10928.281      13442.2      120.262       13442.194
       10929.367      13396.4      119.278       13396.368
       10930.452      13520.3      119.116       13520.253
       10931.538      13359.9      118.508       13359.852
       10932.624      13079.2      117.397       13079.151
       10933.710      12857.1      116.480       12857.063
       10934.796      12576.1      115.051       12576.142
       10935.882      12204.5      113.489       12204.474
       10936.968      11667.7      111.038       11667.705
       10938.054      11061.2      108.170       11061.194
       10939.140      10524.9      105.675       10524.886
       10940.226      9556.22      100.910       9556.2233
       10941.312      9056.27      98.3054       9056.2658
       10942.398      9542.09      100.669       9542.0882
       10943.484      10309.5      103.097       10309.503
       10944.570      11040.5      107.996       11040.490
       10945.656      11647.3      110.785       11647.340
       10946.742      11794.1      111.386       11794.092
       10947.828      12106.6      113.054       12106.577
       10948.914      12361.4      114.847       12361.374
       10950.000      12806.5      117.009       12806.463
       10951.086      13164.2      118.245       13164.237
       10952.172      13377.1      119.134       13377.087
       10953.258      13471.7      119.374       13471.668
       10954.344      13632.9      119.702       13632.943
       10955.430      13649.3      119.649       13649.271
       10956.516      13822.2      120.476       13822.234
       10957.602      13795.9      120.446       13795.866
       10958.688      13618.1      119.504       13618.109
       10959.774      14038.7      121.118       14038.703
       10960.860      14306.2      122.407       14306.183
       10961.946      14414.7      122.834       14414.718
       10963.032      14614.3      123.758       14614.295
       10964.118      14797.8      124.476       14797.754
       10965.204      14860.5      124.633       14860.541
       10966.290      14783.2      124.271       14783.163
       10967.376      15013.3      125.170       15013.251
       10968.462      15001.2      125.281       15001.161
       10969.548      15009.7      125.489       15009.734
       10970.633      15220.3      126.443       15220.309
       10971.719      15255.2      126.582       15255.219
       10972.805      15438.3      128.248       15438.260
       10973.891      15182.6      127.821       15182.565
       10974.977      15095.2      127.592       15095.169
       10976.063      15054.8      127.502       15054.825
       10977.149      14964.3      126.883       14964.311
       10978.235      14656.1      124.613       14656.117
       10979.321      14973.2      125.223       14973.173
       10980.407      15189.5      126.004       15189.461
       10981.493      15312.0      126.586       15311.958
       10982.579      15427.9      127.015       15427.897
       10983.665      15427.0      126.973       15426.951
       10984.751      15448.8      127.090       15448.825
       10985.837      15393.6      126.952       15393.569
       10986.923      15371.7      126.735       15371.672
       10988.009      15323.1      126.618       15323.103
       10989.095      15354.3      126.501       15354.282
       10990.181      15252.4      126.163       15252.420
       10991.267      15384.3      126.790       15384.267
       10992.353      15350.2      126.366       15350.152
       10993.439      15434.5      126.864       15434.509
       10994.525      15160.7      125.697       15160.682
       10995.611      14792.2      124.277       14792.243
       10996.697      14394.2      122.655       14394.219
       10997.783      14646.9      123.532       14646.921
       10998.869      14818.9      124.359       14818.942
       10999.955      15083.2      125.342       15083.158
       11001.041      15532.0      127.328       15532.001
       11002.127      15623.9      127.448       15623.944
       11003.213      15471.3      126.911       15471.280
       11004.299      15202.9      125.976       15202.867
       11005.385      15354.7      126.712       15354.741
       11006.471      15433.5      127.115       15433.479
       11007.557      15535.3      127.742       15535.338
       11008.643      15023.3      125.635       15023.300
       11009.729      14697.2      124.553       14697.198
       11010.814      14913.1      125.267       14913.097
       11011.900      15463.6      127.307       15463.636
       11012.986      15656.5      127.947       15656.515
       11014.072      15883.1      128.650       15883.124
       11015.158      15766.8      128.041       15766.835
       11016.244      15689.8      127.770       15689.848
       11017.330      15543.8      127.253       15543.780
       11018.416      15423.6      126.935       15423.568
       11019.502      15035.6      125.304       15035.552
       11020.588      14969.6      125.079       14969.559
       11021.674      15163.8      125.714       15163.813
       11022.760      15468.5      127.087       15468.491
       11023.846      15465.0      126.899       15464.977
       11024.932      15286.4      126.330       15286.411
       11026.018      15229.1      126.172       15229.102
       11027.104      15520.2      127.873       15520.167
       11028.190      15615.2      128.784       15615.190
       11029.276      15315.3      127.914       15315.341
       11030.362      14951.6      126.366       14951.619
       11031.448      15263.4      127.277       15263.364
       11032.534      15500.8      127.536       15500.840
       11033.620      15591.1      127.579       15591.074
       11034.706      15679.9      127.910       15679.855
       11035.792      15957.7      128.890       15957.705
       11036.878      16279.0      130.359       16278.954
       11037.964      16259.3      130.400       16259.272
       11039.050      16117.5      129.882       16117.532
       11040.136      15582.8      127.563       15582.812
       11041.222      15119.9      125.657       15119.904
       11042.308      14907.8      124.537       14907.792
       11043.394      14624.6      123.937       14624.639
       11044.480      14709.0      124.179       14709.037
       11045.566      15159.4      125.905       15159.411
       11046.652      15751.5      128.239       15751.500
       11047.738      15775.9      128.344       15775.869
       11048.824      15750.3      128.095       15750.284
       11049.910      15852.5      128.550       15852.495
       11050.995      15871.8      128.621       15871.792
       11052.081      16018.2      129.290       16018.182
       11053.167      15839.5      128.606       15839.478
       11054.253      15479.4      127.107       15479.363
       11055.339      15061.9      125.635       15061.873
       11056.425      15287.5      126.306       15287.480
       11057.511      15402.9      126.705       15402.881
       11058.597      15341.9      126.493       15341.950
       11059.683      15136.6      125.828       15136.611
       11060.769      14856.3      124.543       14856.306
       11061.855      14570.0      123.486       14570.049
       11062.941      14660.8      123.752       14660.794
       11064.027      14809.6      124.370       14809.585
       11065.113      14959.7      125.002       14959.705
       11066.199      14999.3      125.255       14999.284
       11067.285      15352.1      126.793       15352.132
       11068.371      15899.6      128.835       15899.649
       11069.457      16091.5      129.772       16091.482
       11070.543      15995.1      129.479       15995.052
       11071.629      15807.8      128.738       15807.804
       11072.715      15836.2      128.864       15836.227
       11073.801      15806.6      128.453       15806.584
       11074.887      15956.0      128.984       15956.044
       11075.973      15872.3      128.644       15872.278
       11077.059      15482.0      127.215       15482.030
       11078.145      15190.6      125.773       15190.581
       11079.231      14725.0      124.158       14725.017
       11080.317      14529.3      123.465       14529.344
       11081.403      14702.2      123.968       14702.246
       11082.489      14848.6      124.406       14848.597
       11083.575      14699.9      123.816       14699.927
       11084.661      14329.7      122.250       14329.725
       11085.747      14337.5      122.309       14337.460
       11086.833      14265.6      122.388       14265.586
       11087.919      14618.0      124.282       14618.022
       11089.005      15374.0      127.373       15373.985
       11090.090      15481.2      127.839       15481.157
       11091.176      15208.0      126.686       15207.999
       11092.262      15175.8      126.168       15175.768
       11093.348      14937.1      125.250       14937.095
       11094.434      15298.1      126.346       15298.070
       11095.520      15337.3      126.360       15337.274
       11096.606      15168.5      125.631       15168.500
       11097.692      15052.1      125.104       15052.089
       11098.778      15099.9      125.496       15099.895
       11099.864      15513.5      126.728       15513.503
       11100.950      15613.4      127.459       15613.417
       11102.036      15672.5      127.733       15672.459
       11103.122      15358.9      126.405       15358.851
       11104.208      13998.4      120.801       13998.395
       11105.294      13125.7      117.424       13125.658
       11106.380      13440.1      118.783       13440.098
       11107.466      13886.5      120.288       13886.451
       11108.552      13991.9      120.875       13991.857
       11109.638      14488.0      122.901       14487.960
       11110.724      14126.5      121.296       14126.543
       11111.810      13483.8      118.822       13483.753
       11112.896      13490.7      118.931       13490.745
       11113.982      12564.1      114.835       12564.121
       11115.068      12781.6      115.857       12781.565
       11116.154      14507.8      123.101       14507.812
       11117.240      15301.6      126.575       15301.646
       11118.326      15284.0      126.293       15283.992
       11119.412      15091.0      125.591       15091.000
       11120.498      14664.0      123.907       14664.025
       11121.584      14573.5      123.379       14573.504
       11122.670      14543.1      123.006       14543.146
       11123.756      14310.0      122.065       14310.034
       11124.842      14635.2      123.764       14635.153
       11125.928      14405.6      122.652       14405.584
       11127.014      14389.5      122.290       14389.549
       11128.100      13453.3      118.447       13453.303
       11129.186      12198.3      113.078       12198.309
       11130.271      11386.2      109.645       11386.160
       11131.357      11121.4      108.219       11121.358
       11132.443      10868.6      107.111       10868.621
       11133.529      12166.9      113.424       12166.943
       11134.615      12552.6      114.822       12552.587
       11135.701      12089.6      112.744       12089.643
       11136.787      11400.5      109.674       11400.498
       11137.873      11501.4      110.125       11501.350
       11138.959      12038.0      112.484       12037.985
       11140.045      13346.8      118.379       13346.839
       11141.131      13796.2      120.410       13796.161
       11142.217      13978.1      121.181       13978.061
       11143.303      14208.2      121.959       14208.211
       11144.389      14266.6      121.994       14266.572
       11145.475      13920.7      120.661       13920.742
       11146.561      13595.5      119.688       13595.502
       11147.647      13132.6      117.152       13132.571
       11148.733      12231.6      113.450       12231.626
       11149.819      9934.33      102.738       9934.3353
       11150.905      8318.86      94.6635       8318.8626
       11151.991      9608.79      100.978       9608.7904
       11153.077      10854.3      106.902       10854.271
       11154.163      11209.9      109.220       11209.928
       11155.249      11963.8      112.452       11963.826
       11156.335      12465.7      114.652       12465.714
       11157.421      12397.8      114.203       12397.760
       11158.507      12506.4      114.564       12506.405
       11159.593      12204.7      113.246       12204.716
       11160.679      11368.7      109.445       11368.742
       11161.765      9741.17      101.697       9741.1727
       11162.851      7814.62      91.4276       7814.6240
       11163.937      6525.01      83.9730       6525.0135
       11165.023      5747.75      79.1916       5747.7532
       11166.109      6034.32      80.9298       6034.3192
       11167.195      6879.73      86.0903       6879.7338
       11168.281      8610.49      95.7741       8610.4855
       11169.367      10361.2      104.730       10361.247
       11170.452      10229.3      104.016       10229.286
       11171.538      9022.34      97.8632       9022.3388
       11172.624      8052.93      92.9653       8052.9324
       11173.710      8002.05      92.5966       8002.0505
       11174.796      9337.29      99.5208       9337.2862
       11175.882      11340.4      109.395       11340.410
       11176.968      12338.5      113.909       12338.507
       11178.054      12223.5      113.574       12223.491
       11179.140      11590.8      110.523       11590.777
       11180.226      10773.9      106.773       10773.871
       11181.312      9535.67      100.618       9535.6721
       11182.398      8222.06      93.8286       8222.0592
       11183.484      8391.17      94.7474       8391.1668
       11184.570      10018.7      102.871       10018.745
       11185.656      10742.7      106.625       10742.657
       11186.742      9626.56      101.055       9626.5570
       11187.828      7695.67      90.7259       7695.6652
       11188.914      6931.42      86.0015       6931.4169
       11190.000      7012.42      86.1679       7012.4169
       11191.086      6715.08      84.9864       6715.0775
       11192.172      6209.01      81.8516       6209.0061
       11193.258      6424.27      83.4668       6424.2695
       11194.344      7991.03      92.2529       7991.0304
       11195.430      9673.62      101.263       9673.6174
       11196.516      9968.41      102.742       9968.4128
       11197.602      8945.64      97.5769       8945.6393
       11198.688      7911.17      92.0639       7911.1667
       11199.774      7530.98      89.8872       7530.9796
       11200.860      7253.13      88.3787       7253.1305
       11201.946      6156.67      82.0061       6156.6681
       11203.032      5825.86      79.9012       5825.8598
       11204.118      7256.17      88.0078       7256.1716
       11205.204      8673.83      95.8711       8673.8323
       11206.290      8916.21      97.3406       8916.2142
       11207.376      9053.52      98.2519       9053.5188
       11208.462      9285.31      99.4328       9285.3093
       11209.548      8999.74      97.8197       8999.7433
       11210.633      7845.50      91.7024       7845.4996
       11211.719      6206.68      82.4998       6206.6776
       11212.805      5698.81      79.3487       5698.8104
       11213.891      6743.52      85.7028       6743.5213
       11214.977      7711.49      91.1236       7711.4885
       11216.063      7328.03      88.8758       7328.0275
       11217.149      5709.34      79.1715       5709.3392
       11218.235      4223.81      69.1868       4223.8073
       11219.321      4220.13      68.8931       4220.1326
       11220.407      4923.46      73.3072       4923.4585
       11221.493      4620.47      71.1893       4620.4670
       11222.579      3707.12      64.9824       3707.1152
       11223.665      3418.96      62.6678       3418.9628
       11224.751      3507.88      63.3437       3507.8755
       11225.837      3475.95      63.1701       3475.9539
       11226.923      4146.26      68.5645       4146.2597
       11228.009      5505.92      77.3410       5505.9212
       11229.095      6451.71      83.5662       6451.7069
       11230.181      6837.56      86.0833       6837.5567
       11231.267      6797.61      85.6087       6797.6054
       11232.353      6370.00      83.1358       6370.0010
       11233.439      5166.79      75.5136       5166.7940
       11234.525      3504.04      63.3939       3504.0359
       11235.611      2671.19      56.2266       2671.1855
       11236.697      3189.09      60.9153       3189.0926
       11237.783      4568.52      70.8213       4568.5170
       11238.869      5670.85      78.3992       5670.8546
       11239.955          NaN      12.9764             NaN
