       9750.0000         -NaN         -NaN             NaN
       9751.0860      9384.68      94.6824       9384.6824
       9752.1719      9561.23      97.9559       9561.2277
       9753.2579      9824.90      99.0761       9824.9017
       9754.3439      10011.1      99.5132       10011.121
       9755.4299      9938.01      102.065       9938.0082
       9756.5158      9851.40      98.6273       9851.3982
       9757.6018      9945.52      99.9270       9945.5177
       9758.6878      9941.63      99.8182       9941.6333
       9759.7738      9924.65      100.640       9924.6542
       9760.8597      10048.6      100.346       10048.620
       9761.9457      10316.5      101.597       10316.495
       9763.0317      10471.7      102.753       10471.709
       9764.1176      10413.4      102.587       10413.443
       9765.2036      10376.2      102.163       10376.151
       9766.2896      10469.4      102.850       10469.427
       9767.3756      10702.9      103.674       10702.941
       9768.4615      10906.1      104.862       10906.110
       9769.5475      11015.9      105.440       11015.852
       9770.6335      11127.6      105.943       11127.628
       9771.7195      11205.2      106.241       11205.157
       9772.8054      11383.1      106.957       11383.146
       9773.8914      11318.3      104.659       11318.342
       9774.9774      11261.6      115.860       11261.606
       9776.0633      11264.6      107.845       11264.595
       9777.1493      11381.8      107.242       11381.828
       9778.2353      11421.3      107.257       11421.305
       9779.3213      11392.7      107.321       11392.709
       9780.4072      11426.6      107.763       11426.594
       9781.4932      11432.4      107.409       11432.403
       9782.5792      11546.0      106.581       11546.035
       9783.6652      11441.2      107.549       11441.201
       9784.7511      11276.4      104.303       11276.375
       9785.8371      11494.5      107.077       11494.526
       9786.9231      11727.8      108.854       11727.820
       9788.0090      11786.3      108.901       11786.285
       9789.0950      11828.8      108.911       11828.809
       9790.1810      11832.3      108.953       11832.328
       9791.2670      11820.1      109.221       11820.100
       9792.3529      11906.3      109.748       11906.334
       9793.4389      11820.1      109.489       11820.133
       9794.5249      11698.4      108.999       11698.433
       9795.6109      11764.5      109.260       11764.529
       9796.6968      11983.6      110.067       11983.554
       9797.7828      12138.9      110.506       12138.929
       9798.8688      12104.3      110.445       12104.329
       9799.9548      12226.2      111.874       12226.153
       9801.0407      12311.7      111.612       12311.700
       9802.1267      12145.0      110.908       12144.989
       9803.2127      11944.3      109.486       11944.272
       9804.2986      11657.8      109.204       11657.833
       9805.3846      11941.8      110.025       11941.847
       9806.4706      12369.4      111.123       12369.369
       9807.5566      12268.5      110.767       12268.456
       9808.6425      12126.4      110.551       12126.416
       9809.7285      12076.3      110.020       12076.318
       9810.8145      12555.4      111.935       12555.378
       9811.9005      12621.2      112.707       12621.243
       9812.9864      12603.6      112.462       12603.619
       9814.0724      12538.4      112.516       12538.380
       9815.1584      12310.1      111.118       12310.108
       9816.2443      12130.0      110.803       12130.016
       9817.3303      12400.8      111.682       12400.757
       9818.4163      12604.9      112.812       12604.880
       9819.5023      12630.3      112.545       12630.333
       9820.5882      12722.8      113.199       12722.825
       9821.6742      12771.5      113.716       12771.547
       9822.7602      12784.0      113.181       12784.042
       9823.8462      12880.3      113.612       12880.300
       9824.9321      12853.9      83.1064       12853.943
       9826.0181      12765.8      113.255       12765.840
       9827.1041      12732.3      113.170       12732.278
       9828.1900      12725.4      112.994       12725.383
       9829.2760      12883.9      113.699       12883.897
       9830.3620      12956.6      114.357       12956.574
       9831.4480      13069.2      114.792       13069.220
       9832.5339      13120.3      115.163       13120.282
       9833.6199      13017.8      114.559       13017.807
       9834.7059      12923.8      113.989       12923.795
       9835.7919      13031.0      114.682       13031.022
       9836.8778      13248.8      115.398       13248.793
       9837.9638      13190.7      115.360       13190.727
       9839.0498      13130.4      114.838       13130.390
       9840.1357      13220.5      115.428       13220.452
       9841.2217      13234.1      115.608       13234.141
       9842.3077      13295.7      115.727       13295.701
       9843.3937      13245.4      115.332       13245.377
       9844.4796      13176.0      114.893       13176.049
       9845.5656      13215.5      112.146       13215.536
       9846.6516      13264.2      115.748       13264.206
       9847.7376      13300.4      115.839       13300.447
       9848.8235      13307.6      115.855       13307.634
       9849.9095      13203.1      116.335       13203.129
       9850.9955      13334.8      116.012       13334.820
       9852.0814      13307.9      115.746       13307.885
       9853.1674      13292.6      115.741       13292.616
       9854.2534      13402.5      116.169       13402.517
       9855.3394      13555.7      116.950       13555.685
       9856.4253      13599.0      116.857       13599.014
       9857.5113      13612.0      117.157       13612.049
       9858.5973      13562.6      116.561       13562.564
       9859.6833      13388.4      115.597       13388.423
       9860.7692      13629.7      114.574       13629.687
       9861.8552      13734.2      117.532       13734.209
       9862.9412      13778.0      117.516       13777.992
       9864.0271      13747.5      117.747       13747.524
       9865.1131      13711.2      117.256       13711.173
       9866.1991      13736.8      117.887       13736.801
       9867.2851      13630.8      117.076       13630.793
       9868.3710      13703.4      117.493       13703.389
       9869.4570      13813.9      117.942       13813.883
       9870.5430      13750.6      117.657       13750.556
       9871.6290      13863.9      118.164       13863.920
       9872.7149      13747.2      118.038       13747.227
       9873.8009      13697.3      117.837       13697.332
       9874.8869      13856.2      118.548       13856.241
       9875.9729      13743.3      117.928       13743.285
       9877.0588      13844.8      117.627       13844.845
       9878.1448      13795.0      117.101       13795.048
       9879.2308      13845.7      118.246       13845.746
       9880.3167      14044.2      117.935       14044.236
       9881.4027      14017.3      118.453       14017.343
       9882.4887      13999.1      119.982       13999.134
       9883.5747      14050.9      118.931       14050.913
       9884.6606      14286.6      119.399       14286.631
       9885.7466      14130.1      117.511       14130.112
       9886.8326      14121.8      118.417       14121.805
       9887.9186      14119.4      120.670       14119.421
       9889.0045      14191.6      119.547       14191.627
       9890.0905      14295.4      119.975       14295.364
       9891.1765      14247.8      122.033       14247.794
       9892.2624      14298.8      119.635       14298.755
       9893.3484      14310.2      119.454       14310.188
       9894.4344      14357.5      119.062       14357.537
       9895.5204      14490.5      120.803       14490.470
       9896.6063      14386.5      120.482       14386.500
       9897.6923      14374.3      120.483       14374.268
       9898.7783      14466.0      120.646       14465.974
       9899.8643      14615.6      120.948       14615.634
       9900.9502      14503.2      120.746       14503.208
       9902.0362      14574.9      120.994       14574.946
       9903.1222      14616.9      121.196       14616.948
       9904.2081      14603.8      123.286       14603.801
       9905.2941      14644.8      121.505       14644.799
       9906.3801      14716.1      121.786       14716.089
       9907.4661      14824.4      122.458       14824.426
       9908.5520      14894.9      122.882       14894.935
       9909.6380      14878.4      122.102       14878.375
       9910.7240      14936.0      122.908       14936.027
       9911.8100      15110.1      123.100       15110.055
       9912.8959      14992.5      122.611       14992.463
       9913.9819      15026.8      123.524       15026.768
       9915.0679      15080.0      123.249       15079.960
       9916.1538      15153.3      123.999       15153.320
       9917.2398      15232.5      124.181       15232.500
       9918.3258      15351.7      124.668       15351.733
       9919.4118      15465.8      124.662       15465.789
       9920.4977      15317.3      123.995       15317.267
       9921.5837      15373.7      121.606       15373.712
       9922.6697      15294.9      123.979       15294.870
       9923.7557      15308.2      124.559       15308.163
       9924.8416      15378.2      124.580       15378.247
       9925.9276      15445.4      124.893       15445.391
       9927.0136      15450.0      124.608       15449.959
       9928.0995      15463.0      121.016       15462.983
       9929.1855      15314.0      124.000       15313.965
       9930.2715      15434.6      124.983       15434.644
       9931.3575      15658.3      125.430       15658.342
       9932.4434      15602.3      125.057       15602.280
       9933.5294      15496.7      124.277       15496.688
       9934.6154      15602.3      125.155       15602.303
       9935.7014      15693.1      129.691       15693.136
       9936.7873      15673.1      125.687       15673.054
       9937.8733      15738.6      125.522       15738.584
       9938.9593      15626.8      125.300       15626.842
       9940.0452      15250.3      124.053       15250.341
       9941.1312      15476.5      125.136       15476.452
       9942.2172      15728.9      125.880       15728.886
       9943.3032      15767.1      126.232       15767.134
       9944.3891      15665.9      125.797       15665.872
       9945.4751      15810.4      126.532       15810.395
       9946.5611      15879.9      126.776       15879.919
       9947.6471      15748.7      126.435       15748.685
       9948.7330      15791.3      126.644       15791.317
       9949.8190      15653.2      126.139       15653.234
       9950.9050      15722.0      126.319       15722.010
       9951.9910      16099.6      127.552       16099.593
       9953.0769      16188.0      127.731       16188.037
       9954.1629      16206.6      127.578       16206.633
       9955.2489      16233.2      127.792       16233.235
       9956.3348      16396.1      128.763       16396.052
       9957.4208      16445.5      128.888       16445.450
       9958.5068      16360.2      128.733       16360.189
       9959.5928      16362.9      128.870       16362.855
       9960.6787      16463.1      129.379       16463.056
       9961.7647      16430.7      128.906       16430.742
       9962.8507      16482.0      129.181       16481.961
       9963.9367      16426.4      128.973       16426.362
       9965.0226      16367.3      128.757       16367.315
       9966.1086      16522.0      129.180       16521.983
       9967.1946      16551.5      129.157       16551.526
       9968.2805      16594.3      129.148       16594.328
       9969.3665      16615.6      129.284       16615.595
       9970.4525      16706.1      130.146       16706.071
       9971.5385      16673.5      129.489       16673.488
       9972.6244      16770.1      130.001       16770.139
       9973.7104      16797.4      130.127       16797.405
       9974.7964      16856.6      130.390       16856.556
       9975.8824      16903.0      130.666       16903.026
       9976.9683      16963.1      130.705       16963.092
       9978.0543      16965.0      130.323       16965.016
       9979.1403      16794.4      129.975       16794.364
       9980.2262      16832.7      130.192       16832.718
       9981.3122      17154.1      131.346       17154.126
       9982.3982      17204.4      131.151       17204.409
       9983.4842      17248.4      131.822       17248.444
       9984.5701      17136.3      131.174       17136.320
       9985.6561      17110.8      131.193       17110.779
       9986.7421      17034.6      130.856       17034.586
       9987.8281      16888.2      130.552       16888.182
       9988.9140      17213.2      131.641       17213.201
       9990.0000      17064.3      130.709       17064.263
       9991.0860      17104.2      131.270       17104.194
       9992.1719      17046.8      131.000       17046.789
       9993.2579      17096.8      130.788       17096.757
       9994.3439      17141.9      131.519       17141.914
       9995.4299      17057.5      131.069       17057.493
       9996.5158      17232.7      131.696       17232.714
       9997.6018      17186.6      132.437       17186.578
       9998.6878      16974.2      130.740       16974.167
       9999.7738      16968.2      130.771       16968.237
       10000.860      17039.0      131.011       17038.956
       10001.946      17140.3      131.435       17140.282
       10003.032      17166.9      131.660       17166.940
       10004.118      16964.6      125.007       16964.627
       10005.204      16932.0      130.617       16932.048
       10006.290      17181.6      133.713       17181.601
       10007.376      17160.7      131.009       17160.721
       10008.462      17230.7      141.330       17230.713
       10009.548      17013.3      130.735       17013.281
       10010.633      17085.6      131.122       17085.637
       10011.719      17057.9      131.163       17057.888
       10012.805      17072.9      131.635       17072.868
       10013.891      16985.9      131.558       16985.854
       10014.977      17058.9      132.033       17058.944
       10016.063      17126.6      132.149       17126.578
       10017.149      16959.1      131.351       16959.138
       10018.235      16618.5      129.643       16618.544
       10019.321      16552.8      128.507       16552.766
       10020.407      17033.9      131.073       17033.927
       10021.493      17024.6      130.804       17024.636
       10022.579      17022.2      131.694       17022.232
       10023.665      16842.2      130.104       16842.183
       10024.751      16638.4      129.561       16638.423
       10025.837      16733.9      130.051       16733.881
       10026.923      16830.8      130.790       16830.764
       10028.009      16679.3      130.076       16679.267
       10029.095      16561.7      129.652       16561.724
       10030.181      16214.3      128.322       16214.348
       10031.267      16323.1      128.618       16323.051
       10032.353      16255.4      128.030       16255.423
       10033.439      15701.1      126.007       15701.096
       10034.525      15777.8      126.183       15777.784
       10035.611      15867.4      126.613       15867.419
       10036.697      15863.0      126.745       15863.012
       10037.783      15791.4      126.283       15791.424
       10038.869      15601.2      125.376       15601.206
       10039.955      15319.3      124.590       15319.316
       10041.041      14969.4      123.266       14969.447
       10042.127      14840.5      122.499       14840.530
       10043.213      14675.3      121.608       14675.271
       10044.299      14292.5      120.181       14292.542
       10045.385      14012.2      118.867       14012.227
       10046.471      13663.5      117.632       13663.506
       10047.557      13345.1      116.101       13345.136
       10048.643      12775.8      113.524       12775.767
       10049.729      11989.4      109.972       11989.425
       10050.814      11134.3      106.090       11134.263
       10051.900      10182.2      101.623       10182.189
       10052.986      10117.5      101.208       10117.499
       10054.072      10765.4      105.045       10765.388
       10055.158      11610.5      107.969       11610.492
       10056.244      12609.6      112.463       12609.624
       10057.330      13332.6      116.020       13332.640
       10058.416      13948.1      117.491       13948.063
       10059.502      14157.5      119.287       14157.519
       10060.588      14446.3      120.903       14446.339
       10061.674      14849.2      122.734       14849.216
       10062.760      15225.6      124.298       15225.567
       10063.846      15503.7      125.256       15503.685
       10064.932      15813.5      126.431       15813.455
       10066.018      15778.9      125.996       15778.886
       10067.104      15857.4      125.911       15857.439
       10068.190      16261.6      128.008       16261.618
       10069.276      16372.7      128.358       16372.715
       10070.362      16706.7      130.017       16706.717
       10071.448      16660.2      129.642       16660.157
       10072.534      16723.1      129.885       16723.123
       10073.620      16506.0      129.234       16506.049
       10074.706      17133.8      131.596       17133.846
       10075.792      17221.4      131.910       17221.409
       10076.878      17594.4      133.297       17594.444
       10077.964      17647.8      133.215       17647.786
       10079.050      17673.0      133.496       17672.960
       10080.136      17745.2      133.697       17745.173
       10081.222      17729.1      133.743       17729.091
       10082.308      17910.7      134.510       17910.713
       10083.394      17925.4      134.864       17925.449
       10084.480      18054.3      135.449       18054.336
       10085.566      18122.2      135.746       18122.216
       10086.652      18092.9      135.672       18092.875
       10087.738      17802.2      134.375       17802.184
       10088.824      17894.4      134.212       17894.388
       10089.910      18069.6      134.892       18069.631
       10090.995      17613.4      133.189       17613.429
       10092.081      17528.5      133.068       17528.541
       10093.167      18184.6      135.467       18184.583
       10094.253      18248.9      135.808       18248.924
       10095.339      18377.1      136.221       18377.060
       10096.425      18372.0      136.234       18371.951
       10097.511      18815.6      137.912       18815.600
       10098.597      19019.8      138.588       19019.827
       10099.683      18893.2      138.080       18893.156
       10100.769      18786.1      137.782       18786.098
       10101.855      18793.1      137.663       18793.089
       10102.941      18953.9      138.288       18953.946
       10104.027      19150.6      139.081       19150.573
       10105.113      19103.7      139.172       19103.701
       10106.199      18984.7      138.807       18984.679
       10107.285      19037.6      139.024       19037.632
       10108.371      19054.4      138.972       19054.369
       10109.457      18936.9      138.521       18936.891
       10110.543      19235.3      139.491       19235.282
       10111.629      19276.6      139.511       19276.611
       10112.715      19242.1      139.641       19242.116
       10113.801      19209.0      139.184       19208.998
       10114.887      19334.9      139.719       19334.943
       10115.973      19235.6      139.512       19235.626
       10117.059      19145.7      139.083       19145.655
       10118.145      19186.9      139.267       19186.858
       10119.231      19385.9      139.856       19385.905
       10120.317      19256.5      139.531       19256.524
       10121.403      19406.1      139.940       19406.141
       10122.489      19472.7      140.305       19472.664
       10123.575      19542.2      140.527       19542.237
       10124.661      19583.2      141.054       19583.208
       10125.747      19591.3      141.243       19591.323
       10126.833      19487.1      140.941       19487.058
       10127.919      19434.4      140.794       19434.394
       10129.005      19550.5      140.851       19550.474
       10130.090      19708.2      141.074       19708.232
       10131.176      19746.8      141.008       19746.818
       10132.262      19741.4      141.007       19741.443
       10133.348      19719.3      140.991       19719.263
       10134.434      19776.0      141.117       19776.035
       10135.520      19776.3      141.089       19776.256
       10136.606      19781.8      140.941       19781.821
       10137.692      19615.7      140.730       19615.670
       10138.778      19624.4      140.687       19624.377
       10139.864      19695.9      140.947       19695.903
       10140.950      19741.9      141.119       19741.907
       10142.036      19856.2      141.619       19856.186
       10143.122      19830.7      141.525       19830.731
       10144.208      19696.8      141.180       19696.827
       10145.294      19834.2      141.697       19834.191
       10146.380      19906.7      141.949       19906.686
       10147.466      19774.6      141.431       19774.570
       10148.552      19965.3      142.131       19965.323
       10149.638      19925.8      141.894       19925.763
       10150.724      19749.7      141.292       19749.738
       10151.810      19919.0      141.790       19918.955
       10152.896      19921.0      141.915       19920.966
       10153.982      20076.6      142.633       20076.619
       10155.068      20203.7      143.189       20203.724
       10156.154      20327.0      143.556       20327.009
       10157.240      20204.8      143.141       20204.767
       10158.326      20198.3      143.002       20198.277
       10159.412      20261.3      143.086       20261.297
       10160.498      20206.1      142.713       20206.133
       10161.584      20273.4      143.075       20273.367
       10162.670      20112.9      142.566       20112.874
       10163.756      20177.8      142.811       20177.849
       10164.842      20517.8      143.858       20517.767
       10165.928      20348.7      143.398       20348.683
       10167.014      20224.6      142.931       20224.588
       10168.100      20219.4      142.851       20219.432
       10169.186      20302.2      143.091       20302.218
       10170.271      20366.0      143.433       20365.990
       10171.357      20341.8      143.344       20341.816
       10172.443      20354.0      143.823       20353.979
       10173.529      20251.2      143.817       20251.170
       10174.615      20196.0      143.606       20196.049
       10175.701      20299.7      143.811       20299.671
       10176.787      20286.7      143.553       20286.687
       10177.873      20296.3      143.184       20296.305
       10178.959      20397.7      143.560       20397.670
       10180.045      20504.2      143.835       20504.215
       10181.131      20460.3      143.722       20460.257
       10182.217      20459.0      143.761       20458.976
       10183.303      20496.6      143.843       20496.573
       10184.389      20562.8      143.866       20562.753
       10185.475      20272.5      143.027       20272.514
       10186.561      20074.4      142.308       20074.360
       10187.647      20314.4      143.323       20314.426
       10188.733      20340.9      143.377       20340.910
       10189.819      20477.2      143.992       20477.238
       10190.905      20536.8      144.365       20536.807
       10191.991      20543.3      144.433       20543.284
       10193.077      20511.6      144.360       20511.572
       10194.163      20458.8      144.107       20458.848
       10195.249      20285.2      143.273       20285.199
       10196.335      20527.6      144.059       20527.618
       10197.421      20405.4      143.534       20405.434
       10198.507      20319.3      143.279       20319.287
       10199.593      20480.9      143.778       20480.948
       10200.679      19989.2      142.100       19989.171
       10201.765      19787.7      141.421       19787.708
       10202.851      20259.1      143.147       20259.090
       10203.937      20550.4      144.170       20550.422
       10205.023      20418.5      143.828       20418.521
       10206.109      20396.4      143.798       20396.403
       10207.195      20301.0      143.185       20301.001
       10208.281      20523.7      144.005       20523.743
       10209.367      20562.6      144.187       20562.567
       10210.452      20620.6      144.432       20620.561
       10211.538      20433.8      144.104       20433.819
       10212.624      20539.2      144.744       20539.161
       10213.710      20623.6      144.871       20623.646
       10214.796      20524.7      144.426       20524.710
       10215.882      20510.8      144.215       20510.797
       10216.968      20482.1      143.893       20482.113
       10218.054      20464.9      143.698       20464.944
       10219.140      20546.5      144.037       20546.541
       10220.226      20559.6      144.057       20559.601
       10221.312      20525.9      143.452       20525.853
       10222.398      20562.2      144.088       20562.171
       10223.484      20580.3      144.192       20580.296
       10224.570      20544.6      144.065       20544.622
       10225.656      20491.6      143.892       20491.628
       10226.742      20550.3      144.380       20550.306
       10227.828      20441.5      144.031       20441.545
       10228.914      20453.9      143.997       20453.867
       10230.000      20500.9      144.243       20500.909
       10231.086      20543.7      144.195       20543.669
       10232.172      20494.7      143.995       20494.675
       10233.258      20353.3      143.566       20353.327
       10234.344      20477.9      143.749       20477.918
       10235.430      20475.0      143.752       20474.991
       10236.516      20627.6      144.280       20627.638
       10237.602      20687.3      144.396       20687.260
       10238.688      20601.6      144.109       20601.599
       10239.774      20470.4      143.596       20470.421
       10240.860      20561.0      143.830       20560.999
       10241.946      20610.6      144.095       20610.648
       10243.032      20484.4      143.675       20484.397
       10244.118      20423.5      143.488       20423.495
       10245.204      20450.8      143.625       20450.827
       10246.290      20505.8      143.690       20505.808
       10247.376      20383.4      143.369       20383.423
       10248.462      20388.9      143.431       20388.927
       10249.548      20545.0      144.123       20545.035
       10250.633      20618.7      145.374       20618.729
       10251.719      20525.0      143.938       20524.989
       10252.805      20288.5      143.196       20288.455
       10253.891      20343.2      143.298       20343.178
       10254.977      20545.5      144.020       20545.479
       10256.063      20531.5      143.807       20531.546
       10257.149      20286.0      143.125       20285.969
       10258.235      19993.4      142.244       19993.445
       10259.321      20157.8      142.721       20157.794
       10260.407      20381.6      143.448       20381.565
       10261.493      20402.6      143.527       20402.565
       10262.579      20237.3      142.937       20237.294
       10263.665      20314.6      143.206       20314.590
       10264.751      20267.6      143.148       20267.620
       10265.837      20307.8      143.344       20307.752
       10266.923      20305.9      143.380       20305.885
       10268.009      20224.3      143.068       20224.293
       10269.095      20212.0      143.004       20211.995
       10270.181      20432.4      143.639       20432.360
       10271.267      20284.7      143.277       20284.736
       10272.353      20246.0      143.086       20246.001
       10273.439      20269.5      143.237       20269.475
       10274.525      20321.0      143.371       20321.018
       10275.611      20219.4      142.962       20219.353
       10276.697      20307.4      143.285       20307.407
       10277.783      20216.0      142.983       20216.037
       10278.869      20115.0      142.594       20115.032
       10279.955      20287.8      143.269       20287.774
       10281.041      20034.0      142.223       20033.962
       10282.127      19856.7      141.717       19856.732
       10283.213      20253.9      142.993       20253.859
       10284.299      20351.0      143.307       20351.016
       10285.385      20256.0      143.156       20255.956
       10286.471      19992.6      142.469       19992.617
       10287.557      20155.9      143.760       20155.888
       10288.643      20072.2      143.797       20072.227
       10289.729      19960.8      143.382       19960.807
       10290.814      19983.7      143.263       19983.720
       10291.900      20166.3      143.130       20166.312
       10292.986      20201.9      143.004       20201.897
       10294.072      20103.4      142.120       20103.420
       10295.158      19983.9      142.030       19983.873
       10296.244      20099.7      142.619       20099.657
       10297.330      19427.5      141.222       19427.518
       10298.416      19683.2      141.699       19683.183
       10299.502      20055.1      142.810       20055.114
       10300.588      20155.1      142.876       20155.111
       10301.674      20083.3      142.327       20083.251
       10302.760      20044.0      142.015       20043.991
       10303.846      19845.3      141.512       19845.313
       10304.932      19816.8      141.356       19816.842
       10306.018      19993.2      142.160       19993.234
       10307.104      20044.9      142.209       20044.881
       10308.190      19872.1      141.697       19872.130
       10309.276      20111.2      142.366       20111.203
       10310.362      19987.9      142.158       19987.945
       10311.448      19074.0      138.916       19073.982
       10312.534      19241.2      139.617       19241.227
       10313.620      19823.4      141.656       19823.351
       10314.706      20003.2      142.171       20003.183
       10315.792      19954.1      141.904       19954.069
       10316.878      20116.5      142.482       20116.502
       10317.964      20138.4      142.526       20138.417
       10319.050      20130.3      142.877       20130.257
       10320.136      19847.5      141.528       19847.457
       10321.222      19786.9      141.390       19786.936
       10322.308      19893.2      141.667       19893.176
       10323.394      20199.5      142.779       20199.530
       10324.480      19939.0      141.892       19938.967
       10325.566      19889.8      141.480       19889.788
       10326.652      19947.2      142.225       19947.212
       10327.738      20043.7      142.532       20043.720
       10328.824      20002.3      141.807       20002.287
       10329.910      20008.9      142.219       20008.865
       10330.995      20018.6      142.099       20018.551
       10332.081      19862.9      141.751       19862.864
       10333.167      19928.8      141.866       19928.839
       10334.253      20071.1      142.449       20071.080
       10335.339      20105.3      142.508       20105.275
       10336.425      20123.6      142.594       20123.600
       10337.511      20027.4      142.040       20027.444
       10338.597      19957.7      141.955       19957.664
       10339.683      19995.9      141.931       19995.922
       10340.769      20040.4      142.299       20040.367
       10341.855      20008.4      142.037       20008.412
       10342.941      20077.7      142.540       20077.692
       10344.027      19774.5      141.353       19774.533
       10345.113      19971.6      142.106       19971.592
       10346.199      20085.9      142.319       20085.856
       10347.285      20009.4      142.435       20009.419
       10348.371      20049.5      142.593       20049.489
       10349.457      19982.4      142.451       19982.441
       10350.543      20160.4      142.982       20160.440
       10351.629      19949.6      142.292       19949.583
       10352.715      20081.0      142.607       20080.995
       10353.801      20054.8      142.356       20054.768
       10354.887      20065.6      142.495       20065.587
       10355.973      20196.1      142.966       20196.052
       10357.059      20144.6      142.795       20144.619
       10358.145      20089.6      142.590       20089.628
       10359.231      20207.5      142.763       20207.463
       10360.317      20161.3      141.910       20161.286
       10361.403      20306.9      142.850       20306.936
       10362.489      20377.2      143.164       20377.211
       10363.575      20354.0      143.182       20353.960
       10364.661      20314.2      143.173       20314.175
       10365.747      20355.3      143.199       20355.324
       10366.833      20354.1      143.387       20354.143
       10367.919      20431.2      143.291       20431.197
       10369.005      20412.1      143.398       20412.058
       10370.090      20399.3      143.482       20399.275
       10371.176      20398.7      143.533       20398.721
       10372.262      20462.2      143.641       20462.249
       10373.348      20438.2      144.161       20438.158
       10374.434      20551.7      144.913       20551.701
       10375.520      20482.1      144.753       20482.107
       10376.606      20648.3      145.368       20648.251
       10377.692      20480.4      144.309       20480.399
       10378.778      20700.4      144.473       20700.381
       10379.864      20523.4      143.935       20523.379
       10380.950      20459.1      143.537       20459.084
       10382.036      20833.5      144.778       20833.509
       10383.122      20799.9      144.778       20799.882
       10384.208      20834.2      145.774       20834.225
       10385.294      19961.1      145.158       19961.143
       10386.380      20711.5      144.515       20711.540
       10387.466      20774.7      144.562       20774.727
       10388.552      20706.6      144.401       20706.586
       10389.638      20725.0      144.441       20724.998
       10390.724      20701.8      144.499       20701.817
       10391.810      20731.2      144.229       20731.242
       10392.896      20727.0      144.496       20727.031
       10393.982      20665.0      144.300       20664.983
       10395.068      20668.4      144.417       20668.432
       10396.154      20710.5      144.084       20710.535
       10397.240      20903.7      145.650       20903.738
       10398.326      20755.1      145.110       20755.101
       10399.412      20785.0      145.095       20784.994
       10400.498      20375.2      143.714       20375.191
       10401.584      20539.5      144.146       20539.481
       10402.670      20876.1      145.150       20876.105
       10403.756      20817.6      144.778       20817.587
       10404.842      20785.4      144.503       20785.363
       10405.928      20827.6      144.835       20827.620
       10407.014      20987.2      145.454       20987.161
       10408.100      20892.9      145.140       20892.915
       10409.186      20927.1      145.199       20927.120
       10410.271      20751.4      144.642       20751.419
       10411.357      20944.1      145.081       20944.129
       10412.443      20722.3      144.733       20722.284
       10413.529      20817.0      145.135       20816.994
       10414.615      20869.3      145.167       20869.277
       10415.701      20883.8      145.002       20883.825
       10416.787      20979.8      145.548       20979.771
       10417.873      21088.2      146.055       21088.205
       10418.959      21120.9      146.686       21120.933
       10420.045      21061.8      146.812       21061.783
       10421.131      20988.5      146.533       20988.539
       10422.217      20851.2      146.052       20851.208
       10423.303      20967.7      145.994       20967.664
       10424.389      21068.1      145.782       21068.088
       10425.475      20868.6      145.175       20868.591
       10426.561      20848.1      144.983       20848.115
       10427.647      20334.4      143.308       20334.446
       10428.733      20160.4      142.777       20160.374
       10429.819      20999.4      145.818       20999.388
       10430.905      21024.9      145.756       21024.890
       10431.991      21029.6      145.839       21029.566
       10433.077      21037.2      145.734       21037.172
       10434.163      21084.3      145.842       21084.311
       10435.249      20694.7      144.396       20694.715
       10436.335      20586.7      143.949       20586.682
       10437.421      21143.1      145.973       21143.118
       10438.507      21223.2      146.313       21223.169
       10439.593      21316.6      146.484       21316.649
       10440.679      21384.6      147.519       21384.576
       10441.765      21193.4      144.265       21193.380
       10442.851      21098.1      145.854       21098.100
       10443.937      21135.2      145.950       21135.223
       10445.023      21114.7      145.992       21114.728
       10446.109      21187.8      146.247       21187.763
       10447.195      21276.5      146.528       21276.476
       10448.281      21173.2      146.194       21173.163
       10449.367      21012.6      145.269       21012.610
       10450.452      21053.0      145.876       21052.978
       10451.538      21101.0      146.354       21101.023
       10452.624      21122.5      146.444       21122.506
       10453.710      21129.7      146.456       21129.736
       10454.796      21031.2      146.002       21031.190
       10455.882      21039.3      145.824       21039.269
       10456.968      20972.4      145.521       20972.390
       10458.054      20627.2      144.036       20627.176
       10459.140      20390.8      143.588       20390.800
       10460.226      20510.2      144.029       20510.245
       10461.312      20686.4      144.365       20686.445
       10462.398      20683.9      144.455       20683.921
       10463.484      20990.1      145.525       20990.108
       10464.570      21094.8      145.960       21094.836
       10465.656      20898.2      145.316       20898.187
       10466.742      20827.3      145.153       20827.262
       10467.828      20952.1      145.572       20952.050
       10468.914      20998.1      145.949       20998.073
       10470.000      20736.1      145.483       20736.114
       10471.086      20795.9      145.820       20795.864
       10472.172      21060.2      146.705       21060.212
       10473.258      20900.9      145.942       20900.851
       10474.344      20912.2      145.546       20912.221
       10475.430      20887.6      145.277       20887.593
       10476.516      20777.5      144.836       20777.473
       10477.602      20846.8      145.150       20846.832
       10478.688      20928.2      145.438       20928.216
       10479.774      20743.2      144.732       20743.182
       10480.860      20746.5      144.696       20746.492
       10481.946      20874.7      145.053       20874.715
       10483.032      20807.4      144.813       20807.381
       10484.118      20631.2      144.194       20631.191
       10485.204      20763.5      144.634       20763.490
       10486.290      20889.8      144.974       20889.779
       10487.376      20780.0      144.687       20780.007
       10488.462      20723.4      144.709       20723.374
       10489.548      20830.8      144.910       20830.802
       10490.633      20799.3      185.280       20799.268
       10491.719      20856.6      144.924       20856.590
       10492.805      20973.2      145.438       20973.217
       10493.891      20862.4      144.953       20862.353
       10494.977      20643.6      144.235       20643.639
       10496.063      20869.4      145.058       20869.374
       10497.149      20774.3      144.694       20774.264
       10498.235      20616.4      144.208       20616.362
       10499.321      20432.8      143.575       20432.806
       10500.407      20560.3      144.035       20560.295
       10501.493      20672.6      144.282       20672.552
       10502.579      20600.3      144.259       20600.303
       10503.665      20616.8      144.280       20616.836
       10504.751      20470.3      143.891       20470.340
       10505.837      19375.2      140.170       19375.189
       10506.923      18114.2      135.391       18114.211
       10508.009      19673.3      141.010       19673.290
       10509.095      20568.6      144.282       20568.619
       10510.181      20456.3      143.982       20456.320
       10511.267      20329.9      143.691       20329.864
       10512.353      20399.0      143.910       20399.019
       10513.439      20494.8      144.197       20494.771
       10514.525      20292.2      143.192       20292.166
       10515.611      20419.7      143.667       20419.670
       10516.697      20512.6      143.848       20512.594
       10517.783      20362.0      143.457       20362.001
       10518.869      20463.8      143.715       20463.847
       10519.955      20489.7      143.901       20489.735
       10521.041      20428.0      143.573       20427.997
       10522.127      20284.9      142.969       20284.873
       10523.213      19865.6      141.465       19865.595
       10524.299      20036.7      142.117       20036.743
       10525.385      20279.7      143.500       20279.660
       10526.471      20372.8      143.931       20372.791
       10527.557      20423.6      144.065       20423.576
       10528.643      20379.2      143.783       20379.205
       10529.729      20463.4      143.921       20463.377
       10530.814      20293.7      143.171       20293.686
       10531.900      20339.6      143.358       20339.625
       10532.986      20311.5      143.144       20311.491
       10534.072      20178.7      142.671       20178.678
       10535.158      20394.2      143.288       20394.156
       10536.244      20302.6      143.123       20302.645
       10537.330      19923.1      141.878       19923.109
       10538.416      20417.9      143.397       20417.908
       10539.502      20299.2      143.208       20299.244
       10540.588      20245.7      142.913       20245.684
       10541.674      20135.7      142.496       20135.665
       10542.760      20183.9      142.638       20183.877
       10543.846      20210.3      142.762       20210.325
       10544.932      20332.1      143.151       20332.120
       10546.018      20365.2      143.293       20365.223
       10547.104      20685.8      144.083       20685.772
       10548.190      20349.6      143.111       20349.638
       10549.276      20540.6      143.973       20540.576
       10550.362      20381.1      143.466       20381.100
       10551.448      20329.4      143.305       20329.419
       10552.534      20306.6      143.267       20306.556
       10553.620      20363.4      143.300       20363.380
       10554.706      20302.5      143.200       20302.530
       10555.792      20243.3      142.873       20243.323
       10556.878      20360.2      143.316       20360.194
       10557.964      20436.4      143.593       20436.436
       10559.050      20361.9      143.517       20361.919
       10560.136      20522.4      145.048       20522.424
       10561.222      20726.6      144.723       20726.639
       10562.308      20487.0      143.703       20487.033
       10563.394      20690.0      144.428       20690.024
       10564.480      20724.0      144.496       20723.963
       10565.566      20520.4      143.834       20520.397
       10566.652      20573.9      144.009       20573.905
       10567.738      20657.9      144.468       20657.864
       10568.824      20335.4      143.207       20335.380
       10569.910      20381.3      143.344       20381.268
       10570.995      20552.5      143.847       20552.502
       10572.081      20598.3      144.259       20598.264
       10573.167      20543.7      144.106       20543.684
       10574.253      20425.8      143.742       20425.750
       10575.339      20391.5      143.623       20391.491
       10576.425      20413.3      143.706       20413.307
       10577.511      20665.1      144.901       20665.130
       10578.597      20597.6      144.118       20597.580
       10579.683      20476.2      143.663       20476.167
       10580.769      20554.4      143.935       20554.376
       10581.855      20705.1      144.408       20705.062
       10582.941      20658.7      144.353       20658.745
       10584.027      20725.9      144.600       20725.857
       10585.113      20664.1      144.537       20664.097
       10586.199      20718.2      144.610       20718.227
       10587.285      20618.7      144.422       20618.738
       10588.371      20383.2      143.630       20383.233
       10589.457      20529.6      144.176       20529.641
       10590.543      20817.4      145.080       20817.423
       10591.629      20785.7      144.958       20785.653
       10592.715      19817.1      141.360       19817.110
       10593.801      20358.3      143.390       20358.273
       10594.887      19855.2      141.685       19855.159
       10595.973      19998.7      142.167       19998.729
       10597.059      20783.6      144.745       20783.560
       10598.145      20643.0      144.383       20642.978
       10599.231      20916.1      145.341       20916.093
       10600.317      20902.9      145.295       20902.926
       10601.403      20689.3      144.574       20689.342
       10602.489      20660.5      144.518       20660.473
       10603.575      20691.9      144.487       20691.860
       10604.661      20702.4      144.584       20702.392
       10605.747      20600.6      144.111       20600.617
       10606.833      20715.5      144.612       20715.535
       10607.919      20669.2      144.409       20669.248
       10609.005      20386.3      143.462       20386.262
       10610.090      20720.4      144.469       20720.359
       10611.176      20765.8      144.642       20765.841
       10612.262      20745.8      144.707       20745.797
       10613.348      20538.2      143.869       20538.237
       10614.434      20648.1      144.627       20648.078
       10615.520      20582.7      143.923       20582.660
       10616.606      20833.5      144.702       20833.508
       10617.692      20587.7      143.932       20587.671
       10618.778      20492.6      143.693       20492.553
       10619.864      20526.8      143.924       20526.815
       10620.950      20727.6      144.636       20727.576
       10622.036      20365.1      143.192       20365.098
       10623.122      20568.4      143.777       20568.366
       10624.208      20608.2      143.984       20608.205
       10625.294      20805.3      144.549       20805.344
       10626.380      20650.6      144.712       20650.575
       10627.466      20496.5      143.909       20496.531
       10628.552      20590.1      144.070       20590.057
       10629.638      20636.2      144.197       20636.203
       10630.724      20606.8      144.193       20606.767
       10631.810      20297.5      143.147       20297.478
       10632.896      20320.1      143.429       20320.127
       10633.982      20393.6      143.283       20393.600
       10635.068      20366.5      143.222       20366.532
       10636.154      20491.1      143.662       20491.065
       10637.240      20465.4      143.596       20465.448
       10638.326      20273.2      142.858       20273.160
       10639.412      20144.0      142.445       20144.021
       10640.498      20225.9      142.523       20225.888
       10641.584      20262.7      142.779       20262.728
       10642.670      20481.8      143.664       20481.814
       10643.756      20231.8      142.915       20231.848
       10644.842      20198.3      142.045       20198.329
       10645.928      20027.5      142.214       20027.525
       10647.014      20043.1      142.353       20043.082
       10648.100      20287.4      142.947       20287.449
       10649.186      20257.6      142.642       20257.574
       10650.271      20106.7      142.373       20106.727
       10651.357      19678.6      140.757       19678.624
       10652.443      20008.4      142.185       20008.398
       10653.529      20085.3      142.374       20085.316
       10654.615      20267.1      143.200       20267.120
       10655.701      20090.8      142.338       20090.839
       10656.787      20059.2      142.333       20059.235
       10657.873      20070.7      142.335       20070.697
       10658.959      19902.2      141.770       19902.228
       10660.045      19942.7      141.864       19942.650
       10661.131      19741.1      141.071       19741.080
       10662.217      19890.5      141.751       19890.472
       10663.303      19921.5      141.816       19921.510
       10664.389      19769.9      141.274       19769.903
       10665.475      19903.4      141.545       19903.429
       10666.561      19896.4      140.870       19896.375
       10667.647      19871.9      139.024       19871.882
       10668.733      19853.5      142.222       19853.481
       10669.819      19560.1      140.498       19560.137
       10670.905      19633.7      140.557       19633.663
       10671.991      19559.6      140.402       19559.570
       10673.077      19633.0      140.558       19633.010
       10674.163      19522.6      140.313       19522.612
       10675.249      19487.0      139.993       19487.008
       10676.335      19474.4      140.027       19474.450
       10677.421      19453.9      140.029       19453.911
       10678.507      19505.0      140.337       19504.978
       10679.593      19616.4      140.657       19616.369
       10680.679      19734.0      140.086       19734.048
       10681.765      19677.7      140.881       19677.737
       10682.851      19448.4      140.111       19448.360
       10683.937      19088.8      138.614       19088.824
       10685.023      19000.5      138.553       19000.515
       10686.109      18509.0      136.597       18509.029
       10687.195      18382.5      136.353       18382.539
       10688.281      18524.2      136.478       18524.181
       10689.367      18789.2      137.755       18789.203
       10690.452      19179.5      139.390       19179.519
       10691.538      19201.7      139.468       19201.746
       10692.624      18705.1      137.294       18705.144
       10693.710      18228.3      135.740       18228.295
       10694.796      18192.5      135.527       18192.509
       10695.882      18619.6      137.111       18619.639
       10696.968      18972.8      138.273       18972.759
       10698.054      19035.8      138.797       19035.772
       10699.140      19094.2      138.894       19094.230
       10700.226      18987.9      138.725       18987.853
       10701.312      19030.2      138.706       19030.245
       10702.398      19072.2      138.832       19072.247
       10703.484      18934.9      136.384       18934.856
       10704.570      18852.6      138.023       18852.609
       10705.656      18908.0      138.122       18908.003
       10706.742      18937.0      138.602       18937.031
       10707.828      18831.8      137.961       18831.835
       10708.914      18333.7      136.084       18333.692
       10710.000      18498.7      136.369       18498.669
       10711.086      18234.3      135.949       18234.322
       10712.172      18597.8      137.474       18597.839
       10713.258      18836.3      138.360       18836.253
       10714.344      18949.0      138.733       18948.967
       10715.430      18779.1      138.064       18779.132
       10716.516      18866.5      138.265       18866.474
       10717.602      18938.9      138.394       18938.922
       10718.688      18620.9      137.134       18620.874
       10719.774      18511.8      136.863       18511.784
       10720.860      18582.4      137.176       18582.422
       10721.946      18524.3      136.633       18524.349
       10723.032      18522.6      136.428       18522.594
       10724.118      18649.4      137.497       18649.408
       10725.204      18690.2      137.346       18690.225
       10726.290      18581.4      137.077       18581.393
       10727.376      18436.6      136.554       18436.601
       10728.462      18366.9      136.489       18366.937
       10729.548      18428.3      137.010       18428.262
       10730.633      18403.4      137.129       18403.427
       10731.719      18118.6      136.139       18118.622
       10732.805      17831.4      134.878       17831.447
       10733.891      18126.0      135.587       18126.021
       10734.977      18148.5      135.565       18148.469
       10736.063      18091.1      135.354       18091.119
       10737.149      17984.0      134.935       17984.036
       10738.235      18056.8      135.186       18056.837
       10739.321      17968.4      135.031       17968.442
       10740.407      17744.7      134.087       17744.720
       10741.493      17114.5      131.689       17114.482
       10742.579      17178.6      131.923       17178.566
       10743.665      18112.0      135.664       18111.953
       10744.751      18170.5      135.821       18170.513
       10745.837      18038.4      135.398       18038.441
       10746.923      18186.4      135.872       18186.415
       10748.009      18162.2      135.628       18162.235
       10749.095      18158.2      135.628       18158.196
       10750.181      18054.8      135.576       18054.800
       10751.267      18095.8      135.789       18095.845
       10752.353      18086.8      136.070       18086.771
       10753.439      18249.1      136.707       18249.077
       10754.525      18203.0      136.474       18202.983
       10755.611      18125.2      135.809       18125.174
       10756.697      18058.8      135.225       18058.834
       10757.783      18010.8      134.824       18010.797
       10758.869      17989.8      134.778       17989.784
       10759.955      17884.0      132.662       17883.962
       10761.041      17811.9      134.242       17811.893
       10762.127      17945.3      134.602       17945.289
       10763.213      17965.5      134.689       17965.517
       10764.299      17989.2      134.600       17989.242
       10765.385      17943.5      134.654       17943.542
       10766.471      17904.7      134.396       17904.718
       10767.557      17970.8      134.624       17970.832
       10768.643      18157.6      135.094       18157.554
       10769.729      18212.1      135.535       18212.099
       10770.814      18108.9      135.172       18108.880
       10771.900      18152.7      135.475       18152.674
       10772.986      18109.0      135.531       18108.960
       10774.072      17946.3      134.920       17946.258
       10775.158      18149.3      135.605       18149.284
       10776.244      18209.5      135.862       18209.508
       10777.330      18131.5      135.475       18131.458
       10778.416      18130.5      135.382       18130.547
       10779.502      18182.9      135.363       18182.910
       10780.588      18155.6      135.331       18155.577
       10781.674      18233.1      135.570       18233.134
       10782.760      18144.0      135.220       18143.966
       10783.846      18143.8      135.120       18143.822
       10784.932      18137.2      135.093       18137.222
       10786.018      18106.9      134.997       18106.944
       10787.104      18067.4      134.991       18067.394
       10788.190      18226.6      135.292       18226.617
       10789.276      18161.3      135.231       18161.252
       10790.362      18029.3      134.754       18029.323
       10791.448      18102.6      134.983       18102.636
       10792.534      18125.4      134.899       18125.380
       10793.620      18193.9      135.506       18193.948
       10794.706      18250.2      135.676       18250.158
       10795.792      18201.1      135.602       18201.100
       10796.878      18330.4      135.769       18330.362
       10797.964      18347.0      136.029       18347.044
       10799.050      18338.0      135.962       18338.003
       10800.136      18287.7      135.943       18287.686
       10801.222      18269.2      135.796       18269.209
       10802.308      18237.0      135.738       18237.042
       10803.394      18288.5      135.936       18288.512
       10804.480      18309.6      136.114       18309.626
       10805.566      18364.9      136.233       18364.926
       10806.652      18333.3      136.086       18333.326
       10807.738      18327.4      135.915       18327.407
       10808.824      18410.3      136.233       18410.268
       10809.910      18332.4      136.101       18332.364
       10810.995      17573.1      137.309       17573.113
       10812.081      17660.3      137.525       17660.306
       10813.167      18228.6      135.747       18228.586
       10814.253      18220.1      135.424       18220.069
       10815.339      18480.4      136.664       18480.443
       10816.425      18662.5      137.090       18662.513
       10817.511      18593.0      137.086       18593.034
       10818.597      18557.6      136.741       18557.601
       10819.683      18613.8      136.874       18613.844
       10820.769      18683.3      137.213       18683.296
       10821.855      18636.7      137.056       18636.690
       10822.941      18544.1      136.867       18544.110
       10824.027      18401.0      136.408       18400.998
       10825.113      18420.7      136.333       18420.681
       10826.199      18388.7      136.201       18388.659
       10827.285      18475.0      136.466       18475.026
       10828.371      18386.2      136.233       18386.190
       10829.457      18357.2      136.260       18357.236
       10830.543      18293.0      136.405       18292.972
       10831.629      18389.4      137.325       18389.403
       10832.715      18509.9      138.431       18509.903
       10833.801      18486.9      138.557       18486.950
       10834.887      18331.6      137.811       18331.592
       10835.973      18433.1      137.502       18433.142
       10837.059      18565.7      137.301       18565.726
       10838.145      18675.7      137.352       18675.721
       10839.231      18461.8      136.640       18461.778
       10840.317      18530.5      136.832       18530.462
       10841.403      18707.8      137.573       18707.803
       10842.489      18438.2      136.996       18438.209
       10843.575      18028.8      135.644       18028.845
       10844.661      18162.3      136.198       18162.337
       10845.747      18592.3      137.679       18592.265
       10846.833      18423.0      136.672       18422.982
       10847.919      18408.3      136.377       18408.290
       10849.005      18653.6      137.325       18653.577
       10850.090      18688.0      137.416       18688.045
       10851.176      18492.4      136.537       18492.352
       10852.262      18514.0      136.702       18513.985
       10853.348      18676.3      137.099       18676.252
       10854.434      18667.0      137.287       18666.993
       10855.520      18541.3      136.821       18541.298
       10856.606      18507.5      136.814       18507.537
       10857.692      18487.3      136.824       18487.256
       10858.778      18469.3      136.846       18469.333
       10859.864      18392.9      136.659       18392.923
       10860.950      18187.2      135.922       18187.208
       10862.036      18081.8      135.260       18081.750
       10863.122      18157.4      135.455       18157.367
       10864.208      18237.4      135.688       18237.370
       10865.294      18385.2      136.369       18385.205
       10866.380      18385.6      136.208       18385.561
       10867.466      18449.9      136.516       18449.855
       10868.552      18501.0      136.690       18500.970
       10869.638      18389.8      136.215       18389.773
       10870.724      18457.9      136.757       18457.880
       10871.810      18455.6      136.476       18455.649
       10872.896      18348.2      136.158       18348.205
       10873.982      18245.5      135.747       18245.467
       10875.068      18257.2      135.754       18257.242
       10876.154      18337.5      136.225       18337.520
       10877.240      18349.1      136.321       18349.059
       10878.326      18386.3      136.494       18386.269
       10879.412      18446.4      136.471       18446.367
       10880.498      18158.4      135.520       18158.418
       10881.584      18149.9      135.501       18149.919
       10882.670      18196.1      135.888       18196.052
       10883.756      18128.2      135.557       18128.240
       10884.842      18040.5      134.998       18040.470
       10885.928      18016.0      134.810       18015.978
       10887.014      17886.9      134.463       17886.910
       10888.100      17688.3      133.727       17688.345
       10889.186      17832.3      134.213       17832.289
       10890.271      17934.9      134.475       17934.871
       10891.357      17821.8      133.923       17821.816
       10892.443      17893.9      134.293       17893.884
       10893.529      17826.9      134.033       17826.936
       10894.615      17882.9      134.073       17882.915
       10895.701      17845.0      134.217       17844.998
       10896.787      17819.3      134.420       17819.343
       10897.873      17812.5      134.583       17812.528
       10898.959      17854.6      134.734       17854.636
       10900.045      17661.7      133.855       17661.678
       10901.131      17478.0      132.877       17478.016
       10902.217      17405.9      132.572       17405.904
       10903.303      17356.5      132.265       17356.508
       10904.389      17181.3      131.701       17181.302
       10905.475      17091.8      131.127       17091.825
       10906.561      17009.8      130.738       17009.801
       10907.647      17142.9      131.574       17142.855
       10908.733      17201.7      131.745       17201.672
       10909.819      17302.3      131.754       17302.342
       10910.905      17280.6      131.815       17280.587
       10911.991      17247.1      131.522       17247.086
       10913.077      17100.9      131.105       17100.918
       10914.163      16979.0      130.633       16979.001
       10915.249      16919.5      130.339       16919.542
       10916.335      16447.9      128.122       16447.947
       10917.421      16146.3      127.300       16146.319
       10918.507      16070.6      127.325       16070.613
       10919.593      16053.0      127.354       16053.030
       10920.679      16230.9      127.823       16230.910
       10921.765      16214.8      127.906       16214.786
       10922.851      16017.3      127.280       16017.308
       10923.937      15745.8      126.945       15745.802
       10925.023      15376.1      125.877       15376.056
       10926.109      15013.9      124.566       15013.941
       10927.195      15072.2      124.828       15072.184
       10928.281      14905.6      123.628       14905.596
       10929.367      14875.2      122.658       14875.220
       10930.452      14772.3      121.880       14772.277
       10931.538      14518.4      120.701       14518.422
       10932.624      14402.7      120.260       14402.735
       10933.710      14079.0      118.987       14078.990
       10934.796      13729.6      117.460       13729.643
       10935.882      13361.5      114.335       13361.540
       10936.968      12869.7      113.899       12869.682
       10938.054      12333.7      111.257       12333.672
       10939.140      11576.5      107.873       11576.533
       10940.226      10630.2      103.277       10630.162
       10941.312      9918.20      100.183       9918.2031
       10942.398      10038.7      100.489       10038.730
       10943.484      10982.6      105.355       10982.629
       10944.570      12012.9      109.862       12012.869
       10945.656      12640.9      112.897       12640.928
       10946.742      13037.3      114.322       13037.258
       10947.828      13160.5      115.040       13160.499
       10948.914      13453.1      116.863       13453.118
       10950.000      13747.9      118.282       13747.914
       10951.086      14168.8      120.360       14168.826
       10952.172      14386.9      121.166       14386.939
       10953.258      14528.5      121.574       14528.542
       10954.344      14652.7      121.775       14652.735
       10955.430      14704.6      121.833       14704.620
       10956.516      14896.0      122.590       14895.956
       10957.602      15248.3      124.050       15248.294
       10958.688      15332.1      124.497       15332.135
       10959.774      15364.6      124.072       15364.621
       10960.860      15575.1      125.428       15575.131
       10961.946      15717.4      125.804       15717.423
       10963.032      15734.9      126.056       15734.880
       10964.118      15597.5      125.445       15597.473
       10965.204      15753.5      126.021       15753.458
       10966.290      15975.9      126.677       15975.920
       10967.376      15914.1      126.787       15914.056
       10968.462      16138.3      127.706       16138.305
       10969.548      16368.2      128.616       16368.151
       10970.633      16506.6      129.024       16506.562
       10971.719      16613.3      129.532       16613.349
       10972.805      16546.1      129.727       16546.109
       10973.891      16429.2      130.003       16429.215
       10974.977      16407.9      130.309       16407.897
       10976.063      16191.2      129.183       16191.246
       10977.149      16281.5      129.187       16281.486
       10978.235      16262.5      128.448       16262.512
       10979.321      16333.3      128.616       16333.264
       10980.407      16540.2      129.341       16540.169
       10981.493      16701.7      129.873       16701.717
       10982.579      16664.6      129.788       16664.602
       10983.665      16686.3      129.778       16686.304
       10984.751      16625.8      129.643       16625.835
       10985.837      16585.2      129.434       16585.172
       10986.923      16672.1      129.788       16672.075
       10988.009      16724.0      129.846       16724.009
       10989.095      16722.9      129.883       16722.888
       10990.181      16751.7      129.967       16751.685
       10991.267      16661.5      129.611       16661.488
       10992.353      16742.4      129.894       16742.375
       10993.439      16884.8      130.776       16884.758
       10994.525      16788.0      129.964       16788.016
       10995.611      16543.9      129.091       16543.930
       10996.697      16357.6      128.343       16357.557
       10997.783      16523.3      129.046       16523.309
       10998.869      16655.5      129.428       16655.539
       10999.955      16621.5      129.528       16621.483
       11001.041      16891.7      130.668       16891.704
       11002.127      16974.0      130.936       16974.036
       11003.213      16989.9      130.673       16989.924
       11004.299      16930.2      130.618       16930.217
       11005.385      16875.2      130.169       16875.173
       11006.471      16916.6      131.084       16916.636
       11007.557      16931.9      131.033       16931.863
       11008.643      16900.2      131.048       16900.237
       11009.729      16817.9      130.650       16817.859
       11010.814      16686.4      130.032       16686.390
       11011.900      16695.4      129.777       16695.412
       11012.986      17002.6      130.751       17002.635
       11014.072      17211.2      131.389       17211.205
       11015.158      17079.7      131.012       17079.677
       11016.244      17207.9      131.492       17207.927
       11017.330      17168.4      131.431       17168.371
       11018.416      17095.1      130.723       17095.149
       11019.502      16880.4      130.223       16880.352
       11020.588      16502.0      128.752       16502.001
       11021.674      16580.4      128.918       16580.358
       11022.760      17098.9      131.206       17098.909
       11023.846      17140.7      131.475       17140.718
       11024.932      16958.1      130.325       16958.085
       11026.018      16833.4      130.406       16833.419
       11027.104      16878.0      130.921       16878.019
       11028.190      16990.6      131.892       16990.577
       11029.276      16986.2      132.173       16986.223
       11030.362      16851.4      131.628       16851.365
       11031.448      16851.9      131.367       16851.911
       11032.534      16906.2      130.849       16906.197
       11033.620      16990.5      130.803       16990.476
       11034.706      17020.7      131.068       17020.681
       11035.792      17193.9      131.711       17193.853
       11036.878      17369.2      132.392       17369.232
       11037.964      17418.1      132.602       17418.123
       11039.050      17445.2      132.776       17445.241
       11040.136      17370.4      132.354       17370.403
       11041.222      17107.7      131.384       17107.714
       11042.308      16758.3      130.058       16758.297
       11043.394      16635.4      129.395       16635.379
       11044.480      16656.2      129.799       16656.195
       11045.566      16864.3      130.551       16864.287
       11046.652      17191.4      131.807       17191.357
       11047.738      17022.2      131.411       17022.163
       11048.824      17022.7      131.214       17022.735
       11049.910      17382.6      132.451       17382.633
       11050.995      17455.2      132.712       17455.151
       11052.081      17394.4      132.510       17394.391
       11053.167      17313.5      132.228       17313.455
       11054.253      17119.8      131.408       17119.775
       11055.339      16946.0      130.378       16946.025
       11056.425      16935.8      130.452       16935.808
       11057.511      17129.1      131.453       17129.100
       11058.597      17191.8      131.770       17191.765
       11059.683      16913.6      130.656       16913.623
       11060.769      16668.1      129.708       16668.130
       11061.855      16576.7      129.502       16576.713
       11062.941      16458.8      129.033       16458.777
       11064.027      16616.8      129.575       16616.756
       11065.113      16817.1      130.370       16817.076
       11066.199      16841.0      130.425       16840.957
       11067.285      16827.1      130.386       16827.077
       11068.371      17022.8      131.182       17022.819
       11069.457      17258.5      132.195       17258.488
       11070.543      17255.8      132.298       17255.838
       11071.629      17276.4      132.539       17276.400
       11072.715      17371.3      132.844       17371.313
       11073.801      17291.7      132.393       17291.652
       11074.887      17238.0      131.964       17238.038
       11075.973      17327.7      132.305       17327.686
       11077.059      17176.5      131.704       17176.502
       11078.145      17010.7      131.076       17010.702
       11079.231      16853.9      130.275       16853.938
       11080.317      16616.5      129.006       16616.481
       11081.403      16559.0      129.392       16559.041
       11082.489      16746.5      130.119       16746.480
       11083.575      16723.3      129.987       16723.267
       11084.661      16542.7      129.284       16542.736
       11085.747      16434.0      128.882       16433.954
       11086.833      16428.1      128.873       16428.106
       11087.919      16545.7      129.668       16545.728
       11089.005      16950.3      131.438       16950.341
       11090.090      17217.6      132.460       17217.631
       11091.176      17122.1      132.024       17122.088
       11092.262      16930.9      131.084       16930.886
       11093.348      16824.3      130.277       16824.256
       11094.434      16911.2      130.482       16911.217
       11095.520      17002.4      130.471       17002.355
       11096.606      16929.5      130.579       16929.511
       11097.692      16879.2      130.239       16879.181
       11098.778      16886.6      130.380       16886.637
       11099.864      16994.6      130.683       16994.564
       11100.950      17073.0      131.130       17073.030
       11102.036      16999.9      130.840       16999.863
       11103.122      16913.2      129.519       16913.160
       11104.208      16361.7      128.234       16361.700
       11105.294      15640.4      125.854       15640.425
       11106.380      15657.6      125.503       15657.627
       11107.466      16084.3      126.595       16084.323
       11108.552      16068.2      127.347       16068.184
       11109.638      16192.3      127.741       16192.302
       11110.724      16206.3      127.412       16206.263
       11111.810      15957.5      124.273       15957.508
       11112.896      15659.4      125.702       15659.399
       11113.982      15318.5      124.255       15318.493
       11115.068      15265.6      123.851       15265.602
       11116.154      15933.4      126.479       15933.405
       11117.240      16589.0      129.199       16588.953
       11118.326      16854.1      130.192       16854.102
       11119.412      16611.5      129.278       16611.460
       11120.498      16383.0      128.475       16382.980
       11121.584      16193.1      127.651       16193.127
       11122.670      16110.0      129.506       16109.990
       11123.756      15968.8      126.884       15968.832
       11124.842      16193.8      127.824       16193.770
       11125.928      16144.4      127.379       16144.373
       11127.014      15963.2      126.700       15963.215
       11128.100      15582.0      125.234       15581.984
       11129.186      14842.3      122.336       14842.292
       11130.271      14308.9      120.222       14308.853
       11131.357      14103.3      119.389       14103.300
       11132.443      13872.0      118.367       13872.030
       11133.529      14369.5      120.351       14369.500
       11134.615      14794.2      122.184       14794.198
       11135.701      14677.1      121.722       14677.134
       11136.787      14145.1      119.515       14145.076
       11137.873      14008.0      119.001       14008.031
       11138.959      14274.0      120.179       14273.950
       11140.045      15026.2      123.356       15026.174
       11141.131      15634.8      125.787       15634.834
       11142.217      15579.4      125.463       15579.373
       11143.303      15759.0      126.115       15759.032
       11144.389      15787.1      126.139       15787.118
       11145.475      15768.8      126.043       15768.818
       11146.561      15490.6      124.351       15490.591
       11147.647      15074.8      123.326       15074.777
       11148.733      14536.5      120.925       14536.469
       11149.819      13070.3      114.674       13070.304
       11150.905      11378.2      106.644       11378.203
       11151.991      11177.8      106.032       11177.797
       11153.077      12715.4      113.183       12715.367
       11154.163      13535.7      116.982       13535.735
       11155.249      13893.4      118.622       13893.422
       11156.335      14239.4      120.033       14239.427
       11157.421      14293.4      120.206       14293.449
       11158.507      14456.3      121.526       14456.341
       11159.593      14277.0      119.395       14277.018
       11160.679      13835.3      117.918       13835.316
       11161.765      12693.2      113.014       12693.222
       11162.851      11212.8      106.333       11212.773
       11163.937      10025.4      100.679       10025.437
       11165.023      9318.76      96.9717       9318.7642
       11166.109      9208.65      96.4995       9208.6531
       11167.195      9866.51      99.9104       9866.5132
       11168.281      10978.8      107.975       10978.812
       11169.367      12324.4      110.924       12324.438
       11170.452      12650.8      112.970       12650.809
       11171.538      12034.2      109.974       12034.229
       11172.624      10797.6      104.895       10797.643
       11173.710      10755.8      104.097       10755.797
       11174.796      11078.5      105.747       11078.452
       11175.882      12260.5      111.148       12260.490
       11176.968      13543.9      116.817       13543.937
       11178.054      13665.1      117.341       13665.079
       11179.140      13152.4      115.103       13152.442
       11180.226      12746.8      113.456       12746.762
       11181.312      11782.3      108.540       11782.256
       11182.398      10781.4      104.299       10781.449
       11183.484      10030.0      100.533       10030.024
       11184.570      11334.3      106.684       11334.263
       11185.656      12485.3      111.903       12485.288
       11186.742      11888.5      109.462       11888.459
       11187.828      10234.4      101.329       10234.387
       11188.914      9092.73      95.6607       9092.7325
       11190.000      8906.18      94.3171       8906.1803
       11191.086      9403.84      97.3057       9403.8369
       11192.172      8756.60      93.7797       8756.5965
       11193.258      8481.17      92.4651       8481.1728
       11194.344      9482.86      97.6816       9482.8614
       11195.430      10814.8      103.887       10814.833
       11196.516      11601.6      108.168       11601.629
       11197.602      10801.1      104.324       10801.080
       11198.688      9813.43      99.2315       9813.4273
       11199.774      9289.21      94.6788       9289.2061
       11200.860      9481.10      97.7825       9481.1045
       11201.946      8479.20      92.3385       8479.1979
       11203.032      7478.15      86.3700       7478.1451
       11204.118      8041.97      89.7689       8041.9677
       11205.204      9893.76      99.9922       9893.7635
       11206.290      10273.5      101.814       10273.497
       11207.376      10250.9      101.376       10250.899
       11208.462      10175.4      101.136       10175.386
       11209.548      10270.3      101.585       10270.311
       11210.633      9436.47      97.2785       9436.4717
       11211.719      8162.80      90.7314       8162.8015
       11212.805      7103.73      84.8493       7103.7296
       11213.891      7145.07      85.0988       7145.0719
       11214.977      8621.68      93.4687       8621.6848
       11216.063      8917.84      94.9405       8917.8412
       11217.149      7663.35      88.0361       7663.3454
       11218.235      6206.43      79.0671       6206.4314
       11219.321      5595.39      75.6691       5595.3945
       11220.407      6384.92      80.2754       6384.9195
       11221.493      6706.52      82.8967       6706.5246
       11222.579      5731.36      75.6376       5731.3568
       11223.665      4953.40      72.5811       4953.3966
       11224.751      5185.30      73.3545       5185.3011
       11225.837      5081.98      73.6716       5081.9764
       11226.923      5382.30      72.5371       5382.3005
       11228.009      6349.67      79.7375       6349.6649
       11229.095      7438.13      86.3831       7438.1256
       11230.181      7829.93      88.3742       7829.9293
       11231.267      7793.99      88.7787       7793.9878
       11232.353      7534.54      86.8361       7534.5422
       11233.439      6649.48      81.6984       6649.4820
       11234.525      5291.00      72.8042       5291.0008
       11235.611      4138.57      64.3443       4138.5699
       11236.697      4138.50      58.3564       4138.4963
       11237.783      5203.27      72.2812       5203.2732
       11238.869      6361.29      79.8240       6361.2928
       11239.955          NaN      2.35222             NaN
