       9750.0000         -NaN         -NaN             NaN
       9751.0860      9081.23      95.3955       9081.2289
       9752.1719      9317.80      86.3906       9317.8010
       9753.2579      9535.31      98.0288       9535.3057
       9754.3439      9657.50      99.0516       9657.5049
       9755.4299      9558.96      98.1247       9558.9622
       9756.5158      9590.36      98.1878       9590.3550
       9757.6018      9687.47      99.2642       9687.4717
       9758.6878      9677.47      98.9391       9677.4664
       9759.7738      9577.50      97.0553       9577.4951
       9760.8597      9817.16      99.6211       9817.1561
       9761.9457      10081.3      100.928       10081.345
       9763.0317      10201.4      101.458       10201.449
       9764.1176      10011.9      100.319       10011.861
       9765.2036      9998.19      100.466       9998.1918
       9766.2896      10201.5      101.454       10201.475
       9767.3756      10446.5      102.641       10446.467
       9768.4615      10646.9      95.3656       10646.884
       9769.5475      10793.6      104.255       10793.642
       9770.6335      10793.6      104.432       10793.586
       9771.7195      10867.8      104.849       10867.766
       9772.8054      10995.4      105.415       10995.358
       9773.8914      10960.8      105.233       10960.754
       9774.9774      10923.0      105.161       10923.044
       9776.0633      10999.1      104.097       10999.148
       9777.1493      11031.9      105.539       11031.884
       9778.2353      11043.9      105.548       11043.935
       9779.3213      11026.1      105.504       11026.146
       9780.4072      11128.0      105.776       11128.009
       9781.4932      11148.0      106.077       11147.997
       9782.5792      11219.0      106.130       11218.978
       9783.6652      11022.9      105.091       11022.857
       9784.7511      10955.9      105.165       10955.901
       9785.8371      11277.3      107.616       11277.256
       9786.9231      11498.3      107.121       11498.325
       9788.0090      11550.5      107.932       11550.461
       9789.0950      11513.7      108.139       11513.663
       9790.1810      11526.3      103.843       11526.343
       9791.2670      11523.4      107.936       11523.373
       9792.3529      11587.4      108.542       11587.439
       9793.4389      11525.5      108.467       11525.548
       9794.5249      11452.8      107.929       11452.842
       9795.6109      11556.8      108.008       11556.784
       9796.6968      11765.5      108.048       11765.517
       9797.7828      11962.6      108.965       11962.613
       9798.8688      11919.2      108.289       11919.155
       9799.9548      11981.0      109.815       11980.989
       9801.0407      11986.5      110.044       11986.520
       9802.1267      11894.9      109.380       11894.948
       9803.2127      11668.4      108.386       11668.401
       9804.2986      11437.0      107.576       11437.009
       9805.3846      11804.9      109.413       11804.860
       9806.4706      12123.5      111.595       12123.498
       9807.5566      11940.6      109.681       11940.603
       9808.6425      11810.7      109.067       11810.739
       9809.7285      11744.3      108.719       11744.334
       9810.8145      12232.9      111.136       12232.888
       9811.9005      12301.0      111.460       12301.013
       9812.9864      12334.0      111.711       12334.016
       9814.0724      12198.5      111.048       12198.491
       9815.1584      12006.5      110.077       12006.510
       9816.2443      11769.8      109.715       11769.804
       9817.3303      12060.6      110.241       12060.645
       9818.4163      12215.4      111.021       12215.369
       9819.5023      12381.0      111.694       12380.987
       9820.5882      12474.6      112.230       12474.633
       9821.6742      12485.1      112.246       12485.140
       9822.7602      12300.6      111.578       12300.644
       9823.8462      12503.9      112.409       12503.852
       9824.9321      12512.8      112.341       12512.756
       9826.0181      12394.9      111.816       12394.921
       9827.1041      12309.2      111.426       12309.231
       9828.1900      12404.8      111.821       12404.752
       9829.2760      12580.3      112.463       12580.334
       9830.3620      12687.0      113.091       12687.021
       9831.4480      12712.2      113.084       12712.215
       9832.5339      12694.3      113.140       12694.307
       9833.6199      12637.3      113.185       12637.293
       9834.7059      12552.1      112.632       12552.138
       9835.7919      12645.7      113.027       12645.745
       9836.8778      12882.4      114.165       12882.400
       9837.9638      12809.9      113.788       12809.926
       9839.0498      12802.4      113.763       12802.376
       9840.1357      12781.9      113.716       12781.900
       9841.2217      12734.6      113.512       12734.627
       9842.3077      12864.1      113.973       12864.117
       9843.3937      12892.0      114.057       12891.957
       9844.4796      12741.8      113.468       12741.769
       9845.5656      12865.1      113.851       12865.131
       9846.6516      12914.3      114.307       12914.263
       9847.7376      12976.6      114.555       12976.640
       9848.8235      12979.8      114.616       12979.806
       9849.9095      12970.8      114.677       12970.790
       9850.9955      12989.1      114.795       12989.129
       9852.0814      12977.7      114.756       12977.712
       9853.1674      13046.5      114.869       13046.497
       9854.2534      13137.5      115.315       13137.523
       9855.3394      13173.7      115.213       13173.715
       9856.4253      13205.9      115.428       13205.943
       9857.5113      13100.2      114.836       13100.216
       9858.5973      13145.1      115.227       13145.141
       9859.6833      12993.4      114.523       12993.411
       9860.7692      13195.9      115.263       13195.898
       9861.8552      13399.0      116.228       13398.969
       9862.9412      13384.4      116.055       13384.425
       9864.0271      13299.5      115.892       13299.517
       9865.1131      13266.4      116.123       13266.425
       9866.1991      13368.5      115.960       13368.522
       9867.2851      13360.6      115.881       13360.611
       9868.3710      13300.8      115.336       13300.776
       9869.4570      13426.2      117.356       13426.193
       9870.5430      13392.8      116.054       13392.836
       9871.6290      13560.5      116.567       13560.529
       9872.7149      13387.8      116.192       13387.759
       9873.8009      13398.8      116.622       13398.762
       9874.8869      13524.9      117.225       13524.932
       9875.9729      13456.1      116.910       13456.110
       9877.0588      13440.4      116.435       13440.407
       9878.1448      13450.8      116.229       13450.829
       9879.2308      13464.4      117.670       13464.365
       9880.3167      13704.9      117.394       13704.861
       9881.4027      13675.1      117.087       13675.101
       9882.4887      13666.7      117.471       13666.650
       9883.5747      13680.5      117.478       13680.531
       9884.6606      13822.7      113.017       13822.712
       9885.7466      13675.1      117.113       13675.087
       9886.8326      13679.5      116.922       13679.453
       9887.9186      13692.7      117.208       13692.737
       9889.0045      13864.3      118.078       13864.279
       9890.0905      13953.5      118.569       13953.509
       9891.1765      13866.5      118.234       13866.502
       9892.2624      13940.5      118.254       13940.491
       9893.3484      13942.7      118.060       13942.749
       9894.4344      14068.2      119.337       14068.214
       9895.5204      14228.9      119.794       14228.863
       9896.6063      14039.7      118.972       14039.681
       9897.6923      14033.9      118.915       14033.903
       9898.7783      14199.7      119.587       14199.672
       9899.8643      14400.9      119.741       14400.913
       9900.9502      14230.2      119.227       14230.242
       9902.0362      14338.9      119.468       14338.891
       9903.1222      14283.0      119.745       14283.032
       9904.2081      14264.1      119.609       14264.145
       9905.2941      14302.9      119.827       14302.878
       9906.3801      14310.0      119.758       14310.045
       9907.4661      14475.0      121.654       14475.016
       9908.5520      14610.5      120.923       14610.474
       9909.6380      14561.7      121.159       14561.700
       9910.7240      14621.7      121.149       14621.651
       9911.8100      14745.1      121.786       14745.070
       9912.8959      14650.0      120.816       14649.996
       9913.9819      14639.1      121.342       14639.095
       9915.0679      14757.2      122.180       14757.227
       9916.1538      14770.9      122.562       14770.853
       9917.2398      14840.0      122.833       14839.972
       9918.3258      14978.1      123.435       14978.144
       9919.4118      15026.7      123.148       15026.665
       9920.4977      14981.9      123.086       14981.903
       9921.5837      15031.9      122.917       15031.925
       9922.6697      14906.5      122.423       14906.497
       9923.7557      14901.3      122.517       14901.264
       9924.8416      15042.6      122.749       15042.622
       9925.9276      15145.3      123.381       15145.339
       9927.0136      15144.4      123.175       15144.448
       9928.0995      15067.5      123.358       15067.495
       9929.1855      14918.3      122.496       14918.312
       9930.2715      15034.0      122.339       15034.001
       9931.3575      15230.3      123.856       15230.308
       9932.4434      15233.5      123.674       15233.477
       9933.5294      15170.0      123.545       15169.981
       9934.6154      15235.1      123.836       15235.057
       9935.7014      15335.2      124.156       15335.172
       9936.7873      15390.8      124.190       15390.825
       9937.8733      15404.1      124.394       15404.109
       9938.9593      15339.1      123.597       15339.092
       9940.0452      14853.6      122.591       14853.553
       9941.1312      15062.9      124.404       15062.912
       9942.2172      15330.4      124.314       15330.356
       9943.3032      15484.0      125.066       15483.994
       9944.3891      15451.5      125.150       15451.525
       9945.4751      15569.2      125.865       15569.237
       9946.5611      15646.6      126.086       15646.604
       9947.6471      15427.2      125.274       15427.159
       9948.7330      15477.4      125.676       15477.416
       9949.8190      15389.4      125.430       15389.373
       9950.9050      15438.7      125.373       15438.670
       9951.9910      15795.3      126.432       15795.323
       9953.0769      15856.1      126.525       15856.102
       9954.1629      15843.6      126.316       15843.575
       9955.2489      15866.8      126.406       15866.793
       9956.3348      15878.5      126.431       15878.450
       9957.4208      16054.5      127.531       16054.547
       9958.5068      16062.9      127.767       16062.935
       9959.5928      16017.1      127.642       16017.124
       9960.6787      16085.3      127.679       16085.259
       9961.7647      16076.3      127.509       16076.268
       9962.8507      16130.7      127.723       16130.652
       9963.9367      16038.3      127.455       16038.320
       9965.0226      16101.2      127.825       16101.234
       9966.1086      16176.6      127.902       16176.606
       9967.1946      16233.9      128.099       16233.869
       9968.2805      16286.8      128.090       16286.824
       9969.3665      16282.0      127.108       16282.022
       9970.4525      16325.4      128.203       16325.431
       9971.5385      16402.4      126.738       16402.434
       9972.6244      16419.9      128.537       16419.943
       9973.7104      16401.1      128.328       16401.066
       9974.7964      16412.8      128.763       16412.792
       9975.8824      16486.8      130.923       16486.772
       9976.9683      16620.3      129.505       16620.321
       9978.0543      16624.7      129.879       16624.656
       9979.1403      16478.5      133.374       16478.544
       9980.2262      16457.8      127.897       16457.808
       9981.3122      16719.2      133.110       16719.209
       9982.3982      16802.8      129.996       16802.793
       9983.4842      16828.7      129.913       16828.721
       9984.5701      16707.0      129.654       16707.043
       9985.6561      16663.5      129.380       16663.543
       9986.7421      16717.2      125.913       16717.205
       9987.8281      16577.0      129.061       16576.989
       9988.9140      16818.5      129.665       16818.468
       9990.0000      16691.4      131.588       16691.354
       9991.0860      16744.5      129.857       16744.531
       9992.1719      16595.1      129.629       16595.125
       9993.2579      16719.1      132.203       16719.141
       9994.3439      16801.6      129.951       16801.635
       9995.4299      16736.2      129.456       16736.150
       9996.5158      16829.2      130.212       16829.233
       9997.6018      16926.5      127.661       16926.546
       9998.6878      16712.2      130.877       16712.176
       9999.7738      16596.7      129.413       16596.684
       10000.860      16638.0      129.761       16637.951
       10001.946      16698.2      129.732       16698.197
       10003.032      16866.2      130.637       16866.178
       10004.118      16648.7      129.488       16648.700
       10005.204      16518.6      128.983       16518.635
       10006.290      16667.2      129.742       16667.247
       10007.376      16665.9      131.143       16665.945
       10008.462      16807.9      135.567       16807.924
       10009.548      16561.3      129.306       16561.330
       10010.633      16670.6      129.844       16670.559
       10011.719      16691.8      129.958       16691.786
       10012.805      16691.3      129.898       16691.311
       10013.891      16622.5      130.336       16622.464
       10014.977      16718.3      130.951       16718.276
       10016.063      16691.4      130.817       16691.363
       10017.149      16556.5      130.122       16556.507
       10018.235      16202.1      128.254       16202.097
       10019.321      16208.4      127.817       16208.363
       10020.407      16578.8      129.140       16578.781
       10021.493      16643.8      129.081       16643.842
       10022.579      16669.3      129.551       16669.271
       10023.665      16540.2      129.113       16540.229
       10024.751      16330.5      128.431       16330.476
       10025.837      16417.6      128.775       16417.584
       10026.923      16613.9      130.043       16613.913
       10028.009      16499.2      129.613       16499.217
       10029.095      16307.7      128.754       16307.672
       10030.181      15980.0      127.447       15980.025
       10031.267      15961.5      127.329       15961.506
       10032.353      15973.1      125.131       15973.079
       10033.439      15413.3      124.202       15413.289
       10034.525      15388.9      124.160       15388.914
       10035.611      15557.3      125.067       15557.305
       10036.697      15554.9      124.926       15554.936
       10037.783      15480.2      124.934       15480.201
       10038.869      15367.6      124.481       15367.603
       10039.955      15093.4      123.548       15093.371
       10041.041      14775.9      123.352       14775.857
       10042.127      14550.1      121.255       14550.140
       10043.213      14373.7      120.357       14373.650
       10044.299      14030.0      118.763       14029.997
       10045.385      13796.8      117.879       13796.777
       10046.471      13413.9      114.613       13413.912
       10047.557      13159.1      114.999       13159.127
       10048.643      12579.8      112.580       12579.830
       10049.729      11893.3      109.429       11893.333
       10050.814      10950.5      105.055       10950.509
       10051.900      10052.6      100.392       10052.648
       10052.986      10044.8      99.7293       10044.841
       10054.072      10795.1      104.117       10795.117
       10055.158      11579.6      107.982       11579.585
       10056.244      12533.0      112.033       12532.964
       10057.330      13170.0      114.564       13169.981
       10058.416      13723.2      117.209       13723.217
       10059.502      14029.9      118.634       14029.865
       10060.588      14233.2      119.768       14233.250
       10061.674      14617.9      122.998       14617.946
       10062.760      14891.2      122.768       14891.237
       10063.846      15282.0      124.543       15282.036
       10064.932      15613.7      125.761       15613.728
       10066.018      15499.5      125.161       15499.537
       10067.104      15544.0      125.294       15544.002
       10068.190      15906.3      126.852       15906.311
       10069.276      16104.1      127.370       16104.063
       10070.362      16385.8      128.542       16385.765
       10071.448      16432.3      128.653       16432.268
       10072.534      16496.3      129.145       16496.331
       10073.620      16251.6      128.195       16251.611
       10074.706      16825.1      130.426       16825.120
       10075.792      16974.0      130.876       16973.980
       10076.878      17262.1      131.884       17262.134
       10077.964      17356.8      132.213       17356.820
       10079.050      17370.6      132.288       17370.645
       10080.136      17442.2      132.494       17442.234
       10081.222      17356.9      132.452       17356.937
       10082.308      17578.0      133.322       17577.971
       10083.394      17623.7      133.925       17623.666
       10084.480      17782.6      134.754       17782.606
       10085.566      17734.5      134.669       17734.469
       10086.652      17736.8      134.642       17736.758
       10087.738      17370.2      133.042       17370.225
       10088.824      17508.8      132.760       17508.809
       10089.910      17716.6      133.313       17716.568
       10090.995      17228.3      131.597       17228.261
       10092.081      17157.4      131.621       17157.422
       10093.167      17795.0      133.941       17795.039
       10094.253      17883.9      134.398       17883.932
       10095.339      17984.9      134.707       17984.937
       10096.425      18029.2      134.902       18029.193
       10097.511      18469.6      136.470       18469.591
       10098.597      18652.6      137.260       18652.591
       10099.683      18531.4      136.825       18531.373
       10100.769      18408.3      136.355       18408.263
       10101.855      18489.6      136.289       18489.649
       10102.941      18642.3      137.126       18642.339
       10104.027      18837.8      137.927       18837.761
       10105.113      18765.9      137.988       18765.945
       10106.199      18747.4      137.940       18747.394
       10107.285      18683.5      137.773       18683.487
       10108.371      18745.8      137.968       18745.787
       10109.457      18619.5      137.207       18619.501
       10110.543      18916.8      138.017       18916.755
       10111.629      18945.1      138.166       18945.073
       10112.715      18869.8      137.843       18869.848
       10113.801      18839.9      137.842       18839.941
       10114.887      18898.9      138.054       18898.901
       10115.973      18870.8      138.050       18870.816
       10117.059      18802.5      137.825       18802.540
       10118.145      18838.1      137.910       18838.077
       10119.231      19004.7      138.649       19004.727
       10120.317      18901.3      137.881       18901.306
       10121.403      19020.0      138.498       19020.037
       10122.489      19063.0      138.710       19062.980
       10123.575      19094.3      138.798       19094.314
       10124.661      19121.5      139.326       19121.481
       10125.747      19207.8      140.130       19207.844
       10126.833      19099.4      139.846       19099.423
       10127.919      19077.9      139.691       19077.855
       10129.005      19219.8      139.808       19219.765
       10130.090      19291.1      139.500       19291.132
       10131.176      19326.4      139.668       19326.450
       10132.262      19371.9      139.704       19371.897
       10133.348      19288.9      139.450       19288.895
       10134.434      19377.9      139.826       19377.891
       10135.520      19370.9      140.017       19370.862
       10136.606      19333.8      139.631       19333.822
       10137.692      19287.3      139.514       19287.257
       10138.778      19272.0      139.498       19272.000
       10139.864      19278.7      139.564       19278.675
       10140.950      19455.8      139.915       19455.774
       10142.036      19439.7      140.118       19439.706
       10143.122      19409.3      140.029       19409.313
       10144.208      19335.3      139.862       19335.334
       10145.294      19467.6      140.320       19467.597
       10146.380      19527.9      140.663       19527.872
       10147.466      19397.6      140.266       19397.583
       10148.552      19499.7      140.618       19499.698
       10149.638      19476.2      140.519       19476.192
       10150.724      19312.9      139.996       19312.933
       10151.810      19376.9      140.146       19376.890
       10152.896      19391.2      140.177       19391.223
       10153.982      19622.4      141.179       19622.408
       10155.068      19721.6      141.702       19721.621
       10156.154      19836.5      142.012       19836.549
       10157.240      19674.8      141.474       19674.777
       10158.326      19687.2      141.310       19687.167
       10159.412      19679.8      141.201       19679.803
       10160.498      19685.8      141.505       19685.764
       10161.584      19739.7      141.347       19739.725
       10162.670      19631.9      141.113       19631.895
       10163.756      19511.3      140.582       19511.302
       10164.842      19828.1      141.640       19828.125
       10165.928      19814.5      141.712       19814.475
       10167.014      19700.1      141.213       19700.092
       10168.100      19684.2      141.164       19684.231
       10169.186      19892.7      141.880       19892.665
       10170.271      19840.1      141.731       19840.149
       10171.357      19763.4      141.556       19763.422
       10172.443      19778.3      142.011       19778.344
       10173.529      19659.5      142.005       19659.527
       10174.615      19686.8      142.141       19686.822
       10175.701      19891.3      142.803       19891.340
       10176.787      19840.5      142.366       19840.517
       10177.873      19826.0      141.706       19825.963
       10178.959      19932.9      141.837       19932.886
       10180.045      20033.4      142.211       20033.421
       10181.131      19894.4      141.678       19894.366
       10182.217      19902.7      141.942       19902.666
       10183.303      20005.3      142.298       20005.334
       10184.389      20052.2      142.474       20052.200
       10185.475      19670.1      141.087       19670.124
       10186.561      19475.4      140.283       19475.444
       10187.647      19795.7      141.398       19795.673
       10188.733      19939.6      141.813       19939.627
       10189.819      20056.4      142.475       20056.401
       10190.905      20046.3      142.752       20046.320
       10191.991      20059.5      142.997       20059.516
       10193.077      20071.3      142.941       20071.257
       10194.163      19954.0      142.437       19953.977
       10195.249      19888.1      141.800       19888.135
       10196.335      20111.8      142.384       20111.771
       10197.421      20029.2      141.705       20029.178
       10198.507      19931.3      141.803       19931.290
       10199.593      20087.0      142.451       20086.991
       10200.679      19487.6      140.337       19487.566
       10201.765      19240.1      139.385       19240.085
       10202.851      19771.0      141.128       19770.962
       10203.937      20138.5      142.595       20138.459
       10205.023      20045.8      142.540       20045.789
       10206.109      20025.2      142.568       20025.208
       10207.195      19860.3      141.825       19860.253
       10208.281      20020.8      142.258       20020.791
       10209.367      19964.8      142.029       19964.817
       10210.452      20086.6      142.716       20086.649
       10211.538      19978.9      142.562       19978.890
       10212.624      20107.3      143.487       20107.259
       10213.710      20099.1      143.397       20099.120
       10214.796      20082.9      143.194       20082.854
       10215.882      20040.1      142.831       20040.120
       10216.968      19897.9      141.958       19897.896
       10218.054      19983.7      142.171       19983.662
       10219.140      20061.5      142.495       20061.453
       10220.226      20026.4      142.264       20026.363
       10221.312      19972.6      142.149       19972.627
       10222.398      20140.1      142.718       20140.096
       10223.484      20205.1      142.945       20205.115
       10224.570      20068.7      142.452       20068.692
       10225.656      20099.1      142.737       20099.120
       10226.742      20101.5      142.972       20101.495
       10227.828      19980.1      142.571       19980.054
       10228.914      19988.6      142.632       19988.621
       10230.000      20122.1      143.178       20122.146
       10231.086      20129.2      142.922       20129.209
       10232.172      19982.1      142.443       19982.147
       10233.258      19856.8      142.008       19856.760
       10234.344      19943.0      142.339       19943.030
       10235.430      20043.7      142.542       20043.652
       10236.516      20159.7      142.937       20159.723
       10237.602      20193.6      142.929       20193.576
       10238.688      20044.0      142.350       20044.048
       10239.774      19906.8      141.581       19906.831
       10240.860      20024.1      142.253       20024.147
       10241.946      20047.1      142.346       20047.118
       10243.032      20052.8      142.555       20052.781
       10244.118      19907.6      141.963       19907.609
       10245.204      19899.6      141.821       19899.604
       10246.290      20077.2      141.756       20077.239
       10247.376      19946.4      141.983       19946.399
       10248.462      20007.2      142.076       20007.208
       10249.548      20153.6      142.570       20153.597
       10250.633      20161.1      142.395       20161.128
       10251.719      20121.3      142.365       20121.336
       10252.805      19912.6      141.640       19912.584
       10253.891      19881.2      141.587       19881.186
       10254.977      20122.2      142.312       20122.233
       10256.063      20046.5      142.143       20046.514
       10257.149      19911.2      141.745       19911.225
       10258.235      19610.6      140.930       19610.561
       10259.321      19702.6      141.232       19702.588
       10260.407      20048.6      142.408       20048.642
       10261.493      20068.9      142.362       20068.866
       10262.579      19854.8      141.626       19854.838
       10263.665      19944.5      141.919       19944.514
       10264.751      19931.4      141.928       19931.437
       10265.837      19874.5      141.728       19874.489
       10266.923      19855.4      141.770       19855.416
       10268.009      19846.1      141.662       19846.129
       10269.095      19782.0      141.439       19782.022
       10270.181      19958.8      142.061       19958.788
       10271.267      19822.5      141.635       19822.523
       10272.353      19802.4      141.501       19802.414
       10273.439      19850.5      141.815       19850.546
       10274.525      19769.7      141.227       19769.710
       10275.611      19804.0      141.505       19804.034
       10276.697      19828.5      141.436       19828.506
       10277.783      19692.3      141.016       19692.284
       10278.869      19649.0      140.748       19649.029
       10279.955      19794.2      141.468       19794.201
       10281.041      19697.1      141.055       19697.138
       10282.127      19512.5      140.412       19512.534
       10283.213      19854.6      141.517       19854.560
       10284.299      19876.4      141.750       19876.404
       10285.385      19901.4      141.752       19901.405
       10286.471      19588.3      141.185       19588.255
       10287.557      19704.5      142.472       19704.516
       10288.643      19705.4      143.035       19705.364
       10289.729      19457.6      142.007       19457.641
       10290.814      19534.6      142.189       19534.565
       10291.900      19748.1      142.072       19748.118
       10292.986      19836.9      141.763       19836.943
       10294.072      19729.5      141.352       19729.477
       10295.158      19559.2      140.855       19559.191
       10296.244      19614.7      141.036       19614.707
       10297.330      19205.7      140.746       19205.670
       10298.416      19284.7      140.522       19284.714
       10299.502      19519.2      141.093       19519.183
       10300.588      19577.2      141.134       19577.175
       10301.674      19668.4      141.186       19668.417
       10302.760      19622.5      140.888       19622.481
       10303.846      19477.7      140.381       19477.691
       10304.932      19206.3      139.362       19206.305
       10306.018      19552.4      140.710       19552.355
       10307.104      19533.0      140.447       19532.980
       10308.190      19338.0      139.924       19338.010
       10309.276      19515.9      140.421       19515.876
       10310.362      19516.2      140.639       19516.233
       10311.448      18717.7      137.882       18717.696
       10312.534      18765.8      138.094       18765.801
       10313.620      19501.6      140.659       19501.646
       10314.706      19471.7      140.448       19471.684
       10315.792      19590.0      140.703       19590.000
       10316.878      19660.2      140.953       19660.214
       10317.964      19731.8      141.241       19731.829
       10319.050      19665.7      140.933       19665.654
       10320.136      19429.6      140.043       19429.646
       10321.222      19371.4      139.922       19371.398
       10322.308      19496.6      140.349       19496.584
       10323.394      19666.9      141.083       19666.894
       10324.480      19458.8      140.131       19458.844
       10325.566      19430.8      140.111       19430.765
       10326.652      19376.0      140.362       19375.972
       10327.738      19430.7      140.705       19430.718
       10328.824      19538.4      140.265       19538.421
       10329.910      19469.5      140.270       19469.535
       10330.995      19416.3      139.925       19416.294
       10332.081      19420.0      139.926       19419.958
       10333.167      19463.9      140.175       19463.945
       10334.253      19503.5      140.394       19503.482
       10335.339      19609.2      140.539       19609.186
       10336.425      19621.6      140.829       19621.616
       10337.511      19691.9      141.101       19691.858
       10338.597      19508.7      140.388       19508.665
       10339.683      19630.0      140.610       19629.976
       10340.769      19638.8      140.904       19638.848
       10341.855      19547.3      140.465       19547.262
       10342.941      19487.1      140.547       19487.122
       10344.027      19276.2      139.662       19276.194
       10345.113      19532.5      140.578       19532.507
       10346.199      19539.6      140.323       19539.617
       10347.285      19603.9      140.739       19603.879
       10348.371      19568.9      140.940       19568.937
       10349.457      19528.3      140.975       19528.329
       10350.543      19675.6      141.385       19675.566
       10351.629      19553.9      141.001       19553.914
       10352.715      19664.1      141.049       19664.110
       10353.801      19622.6      140.788       19622.619
       10354.887      19728.2      140.791       19728.201
       10355.973      19699.6      141.250       19699.553
       10357.059      19716.0      141.146       19716.006
       10358.145      19713.0      141.083       19712.988
       10359.231      19725.2      140.804       19725.210
       10360.317      19705.3      140.970       19705.306
       10361.403      19787.5      141.417       19787.535
       10362.489      19843.5      141.486       19843.503
       10363.575      19874.9      141.669       19874.878
       10364.661      19809.7      141.766       19809.656
       10365.747      19917.3      141.559       19917.337
       10366.833      19922.2      141.461       19922.241
       10367.919      19933.7      141.792       19933.740
       10369.005      19949.4      143.232       19949.358
       10370.090      19970.1      141.908       19970.091
       10371.176      19958.7      141.937       19958.746
       10372.262      19994.5      141.942       19994.504
       10373.348      19724.1      141.652       19724.132
       10374.434      20034.5      143.351       20034.486
       10375.520      19976.8      143.341       19976.836
       10376.606      20012.9      143.319       20012.862
       10377.692      20071.0      143.242       20070.989
       10378.778      20148.3      142.775       20148.343
       10379.864      19955.6      142.034       19955.627
       10380.950      19984.5      142.021       19984.503
       10382.036      20425.0      143.661       20424.990
       10383.122      20301.8      143.054       20301.836
       10384.208      20225.8      143.806       20225.802
       10385.294      19417.8      142.880       19417.846
       10386.380      20231.4      142.945       20231.434
       10387.466      20332.3      143.118       20332.320
       10388.552      20212.8      142.930       20212.798
       10389.638      20291.1      143.170       20291.109
       10390.724      20274.7      143.078       20274.666
       10391.810      20299.6      143.096       20299.587
       10392.896      20225.7      142.991       20225.676
       10393.982      20173.3      142.715       20173.309
       10395.068      20186.1      142.809       20186.081
       10396.154      20309.2      143.265       20309.176
       10397.240      20358.5      143.485       20358.540
       10398.326      20352.8      143.904       20352.775
       10399.412      20302.1      144.959       20302.111
       10400.498      19956.1      142.564       19956.116
       10401.584      20219.7      143.178       20219.711
       10402.670      20533.1      143.891       20533.097
       10403.756      20435.2      143.460       20435.232
       10404.842      20386.1      143.371       20386.073
       10405.928      20465.4      143.722       20465.404
       10407.014      20590.6      144.140       20590.631
       10408.100      20488.0      143.806       20488.048
       10409.186      20422.5      143.607       20422.455
       10410.271      20284.1      143.187       20284.123
       10411.357      20449.8      143.596       20449.785
       10412.443      20339.0      143.434       20339.025
       10413.529      20466.2      143.954       20466.215
       10414.615      20425.9      143.675       20425.918
       10415.701      20375.7      143.380       20375.677
       10416.787      20540.7      144.083       20540.741
       10417.873      20676.3      144.563       20676.335
       10418.959      20648.7      145.174       20648.714
       10420.045      20631.7      145.676       20631.744
       10421.131      20540.7      145.478       20540.731
       10422.217      20548.8      145.484       20548.770
       10423.303      20527.9      144.849       20527.856
       10424.389      20591.6      144.319       20591.613
       10425.475      20434.6      143.694       20434.609
       10426.561      20505.0      143.879       20504.969
       10427.647      19949.6      142.007       19949.615
       10428.733      19815.1      141.794       19815.077
       10429.819      20590.9      144.461       20590.894
       10430.905      20708.7      144.699       20708.732
       10431.991      20626.1      144.460       20626.094
       10433.077      20588.9      144.312       20588.869
       10434.163      20553.1      144.090       20553.106
       10435.249      20244.9      142.919       20244.921
       10436.335      20201.0      142.771       20200.970
       10437.421      20680.7      144.468       20680.702
       10438.507      20658.2      144.379       20658.196
       10439.593      20773.1      144.806       20773.067
       10440.679      20851.7      145.137       20851.656
       10441.765      20706.2      144.571       20706.243
       10442.851      20589.8      144.150       20589.824
       10443.937      20619.7      144.195       20619.686
       10445.023      20635.9      144.342       20635.893
       10446.109      20737.8      144.415       20737.767
       10447.195      20739.5      144.630       20739.537
       10448.281      20681.1      144.481       20681.054
       10449.367      20576.4      143.982       20576.403
       10450.452      20638.8      144.370       20638.829
       10451.538      20698.4      145.018       20698.400
       10452.624      20772.7      145.299       20772.698
       10453.710      20649.7      144.891       20649.650
       10454.796      20565.7      144.566       20565.663
       10455.882      20525.7      144.082       20525.670
       10456.968      20437.4      143.459       20437.384
       10458.054      20125.3      142.411       20125.262
       10459.140      19981.5      141.841       19981.478
       10460.226      20149.5      142.450       20149.487
       10461.312      20245.0      142.767       20244.989
       10462.398      20246.9      142.953       20246.945
       10463.484      20517.6      143.816       20517.612
       10464.570      20629.0      144.325       20628.958
       10465.656      20447.1      143.689       20447.075
       10466.742      20420.1      143.599       20420.057
       10467.828      20610.2      144.284       20610.191
       10468.914      20610.3      144.526       20610.334
       10470.000      20415.7      144.541       20415.742
       10471.086      20471.9      144.893       20471.891
       10472.172      20664.7      145.633       20664.678
       10473.258      20548.1      144.983       20548.130
       10474.344      20492.0      144.183       20492.019
       10475.430      20458.5      143.670       20458.468
       10476.516      20333.9      143.153       20333.878
       10477.602      20392.2      143.350       20392.162
       10478.688      20668.8      144.253       20668.825
       10479.774      20491.1      143.745       20491.105
       10480.860      20337.9      143.215       20337.947
       10481.946      20414.5      143.397       20414.473
       10483.032      20435.8      143.508       20435.809
       10484.118      20238.4      142.803       20238.399
       10485.204      20359.8      143.227       20359.817
       10486.290      20465.0      143.673       20465.035
       10487.376      20361.4      143.412       20361.379
       10488.462      20346.6      143.274       20346.613
       10489.548      20431.2      143.555       20431.209
       10490.633      20435.8      143.597       20435.840
       10491.719      20580.7      143.282       20580.671
       10492.805      20567.2      141.326       20567.248
       10493.891      20520.9      143.894       20520.911
       10494.977      20253.7      142.845       20253.659
       10496.063      20430.7      143.543       20430.665
       10497.149      20433.5      143.308       20433.486
       10498.235      20320.1      143.199       20320.097
       10499.321      20154.8      142.773       20154.797
       10500.407      20113.4      142.645       20113.440
       10501.493      20239.7      142.987       20239.669
       10502.579      20233.7      142.980       20233.674
       10503.665      20285.4      143.092       20285.380
       10504.751      20205.0      142.694       20205.047
       10505.837      19151.5      138.917       19151.464
       10506.923      17963.3      134.464       17963.295
       10508.009      19372.8      139.725       19372.831
       10509.095      20263.2      143.053       20263.246
       10510.181      20190.4      142.998       20190.410
       10511.267      20144.0      143.100       20144.029
       10512.353      20080.5      142.726       20080.506
       10513.439      20128.9      142.986       20128.852
       10514.525      20073.9      142.359       20073.885
       10515.611      20112.6      142.462       20112.557
       10516.697      20116.5      142.498       20116.451
       10517.783      20051.8      142.255       20051.833
       10518.869      20215.5      142.653       20215.544
       10519.955      20179.4      142.575       20179.374
       10521.041      20067.1      142.212       20067.084
       10522.127      19895.0      141.704       19894.950
       10523.213      19617.7      140.610       19617.650
       10524.299      19781.8      141.254       19781.814
       10525.385      19861.3      141.938       19861.324
       10526.471      19853.2      142.208       19853.204
       10527.557      19969.8      142.673       19969.823
       10528.643      19987.4      142.756       19987.382
       10529.729      20155.9      142.784       20155.920
       10530.814      19992.2      142.012       19992.241
       10531.900      20110.7      142.341       20110.674
       10532.986      19936.6      137.794       19936.578
       10534.072      19858.1      141.355       19858.110
       10535.158      20150.6      142.375       20150.645
       10536.244      20085.3      142.268       20085.268
       10537.330      19675.3      140.525       19675.273
       10538.416      20025.5      141.734       20025.512
       10539.502      20049.9      141.984       20049.946
       10540.588      20074.6      142.109       20074.563
       10541.674      19834.0      141.345       19834.048
       10542.760      19834.8      141.128       19834.819
       10543.846      20045.1      142.922       20045.083
       10544.932      20147.8      142.393       20147.756
       10546.018      20012.4      141.998       20012.362
       10547.104      20041.4      142.016       20041.357
       10548.190      19869.7      141.174       19869.745
       10549.276      20064.7      142.109       20064.657
       10550.362      20043.9      142.252       20043.934
       10551.448      19994.4      141.954       19994.415
       10552.534      19922.1      141.712       19922.093
       10553.620      20094.9      142.226       20094.922
       10554.706      19986.9      141.883       19986.860
       10555.792      19855.5      141.434       19855.523
       10556.878      20089.6      142.355       20089.639
       10557.964      20162.5      142.534       20162.533
       10559.050      20019.4      141.975       20019.416
       10560.136      20129.3      142.428       20129.266
       10561.222      20319.9      143.068       20319.919
       10562.308      20102.8      142.067       20102.833
       10563.394      20172.1      142.495       20172.075
       10564.480      20262.5      142.799       20262.512
       10565.566      20106.8      142.404       20106.826
       10566.652      20250.4      142.706       20250.441
       10567.738      20224.0      143.079       20223.964
       10568.824      20120.2      142.290       20120.197
       10569.910      20074.1      142.187       20074.070
       10570.995      20241.2      142.691       20241.151
       10572.081      20197.4      142.788       20197.363
       10573.167      20255.7      141.899       20255.712
       10574.253      20096.5      142.612       20096.503
       10575.339      20066.0      142.514       20065.977
       10576.425      20243.8      143.053       20243.816
       10577.511      20369.6      143.353       20369.600
       10578.597      20256.4      142.936       20256.426
       10579.683      20116.0      142.301       20115.999
       10580.769      20188.6      142.714       20188.633
       10581.855      20245.2      142.800       20245.162
       10582.941      20358.0      143.484       20358.004
       10584.027      20227.9      142.893       20227.859
       10585.113      20273.7      143.004       20273.696
       10586.199      20372.2      143.416       20372.245
       10587.285      20180.7      143.093       20180.702
       10588.371      20056.0      142.640       20055.951
       10589.457      20262.2      143.205       20262.209
       10590.543      20524.5      144.020       20524.494
       10591.629      20527.5      143.909       20527.453
       10592.715      19612.5      140.472       19612.464
       10593.801      20116.4      142.413       20116.411
       10594.887      19523.7      140.374       19523.678
       10595.973      19665.7      140.808       19665.660
       10597.059      20480.3      143.661       20480.339
       10598.145      20266.5      142.269       20266.488
       10599.231      20538.5      143.983       20538.465
       10600.317      20450.2      143.802       20450.206
       10601.403      20315.8      143.214       20315.756
       10602.489      20273.0      143.029       20273.050
       10603.575      20374.4      143.442       20374.420
       10604.661      20252.5      143.040       20252.459
       10605.747      20316.1      143.217       20316.115
       10606.833      20169.4      142.709       20169.370
       10607.919      20373.7      143.545       20373.677
       10609.005      20068.1      142.347       20068.068
       10610.090      20276.0      143.072       20276.003
       10611.176      20364.3      143.448       20364.271
       10612.262      20340.0      143.296       20340.021
       10613.348      20147.2      142.517       20147.179
       10614.434      20303.1      143.159       20303.105
       10615.520      20112.8      142.511       20112.826
       10616.606      20232.1      142.750       20232.102
       10617.692      20242.8      142.643       20242.830
       10618.778      20088.0      142.346       20088.044
       10619.864      20209.4      142.791       20209.445
       10620.950      20403.6      143.379       20403.647
       10622.036      20069.4      142.364       20069.440
       10623.122      20210.8      142.800       20210.773
       10624.208      20257.1      142.976       20257.142
       10625.294      20408.7      143.488       20408.661
       10626.380      20247.8      143.256       20247.794
       10627.466      20037.2      142.733       20037.211
       10628.552      20147.3      142.694       20147.284
       10629.638      20268.0      142.908       20268.041
       10630.724      20217.5      142.639       20217.533
       10631.810      19963.5      141.778       19963.509
       10632.896      20007.7      142.020       20007.673
       10633.982      20039.3      142.049       20039.261
       10635.068      20087.3      142.406       20087.313
       10636.154      20192.9      142.829       20192.937
       10637.240      20000.3      142.179       20000.328
       10638.326      19784.0      141.324       19783.982
       10639.412      19864.0      141.492       19863.957
       10640.498      19886.9      141.553       19886.862
       10641.584      20016.1      142.179       20016.067
       10642.670      20134.7      142.630       20134.680
       10643.756      19867.8      141.770       19867.804
       10644.842      19824.6      141.553       19824.575
       10645.928      19734.4      141.166       19734.387
       10647.014      19852.8      141.489       19852.803
       10648.100      19915.5      141.693       19915.496
       10649.186      19970.9      141.906       19970.898
       10650.271      19747.1      141.132       19747.121
       10651.357      19382.9      139.747       19382.883
       10652.443      19722.8      140.972       19722.755
       10653.529      19767.7      141.247       19767.704
       10654.615      19909.6      141.739       19909.632
       10655.701      19782.7      141.303       19782.730
       10656.787      19825.6      141.544       19825.559
       10657.873      19859.3      141.349       19859.315
       10658.959      19640.4      140.718       19640.381
       10660.045      19688.2      140.901       19688.217
       10661.131      19486.1      140.131       19486.124
       10662.217      19679.0      140.910       19678.990
       10663.303      19558.8      140.547       19558.767
       10664.389      19548.8      140.345       19548.816
       10665.475      19602.7      140.528       19602.701
       10666.561      19548.6      140.354       19548.613
       10667.647      19622.9      140.278       19622.884
       10668.733      19418.5      139.865       19418.527
       10669.819      19282.3      139.285       19282.330
       10670.905      19291.5      139.597       19291.485
       10671.991      19222.8      139.299       19222.835
       10673.077      19328.2      139.429       19328.166
       10674.163      19227.0      139.251       19227.047
       10675.249      19256.5      139.293       19256.457
       10676.335      19239.0      139.260       19238.983
       10677.421      19204.7      139.076       19204.723
       10678.507      19194.7      139.167       19194.740
       10679.593      19258.8      139.232       19258.828
       10680.679      19454.5      139.973       19454.464
       10681.765      19397.5      139.743       19397.528
       10682.851      19172.0      138.961       19171.966
       10683.937      18911.2      137.966       18911.224
       10685.023      18707.8      137.533       18707.752
       10686.109      18211.8      135.851       18211.758
       10687.195      18120.5      135.365       18120.472
       10688.281      18227.8      135.918       18227.757
       10689.367      18584.9      137.129       18584.929
       10690.452      18886.0      138.265       18885.958
       10691.538      18912.7      138.417       18912.650
       10692.624      18334.9      136.328       18334.950
       10693.710      17751.4      134.110       17751.364
       10694.796      17835.3      134.302       17835.326
       10695.882      18472.7      136.673       18472.663
       10696.968      18787.5      137.888       18787.508
       10698.054      18726.9      137.888       18726.933
       10699.140      18745.7      138.175       18745.713
       10700.226      18586.7      137.355       18586.708
       10701.312      18592.8      137.377       18592.768
       10702.398      18561.6      137.247       18561.575
       10703.484      18566.9      137.159       18566.871
       10704.570      18519.8      137.187       18519.835
       10705.656      18585.2      137.320       18585.177
       10706.742      18567.5      137.047       18567.515
       10707.828      18467.5      136.683       18467.549
       10708.914      18051.9      134.943       18051.938
       10710.000      17997.7      134.855       17997.719
       10711.086      17840.4      134.547       17840.441
       10712.172      18295.2      136.539       18295.188
       10713.258      18497.6      137.243       18497.571
       10714.344      18502.9      137.351       18502.927
       10715.430      18404.3      136.841       18404.286
       10716.516      18475.6      136.849       18475.562
       10717.602      18506.8      136.880       18506.813
       10718.688      18304.6      136.130       18304.593
       10719.774      18222.7      135.771       18222.651
       10720.860      18316.5      136.276       18316.546
       10721.946      18295.8      136.220       18295.816
       10723.032      18312.4      136.375       18312.449
       10724.118      18313.3      136.357       18313.338
       10725.204      18326.9      136.368       18326.890
       10726.290      18245.0      135.825       18245.025
       10727.376      18061.1      135.240       18061.124
       10728.462      17984.5      135.063       17984.482
       10729.548      18032.5      135.752       18032.533
       10730.633      18024.7      136.015       18024.673
       10731.719      17641.7      134.579       17641.741
       10732.805      17451.2      133.817       17451.171
       10733.891      17889.1      134.977       17889.130
       10734.977      17861.8      134.415       17861.768
       10736.063      17750.4      134.014       17750.439
       10737.149      17743.4      133.997       17743.358
       10738.235      17920.0      135.145       17920.015
       10739.321      17847.5      134.342       17847.549
       10740.407      17474.1      132.929       17474.075
       10741.493      16601.0      129.407       16601.032
       10742.579      16707.9      129.896       16707.882
       10743.665      17727.8      134.140       17727.795
       10744.751      17890.0      134.974       17890.033
       10745.837      17734.0      134.428       17734.028
       10746.923      17781.3      134.509       17781.313
       10748.009      17696.3      133.966       17696.316
       10749.095      17679.1      133.408       17679.076
       10750.181      17596.9      133.554       17596.936
       10751.267      17725.8      134.365       17725.808
       10752.353      17746.6      134.922       17746.640
       10753.439      17864.7      135.579       17864.653
       10754.525      17822.4      135.362       17822.372
       10755.611      17728.1      134.681       17728.096
       10756.697      17668.5      133.851       17668.534
       10757.783      17650.5      133.647       17650.549
       10758.869      17664.3      133.639       17664.272
       10759.955      17563.3      133.324       17563.299
       10761.041      17537.5      133.239       17537.500
       10762.127      17643.5      133.599       17643.470
       10763.213      17636.1      133.512       17636.131
       10764.299      17656.0      133.752       17656.020
       10765.385      17647.6      133.719       17647.620
       10766.471      17592.7      133.465       17592.701
       10767.557      17744.0      134.046       17744.012
       10768.643      17839.1      134.415       17839.065
       10769.729      17875.8      134.381       17875.847
       10770.814      17807.6      134.250       17807.589
       10771.900      17778.7      134.206       17778.671
       10772.986      17721.8      134.206       17721.780
       10774.072      17545.9      133.696       17545.938
       10775.158      17694.7      134.278       17694.706
       10776.244      17835.6      134.638       17835.597
       10777.330      17767.8      134.212       17767.841
       10778.416      17798.1      134.113       17798.103
       10779.502      17864.3      134.304       17864.328
       10780.588      17780.0      134.000       17780.037
       10781.674      17939.8      134.649       17939.811
       10782.760      17895.6      134.501       17895.555
       10783.846      17857.1      134.344       17857.094
       10784.932      17783.5      133.957       17783.547
       10786.018      17714.4      133.820       17714.448
       10787.104      17725.5      133.955       17725.470
       10788.190      17892.3      134.461       17892.276
       10789.276      17866.1      134.247       17866.095
       10790.362      17738.1      133.913       17738.066
       10791.448      17798.6      134.270       17798.642
       10792.534      17852.5      134.485       17852.531
       10793.620      17931.6      134.676       17931.588
       10794.706      17972.5      134.801       17972.540
       10795.792      17910.8      134.575       17910.827
       10796.878      18010.9      134.746       18010.865
       10797.964      18113.3      135.349       18113.306
       10799.050      18113.0      135.283       18113.038
       10800.136      18024.5      134.810       18024.504
       10801.222      17977.8      134.704       17977.844
       10802.308      17956.3      134.605       17956.270
       10803.394      18136.5      135.391       18136.484
       10804.480      18125.1      135.242       18125.090
       10805.566      18106.1      135.279       18106.133
       10806.652      18021.2      134.950       18021.224
       10807.738      17979.0      134.941       17979.034
       10808.824      18025.2      134.921       18025.163
       10809.910      17987.9      134.694       17987.879
       10810.995      17273.8      136.456       17273.773
       10812.081      17338.2      136.830       17338.245
       10813.167      17837.3      134.273       17837.272
       10814.253      17908.6      134.592       17908.647
       10815.339      18228.8      135.646       18228.779
       10816.425      18352.9      135.997       18352.936
       10817.511      18303.6      135.759       18303.570
       10818.597      18294.0      135.814       18293.966
       10819.683      18330.8      136.048       18330.850
       10820.769      18455.2      136.635       18455.205
       10821.855      18380.6      136.309       18380.554
       10822.941      18241.3      135.691       18241.315
       10824.027      18174.2      135.526       18174.156
       10825.113      18244.8      135.881       18244.783
       10826.199      18246.7      135.862       18246.724
       10827.285      18260.2      135.810       18260.217
       10828.371      18204.1      135.736       18204.088
       10829.457      18154.0      135.676       18154.048
       10830.543      18069.9      135.558       18069.929
       10831.629      18219.8      136.957       18219.819
       10832.715      18335.8      138.607       18335.813
       10833.801      18221.4      138.510       18221.357
       10834.887      18183.6      138.097       18183.556
       10835.973      18294.6      137.808       18294.566
       10837.059      18309.1      136.763       18309.075
       10838.145      18376.8      136.401       18376.835
       10839.231      18182.0      135.720       18182.031
       10840.317      18261.1      135.941       18261.142
       10841.403      18509.0      137.038       18508.955
       10842.489      18232.6      136.539       18232.605
       10843.575      17692.0      134.789       17692.023
       10844.661      17896.6      135.587       17896.606
       10845.747      18321.7      137.133       18321.719
       10846.833      18102.8      135.997       18102.776
       10847.919      18112.4      135.493       18112.402
       10849.005      18382.2      136.409       18382.181
       10850.090      18457.0      136.554       18456.994
       10851.176      18287.7      135.931       18287.745
       10852.262      18261.1      135.717       18261.098
       10853.348      18397.4      136.423       18397.381
       10854.434      18395.0      136.363       18395.009
       10855.520      18318.0      135.986       18318.028
       10856.606      18250.9      135.847       18250.888
       10857.692      18204.3      135.857       18204.308
       10858.778      18190.5      135.978       18190.537
       10859.864      18123.9      135.777       18123.930
       10860.950      17926.7      134.995       17926.715
       10862.036      17841.5      134.463       17841.540
       10863.122      17933.4      134.622       17933.367
       10864.208      18061.1      134.935       18061.064
       10865.294      18122.9      135.286       18122.941
       10866.380      18134.9      135.330       18134.942
       10867.466      18143.3      135.221       18143.304
       10868.552      18186.8      135.258       18186.773
       10869.638      18165.6      135.398       18165.616
       10870.724      18247.6      135.728       18247.616
       10871.810      18167.5      135.374       18167.490
       10872.896      18065.2      135.138       18065.244
       10873.982      18021.7      130.391       18021.719
       10875.068      18060.5      135.115       18060.533
       10876.154      18187.9      135.487       18187.885
       10877.240      18072.4      135.212       18072.417
       10878.326      18084.7      135.306       18084.652
       10879.412      18129.9      135.476       18129.880
       10880.498      17941.2      134.739       17941.154
       10881.584      17928.6      134.671       17928.597
       10882.670      18015.2      135.087       18015.178
       10883.756      17942.6      134.686       17942.592
       10884.842      17814.9      133.968       17814.918
       10885.928      17826.7      134.190       17826.694
       10887.014      17597.6      133.334       17597.622
       10888.100      17411.2      132.654       17411.204
       10889.186      17656.8      133.540       17656.829
       10890.271      17684.7      133.734       17684.661
       10891.357      17626.2      133.416       17626.233
       10892.443      17695.8      133.591       17695.750
       10893.529      17586.1      133.348       17586.120
       10894.615      17607.0      133.346       17607.025
       10895.701      17534.9      133.245       17534.879
       10896.787      17524.6      133.618       17524.556
       10897.873      17536.7      133.946       17536.653
       10898.959      17503.5      133.767       17503.542
       10900.045      17438.2      133.400       17438.238
       10901.131      17260.3      132.484       17260.272
       10902.217      17151.5      132.091       17151.508
       10903.303      16994.2      130.728       16994.150
       10904.389      16872.0      130.801       16871.983
       10905.475      16820.6      130.446       16820.641
       10906.561      16765.3      130.170       16765.318
       10907.647      16913.2      130.771       16913.199
       10908.733      16950.3      130.874       16950.274
       10909.819      16939.8      130.896       16939.820
       10910.905      16937.2      130.804       16937.186
       10911.991      16929.1      130.823       16929.055
       10913.077      16753.9      130.099       16753.879
       10914.163      16581.9      129.665       16581.873
       10915.249      16499.9      127.729       16499.920
       10916.335      16083.4      124.949       16083.353
       10917.421      15829.5      126.566       15829.495
       10918.507      15805.9      126.517       15805.873
       10919.593      15859.3      126.636       15859.293
       10920.679      15915.8      126.877       15915.812
       10921.765      15903.6      126.727       15903.612
       10922.851      15716.2      126.221       15716.176
       10923.937      15435.8      126.079       15435.766
       10925.023      15147.2      125.540       15147.214
       10926.109      14797.6      124.323       14797.585
       10927.195      14874.4      124.655       14874.421
       10928.281      14713.4      123.428       14713.384
       10929.367      14569.4      121.808       14569.354
       10930.452      14524.8      120.290       14524.835
       10931.538      14300.5      119.043       14300.519
       10932.624      14133.9      119.441       14133.869
       10933.710      13846.3      118.198       13846.289
       10934.796      13448.9      116.456       13448.851
       10935.882      13104.9      115.184       13104.896
       10936.968      12619.1      112.957       12619.118
       10938.054      12127.6      110.676       12127.563
       10939.140      11411.5      107.225       11411.497
       10940.226      10372.7      102.482       10372.684
       10941.312      9546.98      98.3548       9546.9833
       10942.398      9767.25      99.1443       9767.2488
       10943.484      10858.6      104.768       10858.604
       10944.570      11795.9      108.778       11795.941
       10945.656      12362.6      111.712       12362.634
       10946.742      12778.5      113.771       12778.490
       10947.828      12942.9      114.490       12942.911
       10948.914      13191.4      115.909       13191.378
       10950.000      13479.0      117.551       13478.959
       10951.086      13982.9      119.922       13982.947
       10952.172      14227.8      120.801       14227.811
       10953.258      14326.2      121.173       14326.181
       10954.344      14572.3      121.663       14572.317
       10955.430      14561.6      121.357       14561.579
       10956.516      14734.3      121.774       14734.254
       10957.602      15058.6      123.344       15058.566
       10958.688      15134.0      123.597       15133.954
       10959.774      15159.5      123.858       15159.505
       10960.860      15376.8      124.492       15376.777
       10961.946      15554.2      125.217       15554.177
       10963.032      15594.6      125.518       15594.637
       10964.118      15401.6      124.722       15401.574
       10965.204      15567.3      125.351       15567.290
       10966.290      15855.4      128.922       15855.411
       10967.376      15889.2      126.734       15889.197
       10968.462      16032.6      127.148       16032.587
       10969.548      16205.0      127.948       16204.982
       10970.633      16310.9      128.408       16310.923
       10971.719      16378.5      128.621       16378.496
       10972.805      16411.2      129.549       16411.160
       10973.891      16432.9      130.747       16432.874
       10974.977      16237.5      130.303       16237.532
       10976.063      16005.9      129.320       16005.929
       10977.149      16074.4      129.172       16074.390
       10978.235      16067.4      128.113       16067.422
       10979.321      16148.8      127.796       16148.846
       10980.407      16386.5      128.417       16386.451
       10981.493      16500.6      128.969       16500.622
       10982.579      16513.8      128.617       16513.830
       10983.665      16490.4      129.030       16490.411
       10984.751      16373.6      128.585       16373.589
       10985.837      16361.3      128.687       16361.275
       10986.923      16467.7      129.046       16467.737
       10988.009      16435.8      128.895       16435.751
       10989.095      16423.2      128.761       16423.213
       10990.181      16494.7      128.799       16494.669
       10991.267      16439.8      128.700       16439.775
       10992.353      16513.8      129.131       16513.812
       10993.439      16658.9      129.690       16658.896
       10994.525      16561.4      129.323       16561.444
       10995.611      16355.4      128.358       16355.422
       10996.697      16048.6      127.171       16048.641
       10997.783      16141.6      127.633       16141.599
       10998.869      16409.2      128.829       16409.212
       10999.955      16422.2      128.824       16422.186
       11001.041      16732.6      130.039       16732.610
       11002.127      16767.6      130.116       16767.617
       11003.213      16794.7      130.255       16794.680
       11004.299      16634.1      129.652       16634.091
       11005.385      16491.0      129.089       16490.952
       11006.471      16590.4      129.547       16590.406
       11007.557      16798.0      130.813       16798.014
       11008.643      16676.1      130.589       16676.110
       11009.729      16506.6      129.917       16506.568
       11010.814      16428.3      129.546       16428.270
       11011.900      16455.6      129.198       16455.559
       11012.986      16683.0      129.779       16682.953
       11014.072      16844.6      130.463       16844.624
       11015.158      16784.8      130.259       16784.806
       11016.244      16885.8      130.528       16885.815
       11017.330      16870.9      130.397       16870.927
       11018.416      16805.0      129.935       16804.962
       11019.502      16558.3      129.281       16558.273
       11020.588      16252.1      127.897       16252.140
       11021.674      16296.5      128.249       16296.518
       11022.760      16840.5      130.394       16840.484
       11023.846      16900.3      130.622       16900.305
       11024.932      16706.9      129.790       16706.927
       11026.018      16548.2      129.266       16548.164
       11027.104      16687.9      130.256       16687.889
       11028.190      16812.2      131.453       16812.176
       11029.276      16667.0      131.306       16667.007
       11030.362      16511.7      130.670       16511.708
       11031.448      16610.9      130.993       16610.942
       11032.534      16672.2      130.322       16672.163
       11033.620      16798.9      130.206       16798.900
       11034.706      16817.4      130.133       16817.399
       11035.792      16951.6      130.768       16951.585
       11036.878      17176.9      131.599       17176.903
       11037.964      17218.1      131.675       17218.111
       11039.050      17242.0      131.864       17241.969
       11040.136      17231.9      131.891       17231.894
       11041.222      17004.3      131.011       17004.255
       11042.308      16624.1      129.335       16624.108
       11043.394      16321.5      128.335       16321.499
       11044.480      16398.0      128.549       16397.951
       11045.566      16780.7      130.046       16780.677
       11046.652      17041.3      131.249       17041.301
       11047.738      16790.8      130.546       16790.838
       11048.824      16784.6      130.308       16784.556
       11049.910      17104.7      131.175       17104.737
       11050.995      17130.5      131.520       17130.523
       11052.081      17089.8      131.282       17089.804
       11053.167      17111.8      131.418       17111.790
       11054.253      16914.4      130.591       16914.368
       11055.339      16743.7      130.037       16743.716
       11056.425      16786.7      130.180       16786.660
       11057.511      16928.2      130.749       16928.157
       11058.597      16933.9      130.657       16933.931
       11059.683      16683.0      129.760       16682.968
       11060.769      16484.6      129.016       16484.637
       11061.855      16328.9      128.065       16328.871
       11062.941      16259.2      128.038       16259.206
       11064.027      16469.2      128.971       16469.164
       11065.113      16636.8      129.715       16636.844
       11066.199      16598.2      129.535       16598.193
       11067.285      16553.4      129.158       16553.428
       11068.371      16852.2      130.419       16852.195
       11069.457      17110.3      131.540       17110.315
       11070.543      17083.4      131.742       17083.381
       11071.629      17103.7      132.076       17103.661
       11072.715      17211.8      132.524       17211.809
       11073.801      17068.5      131.793       17068.468
       11074.887      17018.2      131.442       17018.157
       11075.973      17005.7      131.075       17005.702
       11077.059      16800.9      130.252       16800.936
       11078.145      16790.4      130.135       16790.423
       11079.231      16732.3      129.684       16732.257
       11080.317      16400.5      128.639       16400.484
       11081.403      16389.9      128.547       16389.869
       11082.489      16566.5      128.936       16566.539
       11083.575      16497.9      128.975       16497.855
       11084.661      16393.7      128.603       16393.742
       11085.747      16429.5      128.617       16429.540
       11086.833      16240.5      128.079       16240.458
       11087.919      16287.5      128.782       16287.456
       11089.005      16804.7      131.266       16804.657
       11090.090      17069.4      132.342       17069.390
       11091.176      16946.0      131.686       16945.952
       11092.262      16772.4      130.688       16772.405
       11093.348      16662.5      129.675       16662.473
       11094.434      16761.0      129.632       16761.050
       11095.520      16818.7      129.580       16818.663
       11096.606      16827.6      129.861       16827.576
       11097.692      16682.4      129.360       16682.404
       11098.778      16687.2      129.201       16687.216
       11099.864      16836.1      130.184       16836.069
       11100.950      16881.5      130.791       16881.503
       11102.036      16865.7      130.093       16865.718
       11103.122      16858.5      130.046       16858.543
       11104.208      16262.9      127.827       16262.926
       11105.294      15424.5      124.509       15424.468
       11106.380      15656.2      125.709       15656.250
       11107.466      16033.4      127.251       16033.424
       11108.552      15879.9      126.405       15879.899
       11109.638      16181.1      127.608       16181.111
       11110.724      16111.6      126.126       16111.630
       11111.810      15796.3      125.585       15796.323
       11112.896      15716.4      117.319       15716.385
       11113.982      15116.6      123.427       15116.581
       11115.068      14993.3      122.572       14993.304
       11116.154      15953.9      126.428       15953.933
       11117.240      16551.5      128.924       16551.512
       11118.326      16776.2      129.995       16776.194
       11119.412      16517.2      128.903       16517.220
       11120.498      16241.8      127.295       16241.770
       11121.584      16129.6      127.324       16129.617
       11122.670      16064.7      127.039       16064.689
       11123.756      16031.0      126.801       16030.991
       11124.842      16229.8      127.688       16229.791
       11125.928      16025.0      127.003       16024.968
       11127.014      15879.6      126.588       15879.629
       11128.100      15608.4      125.481       15608.427
       11129.186      14641.1      121.389       14641.142
       11130.271      14217.4      119.632       14217.407
       11131.357      14084.2      119.095       14084.235
       11132.443      13733.3      117.541       13733.277
       11133.529      14307.4      119.982       14307.355
       11134.615      14980.8      122.727       14980.840
       11135.701      14549.4      121.005       14549.392
       11136.787      14004.1      118.596       14004.132
       11137.873      14010.1      118.780       14010.058
       11138.959      14277.6      120.047       14277.629
       11140.045      15212.7      123.822       15212.683
       11141.131      15572.3      125.405       15572.336
       11142.217      15376.7      124.645       15376.704
       11143.303      15520.0      125.010       15520.018
       11144.389      15676.5      125.475       15676.502
       11145.475      15678.8      125.503       15678.778
       11146.561      15281.3      123.931       15281.272
       11147.647      14894.4      122.526       14894.374
       11148.733      14732.9      121.633       14732.942
       11149.819      13067.8      114.637       13067.804
       11150.905      10660.7      103.548       10660.675
       11151.991      11213.9      106.170       11213.856
       11153.077      12904.8      114.047       12904.762
       11154.163      13185.8      115.493       13185.781
       11155.249      13788.1      118.486       13788.138
       11156.335      14335.9      120.833       14335.854
       11157.421      14135.9      119.745       14135.859
       11158.507      14419.6      120.584       14419.594
       11159.593      14334.9      120.077       14334.863
       11160.679      14004.2      118.683       14004.181
       11161.765      12716.9      113.019       12716.922
       11162.851      11269.4      95.8739       11269.368
       11163.937      10167.4      100.736       10167.401
       11165.023      9174.02      96.1659       9174.0200
       11166.109      9394.59      97.2737       9394.5864
       11167.195      9842.38      99.5551       9842.3838
       11168.281      10896.8      104.647       10896.779
       11169.367      12537.2      112.259       12537.230
       11170.452      12915.5      113.943       12915.513
       11171.538      11631.1      108.192       11631.126
       11172.624      10891.4      104.909       10891.446
       11173.710      10436.6      102.455       10436.620
       11174.796      10881.3      89.4236       10881.338
       11175.882      12496.5      113.819       12496.535
       11176.968      13596.6      116.923       13596.642
       11178.054      13632.5      117.015       13632.531
       11179.140      13062.0      114.655       13062.030
       11180.226      12751.2      113.037       12751.242
       11181.312      12176.4      109.308       12176.365
       11182.398      10239.6      101.526       10239.631
       11183.484      9819.72      99.2572       9819.7175
       11184.570      11597.6      108.001       11597.604
       11185.656      12593.2      112.613       12593.224
       11186.742      12133.4      110.475       12133.373
       11187.828      10093.2      101.022       10093.226
       11188.914      8812.55      93.9086       8812.5507
       11190.000      9232.90      96.9795       9232.9021
       11191.086      9602.65      98.0129       9602.6461
       11192.172      8833.97      93.8789       8833.9730
       11193.258      8277.31      91.2013       8277.3112
       11194.344      9410.16      97.2399       9410.1637
       11195.430      11064.0      105.326       11064.050
       11196.516      11706.3      108.349       11706.339
       11197.602      10992.7      104.910       10992.711
       11198.688      9540.86      97.2991       9540.8602
       11199.774      9299.54      95.1207       9299.5413
       11200.860      9933.33      99.6600       9933.3326
       11201.946      8578.02      90.8344       8578.0181
       11203.032      6779.67      82.6709       6779.6664
       11204.118      8193.52      90.6824       8193.5158
       11205.204      10034.9      100.190       10034.908
       11206.290      10174.2      101.000       10174.193
       11207.376      10112.7      100.026       10112.717
       11208.462      10236.1      101.458       10236.064
       11209.548      10384.4      102.579       10384.363
       11210.633      9624.00      97.7814       9623.9970
       11211.719      8017.74      90.0254       8017.7390
       11212.805      6633.24      81.8228       6633.2366
       11213.891      7183.60      74.8996       7183.5984
       11214.977      8709.78      90.2740       8709.7772
       11216.063      9070.03      95.4715       9070.0320
       11217.149      7850.55      88.8090       7850.5480
       11218.235      5896.41      76.6364       5896.4117
       11219.321      5415.93      73.6683       5415.9270
       11220.407      6678.54      73.5822       6678.5392
       11221.493      6935.76      83.4881       6935.7582
       11222.579      5467.73      74.9634       5467.7312
       11223.665      4833.87      70.4755       4833.8715
       11224.751      5396.05      75.7707       5396.0519
       11225.837      4987.89      72.9125       4987.8873
       11226.923      5054.91      71.9698       5054.9127
       11228.009      6440.52      81.7243       6440.5153
       11229.095      7517.22      85.7653       7517.2229
       11230.181      7778.23      88.2469       7778.2253
       11231.267      7743.87      87.5966       7743.8669
       11232.353      7584.48      86.2961       7584.4757
       11233.439      6856.35      82.5948       6856.3513
       11234.525      5282.96      71.9568       5282.9591
       11235.611      3871.14      64.5427       3871.1367
       11236.697      3972.74      63.9974       3972.7372
       11237.783      5276.94      72.2505       5276.9445
       11238.869      6483.96      80.7959       6483.9565
       11239.955          NaN      3.13293             NaN
