       9750.0000      0.00000
       9751.0860      23424.5
       9752.1719      23448.5
       9753.2579      24125.1
       9754.3439      24666.9
       9755.4299      24787.1
       9756.5158      24344.4
       9757.6018      24449.8
       9758.6878      24767.1
       9759.7738      24771.4
       9760.8597      24699.1
       9761.9457      25577.5
       9763.0317      26397.4
       9764.1176      26145.9
       9765.2036      25750.2
       9766.2896      25961.9
       9767.3756      26840.7
       9768.4615      26919.0
       9769.5475      27616.7
       9770.6335      27917.8
       9771.7195      28176.2
       9772.8054      28343.9
       9773.8914      28562.7
       9774.9774      28362.5
       9776.0633      28380.7
       9777.1493      28617.9
       9778.2353      28660.0
       9779.3213      28967.5
       9780.4072      28973.3
       9781.4932      27519.9
       9782.5792      27836.2
       9783.6652      28368.1
       9784.7511      28769.3
       9785.8371      29032.7
       9786.9231      29634.4
       9788.0090      30122.7
       9789.0950      30208.3
       9790.1810      30068.0
       9791.2670      30310.7
       9792.3529      30234.2
       9793.4389      29686.2
       9794.5249      29455.0
       9795.6109      29701.1
       9796.6968      30226.0
       9797.7828      31000.8
       9798.8688      31382.9
       9799.9548      31205.0
       9801.0407      31352.4
       9802.1267      30807.4
       9803.2127      30607.0
       9804.2986      30465.7
       9805.3846      30615.6
       9806.4706      31386.5
       9807.5566      32040.7
       9808.6425      31938.0
       9809.7285      32495.0
       9810.8145      32135.1
       9811.9005      32484.0
       9812.9864      32002.4
       9814.0724      32230.8
       9815.1584      32306.0
       9816.2443      32259.8
       9817.3303      32084.1
       9818.4163      31897.1
       9819.5023      32180.1
       9820.5882      32294.4
       9821.6742      32313.6
       9822.7602      32770.2
       9823.8462      32583.0
       9824.9321      32602.0
       9826.0181      32272.5
       9827.1041      31982.4
       9828.1900      31780.8
       9829.2760      32530.7
       9830.3620      32802.0
       9831.4480      33002.8
       9832.5339      32672.2
       9833.6199      32981.1
       9834.7059      33118.3
       9835.7919      33128.6
       9836.8778      32875.5
       9837.9638      33209.8
       9839.0498      33475.2
       9840.1357      33665.3
       9841.2217      32977.5
       9842.3077      33596.8
       9843.3937      33924.7
       9844.4796      34032.1
       9845.5656      33596.9
       9846.6516      33037.5
       9847.7376      33476.2
       9848.8235      33253.9
       9849.9095      32625.9
       9850.9955      33390.8
       9852.0814      33972.2
       9853.1674      34059.3
       9854.2534      34272.9
       9855.3394      34311.3
       9856.4253      34125.6
       9857.5113      33771.3
       9858.5973      34237.8
       9859.6833      34137.2
       9860.7692      34377.2
       9861.8552      34485.8
       9862.9412      35015.3
       9864.0271      34485.8
       9865.1131      34762.5
       9866.1991      34545.4
       9867.2851      34722.2
       9868.3710      35064.4
       9869.4570      34555.6
       9870.5430      35107.1
       9871.6290      35064.6
       9872.7149      34983.7
       9873.8009      35335.1
       9874.8869      35270.6
       9875.9729      35525.7
       9877.0588      35541.3
       9878.1448      34312.2
       9879.2308      35066.4
       9880.3167      35869.8
       9881.4027      35822.6
       9882.4887      36037.1
       9883.5747      35716.2
       9884.6606      35781.1
       9885.7466      36142.0
       9886.8326      36229.6
       9887.9186      36110.6
       9889.0045      36170.4
       9890.0905      36360.1
       9891.1765      36229.2
       9892.2624      36352.0
       9893.3484      36400.9
       9894.4344      36532.0
       9895.5204      36300.4
       9896.6063      36680.6
       9897.6923      37096.2
       9898.7783      36538.3
       9899.8643      35800.9
       9900.9502      36703.6
       9902.0362      37441.7
       9903.1222      37701.0
       9904.2081      37433.8
       9905.2941      37752.2
       9906.3801      37461.3
       9907.4661      38066.2
       9908.5520      38243.5
       9909.6380      37436.5
       9910.7240      37050.0
       9911.8100      38237.0
       9912.8959      38674.2
       9913.9819      38748.2
       9915.0679      38585.1
       9916.1538      38989.9
       9917.2398      38788.0
       9918.3258      38459.2
       9919.4118      38574.1
       9920.4977      38997.2
       9921.5837      39347.5
       9922.6697      39228.8
       9923.7557      38735.2
       9924.8416      38961.0
       9925.9276      39388.4
       9927.0136      39353.9
       9928.0995      39016.8
       9929.1855      38623.6
       9930.2715      39407.1
       9931.3575      39501.6
       9932.4434      40040.2
       9933.5294      39641.9
       9934.6154      39907.8
       9935.7014      40487.3
       9936.7873      40625.5
       9937.8733      40611.2
       9938.9593      40515.8
       9940.0452      40275.7
       9941.1312      40307.6
       9942.2172      40824.5
       9943.3032      41146.6
       9944.3891      41079.4
       9945.4751      41346.0
       9946.5611      41537.4
       9947.6471      41391.7
       9948.7330      41552.6
       9949.8190      41435.8
       9950.9050      41643.1
       9951.9910      41735.6
       9953.0769      41857.2
       9954.1629      41961.2
       9955.2489      42295.7
       9956.3348      42386.8
       9957.4208      42165.1
       9958.5068      42314.6
       9959.5928      42390.3
       9960.6787      42687.4
       9961.7647      42514.8
       9962.8507      42473.7
       9963.9367      41929.5
       9965.0226      41812.0
       9966.1086      42842.6
       9967.1946      42914.3
       9968.2805      42966.2
       9969.3665      43189.8
       9970.4525      43292.4
       9971.5385      43180.9
       9972.6244      43271.3
       9973.7104      43469.2
       9974.7964      43504.1
       9975.8824      43329.4
       9976.9683      43481.2
       9978.0543      43739.1
       9979.1403      43835.0
       9980.2262      43781.0
       9981.3122      43828.6
       9982.3982      43717.6
       9983.4842      44195.0
       9984.5701      44117.6
       9985.6561      44418.8
       9986.7421      44428.4
       9987.8281      44074.6
       9988.9140      44289.6
       9990.0000      44239.9
       9991.0860      44102.4
       9992.1719      43917.3
       9993.2579      43382.5
       9994.3439      43362.1
       9995.4299      43995.4
       9996.5158      44065.1
       9997.6018      44244.5
       9998.6878      44085.8
       9999.7738      43966.7
       10000.860      43950.9
       10001.946      44148.8
       10003.032      43713.8
       10004.118      43712.9
       10005.204      43755.3
       10006.290      43693.3
       10007.376      43715.9
       10008.462      43919.6
       10009.548      43921.8
       10010.633      43725.3
       10011.719      43490.0
       10012.805      43527.0
       10013.891      43375.4
       10014.977      43137.6
       10016.063      42876.8
       10017.149      43197.3
       10018.235      43222.4
       10019.321      42839.6
       10020.407      42712.6
       10021.493      42741.0
       10022.579      42665.0
       10023.665      42329.0
       10024.751      42075.1
       10025.837      42187.8
       10026.923      41993.4
       10028.009      41715.4
       10029.095      41948.1
       10030.181      41448.1
       10031.267      41050.3
       10032.353      40847.0
       10033.439      40497.3
       10034.525      39957.3
       10035.611      39738.0
       10036.697      39303.0
       10037.783      38963.7
       10038.869      38307.7
       10039.955      37636.6
       10041.041      36873.3
       10042.127      36604.4
       10043.213      36017.9
       10044.299      35097.7
       10045.385      34005.1
       10046.471      33077.7
       10047.557      31858.6
       10048.643      31277.7
       10049.729      31388.6
       10050.814      30864.3
       10051.900      30349.5
       10052.986      30739.5
       10054.072      31314.2
       10055.158      31969.4
       10056.244      32842.9
       10057.330      34223.2
       10058.416      34954.2
       10059.502      35858.0
       10060.588      36703.3
       10061.674      37197.1
       10062.760      38459.4
       10063.846      39265.5
       10064.932      39890.5
       10066.018      39934.5
       10067.104      40331.3
       10068.190      41018.9
       10069.276      41708.6
       10070.362      42389.6
       10071.448      42641.1
       10072.534      43221.9
       10073.620      43230.4
       10074.706      43612.2
       10075.792      44378.7
       10076.878      44515.3
       10077.964      44807.3
       10079.050      45103.7
       10080.136      44554.8
       10081.222      44913.1
       10082.308      45764.5
       10083.394      46004.0
       10084.480      46254.7
       10085.566      46004.0
       10086.652      46356.9
       10087.738      46695.8
       10088.824      46645.8
       10089.910      46812.8
       10090.995      47175.9
       10092.081      46813.9
       10093.167      46779.6
       10094.253      46992.9
       10095.339      47155.4
       10096.425      47508.0
       10097.511      47714.4
       10098.597      47639.4
       10099.683      47445.3
       10100.769      47524.6
       10101.855      47325.3
       10102.941      47996.5
       10104.027      48198.1
       10105.113      49105.2
       10106.199      49413.2
       10107.285      49148.1
       10108.371      49279.6
       10109.457      49268.8
       10110.543      48658.5
       10111.629      48680.7
       10112.715      48801.3
       10113.801      48311.2
       10114.887      48173.2
       10115.973      48884.0
       10117.059      49391.2
       10118.145      49610.2
       10119.231      49557.9
       10120.317      50112.0
       10121.403      50035.0
       10122.489      49882.6
       10123.575      49884.7
       10124.661      49859.6
       10125.747      49082.4
       10126.833      49194.5
       10127.919      49845.4
       10129.005      49937.8
       10130.090      50237.0
       10131.176      50680.6
       10132.262      50975.7
       10133.348      50995.6
       10134.434      51099.9
       10135.520      51244.3
       10136.606      51076.0
       10137.692      50939.0
       10138.778      51057.4
       10139.864      51286.0
       10140.950      51418.4
       10142.036      51312.5
       10143.122      51393.4
       10144.208      51385.5
       10145.294      51140.1
       10146.380      51615.6
       10147.466      51838.3
       10148.552      51931.7
       10149.638      51518.1
       10150.724      51984.8
       10151.810      52060.1
       10152.896      52472.5
       10153.982      52089.1
       10155.068      52065.7
       10156.154      51854.3
       10157.240      51545.5
       10158.326      51924.5
       10159.412      52238.2
       10160.498      52366.6
       10161.584      51962.1
       10162.670      52092.9
       10163.756      52505.8
       10164.842      52580.1
       10165.928      52599.9
       10167.014      52414.2
       10168.100      52608.7
       10169.186      52559.3
       10170.271      52718.1
       10171.357      52547.7
       10172.443      52396.8
       10173.529      52214.4
       10174.615      52414.5
       10175.701      52672.0
       10176.787      52641.5
       10177.873      52814.5
       10178.959      53036.2
       10180.045      53241.0
       10181.131      52821.2
       10182.217      53249.7
       10183.303      52206.7
       10184.389      52089.3
       10185.475      51783.7
       10186.561      53017.9
       10187.647      53399.6
       10188.733      53373.0
       10189.819      53264.8
       10190.905      53102.4
       10191.991      53338.5
       10193.077      53045.4
       10194.163      53176.3
       10195.249      53283.9
       10196.335      53470.5
       10197.421      53598.7
       10198.507      53540.8
       10199.593      53546.2
       10200.679      53327.4
       10201.765      53731.2
       10202.851      53090.0
       10203.937      52561.8
       10205.023      52847.6
       10206.109      52365.4
       10207.195      52829.5
       10208.281      53113.4
       10209.367      53538.2
       10210.452      53199.3
       10211.538      53028.0
       10212.624      52954.5
       10213.710      53319.5
       10214.796      53146.3
       10215.882      53373.4
       10216.968      52937.1
       10218.054      53235.4
       10219.140      53351.8
       10220.226      52963.2
       10221.312      53293.4
       10222.398      52992.6
       10223.484      53545.1
       10224.570      53358.6
       10225.656      53215.9
       10226.742      53395.7
       10227.828      53401.9
       10228.914      53209.9
       10230.000      53011.5
       10231.086      52951.5
       10232.172      52965.4
       10233.258      53224.6
       10234.344      53002.2
       10235.430      53212.9
       10236.516      52861.4
       10237.602      53582.9
       10238.688      53020.7
       10239.774      52917.6
       10240.860      52938.8
       10241.946      53058.1
       10243.032      52565.3
       10244.118      53367.9
       10245.204      53134.2
       10246.290      53181.7
       10247.376      52935.8
       10248.462      53381.6
       10249.548      53020.0
       10250.633      52764.9
       10251.719      52603.6
       10252.805      53118.1
       10253.891      52860.0
       10254.977      52843.8
       10256.063      52748.4
       10257.149      53004.3
       10258.235      52979.6
       10259.321      52845.3
       10260.407      52663.3
       10261.493      52263.1
       10262.579      52555.9
       10263.665      52671.5
       10264.751      52854.8
       10265.837      52503.3
       10266.923      52641.7
       10268.009      52758.6
       10269.095      52701.8
       10270.181      50638.0
       10271.267      49436.0
       10272.353      52899.3
       10273.439      52109.8
       10274.525      52180.8
       10275.611      52040.7
       10276.697      52152.4
       10277.783      52175.4
       10278.869      52073.4
       10279.955      52404.7
       10281.041      52439.8
       10282.127      52159.4
       10283.213      52173.5
       10284.299      52650.7
       10285.385      52185.4
       10286.471      52076.6
       10287.557      52158.9
       10288.643      52212.0
       10289.729      52151.2
       10290.814      51927.1
       10291.900      52148.6
       10292.986      52212.8
       10294.072      52029.6
       10295.158      51953.8
       10296.244      52013.8
       10297.330      52138.7
       10298.416      52007.8
       10299.502      51834.2
       10300.588      51632.0
       10301.674      51548.5
       10302.760      51773.2
       10303.846      51707.5
       10304.932      51965.6
       10306.018      51954.5
       10307.104      52029.4
       10308.190      52170.2
       10309.276      51718.5
       10310.362      51841.5
       10311.448      51467.2
       10312.534      50574.4
       10313.620      51514.0
       10314.706      52253.8
       10315.792      52014.7
       10316.878      51652.9
       10317.964      51947.5
       10319.050      51506.7
       10320.136      51395.6
       10321.222      51764.9
       10322.308      51633.8
       10323.394      51738.4
       10324.480      51545.8
       10325.566      51097.6
       10326.652      50508.5
       10327.738      51206.2
       10328.824      51875.5
       10329.910      51287.8
       10330.995      51273.4
       10332.081      51526.6
       10333.167      51530.9
       10334.253      51448.1
       10335.339      51708.8
       10336.425      51387.1
       10337.511      51539.7
       10338.597      51851.6
       10339.683      51869.4
       10340.769      51560.8
       10341.855      51481.6
       10342.941      51829.0
       10344.027      51846.9
       10345.113      51118.7
       10346.199      51014.2
       10347.285      51826.7
       10348.371      52194.2
       10349.457      52018.5
       10350.543      51995.0
       10351.629      52001.8
       10352.715      51973.7
       10353.801      52031.6
       10354.887      52336.0
       10355.973      52325.8
       10357.059      52226.9
       10358.145      52029.7
       10359.231      52342.9
       10360.317      52463.8
       10361.403      52220.5
       10362.489      52378.3
       10363.575      52220.2
       10364.661      52338.9
       10365.747      52365.3
       10366.833      52451.3
       10367.919      52504.3
       10369.005      52405.3
       10370.090      52094.8
       10371.176      52162.1
       10372.262      52303.2
       10373.348      52558.5
       10374.434      52983.3
       10375.520      52526.6
       10376.606      52217.7
       10377.692      52591.5
       10378.778      52820.4
       10379.864      52776.3
       10380.950      52931.4
       10382.036      53138.5
       10383.122      53093.4
       10384.208      53076.1
       10385.294      53193.8
       10386.380      52505.4
       10387.466      52148.5
       10388.552      53264.3
       10389.638      53521.6
       10390.724      53233.0
       10391.810      53153.8
       10392.896      53501.6
       10393.982      53663.8
       10395.068      53822.5
       10396.154      53710.7
       10397.240      53572.3
       10398.326      52209.2
       10399.412      51809.3
       10400.498      53147.5
       10401.584      53734.9
       10402.670      54016.3
       10403.756      54160.2
       10404.842      53813.6
       10405.928      53282.9
       10407.014      53739.5
       10408.100      53998.8
       10409.186      54018.4
       10410.271      54170.9
       10411.357      54604.2
       10412.443      54174.0
       10413.529      53844.9
       10414.615      54020.7
       10415.701      53739.4
       10416.787      54179.2
       10417.873      54387.7
       10418.959      54266.0
       10420.045      54141.9
       10421.131      54323.1
       10422.217      54501.4
       10423.303      54377.3
       10424.389      54348.8
       10425.475      54394.9
       10426.561      54412.4
       10427.647      54492.5
       10428.733      54298.1
       10429.819      54100.6
       10430.905      54303.8
       10431.991      54195.9
       10433.077      54184.6
       10434.163      54050.8
       10435.249      54280.1
       10436.335      54390.9
       10437.421      54393.3
       10438.507      54615.4
       10439.593      54220.4
       10440.679      53556.7
       10441.765      54061.3
       10442.851      54292.8
       10443.937      54102.2
       10445.023      53452.0
       10446.109      54260.5
       10447.195      54359.8
       10448.281      54551.9
       10449.367      54006.0
       10450.452      53671.0
       10451.538      54061.2
       10452.624      54045.8
       10453.710      53684.1
       10454.796      53917.2
       10455.882      53603.2
       10456.968      53121.2
       10458.054      53220.0
       10459.140      53865.6
       10460.226      53378.8
       10461.312      53414.5
       10462.398      53623.2
       10463.484      53359.8
       10464.570      53680.5
       10465.656      53809.5
       10466.742      53854.8
       10467.828      53980.6
       10468.914      54194.6
       10470.000      53460.1
       10471.086      54026.7
       10472.172      53690.3
       10473.258      53205.5
       10474.344      53469.9
       10475.430      53788.1
       10476.516      53985.7
       10477.602      54224.6
       10478.688      54047.2
       10479.774      53789.9
       10480.860      53782.8
       10481.946      53474.1
       10483.032      52961.6
       10484.118      53797.1
       10485.204      54224.7
       10486.290      54189.5
       10487.376      53854.0
       10488.462      53390.2
       10489.548      53339.4
       10490.633      53757.9
       10491.719      53747.9
       10492.805      53310.3
       10493.891      53016.0
       10494.977      53090.2
       10496.063      53052.1
       10497.149      53499.9
       10498.235      53252.3
       10499.321      53085.3
       10500.407      52990.1
       10501.493      53105.8
       10502.579      53504.4
       10503.665      53440.9
       10504.751      53131.1
       10505.837      52704.4
       10506.923      52744.4
       10508.009      52973.6
       10509.095      53110.1
       10510.181      53211.9
       10511.267      52808.7
       10512.353      53184.5
       10513.439      53115.0
       10514.525      52865.1
       10515.611      51752.2
       10516.697      51615.6
       10517.783      52740.6
       10518.869      53021.7
       10519.955      52634.1
       10521.041      52728.4
       10522.127      52304.0
       10523.213      52560.2
       10524.299      52824.2
       10525.385      52624.0
       10526.471      52856.8
       10527.557      52665.2
       10528.643      52659.1
       10529.729      52312.3
       10530.814      51584.9
       10531.900      52768.4
       10532.986      51986.3
       10534.072      50814.0
       10535.158      51440.4
       10536.244      52884.8
       10537.330      52541.6
       10538.416      52735.9
       10539.502      52699.8
       10540.588      52856.0
       10541.674      52785.3
       10542.760      52424.4
       10543.846      52323.8
       10544.932      52269.0
       10546.018      52071.7
       10547.104      52416.7
       10548.190      52868.0
       10549.276      52841.0
       10550.362      53042.4
       10551.448      53058.2
       10552.534      53288.3
       10553.620      53110.5
       10554.706      52745.3
       10555.792      52720.3
       10556.878      52905.4
       10557.964      53189.6
       10559.050      53047.3
       10560.136      53090.0
       10561.222      52653.6
       10562.308      52701.6
       10563.394      53029.7
       10564.480      53245.0
       10565.566      53209.6
       10566.652      53315.4
       10567.738      53217.3
       10568.824      53361.8
       10569.910      53580.3
       10570.995      53374.9
       10572.081      53293.8
       10573.167      53464.6
       10574.253      53609.1
       10575.339      53324.1
       10576.425      53551.3
       10577.511      53632.9
       10578.597      53497.0
       10579.683      53498.6
       10580.769      53055.6
       10581.855      53174.1
       10582.941      53210.1
       10584.027      53231.2
       10585.113      53012.4
       10586.199      52328.0
       10587.285      51733.9
       10588.371      52363.6
       10589.457      52429.7
       10590.543      52965.4
       10591.629      53433.2
       10592.715      53518.4
       10593.801      53840.2
       10594.887      53871.7
       10595.973      53657.9
       10597.059      53700.8
       10598.145      53688.2
       10599.231      53298.7
       10600.317      53634.3
       10601.403      53668.3
       10602.489      53395.6
       10603.575      53463.4
       10604.661      53296.4
       10605.747      53300.5
       10606.833      53535.6
       10607.919      53592.7
       10609.005      53937.8
       10610.090      54014.2
       10611.176      53752.6
       10612.262      53767.6
       10613.348      53359.3
       10614.434      53387.7
       10615.520      53440.6
       10616.606      53875.9
       10617.692      54077.4
       10618.778      54095.0
       10619.864      54129.5
       10620.950      53924.9
       10622.036      54011.9
       10623.122      53869.8
       10624.208      52135.5
       10625.294      50514.0
       10626.380      52252.4
       10627.466      53629.1
       10628.552      53713.6
       10629.638      53618.0
       10630.724      53546.1
       10631.810      53634.1
       10632.896      53572.6
       10633.982      53638.1
       10635.068      53509.0
       10636.154      53653.2
       10637.240      53704.4
       10638.326      53721.2
       10639.412      53284.4
       10640.498      52477.3
       10641.584      52976.9
       10642.670      53569.2
       10643.756      53431.7
       10644.842      52869.9
       10645.928      52628.3
       10647.014      52783.3
       10648.100      52064.0
       10649.186      52843.8
       10650.271      53031.0
       10651.357      53121.9
       10652.443      52660.5
       10653.529      52586.9
       10654.615      52638.4
       10655.701      52452.8
       10656.787      52047.4
       10657.873      52109.6
       10658.959      52009.6
       10660.045      51495.2
       10661.131      51439.5
       10662.217      51863.1
       10663.303      51985.7
       10664.389      51474.6
       10665.475      51625.9
       10666.561      51872.4
       10667.647      52322.9
       10668.733      51395.7
       10669.819      50951.9
       10670.905      51669.5
       10671.991      50934.8
       10673.077      50705.8
       10674.163      51188.1
       10675.249      51504.9
       10676.335      51239.6
       10677.421      50919.8
       10678.507      50601.7
       10679.593      49929.3
       10680.679      48891.2
       10681.765      49472.9
       10682.851      49767.8
       10683.937      49632.2
       10685.023      49254.5
       10686.109      48493.8
       10687.195      48635.4
       10688.281      48088.4
       10689.367      47876.0
       10690.452      47716.9
       10691.538      47858.1
       10692.624      48313.0
       10693.710      48072.4
       10694.796      48210.4
       10695.882      48647.6
       10696.968      48987.5
       10698.054      48971.2
       10699.140      48730.4
       10700.226      49677.4
       10701.312      49482.4
       10702.398      49452.1
       10703.484      49746.7
       10704.570      49420.4
       10705.656      48947.7
       10706.742      48965.2
       10707.828      48775.3
       10708.914      49034.6
       10710.000      48785.5
       10711.086      48669.2
       10712.172      48707.9
       10713.258      48471.9
       10714.344      48648.9
       10715.430      48295.2
       10716.516      48106.4
       10717.602      49144.0
       10718.688      48321.2
       10719.774      47958.4
       10720.860      48406.7
       10721.946      48256.3
       10723.032      47915.3
       10724.118      48742.9
       10725.204      47826.0
       10726.290      47846.0
       10727.376      47836.9
       10728.462      47438.4
       10729.548      47447.3
       10730.633      47124.7
       10731.719      47452.0
       10732.805      47619.6
       10733.891      47792.5
       10734.977      48032.8
       10736.063      48130.9
       10737.149      47876.3
       10738.235      47329.2
       10739.321      47879.5
       10740.407      47793.0
       10741.493      47926.7
       10742.579      47730.3
       10743.665      47132.4
       10744.751      47342.7
       10745.837      47077.1
       10746.923      46819.2
       10748.009      46986.2
       10749.095      46638.8
       10750.181      46891.4
       10751.267      46598.3
       10752.353      46466.9
       10753.439      46840.1
       10754.525      46839.4
       10755.611      46531.7
       10756.697      46673.1
       10757.783      46667.0
       10758.869      46834.1
       10759.955      47364.5
       10761.041      46997.8
       10762.127      47410.8
       10763.213      47701.7
       10764.299      47401.9
       10765.385      47352.3
       10766.471      47385.4
       10767.557      47611.7
       10768.643      47153.8
       10769.729      47590.4
       10770.814      47299.5
       10771.900      46907.6
       10772.986      47411.9
       10774.072      47025.4
       10775.158      47102.0
       10776.244      47236.9
       10777.330      47216.7
       10778.416      47775.4
       10779.502      47270.2
       10780.588      47756.7
       10781.674      47057.5
       10782.760      47432.9
       10783.846      47321.2
       10784.932      47069.1
       10786.018      47446.5
       10787.104      47318.0
       10788.190      47604.1
       10789.276      47938.2
       10790.362      47466.4
       10791.448      47905.5
       10792.534      47904.8
       10793.620      47664.8
       10794.706      47739.2
       10795.792      47950.3
       10796.878      48163.9
       10797.964      48318.9
       10799.050      47973.8
       10800.136      47735.9
       10801.222      47429.0
       10802.308      47876.0
       10803.394      47625.8
       10804.480      48100.9
       10805.566      47765.1
       10806.652      47897.2
       10807.738      47890.0
       10808.824      47972.0
       10809.910      48339.1
       10810.995      48091.9
       10812.081      48066.8
       10813.167      48014.4
       10814.253      47987.6
       10815.339      48450.1
       10816.425      48678.5
       10817.511      48025.0
       10818.597      48570.4
       10819.683      48756.6
       10820.769      48425.5
       10821.855      48504.0
       10822.941      48416.5
       10824.027      48450.3
       10825.113      48349.0
       10826.199      48425.5
       10827.285      48962.4
       10828.371      48600.5
       10829.457      48122.1
       10830.543      48150.1
       10831.629      48134.9
       10832.715      48423.0
       10833.801      47698.1
       10834.887      47419.4
       10835.973      47914.9
       10837.059      48386.1
       10838.145      48940.0
       10839.231      49061.0
       10840.317      49249.4
       10841.403      49371.0
       10842.489      49260.8
       10843.575      49200.5
       10844.661      49181.3
       10845.747      48781.2
       10846.833      48977.7
       10847.919      48659.5
       10849.005      48547.2
       10850.090      48757.8
       10851.176      48589.2
       10852.262      48132.6
       10853.348      48886.7
       10854.434      48715.0
       10855.520      48473.7
       10856.606      49199.5
       10857.692      48998.9
       10858.778      48918.1
       10859.864      48858.2
       10860.950      46268.8
       10862.036      47017.4
       10863.122      47123.0
       10864.208      47492.4
       10865.294      48396.2
       10866.380      48145.7
       10867.466      48091.3
       10868.552      48052.7
       10869.638      48070.9
       10870.724      47613.6
       10871.810      47293.3
       10872.896      47382.5
       10873.982      47586.5
       10875.068      48187.4
       10876.154      47155.9
       10877.240      45879.0
       10878.326      47122.1
       10879.412      47606.3
       10880.498      47139.7
       10881.584      47485.4
       10882.670      47198.9
       10883.756      47267.7
       10884.842      46992.1
       10885.928      47004.4
       10887.014      47132.1
       10888.100      46613.5
       10889.186      46694.3
       10890.271      47012.6
       10891.357      46519.5
       10892.443      46160.8
       10893.529      46068.3
       10894.615      46495.3
       10895.701      46145.0
       10896.787      46239.5
       10897.873      46186.8
       10898.959      45882.5
       10900.045      46002.2
       10901.131      45517.4
       10902.217      45270.9
       10903.303      44456.9
       10904.389      44439.1
       10905.475      44701.0
       10906.561      44481.8
       10907.647      44334.0
       10908.733      44313.5
       10909.819      44482.5
       10910.905      43674.8
       10911.991      43706.6
       10913.077      43267.4
       10914.163      42732.1
       10915.249      42557.5
       10916.335      41092.1
       10917.421      40317.3
       10918.507      41456.8
       10919.593      41250.4
       10920.679      40929.9
       10921.765      40849.8
       10922.851      40317.7
       10923.937      39924.5
       10925.023      38997.2
       10926.109      37319.3
       10927.195      37325.6
       10928.281      37211.2
       10929.367      37194.4
       10930.452      37308.0
       10931.538      36643.0
       10932.624      35803.0
       10933.710      34716.7
       10934.796      33527.0
       10935.882      32914.4
       10936.968      32106.5
       10938.054      31615.7
       10939.140      30997.3
       10940.226      30713.5
       10941.312      31169.4
       10942.398      31179.3
       10943.484      31388.1
       10944.570      31920.5
       10945.656      32836.9
       10946.742      33110.8
       10947.828      34036.3
       10948.914      34906.4
       10950.000      35183.9
       10951.086      36093.9
       10952.172      37095.0
       10953.258      37476.4
       10954.344      38172.7
       10955.430      38454.7
       10956.516      39289.0
       10957.602      39304.0
       10958.688      38503.8
       10959.774      38511.6
       10960.860      38802.5
       10961.946      39417.9
       10963.032      40329.3
       10964.118      40610.7
       10965.204      41230.2
       10966.290      41302.1
       10967.376      41303.7
       10968.462      41789.9
       10969.548      41963.5
       10970.633      42196.0
       10971.719      42419.7
       10972.805      42495.4
       10973.891      41319.4
       10974.977      42063.7
       10976.063      42695.9
       10977.149      42615.5
       10978.235      42403.4
       10979.321      42422.7
       10980.407      42389.2
       10981.493      42337.9
       10982.579      42585.0
       10983.665      43551.2
       10984.751      43522.5
       10985.837      43161.6
       10986.923      43417.1
       10988.009      43385.8
       10989.095      42997.5
       10990.181      43540.2
       10991.267      43881.7
       10992.353      43877.1
       10993.439      43578.4
       10994.525      43479.0
       10995.611      42946.9
       10996.697      42365.8
       10997.783      42179.3
       10998.869      42361.1
       10999.955      43619.0
       11001.041      43906.4
       11002.127      44430.7
       11003.213      44285.6
       11004.299      44207.0
       11005.385      43953.7
       11006.471      43600.8
       11007.557      44567.3
       11008.643      44450.8
       11009.729      43222.7
       11010.814      43198.2
       11011.900      44108.3
       11012.986      45208.7
       11014.072      44819.2
       11015.158      44871.8
       11016.244      44186.1
       11017.330      45064.2
       11018.416      43672.9
       11019.502      42519.6
       11020.588      43364.7
       11021.674      43422.6
       11022.760      44312.2
       11023.846      44746.1
       11024.932      44125.1
       11026.018      44106.7
       11027.104      43786.4
       11028.190      44570.1
       11029.276      44798.1
       11030.362      44305.0
       11031.448      43816.9
       11032.534      44351.4
       11033.620      44575.9
       11034.706      44731.0
       11035.792      44859.4
       11036.878      45585.2
       11037.964      45959.7
       11039.050      46059.2
       11040.136      45412.1
       11041.222      44753.8
       11042.308      44177.1
       11043.394      43606.7
       11044.480      43440.7
       11045.566      43822.1
       11046.652      44844.8
       11047.738      45053.1
       11048.824      45395.7
       11049.910      45489.0
       11050.995      45896.3
       11052.081      45802.4
       11053.167      45393.0
       11054.253      45522.5
       11055.339      44676.6
       11056.425      44230.8
       11057.511      44885.7
       11058.597      44929.3
       11059.683      44237.8
       11060.769      44405.8
       11061.855      43554.8
       11062.941      43010.0
       11064.027      42769.3
       11065.113      43778.1
       11066.199      43688.2
       11067.285      43783.6
       11068.371      44234.6
       11069.457      45545.8
       11070.543      45744.2
       11071.629      45438.7
       11072.715      45182.7
       11073.801      45689.7
       11074.887      45508.7
       11075.973      45289.6
       11077.059      44897.5
       11078.145      44563.5
       11079.231      44233.1
       11080.317      43789.2
       11081.403      43293.1
       11082.489      43519.7
       11083.575      43782.3
       11084.661      43528.6
       11085.747      42844.8
       11086.833      42548.0
       11087.919      42881.2
       11089.005      43341.5
       11090.090      44519.1
       11091.176      45216.6
       11092.262      44486.6
       11093.348      43953.9
       11094.434      44043.6
       11095.520      44546.7
       11096.606      44569.3
       11097.692      44319.4
       11098.778      44444.2
       11099.864      44050.4
       11100.950      44955.7
       11102.036      45051.9
       11103.122      44884.0
       11104.208      43654.5
       11105.294      41389.5
       11106.380      40677.0
       11107.466      40867.1
       11108.552      41619.8
       11109.638      42130.3
       11110.724      42235.3
       11111.810      40239.0
       11112.896      40531.3
       11113.982      40007.6
       11115.068      39560.9
       11116.154      39732.5
       11117.240      42381.3
       11118.326      43755.4
       11119.412      44067.5
       11120.498      43491.4
       11121.584      42986.8
       11122.670      42333.8
       11123.756      41742.1
       11124.842      41514.5
       11125.928      42265.1
       11127.014      42590.5
       11128.100      41660.7
       11129.186      40076.1
       11130.271      37125.0
       11131.357      36014.0
       11132.443      35594.6
       11133.529      35862.4
       11134.615      37432.8
       11135.701      38375.9
       11136.787      37389.6
       11137.873      36155.7
       11138.959      35958.3
       11140.045      38039.6
       11141.131      39832.4
       11142.217      40942.2
       11143.303      41183.4
       11144.389      40996.1
       11145.475      41818.4
       11146.561      40735.2
       11147.647      40311.1
       11148.733      39633.0
       11149.819      36540.2
       11150.905      31396.4
       11151.991      28678.0
       11153.077      30071.0
       11154.163      33849.7
       11155.249      35517.7
       11156.335      36269.8
       11157.421      37055.4
       11158.507      37051.7
       11159.593      37245.0
       11160.679      36876.6
       11161.765      35016.0
       11162.851      31268.0
       11163.937      27105.9
       11165.023      23906.9
       11166.109      22930.2
       11167.195      23058.9
       11168.281      25547.5
       11169.367      28950.7
       11170.452      31938.2
       11171.538      31764.9
       11172.624      29421.6
       11173.710      26877.2
       11174.796      26720.1
       11175.882      29399.5
       11176.968      33243.0
       11178.054      35726.8
       11179.140      35627.8
       11180.226      34515.8
       11181.312      32745.0
       11182.398      29756.2
       11183.484      26867.3
       11184.570      26871.9
       11185.656      30008.9
       11186.742      32510.9
       11187.828      29858.9
       11188.914      25268.8
       11190.000      23034.6
       11191.086      23011.6
       11192.172      22885.0
       11193.258      21902.6
       11194.344      21962.4
       11195.430      24877.9
       11196.516      28355.8
       11197.602      29799.0
       11198.688      27103.9
       11199.774      24349.1
       11200.860      23977.6
       11201.946      23366.3
       11203.032      20664.4
       11204.118      19444.1
       11205.204      21899.1
       11206.290      25660.9
       11207.376      26715.7
       11208.462      26644.5
       11209.548      26655.0
       11210.633      26449.9
       11211.719      23760.4
       11212.805      20361.7
       11213.891      18899.2
       11214.977      20763.6
       11216.063      23187.4
       11217.149      22990.8
       11218.235      19126.9
       11219.321      15172.4
       11220.407      14405.0
       11221.493      16074.4
       11222.579      15713.9
       11223.665      13771.2
       11224.751      12404.5
       11225.837      12556.4
       11226.923      12863.5
       11228.009      13904.0
       11229.095      16653.8
       11230.181      19297.8
       11231.267      20394.0
       11232.353      20417.9
       11233.439      19178.0
       11234.525      16416.6
       11235.611      12610.4
       11236.697      9898.37
       11237.783      10301.7
       11238.869      13491.3
       11239.955      40.1416
