       9750.0000         -NaN         -NaN             NaN
       9751.0860      24087.2      157.087       24087.248
       9752.1719      24328.8      158.172       24328.779
       9753.2579      25290.0      161.159       25290.048
       9754.3439      25790.5      162.497       25790.533
       9755.4299      25604.0      161.288       25603.980
       9756.5158      24794.6      159.002       24794.570
       9757.6018      25135.8      161.261       25135.799
       9758.6878      25448.0      161.860       25448.017
       9759.7738      25468.9      161.691       25468.873
       9760.8597      25111.9      160.260       25111.921
       9761.9457      26100.4      162.965       26100.417
       9763.0317      26831.1      165.769       26831.069
       9764.1176      26805.6      165.145       26805.615
       9765.2036      26423.0      164.407       26422.966
       9766.2896      26714.2      164.744       26714.227
       9767.3756      27223.5      167.064       27223.474
       9768.4615      27522.1      167.245       27522.051
       9769.5475      28249.6      170.428       28249.623
       9770.6335      28337.7      170.270       28337.729
       9771.7195      28571.1      170.903       28571.106
       9772.8054      28953.6      171.613       28953.573
       9773.8914      29462.4      173.672       29462.441
       9774.9774      28762.5      171.549       28762.504
       9776.0633      28739.0      170.704       28738.996
       9777.1493      29295.5      173.078       29295.464
       9778.2353      29154.5      172.721       29154.496
       9779.3213      29825.0      174.299       29825.036
       9780.4072      29615.6      174.086       29615.580
       9781.4932      27604.6      167.091       27604.605
       9782.5792      27920.1      169.550       27920.104
       9783.6652      28541.1      170.374       28541.067
       9784.7511      28759.1      171.219       28759.099
       9785.8371      29253.2      172.888       29253.231
       9786.9231      29924.4      174.246       29924.390
       9788.0090      30010.1      174.329       30010.116
       9789.0950      30215.4      174.924       30215.370
       9790.1810      30288.7      175.564       30288.707
       9791.2670      30132.7      174.668       30132.738
       9792.3529      30429.2      175.627       30429.176
       9793.4389      29947.4      175.067       29947.421
       9794.5249      29779.8      174.853       29779.811
       9795.6109      29945.7      174.916       29945.731
       9796.6968      30751.2      177.008       30751.159
       9797.7828      31563.5      178.998       31563.457
       9798.8688      31785.9      179.738       31785.910
       9799.9548      31589.9      180.512       31589.940
       9801.0407      31766.3      180.639       31766.317
       9802.1267      31553.9      179.116       31553.860
       9803.2127      31034.2      177.776       31034.194
       9804.2986      30766.3      177.248       30766.255
       9805.3846      30935.0      178.162       30934.977
       9806.4706      31798.1      180.051       31798.076
       9807.5566      32243.7      180.555       32243.722
       9808.6425      32194.4      180.720       32194.388
       9809.7285      32910.7      182.888       32910.719
       9810.8145      32448.3      182.354       32448.349
       9811.9005      32758.0      182.809       32757.994
       9812.9864      32623.1      182.181       32623.054
       9814.0724      32768.7      182.117       32768.667
       9815.1584      32817.9      181.937       32817.854
       9816.2443      33005.6      182.337       33005.583
       9817.3303      32746.9      182.233       32746.923
       9818.4163      32639.0      181.598       32639.009
       9819.5023      32734.4      180.805       32734.370
       9820.5882      33079.9      183.064       33079.949
       9821.6742      32991.1      182.489       32991.100
       9822.7602      33325.5      182.053       33325.547
       9823.8462      32883.8      182.127       32883.817
       9824.9321      32933.7      183.265       32933.652
       9826.0181      32892.3      183.665       32892.348
       9827.1041      32399.6      179.076       32399.606
       9828.1900      32184.6      179.528       32184.590
       9829.2760      33024.0      183.105       33023.992
       9830.3620      33601.3      182.508       33601.321
       9831.4480      33535.2      182.942       33535.187
       9832.5339      33219.9      182.599       33219.911
       9833.6199      33396.6      179.937       33396.552
       9834.7059      33527.4      185.853       33527.394
       9835.7919      34018.0      185.790       34018.018
       9836.8778      33624.9      183.943       33624.870
       9837.9638      34225.0      192.895       34225.044
       9839.0498      34561.4      187.128       34561.373
       9840.1357      34447.7      184.958       34447.669
       9841.2217      34082.9      185.194       34082.860
       9842.3077      34776.9      185.874       34776.864
       9843.3937      34899.1      184.843       34899.107
       9844.4796      35012.6      186.119       35012.642
       9845.5656      34298.0      183.727       34297.962
       9846.6516      34118.9      181.734       34118.854
       9847.7376      34665.1      185.326       34665.056
       9848.8235      34534.1      183.929       34534.111
       9849.9095      33835.3      182.717       33835.314
       9850.9955      34703.8      182.791       34703.798
       9852.0814      35230.2      322.745       35230.234
       9853.1674      35128.0      183.988       35128.017
       9854.2534      35398.1      185.828       35398.077
       9855.3394      35247.6      186.073       35247.598
       9856.4253      34870.8      185.229       34870.825
       9857.5113      34547.9      265.435       34547.854
       9858.5973      35342.5      186.339       35342.525
       9859.6833      34880.0      185.871       34879.960
       9860.7692      35039.9      185.589       35039.898
       9861.8552      35302.8      187.209       35302.839
       9862.9412      36090.2      189.833       36090.165
       9864.0271      34928.6      174.047       34928.613
       9865.1131      35291.4      189.148       35291.380
       9866.1991      35235.7      185.425       35235.704
       9867.2851      35586.5      180.600       35586.519
       9868.3710      35695.8      188.625       35695.777
       9869.4570      35281.5      187.790       35281.479
       9870.5430      35866.4      180.321       35866.394
       9871.6290      36016.4      183.129       36016.371
       9872.7149      35624.9      187.723       35624.852
       9873.8009      35932.6      189.791       35932.586
       9874.8869      35806.1      187.340       35806.061
       9875.9729      36346.6      184.212       36346.622
       9877.0588      36121.6      189.515       36121.650
       9878.1448      35106.9      187.875       35106.950
       9879.2308      35919.0      186.980       35918.972
       9880.3167      36289.4      192.070       36289.374
       9881.4027      36097.8      190.992       36097.767
       9882.4887      36365.7      197.920       36365.686
       9883.5747      36227.0      179.095       36227.032
       9884.6606      36360.2      190.222       36360.156
       9885.7466      36745.8      186.931       36745.809
       9886.8326      36701.8      187.567       36701.785
       9887.9186      36790.1      191.290       36790.104
       9889.0045      37091.8      208.946       37091.786
       9890.0905      37101.4      193.184       37101.433
       9891.1765      36750.2      192.325       36750.188
       9892.2624      36439.3      183.776       36439.284
       9893.3484      36906.7      211.996       36906.701
       9894.4344      37301.4      191.066       37301.435
       9895.5204      36891.7      180.787       36891.713
       9896.6063      37158.0      188.128       37158.007
       9897.6923      37474.0      189.930       37474.009
       9898.7783      37129.0      192.697       37128.969
       9899.8643      36495.1      179.637       36495.076
       9900.9502      37362.9      194.550       37362.894
       9902.0362      37934.0      191.502       37933.986
       9903.1222      38154.4      194.418       38154.373
       9904.2081      37918.6      205.980       37918.623
       9905.2941      38715.1      201.496       38715.076
       9906.3801      38616.1      198.319       38616.108
       9907.4661      38812.7      192.401       38812.705
       9908.5520      38842.2      193.575       38842.236
       9909.6380      38138.7      199.413       38138.652
       9910.7240      37618.2      174.521       37618.217
       9911.8100      38735.1      187.705       38735.100
       9912.8959      39336.1      236.194       39336.094
       9913.9819      39547.4      198.900       39547.377
       9915.0679      39138.9      197.901       39138.943
       9916.1538      39741.7      198.386       39741.714
       9917.2398      39765.0      198.397       39764.958
       9918.3258      39038.7      193.275       39038.653
       9919.4118      39100.8      197.977       39100.791
       9920.4977      39475.2      196.954       39475.194
       9921.5837      39818.5      195.810       39818.538
       9922.6697      39877.2      199.499       39877.237
       9923.7557      39597.4      198.682       39597.412
       9924.8416      39811.1      198.393       39811.087
       9925.9276      39590.9      197.312       39590.936
       9927.0136      39653.2      200.895       39653.163
       9928.0995      39450.7      195.725       39450.672
       9929.1855      39156.0      211.997       39155.964
       9930.2715      39926.8      198.299       39926.767
       9931.3575      39943.8      198.369       39943.830
       9932.4434      40475.3      203.999       40475.258
       9933.5294      39922.5      202.854       39922.499
       9934.6154      40418.0      201.753       40417.978
       9935.7014      40842.2      201.423       40842.235
       9936.7873      41125.6      201.195       41125.620
       9937.8733      41238.8      200.357       41238.756
       9938.9593      41078.9      200.963       41078.858
       9940.0452      41211.7      195.752       41211.708
       9941.1312      40890.7      205.432       40890.651
       9942.2172      40856.2      197.328       40856.170
       9943.3032      41605.9      220.546       41605.892
       9944.3891      41644.4      203.170       41644.367
       9945.4751      41742.0      203.612       41741.966
       9946.5611      42229.1      203.203       42229.102
       9947.6471      42170.9      201.164       42170.864
       9948.7330      42076.4      204.888       42076.448
       9949.8190      42255.2      203.862       42255.223
       9950.9050      42326.5      206.397       42326.497
       9951.9910      42607.8      205.437       42607.827
       9953.0769      43010.4      206.839       43010.372
       9954.1629      42892.1      205.844       42892.117
       9955.2489      43150.4      213.506       43150.389
       9956.3348      43326.5      213.821       43326.455
       9957.4208      42980.6      206.701       42980.646
       9958.5068      43058.4      205.089       43058.440
       9959.5928      42936.6      207.190       42936.553
       9960.6787      43397.5      208.730       43397.494
       9961.7647      42881.3      207.741       42881.323
       9962.8507      43011.5      206.838       43011.508
       9963.9367      42408.2      206.669       42408.209
       9965.0226      42953.3      199.568       42953.311
       9966.1086      43658.5      209.566       43658.482
       9967.1946      43535.1      208.667       43535.090
       9968.2805      43742.6      332.018       43742.557
       9969.3665      43875.0      208.061       43875.032
       9970.4525      43884.2      218.695       43884.163
       9971.5385      43682.7      207.964       43682.691
       9972.6244      43736.1      208.634       43736.086
       9973.7104      44367.6      206.949       44367.620
       9974.7964      44715.9      213.093       44715.891
       9975.8824      44130.8      209.524       44130.784
       9976.9683      44154.4      210.084       44154.404
       9978.0543      44609.8      208.614       44609.831
       9979.1403      44902.9      211.252       44902.900
       9980.2262      44746.8      202.418       44746.774
       9981.3122      44868.0      211.604       44867.971
       9982.3982      44847.5      212.481       44847.497
       9983.4842      44859.4      211.644       44859.407
       9984.5701      44852.8      211.820       44852.827
       9985.6561      45026.5      211.828       45026.456
       9986.7421      45083.2      211.264       45083.231
       9987.8281      44955.3      209.322       44955.315
       9988.9140      45251.4      212.036       45251.409
       9990.0000      45217.8      212.533       45217.753
       9991.0860      45176.7      212.814       45176.672
       9992.1719      44781.2      212.125       44781.244
       9993.2579      44317.7      209.191       44317.686
       9994.3439      44283.1      211.002       44283.121
       9995.4299      44787.4      213.829       44787.441
       9996.5158      44735.1      209.426       44735.081
       9997.6018      44944.6      206.812       44944.622
       9998.6878      44992.6      257.256       44992.568
       9999.7738      45067.2      210.175       45067.185
       10000.860      44768.3      211.068       44768.271
       10001.946      44650.0      209.704       44649.970
       10003.032      44741.4      211.101       44741.376
       10004.118      44363.2      209.276       44363.209
       10005.204      44272.2      210.194       44272.227
       10006.290      44234.2      209.992       44234.200
       10007.376      44206.6      209.241       44206.602
       10008.462      44457.3      207.606       44457.326
       10009.548      44308.5      208.787       44308.516
       10010.633      43794.3      207.605       43794.284
       10011.719      44098.5      210.465       44098.476
       10012.805      44171.0      208.696       44170.960
       10013.891      43609.2      208.910       43609.220
       10014.977      43344.5      209.089       43344.523
       10016.063      43078.0      207.692       43077.993
       10017.149      43917.7      208.872       43917.715
       10018.235      43687.9      209.786       43687.863
       10019.321      43275.8      213.134       43275.822
       10020.407      43500.0      204.461       43499.970
       10021.493      43570.6      211.817       43570.625
       10022.579      43357.1      209.380       43357.077
       10023.665      42836.1      202.274       42836.135
       10024.751      42630.6      208.654       42630.576
       10025.837      42750.8      204.929       42750.811
       10026.923      42780.9      201.416       42780.907
       10028.009      42651.8      203.719       42651.749
       10029.095      42773.9      171.625       42773.851
       10030.181      42264.9      204.827       42264.913
       10031.267      41640.8      204.071       41640.845
       10032.353      41804.2      203.193       41804.250
       10033.439      41663.3      203.247       41663.266
       10034.525      40900.3      201.395       40900.332
       10035.611      40508.0      198.978       40507.973
       10036.697      39778.4      200.625       39778.443
       10037.783      39669.6      204.186       39669.567
       10038.869      39196.1      197.074       39196.080
       10039.955      38274.6      195.921       38274.605
       10041.041      37766.8      193.314       37766.770
       10042.127      37308.6      199.737       37308.573
       10043.213      36723.8      196.621       36723.752
       10044.299      35334.0      188.392       35334.043
       10045.385      34618.7      184.193       34618.722
       10046.471      33773.9      183.462       33773.879
       10047.557      32724.1      178.271       32724.065
       10048.643      32215.8      174.769       32215.843
       10049.729      32197.7      173.631       32197.686
       10050.814      31647.0      171.858       31646.958
       10051.900      31256.6      177.010       31256.556
       10052.986      31625.4      178.076       31625.437
       10054.072      32208.2      179.451       32208.219
       10055.158      33066.6      180.663       33066.567
       10056.244      33624.0      184.042       33623.976
       10057.330      34989.9      187.890       34989.881
       10058.416      35733.0      189.508       35732.974
       10059.502      36827.3      193.263       36827.345
       10060.588      37749.1      195.436       37749.143
       10061.674      38235.1      196.281       38235.105
       10062.760      39248.8      199.819       39248.829
       10063.846      40542.2      202.389       40542.223
       10064.932      41328.0      204.241       41328.013
       10066.018      41350.7      204.354       41350.693
       10067.104      41859.0      204.509       41859.045
       10068.190      42175.5      205.584       42175.542
       10069.276      43113.8      207.374       43113.842
       10070.362      43922.9      210.328       43922.913
       10071.448      44180.5      210.282       44180.506
       10072.534      44234.4      211.176       44234.358
       10073.620      44161.8      211.107       44161.841
       10074.706      44740.0      211.912       44739.995
       10075.792      45493.9      214.350       45493.936
       10076.878      46036.5      215.869       46036.495
       10077.964      46478.6      216.717       46478.615
       10079.050      46757.3      217.037       46757.332
       10080.136      46064.2      217.706       46064.172
       10081.222      46389.1      217.964       46389.066
       10082.308      47122.3      218.195       47122.326
       10083.394      47425.8      219.635       47425.817
       10084.480      47342.4      220.027       47342.431
       10085.566      47365.0      219.700       47365.021
       10086.652      47621.0      220.318       47620.975
       10087.738      48024.3      221.071       48024.341
       10088.824      47941.3      221.039       47941.338
       10089.910      48226.1      221.620       48226.086
       10090.995      48535.6      221.463       48535.640
       10092.081      48042.2      220.701       48042.191
       10093.167      47726.8      220.428       47726.775
       10094.253      47863.6      220.432       47863.557
       10095.339      48310.6      221.472       48310.638
       10096.425      48668.6      222.202       48668.623
       10097.511      49125.0      223.118       49124.956
       10098.597      49247.7      223.072       49247.690
       10099.683      49170.3      222.932       49170.280
       10100.769      48796.8      222.817       48796.766
       10101.855      48370.6      221.719       48370.600
       10102.941      49683.6      224.199       49683.648
       10104.027      49859.3      224.899       49859.315
       10105.113      50672.4      227.325       50672.444
       10106.199      51165.5      228.259       51165.497
       10107.285      50868.1      227.533       50868.121
       10108.371      50879.4      227.617       50879.435
       10109.457      50528.4      226.673       50528.426
       10110.543      49789.9      225.248       49789.895
       10111.629      49983.0      225.485       49983.045
       10112.715      49906.4      225.039       49906.386
       10113.801      49376.8      223.905       49376.791
       10114.887      49126.4      223.448       49126.439
       10115.973      49634.5      224.720       49634.545
       10117.059      50430.0      225.971       50429.960
       10118.145      51105.9      227.862       51105.940
       10119.231      50737.3      226.461       50737.261
       10120.317      51185.0      227.156       51184.994
       10121.403      51153.8      227.778       51153.794
       10122.489      50685.3      226.834       50685.326
       10123.575      50884.1      227.217       50884.080
       10124.661      50592.0      226.614       50591.960
       10125.747      50181.7      226.530       50181.729
       10126.833      50101.8      225.984       50101.778
       10127.919      51253.5      228.784       51253.541
       10129.005      51213.4      228.439       51213.390
       10130.090      51771.6      228.813       51771.620
       10131.176      52154.6      229.585       52154.631
       10132.262      52527.4      230.415       52527.376
       10133.348      52277.8      229.880       52277.751
       10134.434      52727.1      230.470       52727.139
       10135.520      52841.0      231.252       52840.991
       10136.606      52860.6      231.304       52860.590
       10137.692      52139.0      229.779       52139.009
       10138.778      52605.2      230.821       52605.217
       10139.864      52416.4      230.351       52416.397
       10140.950      52357.7      230.472       52357.659
       10142.036      52313.9      230.333       52313.869
       10143.122      52339.3      230.409       52339.265
       10144.208      52405.3      229.560       52405.319
       10145.294      52230.1      229.952       52230.126
       10146.380      52417.3      230.256       52417.340
       10147.466      52741.4      230.693       52741.441
       10148.552      52900.6      231.477       52900.611
       10149.638      52393.2      230.226       52393.197
       10150.724      53175.0      232.175       53174.982
       10151.810      53344.0      232.566       53344.009
       10152.896      53782.0      233.647       53781.957
       10153.982      53440.1      232.436       53440.106
       10155.068      53090.9      232.216       53090.936
       10156.154      53041.8      231.892       53041.786
       10157.240      53109.4      231.872       53109.414
       10158.326      53107.1      231.487       53107.060
       10159.412      53551.5      232.477       53551.549
       10160.498      53533.9      232.877       53533.900
       10161.584      53223.0      231.901       53222.992
       10162.670      52823.2      231.199       52823.248
       10163.756      53001.4      231.278       53001.443
       10164.842      53607.8      232.496       53607.778
       10165.928      53959.6      233.847       53959.608
       10167.014      53340.0      232.722       53340.045
       10168.100      53522.8      232.510       53522.777
       10169.186      53765.8      233.323       53765.831
       10170.271      54340.8      234.201       54340.798
       10171.357      53901.1      233.355       53901.090
       10172.443      53773.2      233.694       53773.250
       10173.529      52954.7      231.917       52954.679
       10174.615      53282.0      233.061       53281.991
       10175.701      53951.3      234.635       53951.339
       10176.787      53479.2      232.575       53479.223
       10177.873      54208.9      233.552       54208.930
       10178.959      53894.2      232.735       53894.206
       10180.045      54396.7      230.270       54396.710
       10181.131      53951.3      232.514       53951.335
       10182.217      54029.7      233.666       54029.702
       10183.303      53337.4      232.210       53337.447
       10184.389      53214.1      231.698       53214.095
       10185.475      53088.2      231.125       53088.153
       10186.561      54064.9      232.889       54064.885
       10187.647      54097.5      232.912       54097.496
       10188.733      54282.1      234.338       54282.079
       10189.819      53852.2      233.108       53852.184
       10190.905      54287.5      234.389       54287.543
       10191.991      54060.8      233.653       54060.768
       10193.077      54175.7      234.099       54175.703
       10194.163      54489.5      234.705       54489.462
       10195.249      54154.3      232.922       54154.284
       10196.335      54247.8      231.293       54247.828
       10197.421      54463.1      233.498       54463.080
       10198.507      54234.5      233.188       54234.458
       10199.593      54445.9      234.286       54445.940
       10200.679      54219.9      234.070       54219.903
       10201.765      54743.0      234.817       54743.003
       10202.851      53987.3      232.603       53987.258
       10203.937      53155.6      226.734       53155.640
       10205.023      53802.0      233.214       53801.973
       10206.109      53473.0      232.402       53473.045
       10207.195      53604.3      232.551       53604.305
       10208.281      54035.7      232.442       54035.723
       10209.367      54135.8      233.916       54135.768
       10210.452      54312.4      234.387       54312.418
       10211.538      53632.9      233.082       53632.945
       10212.624      53612.1      233.529       53612.114
       10213.710      53597.9      233.183       53597.898
       10214.796      53675.5      233.455       53675.484
       10215.882      53774.9      233.250       53774.866
       10216.968      53494.9      231.953       53494.889
       10218.054      53725.0      232.674       53725.012
       10219.140      53985.6      233.449       53985.607
       10220.226      53693.4      233.098       53693.428
       10221.312      54567.4      234.818       54567.359
       10222.398      53628.2      232.270       53628.195
       10223.484      54383.3      236.582       54383.330
       10224.570      53769.9      232.798       53769.871
       10225.656      53616.4      232.791       53616.356
       10226.742      54296.2      233.829       54296.228
       10227.828      54382.4      234.876       54382.438
       10228.914      53879.6      233.019       53879.628
       10230.000      53692.0      232.793       53691.963
       10231.086      53758.5      233.296       53758.531
       10232.172      53741.6      233.175       53741.588
       10233.258      54441.9      234.574       54441.871
       10234.344      54230.1      233.784       54230.114
       10235.430      54043.2      233.085       54043.238
       10236.516      54088.9      232.057       54088.922
       10237.602      54677.4      235.107       54677.396
       10238.688      53897.2      233.935       53897.227
       10239.774      53444.3      232.458       53444.282
       10240.860      53163.1      232.064       53163.081
       10241.946      53783.0      233.137       53783.023
       10243.032      53592.9      233.307       53592.916
       10244.118      54292.8      233.764       54292.756
       10245.204      53615.3      232.583       53615.323
       10246.290      53944.4      232.344       53944.364
       10247.376      53721.4      233.321       53721.370
       10248.462      54304.6      234.477       54304.607
       10249.548      53884.3      233.783       53884.268
       10250.633      53265.5      232.884       53265.495
       10251.719      53074.7      230.331       53074.747
       10252.805      53517.7      231.959       53517.731
       10253.891      53671.6      232.741       53671.629
       10254.977      53786.7      232.400       53786.733
       10256.063      53260.8      232.165       53260.760
       10257.149      53794.2      232.775       53794.212
       10258.235      53766.4      232.987       53766.390
       10259.321      53575.3      233.204       53575.312
       10260.407      53614.5      233.012       53614.487
       10261.493      52744.7      230.054       52744.704
       10262.579      53361.1      230.664       53361.097
       10263.665      53335.0      231.490       53335.018
       10264.751      53754.8      231.025       53754.831
       10265.837      53347.2      231.644       53347.185
       10266.923      53469.2      232.234       53469.198
       10268.009      53585.2      231.942       53585.186
       10269.095      53201.1      231.498       53201.128
       10270.181      50862.9      226.319       50862.868
       10271.267      49607.3      222.983       49607.296
       10272.353      53186.8      231.610       53186.801
       10273.439      52702.2      230.201       52702.168
       10274.525      52999.9      233.223       52999.919
       10275.611      52787.5      232.247       52787.506
       10276.697      53082.4      231.008       53082.411
       10277.783      52531.9      230.186       52531.930
       10278.869      52808.2      230.823       52808.221
       10279.955      53507.1      231.846       53507.121
       10281.041      53347.7      230.354       53347.709
       10282.127      52875.2      231.701       52875.224
       10283.213      52840.9      231.046       52840.869
       10284.299      53382.2      231.975       53382.206
       10285.385      53344.0      231.507       53343.969
       10286.471      53178.8      231.394       53178.763
       10287.557      52981.9      231.489       52981.942
       10288.643      52820.8      232.614       52820.792
       10289.729      52895.7      232.441       52895.740
       10290.814      52575.8      231.459       52575.793
       10291.900      52415.7      230.852       52415.678
       10292.986      52597.1      230.343       52597.100
       10294.072      52322.6      230.172       52322.589
       10295.158      52380.0      230.285       52379.971
       10296.244      52280.7      229.300       52280.687
       10297.330      52464.0      230.124       52464.041
       10298.416      52576.1      230.826       52576.116
       10299.502      52651.5      231.313       52651.457
       10300.588      52298.4      230.157       52298.410
       10301.674      52164.1      229.200       52164.059
       10302.760      52488.8      229.899       52488.780
       10303.846      52422.2      229.000       52422.164
       10304.932      52552.8      230.436       52552.817
       10306.018      52814.0      230.709       52814.031
       10307.104      53046.2      231.808       53046.165
       10308.190      53547.8      232.498       53547.773
       10309.276      52452.5      230.029       52452.465
       10310.362      52641.0      230.966       52641.006
       10311.448      52499.0      230.032       52499.021
       10312.534      51831.0      229.457       51831.000
       10313.620      52207.2      228.854       52207.239
       10314.706      53035.8      229.506       53035.782
       10315.792      52669.1      231.277       52669.075
       10316.878      52292.8      229.854       52292.787
       10317.964      53021.5      231.285       53021.483
       10319.050      52278.0      229.835       52277.964
       10320.136      52327.1      230.214       52327.083
       10321.222      52840.3      231.765       52840.336
       10322.308      52600.8      230.918       52600.827
       10323.394      52499.8      230.497       52499.829
       10324.480      52460.0      230.169       52460.011
       10325.566      51999.2      230.031       51999.161
       10326.652      51608.7      228.817       51608.716
       10327.738      51825.8      229.212       51825.775
       10328.824      52802.0      231.365       52802.010
       10329.910      52315.4      230.371       52315.367
       10330.995      52257.9      230.330       52257.933
       10332.081      52413.1      230.679       52413.099
       10333.167      52449.0      229.847       52449.029
       10334.253      52415.7      228.725       52415.702
       10335.339      52583.0      230.949       52583.027
       10336.425      52318.0      230.599       52318.022
       10337.511      52193.9      230.065       52193.892
       10338.597      52326.9      230.463       52326.870
       10339.683      52296.7      230.764       52296.707
       10340.769      51927.1      229.505       51927.095
       10341.855      52465.2      230.694       52465.179
       10342.941      52268.5      231.070       52268.530
       10344.027      52208.5      230.584       52208.480
       10345.113      51542.7      229.277       51542.690
       10346.199      51527.5      228.715       51527.533
       10347.285      52184.2      230.653       52184.179
       10348.371      52766.0      232.011       52765.968
       10349.457      52898.7      232.475       52898.732
       10350.543      52697.4      231.966       52697.364
       10351.629      52806.0      232.239       52805.980
       10352.715      52910.9      231.996       52910.889
       10353.801      53068.9      232.177       53068.922
       10354.887      52922.7      232.361       52922.745
       10355.973      52942.0      232.442       52942.023
       10357.059      52862.9      231.928       52862.935
       10358.145      52818.0      231.748       52818.040
       10359.231      53354.7      232.979       53354.720
       10360.317      53484.9      233.090       53484.852
       10361.403      53293.1      233.035       53293.125
       10362.489      53531.2      233.885       53531.205
       10363.575      53439.6      233.130       53439.553
       10364.661      53245.4      233.080       53245.392
       10365.747      52969.7      232.520       52969.683
       10366.833      52880.9      232.469       52880.918
       10367.919      52934.6      232.286       52934.571
       10369.005      52813.8      231.830       52813.832
       10370.090      52685.0      231.749       52685.022
       10371.176      52957.6      232.046       52957.555
       10372.262      53083.7      232.558       53083.660
       10373.348      53635.1      234.301       53635.078
       10374.434      53882.2      235.273       53882.227
       10375.520      52991.6      233.329       52991.641
       10376.606      52991.6      233.452       52991.642
       10377.692      53514.2      234.374       53514.201
       10378.778      53458.3      233.790       53458.338
       10379.864      53591.8      233.927       53591.770
       10380.950      54011.2      234.645       54011.180
       10382.036      54183.9      235.256       54183.874
       10383.122      54357.0      234.421       54356.968
       10384.208      54102.6      235.110       54102.630
       10385.294      54381.1      235.652       54381.150
       10386.380      53663.7      234.229       53663.722
       10387.466      53234.6      233.165       53234.639
       10388.552      54092.3      235.252       54092.317
       10389.638      54651.2      236.557       54651.211
       10390.724      54027.8      235.117       54027.821
       10391.810      53992.1      235.219       53992.054
       10392.896      54187.3      235.299       54187.326
       10393.982      54236.0      235.441       54235.982
       10395.068      54489.1      236.140       54489.054
       10396.154      54670.5      236.618       54670.540
       10397.240      54382.7      236.124       54382.672
       10398.326      53192.8      233.392       53192.776
       10399.412      52430.1      231.506       52430.106
       10400.498      54006.1      234.801       54006.094
       10401.584      54637.3      236.500       54637.264
       10402.670      55221.8      237.912       55221.846
       10403.756      55480.9      238.270       55480.941
       10404.842      55056.2      237.410       55056.172
       10405.928      54454.3      235.920       54454.289
       10407.014      54851.1      236.781       54851.104
       10408.100      55088.5      237.340       55088.520
       10409.186      55299.0      237.695       55299.022
       10410.271      55358.5      237.692       55358.458
       10411.357      55715.0      238.644       55714.953
       10412.443      55283.6      237.710       55283.642
       10413.529      55036.7      237.238       55036.654
       10414.615      55344.9      237.786       55344.950
       10415.701      54890.4      236.470       54890.414
       10416.787      55288.0      237.373       55288.039
       10417.873      55835.8      238.336       55835.751
       10418.959      55167.7      237.643       55167.654
       10420.045      55504.2      239.307       55504.171
       10421.131      55610.5      239.152       55610.548
       10422.217      55707.5      239.820       55707.473
       10423.303      55420.5      238.557       55420.499
       10424.389      55314.6      237.292       55314.619
       10425.475      55581.3      237.754       55581.318
       10426.561      55515.7      238.180       55515.748
       10427.647      55274.7      237.374       55274.732
       10428.733      55259.4      236.725       55259.377
       10429.819      55473.5      237.540       55473.467
       10430.905      55262.8      237.231       55262.793
       10431.991      55194.4      236.896       55194.451
       10433.077      54938.0      236.534       54938.035
       10434.163      54844.0      236.049       54844.032
       10435.249      55172.9      236.552       55172.859
       10436.335      54889.3      235.751       54889.309
       10437.421      55440.7      237.238       55440.711
       10438.507      55753.5      238.208       55753.504
       10439.593      55495.7      238.105       55495.706
       10440.679      54598.6      234.990       54598.581
       10441.765      54641.4      234.861       54641.379
       10442.851      55025.3      236.713       55025.302
       10443.937      54911.7      236.174       54911.741
       10445.023      54376.5      234.588       54376.489
       10446.109      55576.8      237.128       55576.789
       10447.195      55300.2      237.147       55300.176
       10448.281      55325.2      237.168       55325.224
       10449.367      54819.7      235.914       54819.706
       10450.452      54715.8      236.072       54715.786
       10451.538      55061.3      236.444       55061.281
       10452.624      54840.2      236.036       54840.210
       10453.710      54096.1      234.364       54096.148
       10454.796      54418.5      235.180       54418.498
       10455.882      54376.2      234.318       54376.248
       10456.968      54105.7      233.327       54105.723
       10458.054      54008.5      233.241       54008.489
       10459.140      55107.9      235.984       55107.901
       10460.226      54090.4      234.258       54090.409
       10461.312      54258.0      234.044       54257.965
       10462.398      54052.3      233.336       54052.280
       10463.484      54099.2      234.095       54099.161
       10464.570      54492.8      234.593       54492.801
       10465.656      54835.9      235.052       54835.876
       10466.742      54773.9      234.971       54773.862
       10467.828      54927.2      237.577       54927.223
       10468.914      54865.5      235.757       54865.491
       10470.000      54106.2      234.987       54106.230
       10471.086      55256.8      237.701       55256.844
       10472.172      54608.5      236.507       54608.469
       10473.258      54020.5      234.829       54020.512
       10474.344      54346.2      234.957       54346.183
       10475.430      54523.8      234.976       54523.832
       10476.516      54988.2      235.549       54988.184
       10477.602      55062.1      235.968       55062.053
       10478.688      55253.9      236.377       55253.865
       10479.774      54685.9      234.761       54685.865
       10480.860      54517.4      235.115       54517.438
       10481.946      54523.5      234.427       54523.511
       10483.032      53987.7      233.545       53987.730
       10484.118      54482.9      234.453       54482.893
       10485.204      54917.0      242.192       54916.976
       10486.290      54937.7      234.138       54937.676
       10487.376      54838.6      235.832       54838.601
       10488.462      54469.1      234.755       54469.134
       10489.548      54242.5      234.262       54242.539
       10490.633      54544.8      234.502       54544.750
       10491.719      54750.8      234.396       54750.770
       10492.805      54580.8      235.508       54580.785
       10493.891      54090.6      233.792       54090.588
       10494.977      53910.2      233.291       53910.227
       10496.063      54135.1      234.187       54135.095
       10497.149      54525.2      234.728       54525.173
       10498.235      54150.9      232.779       54150.916
       10499.321      53779.7      232.825       53779.663
       10500.407      53308.4      231.718       53308.355
       10501.493      53687.8      231.865       53687.845
       10502.579      53890.7      233.029       53890.731
       10503.665      53826.8      232.705       53826.836
       10504.751      53880.6      233.028       53880.585
       10505.837      53492.0      231.632       53492.017
       10506.923      53963.0      232.433       53963.006
       10508.009      53896.9      232.166       53896.939
       10509.095      54250.3      233.523       54250.259
       10510.181      54726.2      234.881       54726.229
       10511.267      54435.4      234.039       54435.378
       10512.353      54562.6      234.814       54562.580
       10513.439      54573.1      234.833       54573.061
       10514.525      54370.9      234.673       54370.861
       10515.611      53397.6      231.600       53397.630
       10516.697      53566.8      206.271       53566.805
       10517.783      54242.4      234.171       54242.371
       10518.869      54416.6      234.551       54416.610
       10519.955      54187.7      233.401       54187.712
       10521.041      54246.9      233.968       54246.867
       10522.127      53329.1      232.268       53329.113
       10523.213      53945.0      233.134       53945.008
       10524.299      54471.9      233.723       54471.859
       10525.385      54252.3      233.890       54252.321
       10526.471      54319.7      234.436       54319.746
       10527.557      53674.4      233.405       53674.375
       10528.643      54036.9      234.444       54036.887
       10529.729      53715.7      233.441       53715.685
       10530.814      52963.6      231.159       52963.610
       10531.900      54025.0      233.414       54024.991
       10532.986      53149.5      232.211       53149.459
       10534.072      52379.9      230.337       52379.907
       10535.158      52766.0      231.603       52765.967
       10536.244      53864.9      233.086       53864.902
       10537.330      53452.2      232.900       53452.194
       10538.416      53774.1      233.427       53774.117
       10539.502      53909.4      233.593       53909.372
       10540.588      53759.9      233.497       53759.913
       10541.674      53757.9      233.410       53757.886
       10542.760      53635.2      233.102       53635.200
       10543.846      53751.8      233.661       53751.786
       10544.932      53665.4      232.161       53665.406
       10546.018      53743.3      233.274       53743.259
       10547.104      53384.3      230.652       53384.292
       10548.190      54222.8      234.256       54222.811
       10549.276      53897.2      233.031       53897.185
       10550.362      54224.2      234.414       54224.176
       10551.448      54008.5      234.266       54008.502
       10552.534      54610.4      234.809       54610.400
       10553.620      54996.4      235.737       54996.360
       10554.706      54471.2      234.060       54471.201
       10555.792      54583.9      235.127       54583.894
       10556.878      54708.5      235.204       54708.489
       10557.964      54962.2      236.085       54962.164
       10559.050      54632.1      235.422       54632.105
       10560.136      54605.4      235.177       54605.398
       10561.222      54000.2      234.502       54000.201
       10562.308      54323.0      234.891       54323.005
       10563.394      54918.4      236.433       54918.431
       10564.480      55005.3      236.173       55005.261
       10565.566      55177.8      236.647       55177.759
       10566.652      54991.3      235.840       54991.256
       10567.738      54699.5      235.732       54699.525
       10568.824      55006.8      236.432       55006.754
       10569.910      55069.9      236.916       55069.853
       10570.995      54671.3      235.399       54671.309
       10572.081      54412.0      234.953       54412.022
       10573.167      54532.3      234.909       54532.311
       10574.253      54660.7      235.972       54660.665
       10575.339      54318.7      235.056       54318.694
       10576.425      54603.2      235.620       54603.235
       10577.511      55257.8      237.115       55257.765
       10578.597      54964.6      236.395       54964.571
       10579.683      54689.2      235.573       54689.196
       10580.769      54657.9      235.772       54657.879
       10581.855      54671.9      235.598       54671.925
       10582.941      54542.8      235.391       54542.823
       10584.027      54466.1      235.262       54466.108
       10585.113      54165.6      234.411       54165.588
       10586.199      53576.7      232.890       53576.740
       10587.285      53379.1      232.823       53379.099
       10588.371      54213.9      234.977       54213.951
       10589.457      54152.7      234.726       54152.729
       10590.543      54328.4      234.574       54328.422
       10591.629      54971.4      236.107       54971.424
       10592.715      54843.2      236.041       54843.214
       10593.801      54943.5      236.263       54943.468
       10594.887      55259.2      236.717       55259.152
       10595.973      55133.1      236.342       55133.087
       10597.059      55043.6      236.145       55043.616
       10598.145      55312.9      236.790       55312.925
       10599.231      54869.6      235.954       54869.648
       10600.317      55068.1      236.334       55068.138
       10601.403      54806.7      235.589       54806.678
       10602.489      54441.9      235.019       54441.914
       10603.575      54640.6      235.133       54640.576
       10604.661      54631.2      243.049       54631.202
       10605.747      54956.9      234.697       54956.851
       10606.833      54864.2      235.366       54864.207
       10607.919      54804.9      235.811       54804.869
       10609.005      55348.1      236.746       55348.112
       10610.090      55808.8      237.572       55808.757
       10611.176      55573.7      236.577       55573.731
       10612.262      55209.7      236.764       55209.659
       10613.348      54974.0      236.218       54974.045
       10614.434      54881.3      236.406       54881.303
       10615.520      54632.5      235.533       54632.479
       10616.606      55499.6      237.482       55499.556
       10617.692      55532.3      237.659       55532.316
       10618.778      55223.6      236.948       55223.597
       10619.864      54799.9      235.760       54799.852
       10620.950      54941.7      236.117       54941.741
       10622.036      55384.0      237.483       55384.021
       10623.122      55003.9      236.575       55003.944
       10624.208      53528.2      232.796       53528.228
       10625.294      51850.4      229.503       51850.451
       10626.380      53569.3      233.464       53569.282
       10627.466      54960.8      236.234       54960.821
       10628.552      54416.7      235.284       54416.677
       10629.638      54510.6      235.447       54510.579
       10630.724      54806.8      235.907       54806.770
       10631.810      54946.6      236.386       54946.561
       10632.896      54624.4      235.510       54624.374
       10633.982      54614.3      235.720       54614.265
       10635.068      54653.9      235.824       54653.924
       10636.154      55128.0      237.047       55127.985
       10637.240      55147.2      236.937       55147.202
       10638.326      54795.5      236.104       54795.452
       10639.412      54418.1      235.507       54418.134
       10640.498      53629.6      233.952       53629.582
       10641.584      54198.7      234.838       54198.741
       10642.670      55074.4      236.419       55074.363
       10643.756      54961.2      236.327       54961.174
       10644.842      54689.4      235.912       54689.428
       10645.928      54609.7      235.465       54609.685
       10647.014      54383.3      235.889       54383.311
       10648.100      53667.9      233.744       53667.879
       10649.186      54368.6      235.175       54368.626
       10650.271      54579.4      235.695       54579.403
       10651.357      54305.3      235.013       54305.292
       10652.443      53767.3      234.031       53767.304
       10653.529      53799.1      234.375       53799.136
       10654.615      53793.0      234.178       53792.976
       10655.701      53787.9      233.937       53787.947
       10656.787      53295.3      232.991       53295.319
       10657.873      53545.7      233.747       53545.722
       10658.959      53555.0      233.425       53555.019
       10660.045      53274.4      232.960       53274.433
       10661.131      52934.8      231.706       52934.781
       10662.217      53830.7      233.954       53830.688
       10663.303      53317.7      232.711       53317.736
       10664.389      52696.7      232.129       52696.721
       10665.475      53130.0      232.925       53129.989
       10666.561      53146.3      232.743       53146.324
       10667.647      53841.9      233.900       53841.889
       10668.733      53045.9      232.334       53045.892
       10669.819      52689.5      231.083       52689.510
       10670.905      53140.1      232.572       53140.063
       10671.991      52331.3      231.246       52331.345
       10673.077      51925.5      230.413       51925.506
       10674.163      52356.0      231.666       52355.961
       10675.249      52106.9      229.681       52106.864
       10676.335      52459.0      231.621       52458.992
       10677.421      52494.6      231.581       52494.616
       10678.507      51967.6      230.247       51967.603
       10679.593      51453.0      229.169       51453.028
       10680.679      49819.0      225.259       49818.964
       10681.765      50259.6      226.610       50259.627
       10682.851      51102.0      228.595       51101.959
       10683.937      50893.1      228.253       50893.069
       10685.023      50602.7      227.406       50602.714
       10686.109      49792.1      225.779       49792.108
       10687.195      50018.8      226.453       50018.799
       10688.281      49778.4      226.269       49778.380
       10689.367      49192.3      224.513       49192.308
       10690.452      49263.9      225.060       49263.943
       10691.538      49136.3      224.149       49136.326
       10692.624      49294.6      225.136       49294.636
       10693.710      49027.0      224.670       49027.041
       10694.796      50004.4      226.904       50004.449
       10695.882      50144.9      226.914       50144.865
       10696.968      50414.0      227.573       50413.952
       10698.054      49703.5      225.845       49703.537
       10699.140      50222.3      227.284       50222.283
       10700.226      51044.8      228.549       51044.771
       10701.312      50850.0      228.528       50850.021
       10702.398      50991.1      228.191       50991.076
       10703.484      51150.3      228.888       51150.301
       10704.570      50675.5      227.502       50675.500
       10705.656      50577.2      227.409       50577.153
       10706.742      50335.2      226.719       50335.168
       10707.828      50195.6      226.920       50195.626
       10708.914      50707.9      227.321       50707.907
       10710.000      50271.5      226.546       50271.515
       10711.086      50208.3      226.947       50208.341
       10712.172      50320.0      227.783       50320.011
       10713.258      49985.3      226.361       49985.299
       10714.344      50162.6      227.279       50162.559
       10715.430      49578.6      225.516       49578.634
       10716.516      49629.7      225.461       49629.722
       10717.602      50195.3      226.486       50195.348
       10718.688      49737.2      225.686       49737.212
       10719.774      48841.1      223.118       48841.150
       10720.860      49869.8      226.077       49869.845
       10721.946      49475.0      225.145       49475.033
       10723.032      48769.7      223.899       48769.671
       10724.118      50095.9      226.428       50095.857
       10725.204      48914.2      224.143       48914.248
       10726.290      48709.2      223.046       48709.238
       10727.376      48814.5      220.218       48814.480
       10728.462      48590.3      222.845       48590.273
       10729.548      48426.8      223.115       48426.802
       10730.633      48111.7      222.593       48111.723
       10731.719      48770.7      224.081       48770.657
       10732.805      48154.6      222.098       48154.580
       10733.891      48787.7      223.219       48787.727
       10734.977      48854.4      223.370       48854.441
       10736.063      48904.4      223.701       48904.429
       10737.149      48450.0      222.245       48450.041
       10738.235      48392.8      222.280       48392.790
       10739.321      49324.9      224.372       49324.947
       10740.407      49037.0      223.373       49037.016
       10741.493      48697.8      223.018       48697.843
       10742.579      48451.9      222.915       48451.934
       10743.665      48068.7      221.317       48068.655
       10744.751      48710.0      223.296       48709.962
       10745.837      47938.9      221.631       47938.900
       10746.923      47879.0      221.290       47878.960
       10748.009      47843.7      221.180       47843.675
       10749.095      47253.1      219.891       47253.059
       10750.181      47980.7      220.887       47980.690
       10751.267      48111.1      221.749       48111.116
       10752.353      47754.8      220.981       47754.816
       10753.439      47737.1      221.285       47737.079
       10754.525      47914.1      221.368       47914.079
       10755.611      47937.5      221.822       47937.524
       10756.697      47958.9      220.561       47958.899
       10757.783      48053.2      221.306       48053.171
       10758.869      47987.9      220.757       47987.874
       10759.955      48622.6      222.094       48622.557
       10761.041      48548.9      222.309       48548.905
       10762.127      48721.4      221.989       48721.388
       10763.213      48446.9      221.218       48446.936
       10764.299      48664.7      222.293       48664.711
       10765.385      48421.0      221.599       48421.015
       10766.471      48577.8      222.081       48577.797
       10767.557      49212.1      223.413       49212.051
       10768.643      48461.0      221.718       48460.976
       10769.729      48472.9      221.842       48472.926
       10770.814      48426.7      221.927       48426.686
       10771.900      48028.7      220.778       48028.670
       10772.986      48553.5      222.715       48553.466
       10774.072      48153.7      221.049       48153.654
       10775.158      47979.7      221.160       47979.745
       10776.244      48180.6      221.158       48180.608
       10777.330      48114.2      220.908       48114.169
       10778.416      48630.2      221.609       48630.207
       10779.502      48389.3      221.208       48389.266
       10780.588      48753.4      222.524       48753.408
       10781.674      47975.9      221.055       47975.935
       10782.760      48432.8      221.908       48432.765
       10783.846      48449.5      221.807       48449.490
       10784.932      48202.4      220.856       48202.362
       10786.018      48206.5      220.482       48206.546
       10787.104      48521.6      221.193       48521.632
       10788.190      48644.7      222.275       48644.693
       10789.276      49161.3      222.261       49161.270
       10790.362      48691.1      221.795       48691.087
       10791.448      49070.6      221.691       49070.597
       10792.534      48983.7      222.028       48983.670
       10793.620      49259.7      222.483       49259.664
       10794.706      49177.0      221.527       49176.983
       10795.792      49362.1      222.626       49362.122
       10796.878      49245.5      222.710       49245.479
       10797.964      49431.0      222.703       49431.004
       10799.050      49137.3      221.800       49137.323
       10800.136      49459.7      222.549       49459.694
       10801.222      48911.4      221.062       48911.360
       10802.308      48794.3      220.983       48794.340
       10803.394      48578.8      220.519       48578.786
       10804.480      49801.7      223.409       49801.708
       10805.566      48665.4      220.951       48665.440
       10806.652      49457.7      222.503       49457.685
       10807.738      49554.2      221.667       49554.226
       10808.824      49229.0      221.947       49228.967
       10809.910      50036.8      223.178       50036.825
       10810.995      49115.8      221.846       49115.809
       10812.081      49191.0      221.872       49190.963
       10813.167      49398.3      223.197       49398.289
       10814.253      49114.5      222.367       49114.490
       10815.339      49579.1      221.376       49579.112
       10816.425      49815.3      223.520       49815.314
       10817.511      48818.8      221.677       48818.780
       10818.597      49590.6      223.417       49590.623
       10819.683      49801.4      224.019       49801.401
       10820.769      49197.0      222.957       49197.011
       10821.855      49377.1      222.835       49377.095
       10822.941      49269.0      222.771       49268.972
       10824.027      49055.6      222.157       49055.624
       10825.113      49003.7      222.515       49003.711
       10826.199      49646.2      223.960       49646.245
       10827.285      50228.5      225.655       50228.498
       10828.371      49533.6      223.517       49533.581
       10829.457      49086.8      222.752       49086.777
       10830.543      49067.1      223.517       49067.054
       10831.629      49224.6      225.006       49224.596
       10832.715      49327.4      226.568       49327.437
       10833.801      48874.5      226.264       48874.475
       10834.887      48490.4      224.874       48490.429
       10835.973      48776.7      225.038       48776.705
       10837.059      49322.7      223.721       49322.707
       10838.145      49881.8      225.089       49881.793
       10839.231      49961.5      224.229       49961.507
       10840.317      50177.3      224.674       50177.278
       10841.403      50442.5      226.609       50442.518
       10842.489      49873.4      225.890       49873.368
       10843.575      50492.9      227.105       50492.869
       10844.661      50592.4      226.981       50592.430
       10845.747      49758.1      225.395       49758.111
       10846.833      49976.9      226.237       49976.872
       10847.919      49236.5      223.765       49236.501
       10849.005      49460.2      223.464       49460.163
       10850.090      49324.9      223.648       49324.880
       10851.176      49231.9      223.601       49231.865
       10852.262      49219.1      223.835       49219.062
       10853.348      49956.4      225.420       49956.365
       10854.434      49507.0      223.741       49506.968
       10855.520      49702.1      223.333       49702.075
       10856.606      50437.4      226.405       50437.374
       10857.692      50100.4      225.717       50100.356
       10858.778      50048.9      225.682       50048.901
       10859.864      49776.4      225.112       49776.409
       10860.950      46905.0      218.578       46905.025
       10862.036      48278.7      221.669       48278.686
       10863.122      48139.7      220.699       48139.651
       10864.208      48325.1      221.611       48325.148
       10865.294      49270.5      223.460       49270.465
       10866.380      49029.3      223.095       49029.323
       10867.466      49136.5      223.711       49136.481
       10868.552      49190.1      224.049       49190.133
       10869.638      49455.4      223.601       49455.354
       10870.724      48782.7      223.238       48782.664
       10871.810      48100.1      220.917       48100.103
       10872.896      48130.1      220.965       48130.103
       10873.982      48446.7      222.142       48446.690
       10875.068      49268.1      223.756       49268.055
       10876.154      48229.9      221.109       48229.924
       10877.240      46855.8      218.715       46855.799
       10878.326      48127.3      221.596       48127.270
       10879.412      48737.6      222.967       48737.584
       10880.498      48254.3      221.888       48254.313
       10881.584      48094.0      221.188       48093.973
       10882.670      47688.3      220.215       47688.254
       10883.756      48055.4      221.100       48055.381
       10884.842      48199.9      221.350       48199.878
       10885.928      47890.8      220.934       47890.815
       10887.014      48119.1      221.346       48119.121
       10888.100      47467.0      219.605       47466.990
       10889.186      47593.6      220.377       47593.622
       10890.271      48116.1      221.740       48116.080
       10891.357      47644.2      220.602       47644.162
       10892.443      47281.5      219.792       47281.488
       10893.529      46988.4      218.621       46988.381
       10894.615      47457.1      1997.89       47457.087
       10895.701      47092.4      218.843       47092.374
       10896.787      46939.1      219.523       46939.059
       10897.873      47128.1      220.245       47128.146
       10898.959      46921.7      219.391       46921.702
       10900.045      46787.1      218.887       46787.148
       10901.131      46670.3      218.541       46670.264
       10902.217      46140.1      217.136       46140.082
       10903.303      45540.9      215.424       45540.936
       10904.389      45593.6      215.892       45593.586
       10905.475      45747.1      216.153       45747.088
       10906.561      45576.6      215.511       45576.553
       10907.647      45435.5      215.263       45435.540
       10908.733      45526.6      215.329       45526.605
       10909.819      45004.8      214.663       45004.840
       10910.905      44636.1      213.215       44636.061
       10911.991      44348.6      212.155       44348.638
       10913.077      44476.1      212.868       44476.116
       10914.163      43399.8      210.725       43399.839
       10915.249      43147.4      209.550       43147.436
       10916.335      42097.1      207.782       42097.120
       10917.421      41367.3      205.267       41367.318
       10918.507      42234.0      208.372       42234.036
       10919.593      42004.5      207.014       42004.532
       10920.679      41842.6      220.873       41842.645
       10921.765      41549.9      205.940       41549.875
       10922.851      41120.1      204.812       41120.052
       10923.937      40711.8      204.815       40711.805
       10925.023      39807.3      203.676       39807.326
       10926.109      37944.2      199.064       37944.245
       10927.195      38012.5      199.570       38012.515
       10928.281      37821.8      198.340       37821.821
       10929.367      37747.7      197.321       37747.726
       10930.452      38025.9      196.953       38025.860
       10931.538      37518.0      196.049       37517.968
       10932.624      36836.0      194.151       36835.975
       10933.710      35740.4      191.924       35740.376
       10934.796      34056.7      186.756       34056.676
       10935.882      33589.9      185.971       33589.891
       10936.968      33111.3      183.882       33111.310
       10938.054      32578.0      183.039       32577.997
       10939.140      32161.8      182.336       32161.773
       10940.226      31846.0      181.056       31845.984
       10941.312      32276.0      182.043       32276.012
       10942.398      32211.9      182.020       32211.946
       10943.484      32026.0      181.077       32026.021
       10944.570      32524.3      182.991       32524.327
       10945.656      33317.7      185.115       33317.729
       10946.742      33336.1      185.324       33336.092
       10947.828      34468.1      188.903       34468.055
       10948.914      35496.9      191.715       35496.916
       10950.000      35901.5      192.617       35901.466
       10951.086      36776.5      195.416       36776.508
       10952.172      37708.7      197.366       37708.654
       10953.258      38157.4      198.099       38157.385
       10954.344      38676.4      198.274       38676.392
       10955.430      38857.8      200.253       38857.768
       10956.516      38977.2      199.965       38977.171
       10957.602      39472.7      201.835       39472.696
       10958.688      39544.3      201.280       39544.277
       10959.774      39278.6      201.049       39278.581
       10960.860      39733.5      201.638       39733.502
       10961.946      40387.2      203.539       40387.159
       10963.032      40947.9      205.280       40947.889
       10964.118      41288.7      206.230       41288.693
       10965.204      42010.9      207.488       42010.856
       10966.290      42061.7      207.829       42061.714
       10967.376      41835.4      207.346       41835.440
       10968.462      42222.7      208.300       42222.726
       10969.548      42943.3      209.432       42943.305
       10970.633      43421.0      211.496       43421.023
       10971.719      43727.7      211.438       43727.720
       10972.805      43703.8      211.798       43703.838
       10973.891      42435.2      210.480       42435.155
       10974.977      43351.5      213.582       43351.516
       10976.063      43224.4      212.907       43224.352
       10977.149      43133.7      212.403       43133.667
       10978.235      43239.3      211.070       43239.310
       10979.321      43310.8      211.584       43310.795
       10980.407      43157.5      210.567       43157.534
       10981.493      43166.2      210.661       43166.242
       10982.579      43442.3      210.774       43442.254
       10983.665      44317.9      213.464       44317.928
       10984.751      44385.4      213.198       44385.421
       10985.837      43857.7      212.362       43857.698
       10986.923      44191.1      212.562       44191.100
       10988.009      44391.3      214.012       44391.348
       10989.095      43593.4      211.266       43593.386
       10990.181      44463.5      214.207       44463.525
       10991.267      44522.7      213.627       44522.675
       10992.353      44869.4      215.308       44869.379
       10993.439      44631.7      214.505       44631.674
       10994.525      44253.2      213.614       44253.204
       10995.611      43836.5      212.075       43836.491
       10996.697      43130.2      210.747       43130.223
       10997.783      43407.6      210.817       43407.574
       10998.869      42823.4      209.415       42823.397
       10999.955      44788.0      214.788       44787.982
       11001.041      44857.9      214.961       44857.881
       11002.127      44983.3      214.647       44983.307
       11003.213      44888.1      215.009       44888.112
       11004.299      44813.4      214.495       44813.372
       11005.385      44557.0      214.357       44557.023
       11006.471      44578.3      214.508       44578.260
       11007.557      45308.6      216.955       45308.588
       11008.643      45047.6      215.196       45047.558
       11009.729      44321.3      214.477       44321.346
       11010.814      44076.1      213.803       44076.060
       11011.900      44645.6      215.154       44645.596
       11012.986      45791.5      217.113       45791.484
       11014.072      45313.7      216.147       45313.727
       11015.158      45664.0      216.601       45663.956
       11016.244      44936.6      215.090       44936.593
       11017.330      45640.3      216.278       45640.331
       11018.416      44483.6      213.338       44483.569
       11019.502      43267.3      210.370       43267.295
       11020.588      44089.3      213.202       44089.267
       11021.674      43883.9      212.507       43883.943
       11022.760      45133.8      215.722       45133.773
       11023.846      45835.7      216.979       45835.663
       11024.932      45325.0      215.568       45325.013
       11026.018      45127.0      214.240       45127.021
       11027.104      44360.5      213.351       44360.482
       11028.190      45262.6      216.317       45262.610
       11029.276      45834.0      218.222       45834.042
       11030.362      45532.6      217.401       45532.595
       11031.448      44561.7      215.064       44561.728
       11032.534      44871.9      214.700       44871.857
       11033.620      45290.5      215.428       45290.528
       11034.706      45513.5      215.575       45513.522
       11035.792      46106.7      217.288       46106.713
       11036.878      46180.8      217.312       46180.803
       11037.964      46275.8      217.656       46275.796
       11039.050      46635.3      217.975       46635.298
       11040.136      46218.1      216.807       46218.095
       11041.222      45696.5      215.470       45696.534
       11042.308      45308.0      214.702       45307.953
       11043.394      44812.7      213.098       44812.695
       11044.480      44756.2      212.728       44756.218
       11045.566      44587.4      212.895       44587.402
       11046.652      45761.7      215.663       45761.670
       11047.738      45745.4      215.214       45745.351
       11048.824      46623.5      217.508       46623.500
       11049.910      45936.5      215.709       45936.526
       11050.995      46763.1      218.328       46763.140
       11052.081      46880.7      218.172       46880.742
       11053.167      45979.2      216.345       45979.198
       11054.253      46583.1      217.123       46583.116
       11055.339      46112.2      215.761       46112.193
       11056.425      45316.3      213.942       45316.299
       11057.511      45789.8      215.694       45789.766
       11058.597      45499.2      215.172       45499.166
       11059.683      44961.1      213.952       44961.150
       11060.769      45306.0      214.143       45305.967
       11061.855      44158.1      211.388       44158.132
       11062.941      44089.8      210.847       44089.837
       11064.027      43736.2      209.947       43736.189
       11065.113      44641.6      212.526       44641.589
       11066.199      44849.5      213.487       44849.463
       11067.285      44514.1      212.703       44514.106
       11068.371      44718.8      213.144       44718.800
       11069.457      46274.2      216.698       46274.218
       11070.543      46584.6      217.618       46584.575
       11071.629      46370.2      216.907       46370.200
       11072.715      45898.4      216.262       45898.368
       11073.801      46634.8      217.529       46634.791
       11074.887      46097.7      216.503       46097.706
       11075.973      45818.2      215.571       45818.180
       11077.059      45786.1      215.310       45786.100
       11078.145      45086.5      213.382       45086.514
       11079.231      45157.1      214.412       45157.099
       11080.317      44946.3      213.483       44946.310
       11081.403      44235.6      212.251       44235.627
       11082.489      44427.8      211.748       44427.833
       11083.575      44572.1      212.861       44572.145
       11084.661      44371.3      211.842       44371.274
       11085.747      43528.5      209.808       43528.514
       11086.833      43324.2      208.771       43324.239
       11087.919      43671.4      210.640       43671.426
       11089.005      43641.7      210.694       43641.681
       11090.090      44994.6      214.042       44994.574
       11091.176      45949.0      215.652       45949.002
       11092.262      45259.7      214.191       45259.673
       11093.348      44721.3      212.767       44721.280
       11094.434      44750.6      213.351       44750.565
       11095.520      45023.7      213.228       45023.727
       11096.606      44787.0      212.475       44787.009
       11097.692      45078.3      212.681       45078.296
       11098.778      44827.6      213.339       44827.560
       11099.864      44286.7      211.915       44286.653
       11100.950      45780.7      215.429       45780.724
       11102.036      45537.1      215.051       45537.079
       11103.122      45460.7      215.229       45460.694
       11104.208      44562.0      214.292       44562.016
       11105.294      42226.2      206.565       42226.160
       11106.380      41024.1      203.629       41024.130
       11107.466      40786.5      203.622       40786.528
       11108.552      42282.7      206.309       42282.731
       11109.638      42488.1      207.410       42488.073
       11110.724      42796.0      207.948       42795.989
       11111.810      41048.8      203.820       41048.780
       11112.896      41093.2      203.354       41093.204
       11113.982      40592.4      201.956       40592.381
       11115.068      40289.7      201.503       40289.688
       11116.154      39674.5      200.482       39674.513
       11117.240      42456.9      208.013       42456.945
       11118.326      44288.5      212.239       44288.543
       11119.412      44967.0      213.441       44966.983
       11120.498      44520.5      212.716       44520.521
       11121.584      43842.0      210.584       43841.956
       11122.670      43291.7      209.748       43291.666
       11123.756      42369.0      207.285       42369.024
       11124.842      42029.0      206.896       42029.041
       11125.928      42928.0      208.518       42927.989
       11127.014      43365.2      210.291       43365.240
       11128.100      42468.6      207.623       42468.607
       11129.186      41252.9      205.213       41252.919
       11130.271      37776.4      195.087       37776.447
       11131.357      36518.3      192.782       36518.257
       11132.443      36476.9      192.210       36476.880
       11133.529      36636.4      192.606       36636.404
       11134.615      37494.1      195.597       37494.057
       11135.701      39077.5      199.224       39077.462
       11136.787      38575.9      198.090       38575.922
       11137.873      36493.4      193.075       36493.429
       11138.959      36667.0      193.058       36667.004
       11140.045      38416.6      197.811       38416.579
       11141.131      40281.8      202.563       40281.791
       11142.217      41982.9      202.497       41982.872
       11143.303      41789.8      205.995       41789.789
       11144.389      41219.3      204.864       41219.259
       11145.475      42029.2      205.808       42029.158
       11146.561      41434.7      205.389       41434.710
       11147.647      40892.1      203.671       40892.054
       11148.733      40114.5      202.491       40114.495
       11149.819      37630.8      196.139       37630.840
       11150.905      33121.5      184.163       33121.485
       11151.991      29144.6      172.491       29144.636
       11153.077      29952.8      176.518       29952.850
       11154.163      34735.7      189.027       34735.705
       11155.249      36316.8      193.454       36316.771
       11156.335      36904.5      194.004       36904.478
       11157.421      37924.6      197.558       37924.604
       11158.507      37293.8      195.114       37293.785
       11159.593      37802.3      196.994       37802.288
       11160.679      37902.8      196.291       37902.795
       11161.765      36114.7      192.260       36114.697
       11162.851      32776.7      183.346       32776.686
       11163.937      28638.6      172.088       28638.586
       11165.023      24973.2      159.875       24973.243
       11166.109      23663.4      156.266       23663.375
       11167.195      23544.4      155.562       23544.380
       11168.281      26188.6      165.128       26188.632
       11169.367      29044.8      173.059       29044.806
       11170.452      32443.4      182.876       32443.413
       11171.538      33247.4      184.521       33247.364
       11172.624      31184.3      178.746       31184.270
       11173.710      28003.3      168.962       28003.272
       11174.796      27517.1      168.306       27517.119
       11175.882      29506.2      176.369       29506.159
       11176.968      33402.1      185.994       33402.062
       11178.054      36530.2      193.278       36530.179
       11179.140      36510.1      193.209       36510.150
       11180.226      34940.4      189.010       34940.445
       11181.312      33240.3      184.919       33240.295
       11182.398      30861.1      177.689       30861.099
       11183.484      28054.1      170.363       28054.090
       11184.570      26907.7      165.947       26907.675
       11185.656      30125.3      175.525       30125.292
       11186.742      33039.8      184.202       33039.821
       11187.828      30865.9      178.141       30865.940
       11188.914      26331.4      163.649       26331.416
       11190.000      23432.3      155.586       23432.252
       11191.086      22927.4      153.367       22927.400
       11192.172      23550.3      155.124       23550.338
       11193.258      22657.0      152.101       22657.003
       11194.344      22162.6      151.460       22162.628
       11195.430      24607.2      159.142       24607.203
       11196.516      28228.1      170.397       28228.147
       11197.602      30057.1      175.694       30057.101
       11198.688      27918.5      170.948       27918.453
       11199.774      25196.6      162.867       25196.627
       11200.860      24329.4      157.981       24329.364
       11201.946      23875.5      156.861       23875.467
       11203.032      21376.8      149.134       21376.803
       11204.118      19589.8      140.789       19589.828
       11205.204      21477.8      149.634       21477.774
       11206.290      25733.4      162.340       25733.433
       11207.376      27275.4      167.489       27275.370
       11208.462      27005.0      166.748       27005.008
       11209.548      26863.8      165.971       26863.832
       11210.633      26971.5      166.772       26971.520
       11211.719      24602.4      159.424       24602.381
       11212.805      21220.3      148.775       21220.333
       11213.891      19042.6      141.351       19042.626
       11214.977      20855.0      147.050       20855.041
       11216.063      23904.1      156.888       23904.077
       11217.149      23818.9      156.502       23818.893
       11218.235      20401.7      145.439       20401.656
       11219.321      16460.2      130.016       16460.243
       11220.407      14706.3      124.304       14706.320
       11221.493      16308.5      131.179       16308.464
       11222.579      16782.3      133.099       16782.319
       11223.665      14887.2      125.718       14887.215
       11224.751      12866.8      116.093       12866.829
       11225.837      13095.5      116.944       13095.528
       11226.923      13501.5      119.170       13501.541
       11228.009      14216.9      121.526       14216.926
       11229.095      16631.2      131.700       16631.200
       11230.181      19559.5      142.608       19559.517
       11231.267      20469.8      145.480       20469.793
       11232.353      20644.8      146.501       20644.808
       11233.439      19726.7      142.176       19726.665
       11234.525      17221.6      134.036       17221.640
       11235.611      13382.7      118.789       13382.677
       11236.697      10370.1      104.415       10370.063
       11237.783      10079.0      102.841       10079.009
       11238.869      13332.9      118.148       13332.933
       11239.955          NaN      10.6266             NaN
