       9750.0000         -NaN         -NaN             NaN
       9751.0860      4514.09      70.2007       4514.0889
       9752.1719      4567.25      70.7691       4567.2493
       9753.2579      4667.20      71.7077       4667.2007
       9754.3439      4743.79      72.1523       4743.7946
       9755.4299      4795.76      72.6155       4795.7561
       9756.5158      4785.15      72.4361       4785.1474
       9757.6018      4721.65      71.9643       4721.6524
       9758.6878      4590.30      71.2184       4590.3039
       9759.7738      4725.52      72.2825       4725.5155
       9760.8597      4799.09      72.6124       4799.0866
       9761.9457      4997.19      73.9759       4997.1931
       9763.0317      5047.47      74.3329       5047.4742
       9764.1176      4993.77      74.0100       4993.7683
       9765.2036      4882.11      73.2260       4882.1118
       9766.2896      4945.09      73.5765       4945.0891
       9767.3756      5120.48      74.5140       5120.4821
       9768.4615      5221.76      75.5633       5221.7625
       9769.5475      5246.24      75.7060       5246.2431
       9770.6335      5296.93      76.1265       5296.9301
       9771.7195      5273.05      76.0276       5273.0472
       9772.8054      5364.03      76.5415       5364.0315
       9773.8914      5358.66      76.5246       5358.6645
       9774.9774      5430.09      76.9403       5430.0861
       9776.0633      5404.80      76.6999       5404.8004
       9777.1493      5404.11      76.5862       5404.1066
       9778.2353      5334.29      76.0234       5334.2943
       9779.3213      5352.45      76.1768       5352.4464
       9780.4072      5379.98      76.5670       5379.9810
       9781.4932      5436.69      76.9199       5436.6880
       9782.5792      5507.51      77.3941       5507.5085
       9783.6652      5490.84      77.3575       5490.8446
       9784.7511      5430.57      76.8037       5430.5719
       9785.8371      5491.75      77.1880       5491.7481
       9786.9231      5602.09      78.0476       5602.0898
       9788.0090      5649.82      78.2006       5649.8167
       9789.0950      5705.77      78.6541       5705.7655
       9790.1810      5693.91      78.5591       5693.9146
       9791.2670      5655.00      78.5029       5655.0010
       9792.3529      5621.85      78.5229       5621.8485
       9793.4389      5589.59      78.2698       5589.5896
       9794.5249      5547.01      77.7628       5547.0119
       9795.6109      5632.15      78.4957       5632.1510
       9796.6968      5683.01      78.6626       5683.0062
       9797.7828      5742.99      79.0321       5742.9894
       9798.8688      5713.68      78.7070       5713.6810
       9799.9548      5653.39      78.5168       5653.3859
       9801.0407      5574.94      77.9846       5574.9434
       9802.1267      5568.55      78.0765       5568.5524
       9803.2127      5600.26      78.0246       5600.2601
       9804.2986      5692.21      78.6886       5692.2061
       9805.3846      5683.91      78.3302       5683.9064
       9806.4706      5828.61      79.4528       5828.6064
       9807.5566      5919.38      80.1982       5919.3779
       9808.6425      5956.83      80.2393       5956.8331
       9809.7285      5952.24      80.3121       5952.2447
       9810.8145      5970.40      80.6936       5970.3977
       9811.9005      5945.23      80.1991       5945.2309
       9812.9864      5938.29      80.2010       5938.2882
       9814.0724      5972.72      80.4043       5972.7158
       9815.1584      6068.33      80.9338       6068.3335
       9816.2443      6159.14      81.6352       6159.1401
       9817.3303      6161.35      81.5874       6161.3489
       9818.4163      6126.20      81.4135       6126.1986
       9819.5023      6157.04      81.5696       6157.0450
       9820.5882      6176.31      81.7947       6176.3136
       9821.6742      6254.22      82.2240       6254.2192
       9822.7602      6187.90      81.6300       6187.9010
       9823.8462      6059.43      81.0756       6059.4259
       9824.9321      5993.51      80.8039       5993.5119
       9826.0181      5926.56      80.3746       5926.5560
       9827.1041      6019.04      80.6660       6019.0372
       9828.1900      6052.11      80.5971       6052.1063
       9829.2760      6143.24      81.3182       6143.2386
       9830.3620      6157.08      81.6083       6157.0756
       9831.4480      6187.05      81.7384       6187.0542
       9832.5339      6223.05      82.0786       6223.0461
       9833.6199      6194.61      81.8008       6194.6104
       9834.7059      6217.81      82.1048       6217.8101
       9835.7919      6309.94      82.6537       6309.9396
       9836.8778      6323.72      82.6280       6323.7191
       9837.9638      6268.92      82.2667       6268.9250
       9839.0498      6229.06      81.8624       6229.0576
       9840.1357      6266.39      82.1550       6266.3912
       9841.2217      6361.84      82.6797       6361.8369
       9842.3077      6477.67      83.6123       6477.6687
       9843.3937      6563.33      83.9368       6563.3282
       9844.4796      6465.11      83.5665       6465.1137
       9845.5656      6473.41      83.8155       6473.4120
       9846.6516      6451.82      83.5496       6451.8198
       9847.7376      6498.22      83.9412       6498.2188
       9848.8235      6418.19      83.3104       6418.1851
       9849.9095      6339.28      82.7806       6339.2826
       9850.9955      6391.02      83.0647       6391.0224
       9852.0814      6455.14      83.3540       6455.1392
       9853.1674      6368.47      82.9610       6368.4725
       9854.2534      6371.75      82.6536       6371.7485
       9855.3394      6432.81      83.2850       6432.8095
       9856.4253      6446.32      83.4565       6446.3166
       9857.5113      6436.19      83.4704       6436.1920
       9858.5973      6483.27      83.4937       6483.2651
       9859.6833      6575.20      84.1816       6575.1977
       9860.7692      6577.05      84.1203       6577.0483
       9861.8552      6570.90      84.0050       6570.9022
       9862.9412      6563.30      83.8635       6563.2984
       9864.0271      6538.05      83.8406       6538.0466
       9865.1131      6653.82      84.7408       6653.8245
       9866.1991      6698.58      84.8439       6698.5812
       9867.2851      6631.06      84.3500       6631.0557
       9868.3710      6655.50      84.5312       6655.5006
       9869.4570      6695.78      84.8271       6695.7784
       9870.5430      6656.04      84.7270       6656.0375
       9871.6290      6643.28      84.6926       6643.2832
       9872.7149      6606.97      84.5232       6606.9700
       9873.8009      6579.60      84.4390       6579.5984
       9874.8869      6634.79      84.7966       6634.7919
       9875.9729      6658.40      84.7423       6658.3990
       9877.0588      6646.95      84.5429       6646.9509
       9878.1448      6599.40      84.1805       6599.4012
       9879.2308      6606.51      84.3292       6606.5053
       9880.3167      6751.88      85.3407       6751.8756
       9881.4027      6782.22      85.4890       6782.2223
       9882.4887      6797.39      85.4736       6797.3900
       9883.5747      6824.24      85.6110       6824.2386
       9884.6606      6796.02      85.4687       6796.0180
       9885.7466      6718.63      85.4143       6718.6331
       9886.8326      6688.96      85.2446       6688.9574
       9887.9186      6672.41      84.7573       6672.4062
       9889.0045      6707.56      85.1635       6707.5613
       9890.0905      6845.51      85.9470       6845.5096
       9891.1765      6860.00      85.7990       6860.0030
       9892.2624      6896.23      86.2057       6896.2326
       9893.3484      6920.53      86.3360       6920.5332
       9894.4344      6863.75      86.2423       6863.7551
       9895.5204      6906.37      86.1758       6906.3662
       9896.6063      6928.54      86.3877       6928.5439
       9897.6923      6835.69      86.1364       6835.6917
       9898.7783      6934.47      86.3798       6934.4653
       9899.8643      7005.81      86.7497       7005.8095
       9900.9502      7072.68      87.1811       7072.6801
       9902.0362      7030.23      86.8487       7030.2326
       9903.1222      7127.90      87.4901       7127.9035
       9904.2081      7188.06      87.7872       7188.0622
       9905.2941      7169.09      87.6912       7169.0929
       9906.3801      7241.62      88.0716       7241.6157
       9907.4661      7191.28      87.9698       7191.2770
       9908.5520      7164.28      87.6480       7164.2848
       9909.6380      7193.90      87.7773       7193.8983
       9910.7240      7095.17      87.3721       7095.1648
       9911.8100      7163.07      87.8616       7163.0672
       9912.8959      7211.84      87.9804       7211.8392
       9913.9819      7172.36      87.9804       7172.3578
       9915.0679      7202.52      88.2813       7202.5240
       9916.1538      7232.32      88.4680       7232.3165
       9917.2398      7223.28      88.5315       7223.2772
       9918.3258      7231.79      88.3597       7231.7881
       9919.4118      7221.79      88.1396       7221.7942
       9920.4977      7274.82      88.2713       7274.8217
       9921.5837      7368.52      88.8719       7368.5219
       9922.6697      7300.81      88.5128       7300.8119
       9923.7557      7373.34      88.8984       7373.3400
       9924.8416      7322.48      88.5488       7322.4849
       9925.9276      7329.98      88.7352       7329.9840
       9927.0136      7253.48      88.2210       7253.4835
       9928.0995      7340.48      88.7160       7340.4782
       9929.1855      7409.67      89.1250       7409.6733
       9930.2715      7323.56      88.6053       7323.5557
       9931.3575      7413.33      89.1013       7413.3350
       9932.4434      7498.04      89.6944       7498.0373
       9933.5294      7466.68      89.5347       7466.6795
       9934.6154      7456.54      89.4019       7456.5407
       9935.7014      7453.06      89.3745       7453.0590
       9936.7873      7390.71      89.0836       7390.7079
       9937.8733      7410.17      89.1379       7410.1717
       9938.9593      7560.06      89.9109       7560.0580
       9940.0452      7617.56      90.3374       7617.5550
       9941.1312      7594.68      90.3852       7594.6835
       9942.2172      7590.23      90.5215       7590.2266
       9943.3032      7526.82      90.0047       7526.8232
       9944.3891      7630.18      90.6323       7630.1781
       9945.4751      7567.49      90.3658       7567.4891
       9946.5611      7535.86      90.0185       7535.8571
       9947.6471      7690.61      90.9965       7690.6149
       9948.7330      7659.54      90.8879       7659.5425
       9949.8190      7638.89      90.9417       7638.8900
       9950.9050      7633.86      90.5778       7633.8584
       9951.9910      7706.69      90.7277       7706.6914
       9953.0769      7754.12      91.0692       7754.1226
       9954.1629      7843.79      91.5824       7843.7941
       9955.2489      7871.62      91.6329       7871.6235
       9956.3348      7779.36      91.2030       7779.3613
       9957.4208      7772.84      91.3978       7772.8370
       9958.5068      7775.30      91.3094       7775.2953
       9959.5928      7730.88      91.0663       7730.8810
       9960.6787      7825.61      91.9918       7825.6143
       9961.7647      7904.85      92.2696       7904.8499
       9962.8507      7937.45      92.3652       7937.4476
       9963.9367      7877.09      92.1551       7877.0920
       9965.0226      7949.53      92.6534       7949.5318
       9966.1086      7964.61      92.5193       7964.6144
       9967.1946      8025.06      92.7674       8025.0628
       9968.2805      7897.91      91.9096       7897.9130
       9969.3665      7861.81      91.7704       7861.8094
       9970.4525      8015.42      92.5288       8015.4250
       9971.5385      8029.94      92.5585       8029.9436
       9972.6244      8076.94      92.9843       8076.9441
       9973.7104      8009.37      92.7248       8009.3694
       9974.7964      7863.43      92.0076       7863.4259
       9975.8824      7928.55      92.0546       7928.5516
       9976.9683      8002.49      92.4639       8002.4927
       9978.0543      7997.26      92.6339       7997.2557
       9979.1403      7957.86      92.4899       7957.8581
       9980.2262      7929.92      92.2668       7929.9191
       9981.3122      7991.63      92.5952       7991.6270
       9982.3982      7937.99      92.0665       7937.9949
       9983.4842      8091.01      92.8732       8091.0126
       9984.5701      8124.59      93.1545       8124.5907
       9985.6561      8068.86      92.8339       8068.8594
       9986.7421      7986.29      92.4666       7986.2903
       9987.8281      7940.48      92.1320       7940.4763
       9988.9140      8021.88      92.4347       8021.8754
       9990.0000      8010.92      92.3550       8010.9158
       9991.0860      7719.65      90.8642       7719.6537
       9992.1719      7712.16      90.8497       7712.1579
       9993.2579      8104.81      93.1230       8104.8130
       9994.3439      8043.88      92.7360       8043.8839
       9995.4299      8038.05      92.8282       8038.0482
       9996.5158      8196.68      93.5512       8196.6836
       9997.6018      7896.97      91.9145       7896.9704
       9998.6878      7592.19      90.1558       7592.1909
       9999.7738      7766.94      90.9385       7766.9401
       10000.860      8111.44      92.8782       8111.4436
       10001.946      8045.39      92.6958       8045.3877
       10003.032      8095.47      92.9316       8095.4742
       10004.118      8066.17      92.7692       8066.1710
       10005.204      7993.58      92.3656       7993.5828
       10006.290      8086.52      93.0502       8086.5178
       10007.376      8061.77      92.7004       8061.7700
       10008.462      8106.94      92.9674       8106.9428
       10009.548      8090.82      93.0892       8090.8181
       10010.633      7975.43      92.3192       7975.4286
       10011.719      7993.34      92.3091       7993.3397
       10012.805      8047.37      92.9273       8047.3724
       10013.891      8027.32      93.2254       8027.3174
       10014.977      8000.23      93.2241       8000.2341
       10016.063      7990.86      93.1471       7990.8610
       10017.149      8019.93      93.2367       8019.9260
       10018.235      7984.49      92.5060       7984.4874
       10019.321      7915.71      92.2158       7915.7126
       10020.407      7930.46      92.1882       7930.4580
       10021.493      7942.20      92.1784       7942.1954
       10022.579      7962.23      92.6728       7962.2289
       10023.665      7686.55      92.7857       7686.5548
       10024.751      7775.48      91.5013       7775.4813
       10025.837      7773.24      91.5827       7773.2352
       10026.923      7732.51      91.2379       7732.5098
       10028.009      7651.83      90.9417       7651.8291
       10029.095      7604.08      90.6163       7604.0782
       10030.181      7484.51      89.7748       7484.5148
       10031.267      7417.07      89.2931       7417.0738
       10032.353      7395.82      89.0583       7395.8246
       10033.439      7320.12      88.6568       7320.1237
       10034.525      7208.71      88.0777       7208.7080
       10035.611      7229.43      88.0573       7229.4287
       10036.697      7157.41      87.8122       7157.4098
       10037.783      7076.76      87.1782       7076.7580
       10038.869      6860.01      85.8982       6860.0095
       10039.955      6679.47      84.9770       6679.4668
       10041.041      6557.26      84.0690       6557.2607
       10042.127      6515.22      83.8409       6515.2216
       10043.213      6257.04      82.3535       6257.0420
       10044.299      6012.24      80.8048       6012.2432
       10045.385      5943.99      80.3339       5943.9895
       10046.471      5769.78      79.3125       5769.7768
       10047.557      5647.28      78.6226       5647.2800
       10048.643      5544.72      77.7775       5544.7228
       10049.729      5520.70      77.6546       5520.6957
       10050.814      5546.36      77.9316       5546.3631
       10051.900      5558.18      79.0994       5558.1772
       10052.986      5916.90      79.9964       5916.8992
       10054.072      6088.25      81.1118       6088.2531
       10055.158      6355.31      82.7537       6355.3059
       10056.244      6682.87      84.7349       6682.8736
       10057.330      6793.91      85.4949       6793.9110
       10058.416      6971.96      86.6594       6971.9628
       10059.502      7174.95      87.7656       7174.9484
       10060.588      7148.56      87.8352       7148.5615
       10061.674      7279.92      88.4752       7279.9226
       10062.760      7534.63      89.9229       7534.6299
       10063.846      7472.62      89.5994       7472.6245
       10064.932      7561.08      90.0016       7561.0796
       10066.018      7663.18      90.5635       7663.1843
       10067.104      7732.61      90.8056       7732.6083
       10068.190      7814.28      91.4161       7814.2779
       10069.276      7973.05      92.3371       7973.0469
       10070.362      8079.00      93.1013       8078.9995
       10071.448      8115.74      93.1775       8115.7391
       10072.534      8211.15      93.6922       8211.1497
       10073.620      8178.01      94.1325       8178.0146
       10074.706      8253.04      93.9414       8253.0423
       10075.792      8387.59      94.7143       8387.5922
       10076.878      8308.05      94.1187       8308.0459
       10077.964      8361.69      94.4096       8361.6884
       10079.050      8484.82      95.0452       8484.8191
       10080.136      8440.40      94.9307       8440.4027
       10081.222      8555.22      95.5919       8555.2188
       10082.308      8612.59      95.9941       8612.5891
       10083.394      8667.87      96.5529       8667.8673
       10084.480      8744.52      96.8290       8744.5153
       10085.566      8641.89      96.4532       8641.8945
       10086.652      8731.12      96.9369       8731.1151
       10087.738      8628.23      95.9975       8628.2278
       10088.824      8727.81      96.6237       8727.8123
       10089.910      8658.57      96.2393       8658.5688
       10090.995      8602.83      95.8190       8602.8303
       10092.081      8629.26      95.9031       8629.2562
       10093.167      8619.90      95.7785       8619.9033
       10094.253      8721.60      96.4004       8721.5974
       10095.339      8904.57      97.3181       8904.5675
       10096.425      8837.10      97.0873       8837.0955
       10097.511      8958.26      97.9871       8958.2607
       10098.597      9107.86      98.5502       9107.8629
       10099.683      9192.07      99.0159       9192.0656
       10100.769      9211.10      99.0536       9211.0972
       10101.855      8964.48      97.6063       8964.4758
       10102.941      9084.90      98.4490       9084.8957
       10104.027      9166.28      99.0212       9166.2760
       10105.113      9029.49      98.3290       9029.4886
       10106.199      9123.26      98.7993       9123.2613
       10107.285      9214.53      99.0542       9214.5309
       10108.371      9150.29      98.6881       9150.2899
       10109.457      9181.83      98.8278       9181.8251
       10110.543      9335.63      99.6492       9335.6295
       10111.629      9339.51      99.5242       9339.5100
       10112.715      9148.50      98.7824       9148.4996
       10113.801      9172.14      98.7975       9172.1412
       10114.887      9267.17      99.3181       9267.1675
       10115.973      9218.42      99.2630       9218.4219
       10117.059      9290.92      99.4092       9290.9252
       10118.145      9262.13      99.2769       9262.1333
       10119.231      9206.83      98.9935       9206.8341
       10120.317      9288.87      99.4623       9288.8710
       10121.403      9250.61      99.3579       9250.6134
       10122.489      9267.57      99.5227       9267.5661
       10123.575      9333.02      99.8691       9333.0170
       10124.661      9264.66      99.7299       9264.6624
       10125.747      9231.06      99.5948       9231.0569
       10126.833      9376.30      100.290       9376.2978
       10127.919      9322.03      100.109       9322.0261
       10129.005      9286.36      99.6963       9286.3643
       10130.090      9442.70      100.422       9442.7002
       10131.176      9508.15      100.580       9508.1460
       10132.262      9459.51      100.304       9459.5096
       10133.348      9613.59      101.083       9613.5947
       10134.434      9502.24      100.521       9502.2363
       10135.520      9488.76      100.516       9488.7606
       10136.606      9426.67      100.072       9426.6675
       10137.692      9273.38      99.5852       9273.3805
       10138.778      9211.07      99.0789       9211.0710
       10139.864      9470.12      100.513       9470.1223
       10140.950      9576.89      100.945       9576.8921
       10142.036      9556.21      100.897       9556.2151
       10143.122      9475.76      100.744       9475.7596
       10144.208      9685.52      101.459       9685.5192
       10145.294      9510.19      100.756       9510.1876
       10146.380      9528.36      100.741       9528.3644
       10147.466      9572.08      101.044       9572.0773
       10148.552      9548.80      100.939       9548.8029
       10149.638      9596.48      101.152       9596.4808
       10150.724      9586.72      100.877       9586.7231
       10151.810      9622.34      101.151       9622.3359
       10152.896      9551.25      101.056       9551.2482
       10153.982      9604.22      101.191       9604.2198
       10155.068      9654.83      101.458       9654.8297
       10156.154      9590.09      101.280       9590.0932
       10157.240      9686.89      101.766       9686.8875
       10158.326      9699.63      101.783       9699.6290
       10159.412      9515.10      100.726       9515.0970
       10160.498      9440.62      100.280       9440.6187
       10161.584      9764.34      101.773       9764.3373
       10162.670      9641.13      101.273       9641.1350
       10163.756      9656.49      101.326       9656.4930
       10164.842      9694.79      101.496       9694.7928
       10165.928      9666.78      101.684       9666.7767
       10167.014      9654.49      101.443       9654.4857
       10168.100      9774.54      101.981       9774.5423
       10169.186      9676.60      101.413       9676.6036
       10170.271      9613.39      101.087       9613.3934
       10171.357      9789.99      102.155       9789.9927
       10172.443      9890.32      102.901       9890.3158
       10173.529      9833.76      102.541       9833.7612
       10174.615      9719.99      102.088       9719.9934
       10175.701      9682.94      101.901       9682.9395
       10176.787      9811.73      102.511       9811.7266
       10177.873      9859.95      102.352       9859.9518
       10178.959      9848.38      102.217       9848.3771
       10180.045      9731.73      101.608       9731.7307
       10181.131      9756.43      101.988       9756.4265
       10182.217      9678.36      101.668       9678.3582
       10183.303      9749.45      101.981       9749.4501
       10184.389      9923.06      102.848       9923.0639
       10185.475      9961.03      102.961       9961.0276
       10186.561      9910.26      102.663       9910.2596
       10187.647      9908.28      102.506       9908.2806
       10188.733      9940.03      102.693       9940.0300
       10189.819      9934.63      102.802       9934.6331
       10190.905      9877.66      102.721       9877.6620
       10191.991      9867.12      102.781       9867.1237
       10193.077      9914.11      102.911       9914.1069
       10194.163      9870.10      102.688       9870.1043
       10195.249      9876.57      102.630       9876.5740
       10196.335      9854.10      102.384       9854.1025
       10197.421      9734.00      101.609       9734.0003
       10198.507      9829.83      102.329       9829.8302
       10199.593      9805.25      102.354       9805.2549
       10200.679      9901.40      102.696       9901.4001
       10201.765      9861.11      102.313       9861.1144
       10202.851      9850.55      102.416       9850.5524
       10203.937      9782.56      102.142       9782.5606
       10205.023      9880.77      102.531       9880.7747
       10206.109      9790.13      102.086       9790.1314
       10207.195      9874.53      102.584       9874.5309
       10208.281      9790.47      102.099       9790.4733
       10209.367      9824.56      102.207       9824.5562
       10210.452      9874.63      102.357       9874.6338
       10211.538      9889.27      102.771       9889.2746
       10212.624      9941.14      103.146       9941.1384
       10213.710      9963.27      103.232       9963.2679
       10214.796      9941.42      103.113       9941.4197
       10215.882      9864.10      102.489       9864.0987
       10216.968      9783.19      101.915       9783.1883
       10218.054      9716.39      101.582       9716.3871
       10219.140      9689.79      101.369       9689.7881
       10220.226      9724.99      101.624       9724.9890
       10221.312      9781.71      101.770       9781.7137
       10222.398      9680.74      101.507       9680.7360
       10223.484      9805.17      102.139       9805.1663
       10224.570      9873.15      102.325       9873.1492
       10225.656      9846.49      102.241       9846.4914
       10226.742      9819.50      102.193       9819.5019
       10227.828      9914.78      102.948       9914.7836
       10228.914      9804.34      102.322       9804.3413
       10230.000      9876.73      102.508       9876.7318
       10231.086      9883.29      102.661       9883.2887
       10232.172      9828.09      102.209       9828.0932
       10233.258      9823.67      102.384       9823.6694
       10234.344      9790.96      102.129       9790.9591
       10235.430      9800.97      102.208       9800.9700
       10236.516      9819.41      102.179       9819.4081
       10237.602      9790.74      101.957       9790.7446
       10238.688      9700.52      101.551       9700.5182
       10239.774      9703.93      101.546       9703.9323
       10240.860      9813.19      101.985       9813.1878
       10241.946      9697.42      101.706       9697.4218
       10243.032      9754.08      101.782       9754.0790
       10244.118      9718.41      101.643       9718.4071
       10245.204      9721.63      101.592       9721.6295
       10246.290      9778.20      101.729       9778.1991
       10247.376      9814.48      102.063       9814.4823
       10248.462      9828.38      102.153       9828.3754
       10249.548      9823.54      102.085       9823.5382
       10250.633      9824.15      102.123       9824.1452
       10251.719      9733.94      101.627       9733.9389
       10252.805      9725.37      101.513       9725.3737
       10253.891      9804.37      101.879       9804.3719
       10254.977      9704.21      101.560       9704.2110
       10256.063      9742.70      101.684       9742.6953
       10257.149      9794.17      101.871       9794.1658
       10258.235      9751.82      101.692       9751.8181
       10259.321      9849.36      102.051       9849.3586
       10260.407      9856.50      102.188       9856.5021
       10261.493      9845.86      101.984       9845.8642
       10262.579      9745.56      101.536       9745.5573
       10263.665      9813.17      101.911       9813.1742
       10264.751      9814.42      101.894       9814.4181
       10265.837      9857.28      102.171       9857.2768
       10266.923      9815.94      101.801       9815.9397
       10268.009      9773.93      101.748       9773.9253
       10269.095      9755.63      101.686       9755.6301
       10270.181      9705.99      101.383       9705.9888
       10271.267      9763.53      101.773       9763.5326
       10272.353      9812.51      102.043       9812.5077
       10273.439      9739.86      101.800       9739.8575
       10274.525      9751.18      101.668       9751.1787
       10275.611      9678.12      101.387       9678.1240
       10276.697      9729.73      101.652       9729.7340
       10277.783      9731.58      101.728       9731.5851
       10278.869      9636.06      101.246       9636.0632
       10279.955      9647.92      101.149       9647.9198
       10281.041      9653.36      101.272       9653.3632
       10282.127      9655.76      101.404       9655.7632
       10283.213      9695.58      101.648       9695.5827
       10284.299      9742.38      101.791       9742.3761
       10285.385      9715.08      101.570       9715.0770
       10286.471      9782.34      102.438       9782.3448
       10287.557      9749.14      102.783       9749.1438
       10288.643      9655.26      102.540       9655.2649
       10289.729      9626.02      102.545       9626.0211
       10290.814      9574.05      102.027       9574.0471
       10291.900      9681.32      102.013       9681.3246
       10292.986      9728.86      101.749       9728.8634
       10294.072      9731.67      101.749       9731.6671
       10295.158      9651.73      101.207       9651.7305
       10296.244      9507.88      100.712       9507.8816
       10297.330      9456.89      100.744       9456.8872
       10298.416      9585.22      101.495       9585.2239
       10299.502      9556.35      101.188       9556.3467
       10300.588      9564.62      101.168       9564.6230
       10301.674      9575.40      100.962       9575.3951
       10302.760      9732.78      101.678       9732.7830
       10303.846      9700.32      101.394       9700.3207
       10304.932      9546.47      100.783       9546.4678
       10306.018      9519.98      100.543       9519.9778
       10307.104      9578.84      100.855       9578.8428
       10308.190      9644.70      101.050       9644.6967
       10309.276      9723.38      101.533       9723.3820
       10310.362      9625.11      101.059       9625.1143
       10311.448      9588.43      100.996       9588.4310
       10312.534      9698.24      101.744       9698.2408
       10313.620      9636.56      101.221       9636.5565
       10314.706      9533.19      100.610       9533.1904
       10315.792      9524.62      100.673       9524.6148
       10316.878      9547.30      100.799       9547.2975
       10317.964      9598.42      100.967       9598.4244
       10319.050      9570.15      100.773       9570.1486
       10320.136      9519.32      100.529       9519.3207
       10321.222      9524.64      100.471       9524.6447
       10322.308      9509.13      100.214       9509.1308
       10323.394      9452.35      100.216       9452.3544
       10324.480      9284.87      99.7457       9284.8665
       10325.566      9235.87      99.5291       9235.8710
       10326.652      9208.03      100.946       9208.0306
       10327.738      9444.45      102.070       9444.4502
       10328.824      9493.06      100.213       9493.0643
       10329.910      9505.87      100.543       9505.8728
       10330.995      9495.64      100.460       9495.6395
       10332.081      9518.74      100.538       9518.7421
       10333.167      9571.15      100.677       9571.1545
       10334.253      9624.72      101.023       9624.7178
       10335.339      9619.93      100.926       9619.9291
       10336.425      9682.44      101.293       9682.4366
       10337.511      9666.04      101.274       9666.0359
       10338.597      9590.00      101.102       9589.9955
       10339.683      9506.81      100.706       9506.8097
       10340.769      9564.14      100.832       9564.1373
       10341.855      9590.53      101.006       9590.5294
       10342.941      9632.37      101.165       9632.3696
       10344.027      9593.88      100.968       9593.8783
       10345.113      9535.57      100.592       9535.5712
       10346.199      9623.55      100.879       9623.5494
       10347.285      9577.74      100.825       9577.7355
       10348.371      9589.89      101.156       9589.8866
       10349.457      9603.36      101.236       9603.3585
       10350.543      9605.23      101.312       9605.2265
       10351.629      9659.65      101.602       9659.6541
       10352.715      9550.01      100.924       9550.0134
       10353.801      9558.99      100.714       9558.9871
       10354.887      9620.62      100.892       9620.6252
       10355.973      9671.06      101.334       9671.0555
       10357.059      9678.28      101.441       9678.2786
       10358.145      9729.78      101.756       9729.7756
       10359.231      9809.06      101.905       9809.0631
       10360.317      9847.12      102.210       9847.1154
       10361.403      9834.33      102.224       9834.3252
       10362.489      9936.47      102.715       9936.4750
       10363.575      9820.34      102.054       9820.3420
       10364.661      9770.40      101.699       9770.4038
       10365.747      9833.71      102.111       9833.7118
       10366.833      9752.85      101.644       9752.8509
       10367.919      9724.15      101.604       9724.1513
       10369.005      9744.25      101.862       9744.2468
       10370.090      9706.19      101.530       9706.1944
       10371.176      9736.37      101.445       9736.3657
       10372.262      9761.12      101.821       9761.1160
       10373.348      9784.88      102.423       9784.8850
       10374.434      9885.14      103.381       9885.1421
       10375.520      9926.04      103.564       9926.0411
       10376.606      9783.03      102.846       9783.0250
       10377.692      9790.79      102.485       9790.7953
       10378.778      9792.97      102.184       9792.9730
       10379.864      9852.50      102.190       9852.4977
       10380.950      9792.70      101.887       9792.7034
       10382.036      9877.31      102.291       9877.3127
       10383.122      9938.76      102.814       9938.7603
       10384.208      10012.0      103.274       10011.950
       10385.294      9910.10      103.058       9910.0966
       10386.380      10028.0      103.588       10028.001
       10387.466      10010.7      102.988       10010.734
       10388.552      10048.5      103.163       10048.486
       10389.638      10111.4      103.288       10111.413
       10390.724      10030.9      102.952       10030.939
       10391.810      9991.00      102.742       9991.0038
       10392.896      9973.32      102.689       9973.3211
       10393.982      9981.26      102.667       9981.2636
       10395.068      10001.3      102.867       10001.278
       10396.154      9985.05      102.883       9985.0523
       10397.240      10017.0      103.153       10017.003
       10398.326      9983.37      103.088       9983.3717
       10399.412      10060.9      103.552       10060.908
       10400.498      10036.9      103.389       10036.910
       10401.584      10168.2      103.852       10168.177
       10402.670      10119.1      103.492       10119.079
       10403.756      10051.2      103.067       10051.160
       10404.842      9861.74      102.119       9861.7433
       10405.928      9934.92      102.445       9934.9185
       10407.014      9938.82      102.578       9938.8242
       10408.100      9969.17      102.719       9969.1647
       10409.186      10068.5      103.173       10068.500
       10410.271      10090.2      103.398       10090.172
       10411.357      10018.1      103.070       10018.094
       10412.443      10122.8      103.293       10122.804
       10413.529      10141.3      103.458       10141.288
       10414.615      10229.0      104.035       10229.044
       10415.701      10027.2      102.956       10027.178
       10416.787      10078.6      103.284       10078.647
       10417.873      10139.2      103.631       10139.220
       10418.959      10068.0      103.963       10067.995
       10420.045      10180.1      104.683       10180.114
       10421.131      10133.3      104.569       10133.321
       10422.217      10124.3      104.492       10124.340
       10423.303      10147.1      104.227       10147.059
       10424.389      10014.5      103.005       10014.549
       10425.475      10151.2      103.613       10151.219
       10426.561      10023.3      102.931       10023.267
       10427.647      10043.7      103.126       10043.655
       10428.733      10117.2      103.514       10117.154
       10429.819      10024.6      102.924       10024.600
       10430.905      10146.6      103.497       10146.637
       10431.991      10077.0      103.191       10077.034
       10433.077      9895.08      102.598       9895.0788
       10434.163      10117.2      103.496       10117.154
       10435.249      9989.69      102.859       9989.6943
       10436.335      9674.42      101.294       9674.4191
       10437.421      9852.93      102.127       9852.9348
       10438.507      10004.7      102.835       10004.733
       10439.593      10280.7      104.213       10280.650
       10440.679      9982.86      103.023       9982.8613
       10441.765      10228.7      104.109       10228.650
       10442.851      10201.8      103.849       10201.760
       10443.937      10209.3      103.892       10209.279
       10445.023      10096.2      103.365       10096.228
       10446.109      10130.1      103.522       10130.053
       10447.195      10153.7      103.598       10153.732
       10448.281      10033.8      103.099       10033.804
       10449.367      10196.4      103.818       10196.447
       10450.452      10121.3      103.449       10121.280
       10451.538      10032.1      103.372       10032.068
       10452.624      10112.9      103.778       10112.871
       10453.710      9928.56      102.849       9928.5572
       10454.796      9964.80      102.945       9964.8012
       10455.882      9849.34      102.300       9849.3384
       10456.968      9931.12      102.493       9931.1247
       10458.054      9964.74      102.540       9964.7396
       10459.140      9964.14      102.584       9964.1371
       10460.226      10056.7      103.128       10056.680
       10461.312      10157.4      103.623       10157.439
       10462.398      10124.2      103.463       10124.224
       10463.484      10160.7      103.725       10160.743
       10464.570      10171.3      103.679       10171.272
       10465.656      10222.5      104.199       10222.540
       10466.742      10215.5      104.095       10215.517
       10467.828      10188.9      103.917       10188.866
       10468.914      10120.1      103.754       10120.073
       10470.000      10333.2      105.142       10333.167
       10471.086      10149.4      104.517       10149.445
       10472.172      9996.70      103.773       9996.6999
       10473.258      10127.1      104.407       10127.089
       10474.344      10101.7      103.956       10101.710
       10475.430      10174.6      104.005       10174.560
       10476.516      10024.5      102.997       10024.500
       10477.602      10213.4      103.956       10213.425
       10478.688      9998.37      102.847       9998.3687
       10479.774      9629.57      101.021       9629.5659
       10480.860      10142.3      103.520       10142.264
       10481.946      10170.0      103.572       10169.977
       10483.032      10148.6      103.441       10148.598
       10484.118      10087.2      103.118       10087.154
       10485.204      10021.8      102.954       10021.773
       10486.290      9989.79      103.090       9989.7893
       10487.376      9761.60      101.923       9761.6044
       10488.462      10044.1      103.153       10044.108
       10489.548      9890.75      102.333       9890.7499
       10490.633      10078.4      103.400       10078.376
       10491.719      10117.3      103.434       10117.319
       10492.805      10146.6      103.468       10146.603
       10493.891      10093.0      103.292       10092.989
       10494.977      10172.1      103.705       10172.065
       10496.063      9939.07      102.511       9939.0706
       10497.149      9981.35      102.768       9981.3518
       10498.235      10158.5      103.570       10158.513
       10499.321      10179.4      103.744       10179.438
       10500.407      10146.2      103.570       10146.158
       10501.493      9954.03      102.629       9954.0322
       10502.579      9835.61      102.020       9835.6115
       10503.665      10003.1      102.879       10003.111
       10504.751      10042.1      103.071       10042.070
       10505.837      9855.29      102.319       9855.2864
       10506.923      9868.28      102.077       9868.2831
       10508.009      9982.78      102.655       9982.7777
       10509.095      10079.6      103.172       10079.600
       10510.181      10045.0      103.300       10045.047
       10511.267      9973.20      103.028       9973.2025
       10512.353      9896.18      102.441       9896.1802
       10513.439      10020.8      103.154       10020.792
       10514.525      9816.21      102.166       9816.2073
       10515.611      9926.38      102.510       9926.3748
       10516.697      9935.61      102.649       9935.6108
       10517.783      9941.04      102.524       9941.0352
       10518.869      10055.5      103.060       10055.488
       10519.955      9930.95      102.399       9930.9525
       10521.041      9942.38      102.600       9942.3770
       10522.127      9964.50      102.709       9964.5023
       10523.213      9853.35      102.134       9853.3510
       10524.299      9878.46      102.133       9878.4601
       10525.385      9857.81      102.227       9857.8078
       10526.471      9870.78      102.501       9870.7769
       10527.557      9881.88      102.407       9881.8832
       10528.643      9916.52      102.591       9916.5187
       10529.729      9891.19      102.402       9891.1910
       10530.814      9907.22      102.342       9907.2192
       10531.900      9857.63      102.106       9857.6274
       10532.986      9733.15      101.495       9733.1544
       10534.072      9616.38      100.909       9616.3810
       10535.158      9744.08      101.408       9744.0783
       10536.244      9665.67      101.126       9665.6658
       10537.330      9737.15      101.515       9737.1470
       10538.416      9736.90      101.454       9736.8989
       10539.502      9763.85      101.468       9763.8453
       10540.588      9723.64      101.521       9723.6436
       10541.674      9728.20      101.433       9728.1969
       10542.760      9823.67      101.991       9823.6737
       10543.846      9795.97      101.908       9795.9714
       10544.932      9740.61      101.569       9740.6099
       10546.018      9783.14      101.700       9783.1439
       10547.104      9882.98      102.284       9882.9846
       10548.190      9783.84      101.681       9783.8426
       10549.276      9781.06      101.675       9781.0616
       10550.362      9865.80      102.175       9865.8012
       10551.448      9951.20      102.489       9951.1991
       10552.534      9951.72      102.628       9951.7173
       10553.620      9946.37      102.520       9946.3722
       10554.706      9996.69      102.785       9996.6907
       10555.792      10012.8      103.041       10012.847
       10556.878      10008.2      103.053       10008.228
       10557.964      9978.43      102.823       9978.4343
       10559.050      10032.8      102.881       10032.762
       10560.136      9848.88      102.081       9848.8817
       10561.222      9940.50      102.712       9940.5042
       10562.308      10016.6      102.932       10016.581
       10563.394      10002.5      102.776       10002.457
       10564.480      9894.35      102.265       9894.3459
       10565.566      9933.58      102.454       9933.5770
       10566.652      10054.0      103.077       10054.039
       10567.738      10061.1      103.221       10061.087
       10568.824      9998.98      102.761       9998.9776
       10569.910      10141.7      103.558       10141.683
       10570.995      10161.7      103.684       10161.708
       10572.081      10092.7      103.262       10092.706
       10573.167      10128.9      103.664       10128.909
       10574.253      10065.6      103.311       10065.615
       10575.339      9981.71      102.772       9981.7062
       10576.425      9985.08      102.843       9985.0812
       10577.511      9940.81      102.597       9940.8127
       10578.597      9823.44      101.859       9823.4355
       10579.683      9866.60      102.085       9866.5974
       10580.769      9893.66      102.322       9893.6622
       10581.855      10071.4      103.114       10071.430
       10582.941      10080.0      103.243       10080.027
       10584.027      9980.08      102.736       9980.0797
       10585.113      9875.41      102.125       9875.4069
       10586.199      9779.18      101.708       9779.1840
       10587.285      9817.48      102.007       9817.4780
       10588.371      10022.4      103.114       10022.368
       10589.457      10104.5      103.649       10104.487
       10590.543      10153.8      103.808       10153.849
       10591.629      10097.9      103.354       10097.889
       10592.715      10112.9      103.341       10112.875
       10593.801      10139.0      103.453       10138.954
       10594.887      10072.0      102.939       10072.002
       10595.973      10167.9      103.577       10167.872
       10597.059      10143.4      103.563       10143.400
       10598.145      10070.0      103.220       10069.954
       10599.231      10019.5      102.878       10019.500
       10600.317      10097.1      103.280       10097.117
       10601.403      9995.13      102.749       9995.1350
       10602.489      9951.53      102.624       9951.5300
       10603.575      9981.23      102.895       9981.2307
       10604.661      10041.9      103.185       10041.892
       10605.747      10115.2      103.394       10115.176
       10606.833      10140.8      103.556       10140.833
       10607.919      10144.5      103.575       10144.468
       10609.005      10060.7      103.117       10060.708
       10610.090      10065.6      103.225       10065.574
       10611.176      10188.3      103.853       10188.288
       10612.262      10092.9      103.498       10092.943
       10613.348      9953.95      102.622       9953.9458
       10614.434      9903.98      102.459       9903.9801
       10615.520      9801.34      101.788       9801.3419
       10616.606      9939.70      102.515       9939.6961
       10617.692      10100.3      103.413       10100.274
       10618.778      10069.0      103.163       10069.038
       10619.864      9965.41      102.705       9965.4133
       10620.950      9974.05      102.944       9974.0469
       10622.036      10064.9      103.294       10064.929
       10623.122      10108.4      103.530       10108.365
       10624.208      10120.9      103.346       10120.935
       10625.294      10051.9      103.147       10051.879
       10626.380      10071.3      103.195       10071.317
       10627.466      10009.3      102.844       10009.303
       10628.552      10000.1      102.793       10000.051
       10629.638      9938.98      102.670       9938.9787
       10630.724      9932.10      102.608       9932.0957
       10631.810      9934.19      102.601       9934.1854
       10632.896      9937.04      102.639       9937.0358
       10633.982      9903.85      102.199       9903.8483
       10635.068      9862.99      102.214       9862.9875
       10636.154      9871.36      102.211       9871.3601
       10637.240      9856.32      102.176       9856.3203
       10638.326      9903.24      102.347       9903.2404
       10639.412      9761.14      101.804       9761.1439
       10640.498      9597.08      100.983       9597.0797
       10641.584      9886.14      102.436       9886.1354
       10642.670      9886.08      102.556       9886.0817
       10643.756      9854.94      102.090       9854.9425
       10644.842      9946.55      102.558       9946.5550
       10645.928      9806.54      101.994       9806.5424
       10647.014      9706.03      101.402       9706.0315
       10648.100      9741.08      101.519       9741.0802
       10649.186      9627.70      101.023       9627.6959
       10650.271      9815.94      101.949       9815.9379
       10651.357      9606.44      100.851       9606.4405
       10652.443      9705.28      101.244       9705.2814
       10653.529      9701.32      101.436       9701.3193
       10654.615      9661.44      101.137       9661.4390
       10655.701      9717.75      101.482       9717.7529
       10656.787      9618.01      101.000       9618.0116
       10657.873      9587.45      100.842       9587.4504
       10658.959      9533.40      100.534       9533.4001
       10660.045      9587.99      100.663       9587.9932
       10661.131      9559.73      100.672       9559.7271
       10662.217      9657.84      101.238       9657.8372
       10663.303      9492.14      100.517       9492.1367
       10664.389      9579.28      100.830       9579.2806
       10665.475      9605.37      100.968       9605.3663
       10666.561      9798.95      101.870       9798.9530
       10667.647      9576.35      100.996       9576.3537
       10668.733      9553.89      100.762       9553.8857
       10669.819      9550.87      100.644       9550.8677
       10670.905      9578.30      100.788       9578.2965
       10671.991      9609.73      101.108       9609.7340
       10673.077      9450.82      100.336       9450.8167
       10674.163      9389.53      100.006       9389.5255
       10675.249      9470.70      100.211       9470.6976
       10676.335      9432.62      100.235       9432.6191
       10677.421      9364.39      99.8397       9364.3923
       10678.507      9209.14      99.0899       9209.1360
       10679.593      9235.40      99.0992       9235.4033
       10680.679      8958.00      97.8298       8958.0002
       10681.765      8893.18      97.4273       8893.1796
       10682.851      8951.45      97.6926       8951.4488
       10683.937      8812.13      96.7786       8812.1273
       10685.023      8954.59      97.5493       8954.5892
       10686.109      8791.16      96.9300       8791.1601
       10687.195      8777.59      96.9011       8777.5940
       10688.281      8713.45      96.5149       8713.4459
       10689.367      8878.79      97.3688       8878.7904
       10690.452      9026.75      98.1442       9026.7449
       10691.538      9021.69      98.0769       9021.6917
       10692.624      9147.14      98.7774       9147.1412
       10693.710      9035.31      98.0813       9035.3112
       10694.796      9100.72      98.3261       9100.7178
       10695.882      9001.41      97.9593       9001.4140
       10696.968      9305.29      99.5918       9305.2940
       10698.054      9233.20      99.2749       9233.2013
       10699.140      9149.94      98.5975       9149.9417
       10700.226      9335.48      99.6044       9335.4798
       10701.312      9275.44      99.2720       9275.4448
       10702.398      9194.68      98.9459       9194.6821
       10703.484      9115.44      98.5567       9115.4434
       10704.570      9027.21      98.1622       9027.2151
       10705.656      9165.97      98.7013       9165.9725
       10706.742      9147.15      98.6771       9147.1520
       10707.828      8993.32      97.8809       8993.3159
       10708.914      9030.01      97.8196       9030.0126
       10710.000      9105.29      98.3413       9105.2927
       10711.086      8827.35      97.0758       8827.3475
       10712.172      8330.02      94.7123       8330.0201
       10713.258      9080.39      98.6121       9080.3866
       10714.344      9177.97      99.0771       9177.9734
       10715.430      9079.02      98.5529       9079.0229
       10716.516      9048.97      98.1752       9048.9744
       10717.602      9094.86      98.2440       9094.8605
       10718.688      9161.51      98.6243       9161.5101
       10719.774      8948.06      97.5237       8948.0561
       10720.860      8880.77      97.2221       8880.7675
       10721.946      9117.42      98.5384       9117.4225
       10723.032      8920.58      97.4360       8920.5793
       10724.118      8863.27      97.2027       8863.2686
       10725.204      8873.99      97.4015       8873.9904
       10726.290      8822.23      96.9375       8822.2267
       10727.376      8860.11      97.0704       8860.1062
       10728.462      8768.06      96.7065       8768.0645
       10729.548      8766.08      96.9694       8766.0747
       10730.633      8811.59      97.3285       8811.5911
       10731.719      8789.43      97.4085       8789.4275
       10732.805      8707.81      97.1088       8707.8059
       10733.891      8882.62      97.5277       8882.6206
       10734.977      8733.99      96.5526       8733.9945
       10736.063      8720.88      96.3104       8720.8794
       10737.149      8849.12      97.1207       8849.1199
       10738.235      8539.63      95.4518       8539.6324
       10739.321      8682.22      96.1069       8682.2225
       10740.407      8576.11      95.5821       8576.1090
       10741.493      8792.99      96.6957       8792.9945
       10742.579      8798.83      96.6009       8798.8251
       10743.665      8654.01      96.2028       8654.0070
       10744.751      8801.88      96.9093       8801.8837
       10745.837      8782.43      96.8383       8782.4261
       10746.923      8735.08      96.5696       8735.0787
       10748.009      8616.77      95.9130       8616.7742
       10749.095      8461.34      95.0838       8461.3380
       10750.181      8714.88      96.5531       8714.8799
       10751.267      8746.26      96.8781       8746.2558
       10752.353      8706.31      96.8480       8706.3071
       10753.439      8605.84      96.3713       8605.8378
       10754.525      8697.75      96.8871       8697.7525
       10755.611      8724.74      96.9774       8724.7371
       10756.697      8760.95      96.5694       8760.9509
       10757.783      8742.26      96.3246       8742.2621
       10758.869      8665.70      96.0680       8665.7025
       10759.955      8837.46      96.8633       8837.4644
       10761.041      8672.89      96.1495       8672.8907
       10762.127      8742.32      96.4456       8742.3181
       10763.213      8745.12      96.5878       8745.1149
       10764.299      8922.46      97.4055       8922.4628
       10765.385      8833.60      96.9286       8833.5991
       10766.471      8774.73      96.7531       8774.7296
       10767.557      8779.64      96.5089       8779.6372
       10768.643      8782.99      96.4421       8782.9872
       10769.729      8816.50      96.6509       8816.4950
       10770.814      8744.72      96.4258       8744.7247
       10771.900      8812.07      96.8652       8812.0695
       10772.986      8678.62      96.3183       8678.6254
       10774.072      8643.93      96.0320       8643.9331
       10775.158      8668.04      96.3106       8668.0387
       10776.244      8548.82      95.7522       8548.8212
       10777.330      8811.16      96.9825       8811.1609
       10778.416      8815.49      96.7367       8815.4854
       10779.502      8795.16      96.6129       8795.1591
       10780.588      8833.54      96.8398       8833.5446
       10781.674      8782.42      96.7801       8782.4209
       10782.760      8717.51      96.3081       8717.5107
       10783.846      8765.21      96.5731       8765.2137
       10784.932      8734.72      96.5577       8734.7249
       10786.018      8833.42      96.8503       8833.4155
       10787.104      8783.44      96.5680       8783.4392
       10788.190      8730.41      96.2005       8730.4079
       10789.276      8743.44      96.3084       8743.4448
       10790.362      8126.55      93.1025       8126.5469
       10791.448      6507.62      83.8398       6507.6151
       10792.534      6894.90      86.0392       6894.8970
       10793.620      8415.28      94.4282       8415.2817
       10794.706      8934.19      97.2902       8934.1862
       10795.792      8907.93      97.1813       8907.9257
       10796.878      9020.83      97.7057       9020.8315
       10797.964      8829.68      96.7120       8829.6802
       10799.050      8865.62      96.9873       8865.6149
       10800.136      8884.02      97.1230       8884.0233
       10801.222      8889.60      97.0599       8889.6012
       10802.308      8778.45      96.6067       8778.4516
       10803.394      8826.02      96.5710       8826.0190
       10804.480      8822.40      96.5465       8822.4037
       10805.566      8861.93      96.7259       8861.9290
       10806.652      8753.81      96.2396       8753.8103
       10807.738      8832.17      96.7704       8832.1692
       10808.824      8768.20      96.4462       8768.2035
       10809.910      8772.28      96.5088       8772.2792
       10810.995      8878.69      97.2787       8878.6882
       10812.081      8905.57      97.1545       8905.5690
       10813.167      8696.79      95.9832       8696.7853
       10814.253      8824.41      96.6188       8824.4074
       10815.339      8815.77      96.6303       8815.7670
       10816.425      8960.21      97.5491       8960.2059
       10817.511      8943.81      97.2328       8943.8108
       10818.597      9031.26      97.7948       9031.2577
       10819.683      8993.80      97.6834       8993.7990
       10820.769      8906.07      97.2130       8906.0665
       10821.855      8958.54      97.2630       8958.5358
       10822.941      8909.20      97.0163       8909.2014
       10824.027      8907.34      97.2913       8907.3442
       10825.113      8830.59      96.6646       8830.5926
       10826.199      8906.86      97.0745       8906.8618
       10827.285      8864.02      96.8258       8864.0191
       10828.371      8938.26      97.4940       8938.2651
       10829.457      8912.57      97.4551       8912.5711
       10830.543      8887.15      98.2965       8887.1490
       10831.629      8936.18      99.6634       8936.1758
       10832.715      9025.39      100.598       9025.3873
       10833.801      9043.50      100.697       9043.5007
       10834.887      8944.04      99.7675       8944.0433
       10835.973      9010.11      99.3676       9010.1110
       10837.059      9047.20      98.4418       9047.1963
       10838.145      9023.46      97.8629       9023.4580
       10839.231      8902.46      97.2669       8902.4633
       10840.317      9015.18      97.8346       9015.1753
       10841.403      9061.72      98.3798       9061.7185
       10842.489      9077.89      98.6023       9077.8880
       10843.575      9040.61      98.4611       9040.6070
       10844.661      9094.24      98.9586       9094.2412
       10845.747      8984.48      98.0985       8984.4840
       10846.833      8832.74      97.2821       8832.7399
       10847.919      8925.08      97.4555       8925.0851
       10849.005      8990.01      97.5084       8990.0089
       10850.090      8878.10      96.9404       8878.1002
       10851.176      8955.53      97.3540       8955.5290
       10852.262      9031.02      97.8679       9031.0214
       10853.348      9011.33      97.6336       9011.3251
       10854.434      9035.96      97.8177       9035.9565
       10855.520      8986.39      97.4250       8986.3932
       10856.606      8969.32      97.6958       8969.3211
       10857.692      8938.47      97.5669       8938.4710
       10858.778      8949.86      97.5333       8949.8555
       10859.864      8848.37      96.9725       8848.3743
       10860.950      8714.46      96.3926       8714.4614
       10862.036      8609.29      95.7425       8609.2932
       10863.122      8659.26      95.9723       8659.2607
       10864.208      8888.21      97.0659       8888.2096
       10865.294      8974.18      97.4387       8974.1783
       10866.380      9127.38      98.2829       9127.3778
       10867.466      8985.58      97.5296       8985.5760
       10868.552      8815.59      96.6485       8815.5890
       10869.638      8864.44      96.9725       8864.4396
       10870.724      8817.03      96.7356       8817.0271
       10871.810      8795.73      96.4928       8795.7271
       10872.896      8770.99      96.4415       8770.9861
       10873.982      8741.67      96.2781       8741.6701
       10875.068      8784.24      96.5590       8784.2384
       10876.154      8757.03      96.4113       8757.0334
       10877.240      8908.62      97.2900       8908.6244
       10878.326      8893.25      97.3897       8893.2504
       10879.412      8728.34      96.3822       8728.3398
       10880.498      8630.03      95.7519       8630.0285
       10881.584      8698.97      96.1733       8698.9660
       10882.670      8656.29      95.7315       8656.2886
       10883.756      8643.32      95.7606       8643.3235
       10884.842      8501.05      95.1256       8501.0520
       10885.928      8327.87      94.2795       8327.8656
       10887.014      8532.65      95.1372       8532.6465
       10888.100      8602.11      95.4982       8602.1081
       10889.186      8545.86      95.3261       8545.8645
       10890.271      8445.01      94.7268       8445.0069
       10891.357      8434.30      94.8170       8434.3044
       10892.443      8448.17      94.8936       8448.1731
       10893.529      8405.36      94.5144       8405.3575
       10894.615      8487.19      94.9575       8487.1922
       10895.701      8448.03      95.0109       8448.0273
       10896.787      8399.93      94.7526       8399.9305
       10897.873      8352.48      94.5541       8352.4766
       10898.959      8306.17      94.3530       8306.1717
       10900.045      8368.65      94.6140       8368.6543
       10901.131      8266.12      93.7981       8266.1170
       10902.217      8281.21      93.8424       8281.2063
       10903.303      8152.52      93.1676       8152.5208
       10904.389      8209.03      93.5301       8209.0306
       10905.475      8191.05      93.3911       8191.0546
       10906.561      8155.17      92.9824       8155.1706
       10907.647      7985.26      92.1378       7985.2630
       10908.733      7946.71      92.0033       7946.7066
       10909.819      7857.81      91.5721       7857.8074
       10910.905      7840.10      91.2876       7840.1052
       10911.991      7745.63      90.7934       7745.6253
       10913.077      7719.56      90.8614       7719.5578
       10914.163      7591.85      90.0205       7591.8522
       10915.249      7672.67      90.4527       7672.6683
       10916.335      7653.76      90.2632       7653.7572
       10917.421      7529.36      89.5569       7529.3589
       10918.507      7465.47      89.2226       7465.4712
       10919.593      7392.97      88.6486       7392.9746
       10920.679      7395.72      88.7132       7395.7185
       10921.765      7270.15      88.1174       7270.1495
       10922.851      7243.00      88.4657       7243.0050
       10923.937      7041.95      87.9794       7041.9508
       10925.023      6920.39      87.8716       6920.3916
       10926.109      6845.78      87.3349       6845.7845
       10927.195      6811.73      87.1009       6811.7249
       10928.281      6810.30      86.6951       6810.3046
       10929.367      6682.47      85.0999       6682.4699
       10930.452      6546.05      84.0493       6546.0505
       10931.538      6330.48      82.4230       6330.4762
       10932.624      6037.46      80.6103       6037.4578
       10933.710      5886.06      79.7607       5886.0644
       10934.796      5684.11      78.5096       5684.1149
       10935.882      5536.67      77.5593       5536.6681
       10936.968      5488.31      77.2023       5488.3113
       10938.054      5464.79      76.6436       5464.7924
       10939.140      5533.99      77.2448       5533.9917
       10940.226      5567.02      77.7184       5567.0157
       10941.312      5672.79      78.3529       5672.7879
       10942.398      5841.82      79.5226       5841.8230
       10943.484      6118.43      81.4499       6118.4276
       10944.570      6187.39      81.8979       6187.3932
       10945.656      6311.54      82.4708       6311.5353
       10946.742      6409.32      82.8988       6409.3217
       10947.828      6532.93      83.7737       6532.9265
       10948.914      6654.36      84.7202       6654.3577
       10950.000      6834.82      85.8398       6834.8244
       10951.086      6965.40      86.8516       6965.4005
       10952.172      7008.51      87.0789       7008.5069
       10953.258      7074.94      87.4583       7074.9436
       10954.344      7235.92      88.0599       7235.9250
       10955.430      7306.95      88.3398       7306.9545
       10956.516      7268.99      88.1819       7268.9866
       10957.602      7329.52      88.4729       7329.5235
       10958.688      7342.41      88.3904       7342.4061
       10959.774      7315.47      88.1993       7315.4738
       10960.860      7359.66      88.5776       7359.6646
       10961.946      7541.30      89.7130       7541.2960
       10963.032      7653.89      90.3294       7653.8943
       10964.118      7688.33      90.4071       7688.3338
       10965.204      7719.69      90.6300       7719.6857
       10966.290      7771.26      90.8517       7771.2629
       10967.376      7765.39      90.8512       7765.3895
       10968.462      7835.03      91.2447       7835.0274
       10969.548      7866.64      91.4915       7866.6361
       10970.633      7885.31      91.5658       7885.3079
       10971.719      7897.62      91.8962       7897.6163
       10972.805      7790.06      92.1811       7790.0614
       10973.891      7768.64      92.8709       7768.6355
       10974.977      7883.04      93.0854       7883.0362
       10976.063      7902.93      93.3093       7902.9304
       10977.149      7905.25      92.9380       7905.2524
       10978.235      7809.61      91.4782       7809.6068
       10979.321      7727.03      90.7195       7727.0336
       10980.407      7884.32      91.6870       7884.3157
       10981.493      7945.28      91.9143       7945.2784
       10982.579      8097.89      92.7042       8097.8898
       10983.665      8109.13      92.6875       8109.1283
       10984.751      7997.00      92.0916       7996.9963
       10985.837      8033.18      92.2966       8033.1801
       10986.923      8009.73      92.2547       8009.7258
       10988.009      7897.87      91.6493       7897.8670
       10989.095      7951.65      91.9921       7951.6548
       10990.181      8032.81      92.4171       8032.8060
       10991.267      8004.21      92.4346       8004.2074
       10992.353      8037.26      92.5162       8037.2610
       10993.439      8038.79      92.5067       8038.7864
       10994.525      7967.44      92.0020       7967.4411
       10995.611      7870.25      91.4502       7870.2455
       10996.697      7869.58      91.3372       7869.5795
       10997.783      7926.32      91.8939       7926.3215
       10998.869      7958.23      92.0257       7958.2325
       10999.955      8028.04      92.4162       8028.0414
       11001.041      8165.20      93.0709       8165.2029
       11002.127      8236.61      93.4270       8236.6064
       11003.213      8130.11      92.8316       8130.1080
       11004.299      8119.69      92.9056       8119.6929
       11005.385      8081.97      92.7213       8081.9687
       11006.471      8085.24      92.8926       8085.2406
       11007.557      8029.53      92.5292       8029.5258
       11008.643      8009.96      92.5258       8009.9626
       11009.729      7970.78      92.2271       7970.7788
       11010.814      7964.99      92.3139       7964.9926
       11011.900      8005.08      92.2631       8005.0838
       11012.986      8078.72      92.4615       8078.7218
       11014.072      8148.00      92.9501       8148.0001
       11015.158      8151.21      93.1128       8151.2134
       11016.244      8126.70      92.9508       8126.7021
       11017.330      8097.60      92.9501       8097.5966
       11018.416      7991.73      92.2184       7991.7279
       11019.502      7990.53      92.3530       7990.5332
       11020.588      7984.49      91.9754       7984.4866
       11021.674      8117.39      92.6623       8117.3936
       11022.760      8202.48      93.2775       8202.4792
       11023.846      8151.40      93.0203       8151.3960
       11024.932      8077.00      92.7070       8076.9967
       11026.018      8118.83      93.0382       8118.8341
       11027.104      8149.78      93.8394       8149.7770
       11028.190      8001.15      93.1372       8001.1477
       11029.276      8001.54      93.2286       8001.5442
       11030.362      8131.97      94.1460       8131.9711
       11031.448      8133.75      93.5962       8133.7527
       11032.534      8257.21      93.8720       8257.2067
       11033.620      8312.75      93.9669       8312.7545
       11034.706      8249.31      93.7676       8249.3146
       11035.792      8252.59      93.6141       8252.5890
       11036.878      8324.12      93.9689       8324.1237
       11037.964      8322.52      93.8938       8322.5154
       11039.050      8216.10      93.3340       8216.1002
       11040.136      8174.73      93.0681       8174.7305
       11041.222      8084.04      92.4178       8084.0388
       11042.308      8035.78      92.2724       8035.7759
       11043.394      7889.33      91.5881       7889.3323
       11044.480      7968.68      92.0308       7968.6793
       11045.566      8147.56      92.9167       8147.5564
       11046.652      8269.59      93.7107       8269.5912
       11047.738      8236.64      93.3975       8236.6396
       11048.824      8286.54      93.5478       8286.5438
       11049.910      8276.59      93.5091       8276.5938
       11050.995      8234.14      93.3968       8234.1355
       11052.081      8308.46      93.8903       8308.4598
       11053.167      8237.58      93.5772       8237.5785
       11054.253      8079.07      92.6556       8079.0737
       11055.339      8097.27      92.7842       8097.2738
       11056.425      8100.27      92.7072       8100.2701
       11057.511      8085.03      92.7928       8085.0323
       11058.597      8015.59      92.3336       8015.5887
       11059.683      8001.64      92.1348       8001.6431
       11060.769      7893.21      91.5881       7893.2133
       11061.855      7937.53      91.9551       7937.5298
       11062.941      8053.78      92.4623       8053.7845
       11064.027      7997.33      92.0662       7997.3289
       11065.113      8008.32      92.1637       8008.3198
       11066.199      8105.07      92.7759       8105.0720
       11067.285      8113.93      92.9576       8113.9346
       11068.371      8232.75      93.5722       8232.7524
       11069.457      8278.84      93.8802       8278.8412
       11070.543      8215.12      93.6036       8215.1210
       11071.629      8291.07      94.0262       8291.0678
       11072.715      8222.83      93.7156       8222.8265
       11073.801      8192.60      93.5424       8192.5999
       11074.887      8241.54      93.6034       8241.5360
       11075.973      8264.48      93.7294       8264.4844
       11077.059      8155.81      92.9103       8155.8097
       11078.145      8082.82      92.6004       8082.8245
       11079.231      8005.65      92.4242       8005.6453
       11080.317      7917.97      91.7771       7917.9652
       11081.403      7928.63      91.5498       7928.6341
       11082.489      7970.51      91.8876       7970.5112
       11083.575      7973.47      91.9872       7973.4709
       11084.661      8047.41      92.3187       8047.4103
       11085.747      7940.60      91.8872       7940.6047
       11086.833      7927.25      92.0365       7927.2519
       11087.919      7993.92      92.6210       7993.9163
       11089.005      8086.93      93.3880       8086.9293
       11090.090      8126.98      93.4662       8126.9757
       11091.176      8166.30      93.6390       8166.2980
       11092.262      8107.25      93.0324       8107.2486
       11093.348      8136.07      93.0638       8136.0732
       11094.434      8081.11      92.4887       8081.1136
       11095.520      8014.57      92.3192       8014.5714
       11096.606      8036.98      92.3429       8036.9778
       11097.692      8085.23      92.5819       8085.2336
       11098.778      8074.05      92.6235       8074.0521
       11099.864      8152.65      92.9811       8152.6523
       11100.950      8225.48      93.4641       8225.4757
       11102.036      8052.43      92.5568       8052.4307
       11103.122      7851.73      91.2114       7851.7264
       11104.208      7544.87      89.5828       7544.8702
       11105.294      7442.39      89.2715       7442.3863
       11106.380      7494.45      89.5429       7494.4468
       11107.466      7662.39      90.3746       7662.3917
       11108.552      7737.92      90.5447       7737.9199
       11109.638      7723.45      90.6662       7723.4497
       11110.724      7693.30      90.7299       7693.3042
       11111.810      7616.27      90.0649       7616.2690
       11112.896      7396.40      88.8464       7396.3960
       11113.982      7172.23      87.4145       7172.2319
       11115.068      7429.66      89.0549       7429.6631
       11116.154      7840.15      91.4675       7840.1448
       11117.240      8098.99      92.6495       8098.9879
       11118.326      8075.21      92.6112       8075.2128
       11119.412      7868.45      91.2517       7868.4488
       11120.498      7845.43      91.0595       7845.4320
       11121.584      7729.74      90.5814       7729.7401
       11122.670      7679.19      90.3766       7679.1920
       11123.756      7763.73      90.7584       7763.7348
       11124.842      7847.98      91.3036       7847.9815
       11125.928      7727.52      90.5902       7727.5203
       11127.014      7481.87      89.1317       7481.8744
       11128.100      7197.80      87.7051       7197.7983
       11129.186      6903.30      86.0089       6903.2952
       11130.271      6658.31      84.3978       6658.3138
       11131.357      6586.44      84.0600       6586.4418
       11132.443      6766.86      84.9758       6766.8604
       11133.529      6946.78      86.0090       6946.7809
       11134.615      7022.93      86.5302       7022.9308
       11135.701      6904.21      85.8179       6904.2148
       11136.787      6707.74      84.5332       6707.7435
       11137.873      6755.65      84.9125       6755.6476
       11138.959      7050.40      86.6241       7050.4001
       11140.045      7380.82      88.7798       7380.8199
       11141.131      7477.20      89.4537       7477.2024
       11142.217      7617.17      90.0691       7617.1690
       11143.303      7592.75      89.9353       7592.7452
       11144.389      7513.04      89.4930       7513.0393
       11145.475      7389.80      88.9307       7389.8007
       11146.561      7348.06      88.6839       7348.0590
       11147.647      7246.97      87.8929       7246.9721
       11148.733      6583.72      83.8542       6583.7236
       11149.819      5635.56      78.0835       5635.5566
       11150.905      5440.94      76.5784       5440.9414
       11151.991      5869.82      79.2752       5869.8201
       11153.077      6324.57      82.3136       6324.5671
       11154.163      6598.78      84.2976       6598.7833
       11155.249      6812.63      85.4083       6812.6262
       11156.335      6937.40      86.1811       6937.3950
       11157.421      6950.77      86.1903       6950.7722
       11158.507      6956.63      86.1513       6956.6257
       11159.593      6734.82      84.5817       6734.8196
       11160.679      6241.37      81.6795       6241.3699
       11161.765      5619.94      78.0878       5619.9445
       11162.851      5035.41      74.1399       5035.4110
       11163.937      4516.23      70.2826       4516.2282
       11165.023      4367.87      69.0535       4367.8720
       11166.109      4499.79      70.1608       4499.7868
       11167.195      5033.34      74.0939       5033.3378
       11168.281      5631.41      78.0058       5631.4109
       11169.367      6041.64      80.5454       6041.6373
       11170.452      5845.73      79.2768       5845.7288
       11171.538      5411.93      76.5163       5411.9262
       11172.624      4968.57      73.2952       4968.5746
       11173.710      5107.95      74.4968       5107.9458
       11174.796      5768.85      78.8208       5768.8484
       11175.882      6227.48      81.7463       6227.4794
       11176.968      6520.45      83.4747       6520.4482
       11178.054      6413.71      82.9121       6413.7147
       11179.140      6205.12      81.5537       6205.1213
       11180.226      5918.25      79.8355       5918.2540
       11181.312      5257.67      75.3446       5257.6750
       11182.398      4948.28      73.3165       4948.2776
       11183.484      5260.17      75.4607       5260.1675
       11184.570      5793.41      78.9143       5793.4099
       11185.656      5958.29      79.7723       5958.2878
       11186.742      5270.18      75.5884       5270.1756
       11187.828      4549.68      70.5320       4549.6795
       11188.914      4353.94      68.8606       4353.9431
       11190.000      4336.02      68.7749       4336.0233
       11191.086      4318.71      68.7115       4318.7069
       11192.172      4064.10      66.9452       4064.1041
       11193.258      4251.12      68.2205       4251.1192
       11194.344      4823.48      72.4024       4823.4778
       11195.430      5472.18      76.8009       5472.1779
       11196.516      5393.36      76.2266       5393.3553
       11197.602      4902.67      72.8806       4902.6656
       11198.688      4451.79      69.9567       4451.7895
       11199.774      4415.51      69.3544       4415.5149
       11200.860      4184.15      67.4756       4184.1539
       11201.946      3637.02      63.2804       3637.0233
       11203.032      3744.22      64.1833       3744.2175
       11204.118      4279.48      68.2956       4279.4805
       11205.204      4776.54      72.0968       4776.5365
       11206.290      4908.22      72.9901       4908.2223
       11207.376      4915.47      72.9317       4915.4716
       11208.462      4885.98      72.6220       4885.9762
       11209.548      4712.84      71.3811       4712.8376
       11210.633      4210.14      67.8515       4210.1359
       11211.719      3647.39      63.6835       3647.3942
       11212.805      3666.95      63.7395       3666.9496
       11213.891      4109.55      67.2007       4109.5540
       11214.977      4344.45      68.8753       4344.4529
       11216.063      3970.52      66.2256       3970.5166
       11217.149      3265.79      60.3982       3265.7907
       11218.235      2760.65      55.7809       2760.6525
       11219.321      2910.91      57.1009       2910.9103
       11220.407      3031.08      57.6550       3031.0811
       11221.493      2788.42      55.5727       2788.4244
       11222.579      2477.68      53.2700       2477.6838
       11223.665      2429.70      52.7795       2429.7001
       11224.751      2434.39      53.4221       2434.3908
       11225.837      2498.01      54.0947       2498.0077
       11226.923      2805.18      56.4022       2805.1781
       11228.009      3316.60      60.7979       3316.6030
       11229.095      3649.94      63.5718       3649.9417
       11230.181      3747.34      64.6166       3747.3363
       11231.267      3649.68      63.5988       3649.6818
       11232.353      3356.65      61.0082       3356.6481
       11233.439      2810.90      56.6452       2810.8984
       11234.525      2138.40      49.7502       2138.4030
       11235.611      1880.21      46.9821       1880.2104
       11236.697      2154.76      49.3669       2154.7646
       11237.783      2769.88      55.9044       2769.8842
       11238.869      3211.92      59.8556       3211.9197
       11239.955          NaN      5.17940             NaN
