       9750.0000         -NaN         -NaN             NaN
       9751.0860      22540.1      154.360       22540.061
       9752.1719      22684.7      154.739       22684.702
       9753.2579      23168.6      156.404       23168.550
       9754.3439      23805.6      158.491       23805.600
       9755.4299      23859.4      158.560       23859.432
       9756.5158      23830.7      158.654       23830.721
       9757.6018      23979.2      158.982       23979.218
       9758.6878      23842.3      158.755       23842.278
       9759.7738      23665.5      158.006       23665.489
       9760.8597      23824.1      158.556       23824.111
       9761.9457      24447.5      160.582       24447.526
       9763.0317      25232.1      163.189       25232.122
       9764.1176      25019.4      162.474       25019.395
       9765.2036      24642.2      161.206       24642.233
       9766.2896      24737.3      161.467       24737.305
       9767.3756      25279.8      163.106       25279.756
       9768.4615      25854.5      164.784       25854.475
       9769.5475      26175.1      165.722       26175.058
       9770.6335      26599.5      166.978       26599.465
       9771.7195      26693.2      167.305       26693.192
       9772.8054      26947.4      167.927       26947.438
       9773.8914      26929.4      167.794       26929.399
       9774.9774      26924.1      167.866       26924.123
       9776.0633      26970.2      168.062       26970.169
       9777.1493      26975.9      167.994       26975.918
       9778.2353      27031.9      168.219       27031.931
       9779.3213      27048.3      168.176       27048.295
       9780.4072      27229.7      168.777       27229.651
       9781.4932      27254.2      168.934       27254.201
       9782.5792      27302.7      169.246       27302.741
       9783.6652      27103.6      168.628       27103.556
       9784.7511      26854.0      167.651       26853.974
       9785.8371      27096.0      168.319       27096.047
       9786.9231      27638.9      170.049       27638.854
       9788.0090      28020.4      171.241       28020.377
       9789.0950      28208.4      171.760       28208.447
       9790.1810      28424.1      172.565       28424.117
       9791.2670      28285.1      172.305       28285.118
       9792.3529      28274.8      172.285       28274.843
       9793.4389      28098.8      171.669       28098.841
       9794.5249      27752.2      170.866       27752.186
       9795.6109      27924.3      171.129       27924.275
       9796.6968      28342.5      172.170       28342.547
       9797.7828      28743.3      173.489       28743.275
       9798.8688      29041.4      174.230       29041.357
       9799.9548      29256.7      174.970       29256.721
       9801.0407      29271.4      175.004       29271.424
       9802.1267      28953.2      174.187       28953.152
       9803.2127      28278.6      172.117       28278.578
       9804.2986      28017.0      171.455       28016.987
       9805.3846      28608.7      173.429       28608.676
       9806.4706      29219.2      174.754       29219.203
       9807.5566      29501.5      175.412       29501.476
       9808.6425      29675.6      176.030       29675.613
       9809.7285      29762.8      176.277       29762.774
       9810.8145      30372.1      178.000       30372.086
       9811.9005      30429.4      178.241       30429.369
       9812.9864      30212.7      177.430       30212.705
       9814.0724      30070.2      177.211       30070.248
       9815.1584      29613.5      175.965       29613.473
       9816.2443      28948.8      174.034       28948.755
       9817.3303      29564.8      175.672       29564.826
       9818.4163      30478.5      178.423       30478.516
       9819.5023      30544.0      178.713       30544.045
       9820.5882      30765.3      179.346       30765.277
       9821.6742      30747.7      179.182       30747.716
       9822.7602      30661.6      179.090       30661.568
       9823.8462      30913.9      179.872       30913.868
       9824.9321      30633.3      178.950       30633.287
       9826.0181      30233.1      177.611       30233.135
       9827.1041      30304.5      177.815       30304.536
       9828.1900      30289.5      177.788       30289.464
       9829.2760      30594.0      178.749       30594.028
       9830.3620      30919.3      179.616       30919.268
       9831.4480      31065.2      179.880       31065.185
       9832.5339      31114.8      180.238       31114.848
       9833.6199      31193.0      180.570       31193.029
       9834.7059      31228.3      180.564       31228.309
       9835.7919      31130.3      180.408       31130.289
       9836.8778      31448.7      181.366       31448.713
       9837.9638      31589.0      181.866       31589.039
       9839.0498      31438.6      181.197       31438.646
       9840.1357      31569.7      181.549       31569.728
       9841.2217      31437.8      181.251       31437.816
       9842.3077      31878.1      182.429       31878.083
       9843.3937      31855.6      182.391       31855.565
       9844.4796      31612.1      181.976       31612.068
       9845.5656      31716.1      182.062       31716.055
       9846.6516      31658.3      181.840       31658.339
       9847.7376      31842.0      182.317       31841.978
       9848.8235      31978.6      182.702       31978.584
       9849.9095      31808.3      182.212       31808.316
       9850.9955      31949.6      182.647       31949.615
       9852.0814      31823.2      182.515       31823.202
       9853.1674      31669.4      181.938       31669.404
       9854.2534      31620.3      181.706       31620.327
       9855.3394      31769.3      182.195       31769.308
       9856.4253      32219.2      183.394       32219.156
       9857.5113      32411.7      183.932       32411.702
       9858.5973      32244.4      183.482       32244.402
       9859.6833      32247.5      183.412       32247.538
       9860.7692      32545.4      184.251       32545.438
       9861.8552      32639.9      184.565       32639.927
       9862.9412      32647.0      184.528       32646.998
       9864.0271      32809.6      185.100       32809.583
       9865.1131      32664.2      185.414       32664.225
       9866.1991      32878.3      185.944       32878.271
       9867.2851      32817.7      185.084       32817.732
       9868.3710      32817.2      185.132       32817.188
       9869.4570      32944.2      185.291       32944.181
       9870.5430      33001.2      185.388       33001.230
       9871.6290      33133.0      185.992       33132.983
       9872.7149      32926.8      185.606       32926.789
       9873.8009      32981.0      185.787       32980.957
       9874.8869      33370.8      186.782       33370.818
       9875.9729      33313.8      186.796       33313.790
       9877.0588      33311.2      186.592       33311.193
       9878.1448      33347.3      186.603       33347.260
       9879.2308      33395.4      187.046       33395.432
       9880.3167      33567.0      187.359       33566.976
       9881.4027      33697.8      187.693       33697.791
       9882.4887      33798.3      187.750       33798.304
       9883.5747      33749.8      187.576       33749.843
       9884.6606      34194.6      188.806       34194.571
       9885.7466      33920.9      188.206       33920.894
       9886.8326      33773.1      187.876       33773.148
       9887.9186      33711.1      187.615       33711.055
       9889.0045      34014.4      188.587       34014.414
       9890.0905      34092.9      188.736       34092.945
       9891.1765      34042.0      188.550       34042.045
       9892.2624      34099.0      188.619       34098.963
       9893.3484      34246.3      188.921       34246.289
       9894.4344      34597.8      190.007       34597.842
       9895.5204      34639.2      190.113       34639.217
       9896.6063      34343.4      189.095       34343.412
       9897.6923      34243.2      188.913       34243.177
       9898.7783      34480.3      189.617       34480.281
       9899.8643      35179.1      191.605       35179.071
       9900.9502      34955.3      191.002       34955.297
       9902.0362      34970.8      191.066       34970.755
       9903.1222      35103.0      191.366       35103.001
       9904.2081      35165.8      191.601       35165.784
       9905.2941      35405.3      192.067       35405.255
       9906.3801      35535.8      192.632       35535.845
       9907.4661      35702.7      193.091       35702.720
       9908.5520      35833.7      193.258       35833.716
       9909.6380      35957.6      193.660       35957.623
       9910.7240      35924.7      193.524       35924.656
       9911.8100      36103.7      193.810       36103.685
       9912.8959      36015.0      193.661       36015.007
       9913.9819      36148.8      194.002       36148.801
       9915.0679      36360.3      194.807       36360.283
       9916.1538      36593.0      195.493       36592.978
       9917.2398      36550.2      195.292       36550.236
       9918.3258      36674.0      195.833       36673.956
       9919.4118      36824.7      195.922       36824.655
       9920.4977      36950.8      196.029       36950.812
       9921.5837      36999.0      196.225       36998.992
       9922.6697      37020.9      196.243       37020.940
       9923.7557      36820.6      195.850       36820.590
       9924.8416      37001.8      196.145       37001.830
       9925.9276      37326.5      197.111       37326.478
       9927.0136      37376.5      197.217       37376.521
       9928.0995      36888.4      196.045       36888.435
       9929.1855      36417.0      194.836       36416.991
       9930.2715      36746.0      195.752       36746.016
       9931.3575      37282.7      196.987       37282.718
       9932.4434      37285.8      196.989       37285.752
       9933.5294      37494.0      197.674       37493.981
       9934.6154      37657.8      197.891       37657.802
       9935.7014      37536.1      197.635       37536.062
       9936.7873      37844.6      198.474       37844.583
       9937.8733      37798.9      198.260       37798.885
       9938.9593      37928.5      198.766       37928.494
       9940.0452      37480.3      197.679       37480.284
       9941.1312      37550.0      197.956       37549.999
       9942.2172      37768.2      198.386       37768.175
       9943.3032      38002.4      198.994       38002.389
       9944.3891      37689.8      198.245       37689.755
       9945.4751      38190.8      199.425       38190.813
       9946.5611      38401.6      200.011       38401.573
       9947.6471      38255.0      199.672       38254.963
       9948.7330      38253.7      199.895       38253.704
       9949.8190      38382.9      200.195       38382.898
       9950.9050      38545.8      200.435       38545.816
       9951.9910      38882.2      201.114       38882.185
       9953.0769      39103.0      201.707       39103.019
       9954.1629      39040.0      201.542       39039.982
       9955.2489      39022.5      201.528       39022.480
       9956.3348      39072.8      201.689       39072.770
       9957.4208      39329.0      202.324       39328.988
       9958.5068      39350.9      202.342       39350.855
       9959.5928      39440.5      202.796       39440.531
       9960.6787      39407.0      202.676       39407.005
       9961.7647      39504.2      202.971       39504.236
       9962.8507      39432.9      202.620       39432.867
       9963.9367      39523.6      202.944       39523.611
       9965.0226      39636.9      203.313       39636.858
       9966.1086      39929.4      203.942       39929.401
       9967.1946      40006.4      204.126       40006.407
       9968.2805      40028.4      204.094       40028.393
       9969.3665      40143.9      204.203       40143.865
       9970.4525      40385.0      204.989       40385.043
       9971.5385      40320.8      204.830       40320.811
       9972.6244      40500.0      205.238       40500.022
       9973.7104      40429.7      205.060       40429.717
       9974.7964      40432.8      204.929       40432.812
       9975.8824      40517.1      205.242       40517.088
       9976.9683      40933.2      206.309       40933.192
       9978.0543      40857.9      205.951       40857.922
       9979.1403      40577.3      205.200       40577.314
       9980.2262      40622.4      205.401       40622.406
       9981.3122      41055.0      206.522       41055.034
       9982.3982      41104.7      206.535       41104.736
       9983.4842      41227.3      206.816       41227.290
       9984.5701      40959.5      206.115       40959.532
       9985.6561      41128.8      206.574       41128.771
       9986.7421      41081.3      206.502       41081.346
       9987.8281      40746.5      205.521       40746.533
       9988.9140      41023.0      206.219       41022.990
       9990.0000      40893.3      205.775       40893.317
       9991.0860      40928.4      205.857       40928.409
       9992.1719      40904.8      205.832       40904.801
       9993.2579      40971.8      206.159       40971.843
       9994.3439      41498.3      207.702       41498.330
       9995.4299      41165.8      206.753       41165.778
       9996.5158      41069.1      206.564       41069.078
       9997.6018      41022.6      206.362       41022.624
       9998.6878      40513.5      205.086       40513.520
       9999.7738      40281.1      204.524       40281.127
       10000.860      40560.4      205.304       40560.398
       10001.946      40567.4      205.133       40567.397
       10003.032      40810.3      205.709       40810.272
       10004.118      40606.2      205.295       40606.248
       10005.204      40467.2      205.047       40467.159
       10006.290      40776.4      205.810       40776.353
       10007.376      40653.3      205.625       40653.323
       10008.462      40830.6      205.954       40830.559
       10009.548      40560.5      205.146       40560.468
       10010.633      40759.4      205.720       40759.384
       10011.719      40726.3      205.827       40726.260
       10012.805      40529.2      205.353       40529.250
       10013.891      40444.1      205.350       40444.146
       10014.977      40608.2      206.032       40608.227
       10016.063      40563.7      205.944       40563.734
       10017.149      40454.3      205.599       40454.337
       10018.235      39952.4      203.940       39952.389
       10019.321      39758.9      203.291       39758.862
       10020.407      40374.1      204.702       40374.138
       10021.493      40187.0      204.264       40187.003
       10022.579      40267.1      204.425       40267.065
       10023.665      40024.0      203.788       40024.024
       10024.751      39645.0      203.002       39645.002
       10025.837      39588.5      202.976       39588.455
       10026.923      39882.4      203.841       39882.359
       10028.009      39570.1      202.992       39570.092
       10029.095      39023.7      201.701       39023.723
       10030.181      38188.9      199.570       38188.884
       10031.267      38328.2      200.052       38328.176
       10032.353      38170.5      199.360       38170.523
       10033.439      36994.3      196.225       36994.329
       10034.525      36452.7      194.967       36452.686
       10035.611      36725.0      195.609       36724.970
       10036.697      36693.9      195.355       36693.869
       10037.783      36717.3      195.460       36717.285
       10038.869      36212.0      194.337       36212.027
       10039.955      35552.0      192.425       35551.975
       10041.041      34776.8      190.533       34776.814
       10042.127      34264.2      189.298       34264.161
       10043.213      33562.8      187.537       33562.828
       10044.299      32958.5      185.808       32958.476
       10045.385      32294.7      183.953       32294.697
       10046.471      31281.9      181.223       31281.879
       10047.557      30551.9      178.871       30551.936
       10048.643      29892.0      177.141       29891.980
       10049.729      29344.7      175.588       29344.674
       10050.814      29004.8      174.764       29004.791
       10051.900      28815.6      174.332       28815.615
       10052.986      29413.7      175.802       29413.685
       10054.072      29428.6      175.806       29428.622
       10055.158      29657.5      176.402       29657.505
       10056.244      30861.7      179.840       30861.650
       10057.330      31954.5      182.719       31954.495
       10058.416      32870.0      185.352       32870.012
       10059.502      33671.5      187.539       33671.475
       10060.588      34289.9      189.176       34289.937
       10061.674      35280.4      192.028       35280.431
       10062.760      35965.8      193.936       35965.816
       10063.846      36775.4      195.926       36775.368
       10064.932      37418.4      197.522       37418.382
       10066.018      37548.5      197.871       37548.463
       10067.104      37789.6      198.350       37789.628
       10068.190      38391.1      199.757       38391.056
       10069.276      38967.8      201.337       38967.750
       10070.362      39576.2      202.880       39576.163
       10071.448      39621.3      203.015       39621.312
       10072.534      40221.2      204.338       40221.243
       10073.620      40064.8      204.256       40064.809
       10074.706      41056.1      206.508       41056.080
       10075.792      41390.2      207.360       41390.222
       10076.878      41794.9      208.307       41794.921
       10077.964      41932.9      208.662       41932.948
       10079.050      42109.7      208.907       42109.657
       10080.136      42254.0      209.269       42253.998
       10081.222      42304.8      209.470       42304.751
       10082.308      42561.9      210.178       42561.890
       10083.394      42593.5      210.487       42593.515
       10084.480      42981.1      211.577       42981.097
       10085.566      43217.2      212.206       43217.183
       10086.652      42896.3      211.545       42896.295
       10087.738      42153.3      209.671       42153.254
       10088.824      42716.7      210.487       42716.691
       10089.910      43376.3      212.049       43376.330
       10090.995      42720.9      210.471       42720.855
       10092.081      42060.0      208.863       42059.959
       10093.167      42392.3      209.693       42392.325
       10094.253      43228.7      211.633       43228.728
       10095.339      43555.1      212.375       43555.082
       10096.425      43652.4      212.617       43652.382
       10097.511      44881.2      215.451       44881.155
       10098.597      45231.8      216.381       45231.826
       10099.683      45242.7      216.406       45242.685
       10100.769      45036.9      215.969       45036.884
       10101.855      45346.5      216.718       45346.477
       10102.941      45738.3      217.559       45738.284
       10104.027      46035.2      218.202       46035.185
       10105.113      46075.6      218.351       46075.599
       10106.199      45706.1      217.625       45706.132
       10107.285      45939.3      218.171       45939.331
       10108.371      46030.0      218.348       46030.048
       10109.457      45657.2      217.456       45657.201
       10110.543      46125.7      218.410       46125.688
       10111.629      46404.7      219.038       46404.744
       10112.715      46220.7      218.657       46220.657
       10113.801      45927.4      218.068       45927.376
       10114.887      46306.5      218.959       46306.456
       10115.973      46448.1      219.144       46448.059
       10117.059      46431.9      219.219       46431.924
       10118.145      46407.6      219.255       46407.615
       10119.231      46476.9      219.333       46476.914
       10120.317      46245.2      218.758       46245.187
       10121.403      46406.1      219.121       46406.068
       10122.489      46761.7      219.917       46761.667
       10123.575      46812.8      220.061       46812.803
       10124.661      47007.0      220.894       47007.039
       10125.747      47142.7      221.377       47142.681
       10126.833      47052.9      221.136       47052.870
       10127.919      46912.5      220.928       46912.461
       10129.005      47001.8      220.835       47001.815
       10130.090      47100.6      220.719       47100.553
       10131.176      47364.7      221.241       47364.741
       10132.262      47729.2      222.125       47729.160
       10133.348      47751.8      222.232       47751.833
       10134.434      47775.1      222.326       47775.061
       10135.520      47741.2      222.248       47741.239
       10136.606      47558.0      221.514       47557.967
       10137.692      47505.4      221.535       47505.402
       10138.778      47771.1      222.238       47771.115
       10139.864      47675.0      221.982       47674.984
       10140.950      47816.9      222.390       47816.869
       10142.036      48068.6      222.982       48068.641
       10143.122      47821.3      222.370       47821.318
       10144.208      47825.0      222.251       47824.955
       10145.294      47869.7      222.294       47869.699
       10146.380      47866.8      222.456       47866.776
       10147.466      47599.2      221.891       47599.182
       10148.552      47921.7      222.617       47921.732
       10149.638      47999.2      222.651       47999.189
       10150.724      47995.0      222.666       47994.978
       10151.810      48256.9      223.367       48256.939
       10152.896      48222.1      223.250       48222.144
       10153.982      48376.3      223.675       48376.312
       10155.068      48714.5      224.483       48714.459
       10156.154      48807.7      224.581       48807.717
       10157.240      48667.3      224.444       48667.342
       10158.326      48563.5      224.019       48563.498
       10159.412      48684.6      224.267       48684.589
       10160.498      48743.3      224.411       48743.274
       10161.584      48697.8      224.326       48697.825
       10162.670      48558.7      224.119       48558.678
       10163.756      48597.5      224.141       48597.507
       10164.842      48958.7      224.771       48958.728
       10165.928      49021.2      224.947       49021.226
       10167.014      48880.4      224.773       48880.443
       10168.100      48655.6      224.311       48655.587
       10169.186      48896.0      224.758       48896.024
       10170.271      49154.4      225.167       49154.392
       10171.357      49125.0      225.241       49125.014
       10172.443      49035.3      225.313       49035.268
       10173.529      48855.1      225.243       48855.053
       10174.615      49042.3      225.702       49042.292
       10175.701      49003.8      225.534       49003.751
       10176.787      48755.2      224.862       48755.204
       10177.873      49093.7      225.363       49093.711
       10178.959      49447.4      225.949       49447.403
       10180.045      49358.3      225.647       49358.311
       10181.131      49387.1      225.640       49387.119
       10182.217      49448.7      226.011       49448.720
       10183.303      49441.7      226.124       49441.729
       10184.389      49473.4      226.205       49473.402
       10185.475      49260.1      225.614       49260.120
       10186.561      48745.0      224.453       48744.973
       10187.647      49335.8      225.702       49335.786
       10188.733      49492.6      226.008       49492.582
       10189.819      49542.7      226.241       49542.704
       10190.905      49681.1      226.723       49681.098
       10191.991      49652.3      226.683       49652.292
       10193.077      49620.3      226.721       49620.339
       10194.163      49433.2      226.237       49433.204
       10195.249      49484.3      226.115       49484.335
       10196.335      49693.0      226.503       49692.989
       10197.421      49313.4      225.755       49313.390
       10198.507      49005.5      225.127       49005.484
       10199.593      49484.8      226.260       49484.784
       10200.679      48596.5      224.176       48596.543
       10201.765      48220.4      223.240       48220.359
       10202.851      49195.9      225.459       49195.923
       10203.937      49674.0      226.585       49673.980
       10205.023      49437.0      226.177       49436.998
       10206.109      49521.9      226.360       49521.865
       10207.195      49344.0      225.889       49344.000
       10208.281      49527.2      226.172       49527.164
       10209.367      49595.5      226.419       49595.542
       10210.452      49873.7      227.161       49873.743
       10211.538      49725.0      226.859       49724.951
       10212.624      49865.6      227.478       49865.635
       10213.710      49846.4      227.377       49846.415
       10214.796      49897.1      227.502       49897.112
       10215.882      49517.8      226.535       49517.823
       10216.968      49030.1      225.247       49030.105
       10218.054      49478.0      226.056       49478.009
       10219.140      49684.6      226.587       49684.599
       10220.226      49654.9      226.511       49654.878
       10221.312      49399.4      225.821       49399.433
       10222.398      49707.1      226.551       49707.148
       10223.484      49960.8      227.118       49960.776
       10224.570      49825.9      226.865       49825.914
       10225.656      49915.5      227.137       49915.526
       10226.742      49723.5      226.735       49723.483
       10227.828      49330.8      225.978       49330.783
       10228.914      49624.4      226.798       49624.369
       10230.000      49706.2      226.955       49706.190
       10231.086      49785.5      226.869       49785.535
       10232.172      49799.5      226.850       49799.510
       10233.258      49745.2      226.889       49745.247
       10234.344      49816.2      226.856       49816.185
       10235.430      49417.5      226.018       49417.500
       10236.516      49763.0      226.788       49762.956
       10237.602      49903.4      227.018       49903.372
       10238.688      49698.1      226.502       49698.097
       10239.774      49252.0      225.506       49251.963
       10240.860      49617.3      226.434       49617.259
       10241.946      49784.7      226.885       49784.712
       10243.032      49601.1      226.483       49601.089
       10244.118      49493.4      226.137       49493.357
       10245.204      49613.9      226.356       49613.855
       10246.290      49353.8      225.823       49353.805
       10247.376      48868.2      224.751       48868.249
       10248.462      49381.8      225.874       49381.769
       10249.548      49809.8      226.819       49809.848
       10250.633      49902.8      227.038       49902.809
       10251.719      49685.3      226.449       49685.349
       10252.805      49201.1      225.543       49201.090
       10253.891      49293.9      225.651       49293.878
       10254.977      49670.3      226.563       49670.313
       10256.063      49526.8      226.275       49526.784
       10257.149      49333.2      225.755       49333.205
       10258.235      48928.6      225.109       48928.558
       10259.321      49100.9      225.520       49100.931
       10260.407      49577.1      226.287       49577.058
       10261.493      49521.7      226.374       49521.747
       10262.579      49418.6      226.006       49418.555
       10263.665      49474.7      226.045       49474.700
       10264.751      49238.2      225.465       49238.160
       10265.837      49315.1      225.687       49315.057
       10266.923      49121.7      225.351       49121.744
       10268.009      49094.6      225.253       49094.593
       10269.095      49049.8      225.229       49049.772
       10270.181      49106.2      225.273       49106.193
       10271.267      48929.3      224.818       48929.281
       10272.353      48797.6      224.632       48797.572
       10273.439      49022.3      225.177       49022.263
       10274.525      49061.5      225.361       49061.532
       10275.611      48964.0      225.052       48963.972
       10276.697      48933.9      224.751       48933.874
       10277.783      48834.9      224.514       48834.916
       10278.869      48697.1      224.307       48697.143
       10279.955      48820.1      224.616       48820.071
       10281.041      48699.7      224.283       48699.730
       10282.127      48457.8      223.825       48457.829
       10283.213      48913.5      224.833       48913.536
       10284.299      48998.4      225.048       48998.371
       10285.385      48627.7      224.313       48627.718
       10286.471      48487.5      224.052       48487.457
       10287.557      48620.9      225.166       48620.902
       10288.643      48539.6      225.429       48539.573
       10289.729      47971.2      224.091       47971.183
       10290.814      48267.1      224.599       48267.083
       10291.900      48742.5      224.883       48742.479
       10292.986      48800.9      224.469       48800.850
       10294.072      48590.5      224.040       48590.485
       10295.158      48575.0      224.016       48575.047
       10296.244      48213.5      223.239       48213.457
       10297.330      47821.9      223.187       47821.873
       10298.416      48031.9      223.310       48031.896
       10299.502      48529.5      224.405       48529.546
       10300.588      48734.4      224.763       48734.388
       10301.674      48330.7      223.559       48330.719
       10302.760      48391.2      223.694       48391.162
       10303.846      47963.8      222.794       47963.819
       10304.932      47956.8      222.739       47956.838
       10306.018      48366.4      223.593       48366.353
       10307.104      47996.6      222.840       47996.609
       10308.190      47987.6      222.845       47987.620
       10309.276      48321.3      223.562       48321.295
       10310.362      48567.4      224.149       48567.408
       10311.448      47726.5      222.452       47726.459
       10312.534      47670.7      222.197       47670.700
       10313.620      48290.9      223.447       48290.852
       10314.706      48427.8      223.870       48427.750
       10315.792      48528.1      224.054       48528.147
       10316.878      48602.7      224.140       48602.726
       10317.964      48989.5      225.059       48989.533
       10319.050      48923.8      224.799       48923.821
       10320.136      48336.2      223.436       48336.159
       10321.222      48106.3      223.078       48106.284
       10322.308      48256.2      223.343       48256.196
       10323.394      48830.5      224.742       48830.532
       10324.480      48196.9      223.663       48196.888
       10325.566      47936.6      222.976       47936.616
       10326.652      47715.8      223.579       47715.816
       10327.738      47929.5      223.629       47929.469
       10328.824      48129.4      223.137       48129.406
       10329.910      48308.0      223.483       48308.030
       10330.995      48016.0      222.755       48016.011
       10332.081      48165.5      223.251       48165.487
       10333.167      47982.0      222.876       47982.022
       10334.253      48214.0      223.439       48213.953
       10335.339      48351.3      223.663       48351.349
       10336.425      48810.9      224.547       48810.925
       10337.511      48486.2      223.854       48486.160
       10338.597      48178.5      223.340       48178.489
       10339.683      48631.0      224.264       48631.031
       10340.769      48691.9      224.377       48691.917
       10341.855      48225.0      223.389       48225.004
       10342.941      48273.2      223.489       48273.244
       10344.027      47974.0      223.016       47973.965
       10345.113      48378.5      223.745       48378.490
       10346.199      48500.4      223.953       48500.357
       10347.285      48518.7      224.227       48518.725
       10348.371      48260.6      223.756       48260.601
       10349.457      48581.7      224.298       48581.743
       10350.543      48666.5      224.647       48666.525
       10351.629      48673.3      224.601       48673.271
       10352.715      48682.4      224.437       48682.429
       10353.801      48800.0      224.604       48799.970
       10354.887      48855.1      224.665       48855.119
       10355.973      48674.2      224.278       48674.152
       10357.059      48923.2      224.967       48923.158
       10358.145      49028.8      225.163       49028.831
       10359.231      48974.0      225.056       48973.998
       10360.317      48978.7      224.969       48978.665
       10361.403      49026.1      225.055       49026.102
       10362.489      49073.5      225.230       49073.454
       10363.575      48751.3      224.377       48751.296
       10364.661      48659.2      224.271       48659.222
       10365.747      49071.6      225.194       49071.630
       10366.833      49184.5      225.312       49184.474
       10367.919      49362.6      225.839       49362.606
       10369.005      49266.0      225.478       49265.986
       10370.090      49018.2      224.922       49018.164
       10371.176      49212.2      225.631       49212.165
       10372.262      49182.5      225.508       49182.531
       10373.348      48820.3      225.037       48820.252
       10374.434      49227.1      226.432       49227.131
       10375.520      49128.9      226.208       49128.932
       10376.606      49393.7      226.832       49393.675
       10377.692      49559.2      226.907       49559.230
       10378.778      49670.3      226.617       49670.277
       10379.864      49446.1      226.243       49446.090
       10380.950      49726.8      226.767       49726.791
       10382.036      50241.8      227.916       50241.796
       10383.122      50327.8      228.175       50327.785
       10384.208      49985.6      228.303       49985.597
       10385.294      48610.4      228.427       48610.449
       10386.380      50021.6      227.519       50021.571
       10387.466      50320.6      227.989       50320.629
       10388.552      50152.2      227.798       50152.211
       10389.638      50186.1      227.847       50186.136
       10390.724      50036.0      227.434       50036.023
       10391.810      50270.1      227.814       50270.073
       10392.896      50020.1      227.272       50020.060
       10393.982      49969.1      227.190       49969.080
       10395.068      49984.5      227.242       49984.522
       10396.154      49906.5      227.149       49906.463
       10397.240      50252.1      227.970       50252.134
       10398.326      50125.0      227.890       50125.033
       10399.412      50309.3      228.387       50309.299
       10400.498      50022.8      227.656       50022.758
       10401.584      50352.8      228.240       50352.848
       10402.670      50463.4      228.489       50463.448
       10403.756      50407.3      228.166       50407.330
       10404.842      50161.8      227.752       50161.758
       10405.928      50485.0      228.501       50484.990
       10407.014      50778.3      229.002       50778.349
       10408.100      50580.6      228.605       50580.571
       10409.186      50539.8      228.496       50539.786
       10410.271      50288.1      228.111       50288.121
       10411.357      50285.6      228.075       50285.595
       10412.443      49611.4      226.851       49611.396
       10413.529      49789.7      227.242       49789.714
       10414.615      50448.9      228.404       50448.902
       10415.701      50633.0      228.631       50632.995
       10416.787      50909.5      229.325       50909.536
       10417.873      51014.5      229.662       51014.454
       10418.959      51082.1      230.344       51082.050
       10420.045      51035.0      230.639       51034.999
       10421.131      50983.9      230.714       50983.945
       10422.217      50687.0      230.043       50687.037
       10423.303      50818.5      229.731       50818.502
       10424.389      51113.5      230.039       51113.461
       10425.475      50810.1      229.211       50810.103
       10426.561      50704.5      229.037       50704.497
       10427.647      50117.7      227.767       50117.717
       10428.733      49853.8      227.356       49853.790
       10429.819      50436.8      228.600       50436.807
       10430.905      50735.6      228.992       50735.623
       10431.991      50960.3      229.548       50960.286
       10433.077      50760.5      229.120       50760.477
       10434.163      50789.2      229.135       50789.207
       10435.249      50169.8      227.728       50169.763
       10436.335      49961.1      227.193       49961.136
       10437.421      51164.9      229.912       51164.929
       10438.507      51355.8      230.320       51355.819
       10439.593      51387.7      230.257       51387.708
       10440.679      51322.0      230.147       51322.038
       10441.765      51239.8      230.117       51239.818
       10442.851      51077.1      229.728       51077.091
       10443.937      51322.0      230.315       51322.023
       10445.023      51266.3      230.166       51266.276
       10446.109      51159.0      229.928       51159.018
       10447.195      51161.7      229.934       51161.736
       10448.281      51122.6      229.849       51122.585
       10449.367      50998.2      229.636       50998.205
       10450.452      50749.8      229.218       50749.843
       10451.538      50599.7      229.058       50599.727
       10452.624      50655.6      229.217       50655.641
       10453.710      50334.3      228.400       50334.314
       10454.796      50191.2      228.083       50191.241
       10455.882      50419.7      228.331       50419.703
       10456.968      50512.8      228.490       50512.810
       10458.054      50438.7      228.374       50438.651
       10459.140      50253.9      227.860       50253.891
       10460.226      49831.6      226.945       49831.630
       10461.312      49924.9      227.163       49924.922
       10462.398      50242.5      227.803       50242.455
       10463.484      50603.9      228.703       50603.950
       10464.570      50686.8      228.925       50686.752
       10465.656      50372.9      228.342       50372.874
       10466.742      50130.7      227.810       50130.693
       10467.828      50679.3      228.903       50679.327
       10468.914      50704.1      228.995       50704.087
       10470.000      50489.0      229.132       50489.014
       10471.086      50825.1      230.028       50825.091
       10472.172      50851.7      230.069       50851.716
       10473.258      50680.6      229.416       50680.583
       10474.344      50648.7      229.023       50648.717
       10475.430      50685.8      229.058       50685.848
       10476.516      50474.4      228.528       50474.411
       10477.602      50482.1      228.457       50482.119
       10478.688      50758.1      229.066       50758.087
       10479.774      50514.1      228.602       50514.106
       10480.860      50335.0      228.193       50335.042
       10481.946      50601.8      228.709       50601.758
       10483.032      50421.4      228.194       50421.440
       10484.118      50218.5      227.808       50218.482
       10485.204      50429.0      228.381       50429.007
       10486.290      50735.1      228.941       50735.142
       10487.376      50537.5      228.663       50537.458
       10488.462      50350.0      228.118       50350.047
       10489.548      50530.5      228.412       50530.515
       10490.633      50627.0      228.695       50626.957
       10491.719      50788.7      229.082       50788.709
       10492.805      50746.2      229.089       50746.151
       10493.891      50626.9      228.894       50626.901
       10494.977      50135.9      227.759       50135.882
       10496.063      50388.1      228.515       50388.127
       10497.149      50357.7      228.385       50357.714
       10498.235      50184.5      227.770       50184.490
       10499.321      49797.3      226.952       49797.284
       10500.407      49822.2      227.013       49822.227
       10501.493      50083.7      227.673       50083.712
       10502.579      50036.7      227.645       50036.703
       10503.665      50203.1      227.867       50203.058
       10504.751      49737.0      226.769       49736.995
       10505.837      48540.6      224.124       48540.550
       10506.923      46893.7      220.164       46893.747
       10508.009      48808.5      224.582       48808.524
       10509.095      49829.3      227.057       49829.274
       10510.181      49532.2      226.447       49532.171
       10511.267      49714.6      226.876       49714.611
       10512.353      49674.2      226.816       49674.210
       10513.439      49721.2      226.862       49721.215
       10514.525      49170.9      225.544       49170.903
       10515.611      49256.6      225.670       49256.620
       10516.697      49498.2      226.139       49498.198
       10517.783      49397.8      226.024       49397.779
       10518.869      49532.5      226.315       49532.499
       10519.955      49548.9      226.339       49548.915
       10521.041      49544.2      226.454       49544.229
       10522.127      49497.4      226.258       49497.375
       10523.213      48859.7      224.887       48859.741
       10524.299      48797.0      224.747       48796.952
       10525.385      48654.5      224.536       48654.486
       10526.471      48863.9      225.092       48863.938
       10527.557      49133.2      225.762       49133.180
       10528.643      49416.8      226.349       49416.756
       10529.729      49627.8      226.674       49627.761
       10530.814      49331.6      225.879       49331.634
       10531.900      49369.7      225.855       49369.660
       10532.986      49082.2      225.181       49082.182
       10534.072      48991.6      225.034       48991.609
       10535.158      49221.0      225.599       49221.041
       10536.244      49067.8      225.263       49067.821
       10537.330      48503.8      223.950       48503.779
       10538.416      49545.8      226.336       49545.805
       10539.502      49154.2      225.405       49154.237
       10540.588      49304.4      225.875       49304.388
       10541.674      49005.9      225.139       49005.923
       10542.760      48981.2      225.076       48981.173
       10543.846      49411.2      226.127       49411.165
       10544.932      49321.4      225.861       49321.444
       10546.018      48985.8      224.964       48985.779
       10547.104      49526.0      226.280       49526.038
       10548.190      48987.5      224.987       48987.543
       10549.276      49500.2      226.115       49500.216
       10550.362      49548.1      226.167       49548.102
       10551.448      49477.5      226.077       49477.510
       10552.534      49637.0      226.573       49637.017
       10553.620      49386.1      225.884       49386.080
       10554.706      49139.0      225.323       49139.014
       10555.792      49139.8      225.294       49139.840
       10556.878      49754.8      226.702       49754.763
       10557.964      49141.3      225.400       49141.310
       10559.050      49699.5      226.529       49699.478
       10560.136      49470.1      226.143       49470.056
       10561.222      50111.4      227.579       50111.438
       10562.308      49625.1      226.420       49625.147
       10563.394      49526.3      226.226       49526.288
       10564.480      49650.9      226.550       49650.906
       10565.566      49669.7      226.419       49669.663
       10566.652      49969.8      227.157       49969.840
       10567.738      49802.7      226.782       49802.717
       10568.824      49600.7      226.411       49600.709
       10569.910      49648.3      226.537       49648.325
       10570.995      49749.0      226.709       49748.960
       10572.081      50047.4      227.515       50047.438
       10573.167      50173.0      227.647       50173.022
       10574.253      49971.6      227.183       49971.590
       10575.339      49452.3      226.084       49452.294
       10576.425      49758.6      226.892       49758.557
       10577.511      49974.4      227.310       49974.411
       10578.597      49864.2      226.908       49864.203
       10579.683      49569.8      226.281       49569.788
       10580.769      49693.5      226.470       49693.457
       10581.855      49902.4      227.029       49902.383
       10582.941      49924.8      227.108       49924.769
       10584.027      49809.1      226.547       49809.116
       10585.113      49777.4      226.564       49777.374
       10586.199      49764.8      226.637       49764.798
       10587.285      49762.0      226.847       49761.979
       10588.371      49514.6      226.318       49514.591
       10589.457      49810.5      226.829       49810.510
       10590.543      50144.8      227.618       50144.785
       10591.629      50327.0      228.062       50327.029
       10592.715      49035.3      225.215       49035.270
       10593.801      50031.3      227.457       50031.263
       10594.887      49125.1      225.419       49125.134
       10595.973      49014.8      225.024       49014.751
       10597.059      50389.7      227.995       50389.702
       10598.145      50360.3      227.996       50360.265
       10599.231      50374.7      228.168       50374.713
       10600.317      50182.1      227.672       50182.146
       10601.403      50136.9      227.645       50136.866
       10602.489      49928.2      227.230       49928.158
       10603.575      49933.1      227.129       49933.086
       10604.661      49609.5      226.440       49609.492
       10605.747      49556.6      226.311       49556.650
       10606.833      49912.7      227.138       49912.669
       10607.919      49872.9      226.861       49872.936
       10609.005      49547.1      226.226       49547.052
       10610.090      49938.5      227.099       49938.540
       10611.176      50024.4      227.351       50024.450
       10612.262      50186.3      227.672       50186.291
       10613.348      49720.9      226.578       49720.909
       10614.434      50019.6      227.326       50019.646
       10615.520      50032.8      227.300       50032.782
       10616.606      49885.4      226.931       49885.422
       10617.692      50099.8      227.384       50099.772
       10618.778      49574.1      226.361       49574.079
       10619.864      49960.7      227.098       49960.744
       10620.950      50264.4      227.634       50264.397
       10622.036      49793.9      226.717       49793.946
       10623.122      50080.2      227.469       50080.174
       10624.208      50110.9      227.504       50110.900
       10625.294      50050.3      227.243       50050.301
       10626.380      49763.3      226.890       49763.333
       10627.466      49424.7      226.426       49424.651
       10628.552      50158.9      227.558       50158.872
       10629.638      50064.3      227.311       50064.304
       10630.724      49785.3      226.592       49785.305
       10631.810      49265.3      225.525       49265.330
       10632.896      49340.9      225.766       49340.950
       10633.982      49461.1      226.039       49461.135
       10635.068      49522.7      226.230       49522.724
       10636.154      49594.6      226.381       49594.643
       10637.240      49584.4      226.339       49584.420
       10638.326      49365.4      225.864       49365.392
       10639.412      49244.6      225.355       49244.641
       10640.498      49053.9      225.178       49053.937
       10641.584      49426.8      225.960       49426.762
       10642.670      49343.4      225.888       49343.395
       10643.756      49189.7      225.514       49189.719
       10644.842      49329.7      225.695       49329.672
       10645.928      48803.2      224.468       48803.180
       10647.014      48718.4      224.369       48718.367
       10648.100      49023.4      225.002       49023.377
       10649.186      48824.1      224.627       48824.069
       10650.271      48423.8      223.738       48423.827
       10651.357      47906.4      222.557       47906.371
       10652.443      48399.1      223.571       48399.083
       10653.529      48690.9      224.245       48690.930
       10654.615      48969.2      224.918       48969.242
       10655.701      48416.3      223.752       48416.280
       10656.787      48331.5      223.545       48331.515
       10657.873      48408.4      223.721       48408.385
       10658.959      48076.2      222.989       48076.182
       10660.045      48224.9      223.096       48224.874
       10661.131      47999.7      222.588       47999.690
       10662.217      48271.5      223.268       48271.522
       10663.303      48100.2      222.783       48100.221
       10664.389      47905.3      222.484       47905.303
       10665.475      47886.4      222.448       47886.364
       10666.561      47877.6      222.483       47877.633
       10667.647      47817.8      222.357       47817.752
       10668.733      47666.8      222.041       47666.778
       10669.819      47560.9      221.861       47560.908
       10670.905      47552.9      221.849       47552.918
       10671.991      47257.8      221.134       47257.806
       10673.077      46819.8      220.119       46819.826
       10674.163      46322.5      218.886       46322.462
       10675.249      46728.1      219.772       46728.110
       10676.335      47004.5      220.576       47004.477
       10677.421      46945.8      220.411       46945.758
       10678.507      46973.1      220.417       46973.081
       10679.593      46644.4      219.635       46644.367
       10680.679      46403.5      219.138       46403.458
       10681.765      46049.3      218.170       46049.295
       10682.851      45631.4      217.283       45631.376
       10683.937      45229.7      216.328       45229.715
       10685.023      45511.9      217.081       45511.924
       10686.109      45218.5      216.472       45218.525
       10687.195      44900.3      215.666       44900.309
       10688.281      44476.6      214.758       44476.620
       10689.367      44234.1      214.158       44234.052
       10690.452      44133.8      213.914       44133.750
       10691.538      44319.0      214.290       44319.029
       10692.624      44168.4      213.981       44168.377
       10693.710      44491.8      214.556       44491.786
       10694.796      44953.7      215.641       44953.706
       10695.882      45033.8      215.932       45033.753
       10696.968      45039.9      215.935       45039.934
       10698.054      45140.9      216.149       45140.856
       10699.140      45550.6      217.277       45550.561
       10700.226      45316.3      216.933       45316.285
       10701.312      45465.4      217.194       45465.406
       10702.398      45851.1      217.948       45851.098
       10703.484      45556.9      217.260       45556.899
       10704.570      45531.7      217.299       45531.663
       10705.656      45474.1      217.142       45474.074
       10706.742      45627.1      217.385       45627.107
       10707.828      45318.7      216.650       45318.704
       10708.914      44867.6      215.583       44867.637
       10710.000      44972.6      215.797       44972.595
       10711.086      44570.1      214.976       44570.071
       10712.172      44876.9      215.901       44876.939
       10713.258      45089.8      216.528       45089.817
       10714.344      45035.5      216.398       45035.453
       10715.430      45098.7      216.433       45098.685
       10716.516      45376.9      216.806       45376.915
       10717.602      45605.9      217.397       45605.936
       10718.688      45060.2      216.055       45060.150
       10719.774      44895.1      215.749       44895.069
       10720.860      45267.5      216.703       45267.466
       10721.946      45109.9      216.332       45109.929
       10723.032      44807.6      215.609       44807.558
       10724.118      44882.0      215.719       44882.023
       10725.204      44796.6      215.429       44796.617
       10726.290      44465.9      214.685       44465.865
       10727.376      43909.1      213.295       43909.100
       10728.462      43688.2      212.948       43688.209
       10729.548      43780.6      213.496       43780.619
       10730.633      44056.6      214.278       44056.608
       10731.719      43469.3      213.045       43469.269
       10732.805      42963.5      211.751       42963.507
       10733.891      43716.8      213.228       43716.751
       10734.977      42836.9      210.745       42836.877
       10736.063      42539.3      209.934       42539.285
       10737.149      43274.3      211.867       43274.264
       10738.235      43761.7      212.986       43761.691
       10739.321      43845.7      213.053       43845.720
       10740.407      43478.6      211.907       43478.609
       10741.493      42343.5      209.413       42343.479
       10742.579      42562.7      210.007       42562.659
       10743.665      43869.6      213.222       43869.647
       10744.751      43913.6      213.427       43913.637
       10745.837      43666.6      212.882       43666.590
       10746.923      43731.6      213.095       43731.606
       10748.009      43482.7      212.324       43482.740
       10749.095      43669.0      212.530       43669.002
       10750.181      43573.8      212.647       43573.833
       10751.267      43368.8      212.322       43368.840
       10752.353      43342.7      212.674       43342.654
       10753.439      43500.1      212.961       43500.073
       10754.525      43622.2      213.235       43622.242
       10755.611      43585.3      212.948       43585.330
       10756.697      43311.6      211.912       43311.613
       10757.783      43258.0      211.734       43258.022
       10758.869      43346.9      211.954       43346.855
       10759.955      43292.4      211.776       43292.413
       10761.041      43234.3      211.532       43234.263
       10762.127      43436.4      212.144       43436.416
       10763.213      43466.2      212.233       43466.231
       10764.299      43413.4      212.117       43413.360
       10765.385      43404.2      212.050       43404.245
       10766.471      43542.4      212.461       43542.383
       10767.557      43535.2      212.470       43535.165
       10768.643      43663.6      212.609       43663.629
       10769.729      44140.6      213.825       44140.648
       10770.814      43981.7      213.392       43981.735
       10771.900      44016.6      213.509       44016.633
       10772.986      43835.2      213.188       43835.191
       10774.072      43510.9      212.498       43510.892
       10775.158      43852.0      213.388       43851.993
       10776.244      43951.6      213.663       43951.550
       10777.330      43993.1      213.581       43993.100
       10778.416      44160.8      213.879       44160.808
       10779.502      44066.2      213.633       44066.233
       10780.588      43999.3      213.366       43999.267
       10781.674      44240.8      214.124       44240.815
       10782.760      43915.1      213.285       43915.068
       10783.846      43804.0      212.924       43803.968
       10784.932      43878.9      213.187       43878.856
       10786.018      43749.8      212.988       43749.826
       10787.104      43696.0      212.773       43696.041
       10788.190      43913.0      213.254       43913.001
       10789.276      43944.1      213.340       43944.133
       10790.362      43811.9      213.055       43811.931
       10791.448      43705.8      212.827       43705.758
       10792.534      43863.5      213.194       43863.494
       10793.620      44097.3      213.726       44097.309
       10794.706      44242.3      214.043       44242.305
       10795.792      44263.2      214.171       44263.189
       10796.878      44430.0      214.591       44429.980
       10797.964      44714.6      215.164       44714.630
       10799.050      44788.3      215.291       44788.340
       10800.136      44491.1      214.591       44491.050
       10801.222      44374.0      214.365       44374.030
       10802.308      44323.6      214.208       44323.592
       10803.394      44390.6      214.509       44390.590
       10804.480      44511.9      214.811       44511.871
       10805.566      44740.8      215.306       44740.778
       10806.652      44578.7      215.020       44578.688
       10807.738      44339.2      214.399       44339.192
       10808.824      44467.1      214.566       44467.062
       10809.910      44323.4      214.214       44323.423
       10810.995      43364.0      215.880       43364.011
       10812.081      43522.2      216.335       43522.165
       10813.167      43929.7      213.363       43929.713
       10814.253      44063.7      213.587       44063.714
       10815.339      44407.5      214.381       44407.505
       10816.425      44369.3      214.231       44369.330
       10817.511      44830.9      215.414       44830.909
       10818.597      44956.4      215.721       44956.400
       10819.683      45108.1      216.127       45108.057
       10820.769      45236.4      216.378       45236.445
       10821.855      45245.1      216.467       45245.089
       10822.941      45032.0      215.970       45032.025
       10824.027      44916.4      215.718       44916.430
       10825.113      44950.0      215.726       44949.969
       10826.199      44841.7      215.438       44841.739
       10827.285      44695.0      215.043       44695.008
       10828.371      44631.1      214.930       44631.062
       10829.457      44663.2      215.226       44663.202
       10830.543      44625.7      215.544       44625.692
       10831.629      44551.7      216.543       44551.720
       10832.715      44663.7      218.034       44663.665
       10833.801      44371.6      217.539       44371.604
       10834.887      43955.1      216.095       43955.071
       10835.973      44329.0      216.012       44329.003
       10837.059      44717.2      215.614       44717.231
       10838.145      45132.8      216.199       45132.767
       10839.231      45134.1      216.255       45134.097
       10840.317      45223.1      216.427       45223.062
       10841.403      45430.7      216.812       45430.744
       10842.489      44964.1      216.123       44964.099
       10843.575      44188.9      214.642       44188.905
       10844.661      44347.7      215.109       44347.687
       10845.747      45107.5      216.862       45107.532
       10846.833      44849.0      215.863       44848.982
       10847.919      44659.3      215.108       44659.315
       10849.005      45124.7      216.186       45124.673
       10850.090      45187.6      216.291       45187.580
       10851.176      44890.8      215.636       44890.836
       10852.262      44808.2      215.436       44808.184
       10853.348      45177.0      216.356       45176.962
       10854.434      45176.0      216.365       45175.968
       10855.520      45246.6      216.446       45246.594
       10856.606      45191.8      216.484       45191.827
       10857.692      44892.6      215.874       44892.635
       10858.778      45034.3      216.245       45034.325
       10859.864      44757.0      215.567       44756.966
       10860.950      44068.1      213.989       44068.074
       10862.036      43791.7      213.232       43791.720
       10863.122      43772.1      213.135       43772.108
       10864.208      43924.8      213.311       43924.797
       10865.294      44204.3      213.900       44204.256
       10866.380      44496.1      214.616       44496.084
       10867.466      44631.3      215.059       44631.261
       10868.552      44776.0      215.350       44775.964
       10869.638      44490.4      214.533       44490.450
       10870.724      44246.3      213.964       44246.305
       10871.810      43938.0      213.378       43938.008
       10872.896      43882.6      213.317       43882.605
       10873.982      43850.9      213.111       43850.940
       10875.068      44028.8      213.542       44028.788
       10876.154      44435.6      214.521       44435.557
       10877.240      44298.7      214.376       44298.730
       10878.326      44441.4      214.756       44441.363
       10879.412      44517.4      214.825       44517.449
       10880.498      44188.0      213.958       44187.997
       10881.584      44289.9      214.184       44289.865
       10882.670      44288.6      215.222       44288.629
       10883.756      44079.1      214.347       44079.078
       10884.842      43734.8      212.829       43734.785
       10885.928      43604.2      212.448       43604.198
       10887.014      43538.0      212.261       43538.026
       10888.100      43312.4      211.738       43312.448
       10889.186      43277.1      211.708       43277.117
       10890.271      43387.3      212.034       43387.274
       10891.357      43247.2      211.630       43247.156
       10892.443      43251.1      211.680       43251.117
       10893.529      42931.2      211.057       42931.207
       10894.615      42804.8      210.692       42804.798
       10895.701      42866.2      210.795       42866.246
       10896.787      42758.8      210.776       42758.775
       10897.873      42704.0      210.844       42703.954
       10898.959      42772.9      211.029       42772.877
       10900.045      42610.1      210.494       42610.093
       10901.131      41965.4      208.761       41965.403
       10902.217      41655.2      207.757       41655.219
       10903.303      41338.0      207.000       41338.029
       10904.389      41029.2      206.259       41029.202
       10905.475      40963.3      206.063       40963.310
       10906.561      40963.5      206.042       40963.483
       10907.647      41079.4      206.399       41079.403
       10908.733      41041.7      206.161       41041.727
       10909.819      40948.1      205.943       40948.063
       10910.905      40803.5      205.643       40803.529
       10911.991      40622.2      205.178       40622.176
       10913.077      39984.2      203.592       39984.216
       10914.163      39359.8      201.881       39359.843
       10915.249      39552.5      202.318       39552.459
       10916.335      39122.4      201.196       39122.430
       10917.421      38840.0      200.557       38839.978
       10918.507      38444.7      199.687       38444.688
       10919.593      38029.6      198.702       38029.554
       10920.679      38047.7      198.840       38047.670
       10921.765      37748.8      198.103       37748.767
       10922.851      37419.4      197.525       37419.421
       10923.937      36929.6      196.543       36929.602
       10925.023      36092.7      194.967       36092.672
       10926.109      35245.9      193.200       35245.853
       10927.195      34919.5      192.252       34919.469
       10928.281      34716.2      191.116       34716.234
       10929.367      34301.9      189.269       34301.903
       10930.452      34077.3      188.324       34077.281
       10931.538      33661.7      187.255       33661.683
       10932.624      33053.8      185.554       33053.787
       10933.710      32145.0      183.005       32144.990
       10934.796      31283.1      180.579       31283.110
       10935.882      30450.2      178.166       30450.156
       10936.968      29720.7      176.015       29720.683
       10938.054      29317.2      174.947       29317.179
       10939.140      28931.4      173.819       28931.391
       10940.226      28625.9      172.853       28625.853
       10941.312      28497.7      172.434       28497.676
       10942.398      28562.2      172.729       28562.192
       10943.484      28789.3      173.389       28789.270
       10944.570      29462.7      175.339       29462.691
       10945.656      30251.4      177.636       30251.423
       10946.742      30836.7      179.276       30836.713
       10947.828      31290.2      180.600       31290.185
       10948.914      31928.1      182.486       31928.077
       10950.000      32495.8      184.571       32495.828
       10951.086      33360.1      186.974       33360.124
       10952.172      33983.9      188.674       33983.853
       10953.258      34427.6      189.705       34427.573
       10954.344      35090.4      191.155       35090.371
       10955.430      35298.9      191.573       35298.894
       10956.516      35836.0      193.048       35835.969
       10957.602      36442.4      194.710       36442.424
       10958.688      36376.6      194.368       36376.644
       10959.774      36255.3      193.970       36255.313
       10960.860      36351.0      194.304       36351.011
       10961.946      37036.1      196.168       37036.060
       10963.032      37661.4      197.728       37661.440
       10964.118      37421.3      197.090       37421.274
       10965.204      37744.8      197.989       37744.799
       10966.290      38257.3      199.242       38257.288
       10967.376      38345.0      199.526       38345.001
       10968.462      38533.8      199.938       38533.842
       10969.548      39003.3      201.159       39003.339
       10970.633      39404.6      201.986       39404.565
       10971.719      39864.1      203.178       39864.062
       10972.805      39921.7      203.824       39921.660
       10973.891      39704.7      204.171       39704.711
       10974.977      39485.1      203.891       39485.052
       10976.063      39215.2      203.133       39215.237
       10977.149      39332.8      203.184       39332.820
       10978.235      39182.7      201.871       39182.667
       10979.321      38988.9      200.938       38988.879
       10980.407      39400.7      201.963       39400.705
       10981.493      39580.6      202.362       39580.644
       10982.579      39707.4      202.767       39707.360
       10983.665      39948.5      203.418       39948.460
       10984.751      39556.5      202.539       39556.481
       10985.837      39676.8      202.927       39676.789
       10986.923      40213.8      204.119       40213.784
       10988.009      40225.5      204.112       40225.484
       10989.095      40236.7      204.136       40236.655
       10990.181      39980.1      203.482       39980.115
       10991.267      39252.3      201.776       39252.264
       10992.353      39784.7      203.019       39784.701
       10993.439      40834.8      205.536       40834.773
       10994.525      40680.2      205.205       40680.173
       10995.611      40142.8      203.981       40142.817
       10996.697      39316.4      201.717       39316.384
       10997.783      39150.6      201.381       39150.647
       10998.869      39474.8      202.221       39474.793
       10999.955      39973.5      203.500       39973.525
       11001.041      40617.1      205.104       40617.082
       11002.127      41019.4      205.816       41019.355
       11003.213      41259.5      206.479       41259.545
       11004.299      40984.2      205.918       40984.211
       11005.385      40945.0      205.770       40945.037
       11006.471      40811.3      205.468       40811.312
       11007.557      40943.3      206.161       40943.281
       11008.643      40937.0      206.298       40937.024
       11009.729      40497.1      205.096       40497.124
       11010.814      40212.6      203.991       40212.619
       11011.900      40246.0      204.169       40246.022
       11012.986      40882.6      205.622       40882.622
       11014.072      41294.6      206.698       41294.641
       11015.158      41230.6      206.513       41230.566
       11016.244      41467.3      206.986       41467.286
       11017.330      41259.7      206.725       41259.746
       11018.416      40995.0      205.967       40995.008
       11019.502      40416.7      204.512       40416.668
       11020.588      39817.0      203.111       39816.971
       11021.674      39968.7      203.460       39968.698
       11022.760      40632.4      205.038       40632.433
       11023.846      41081.9      205.956       41081.907
       11024.932      40854.5      205.489       40854.473
       11026.018      40696.4      205.212       40696.397
       11027.104      40660.4      205.381       40660.430
       11028.190      40735.8      206.159       40735.782
       11029.276      41046.2      207.330       41046.210
       11030.362      40910.4      207.008       40910.361
       11031.448      40656.2      206.194       40656.186
       11032.534      40440.4      204.933       40440.408
       11033.620      40824.5      205.484       40824.527
       11034.706      41517.4      207.211       41517.427
       11035.792      41631.4      207.345       41631.398
       11036.878      41894.3      208.011       41894.284
       11037.964      42303.9      209.063       42303.930
       11039.050      42358.0      209.280       42357.988
       11040.136      42210.3      208.903       42210.317
       11041.222      41641.3      207.443       41641.285
       11042.308      40616.8      205.077       40616.838
       11043.394      39981.3      203.461       39981.283
       11044.480      40112.6      203.804       40112.580
       11045.566      40587.9      204.943       40587.920
       11046.652      41490.0      207.164       41490.023
       11047.738      41116.1      206.860       41116.142
       11048.824      40658.2      205.598       40658.171
       11049.910      41552.1      207.251       41552.135
       11050.995      42060.9      208.628       42060.951
       11052.081      42128.1      208.748       42128.058
       11053.167      42126.1      208.616       42126.088
       11054.253      41731.2      207.652       41731.238
       11055.339      41128.6      206.252       41128.633
       11056.425      40823.3      205.472       40823.302
       11057.511      40979.8      205.786       40979.824
       11058.597      41466.2      207.191       41466.243
       11059.683      41255.1      206.717       41255.084
       11060.769      40767.7      205.412       40767.734
       11061.855      40040.4      203.624       40040.352
       11062.941      39759.5      202.895       39759.501
       11064.027      39946.8      203.332       39946.784
       11065.113      40547.3      204.847       40547.332
       11066.199      40633.2      205.038       40633.236
       11067.285      40674.6      205.193       40674.592
       11068.371      41095.2      206.264       41095.176
       11069.457      41891.5      208.188       41891.513
       11070.543      42018.1      208.668       42018.111
       11071.629      42188.8      209.200       42188.801
       11072.715      42349.7      209.691       42349.727
       11073.801      42135.8      208.953       42135.840
       11074.887      41969.6      208.397       41969.622
       11075.973      41805.4      207.965       41805.365
       11077.059      41437.5      207.089       41437.483
       11078.145      41087.9      206.311       41087.918
       11079.231      40733.4      205.258       40733.405
       11080.317      40226.2      203.977       40226.183
       11081.403      40193.7      203.975       40193.718
       11082.489      40338.0      204.274       40338.030
       11083.575      40249.1      204.253       40249.099
       11084.661      40023.9      203.829       40023.850
       11085.747      39660.7      202.791       39660.654
       11086.833      39312.3      201.977       39312.337
       11087.919      39438.2      202.586       39438.188
       11089.005      40179.7      204.597       40179.746
       11090.090      41358.6      207.560       41358.633
       11091.176      41408.1      207.611       41408.055
       11092.262      41231.8      206.876       41231.753
       11093.348      40911.0      205.798       40911.020
       11094.434      40783.3      205.427       40783.325
       11095.520      40947.4      205.883       40947.377
       11096.606      41153.4      206.415       41153.420
       11097.692      41127.9      206.226       41127.905
       11098.778      41107.9      206.267       41107.873
       11099.864      41418.9      207.043       41418.908
       11100.950      41606.9      207.544       41606.947
       11102.036      41494.3      207.227       41494.256
       11103.122      41227.2      206.450       41227.151
       11104.208      40087.2      203.701       40087.233
       11105.294      38520.8      199.930       38520.808
       11106.380      37716.8      197.783       37716.794
       11107.466      37850.8      198.150       37850.790
       11108.552      38830.5      200.603       38830.526
       11109.638      39313.0      201.878       39312.960
       11110.724      39509.2      202.317       39509.202
       11111.810      39180.6      201.546       39180.606
       11112.896      38291.9      199.437       38291.855
       11113.982      37086.0      196.270       37085.990
       11115.068      36584.5      194.926       36584.467
       11116.154      37570.2      197.580       37570.172
       11117.240      39686.0      202.787       39685.970
       11118.326      41036.4      206.071       41036.370
       11119.412      40551.5      204.972       40551.473
       11120.498      39852.8      203.325       39852.774
       11121.584      39230.2      201.695       39230.223
       11122.670      39049.6      201.254       39049.577
       11123.756      38789.7      200.523       38789.697
       11124.842      38945.5      200.914       38945.514
       11125.928      38992.9      201.075       38992.941
       11127.014      38749.3      200.240       38749.290
       11128.100      38028.4      198.488       38028.363
       11129.186      36419.1      194.498       36419.082
       11130.271      34435.4      189.207       34435.418
       11131.357      33169.6      185.766       33169.568
       11132.443      32681.1      184.409       32681.128
       11133.529      33327.9      186.230       33327.907
       11134.615      34664.7      189.939       34664.653
       11135.701      35044.8      190.934       35044.830
       11136.787      34328.4      188.974       34328.378
       11137.873      33167.8      185.942       33167.830
       11138.959      33813.2      187.713       33813.190
       11140.045      35586.3      192.504       35586.273
       11141.131      37306.5      196.906       37306.477
       11142.217      37551.9      197.453       37551.854
       11143.303      37869.0      198.239       37869.036
       11144.389      38159.6      198.754       38159.638
       11145.475      38225.6      198.851       38225.650
       11146.561      37482.1      197.056       37482.127
       11147.647      36468.9      194.582       36468.867
       11148.733      35408.3      191.579       35408.302
       11149.819      32357.7      183.412       32357.654
       11150.905      28176.4      171.521       28176.396
       11151.991      26005.0      165.256       26005.013
       11153.077      28325.9      172.168       28325.860
       11154.163      31748.3      182.229       31748.336
       11155.249      32664.3      184.699       32664.259
       11156.335      33449.1      186.653       33449.117
       11157.421      34206.7      188.613       34206.686
       11158.507      34507.8      189.472       34507.825
       11159.593      34291.7      188.598       34291.740
       11160.679      33460.8      186.283       33460.819
       11161.765      31503.2      181.077       31503.156
       11162.851      27876.2      170.737       27876.231
       11163.937      24025.1      158.851       24025.055
       11165.023      21907.3      152.062       21907.348
       11166.109      20848.2      148.492       20848.249
       11167.195      21478.4      150.580       21478.359
       11168.281      24661.9      160.987       24661.863
       11169.367      27669.2      170.144       27669.184
       11170.452      29854.2      176.479       29854.218
       11171.538      29217.4      174.583       29217.371
       11172.624      26588.6      166.698       26588.616
       11173.710      24525.7      160.389       24525.718
       11174.796      25351.5      162.926       25351.465
       11175.882      27495.3      169.547       27495.312
       11176.968      31753.0      181.701       31753.034
       11178.054      33067.7      185.163       33067.739
       11179.140      32046.4      182.404       32046.370
       11180.226      30963.2      179.507       30963.203
       11181.312      29204.3      174.342       29204.279
       11182.398      26381.1      166.055       26381.097
       11183.484      24297.8      159.745       24297.835
       11184.570      25108.2      162.155       25108.184
       11185.656      28983.5      173.929       28983.483
       11186.742      29175.1      174.259       29175.137
       11187.828      26172.3      165.548       26172.262
       11188.914      22731.8      154.798       22731.760
       11190.000      20559.9      147.320       20559.906
       11191.086      21087.9      148.901       21087.929
       11192.172      20863.2      148.309       20863.209
       11193.258      19644.3      144.081       19644.318
       11194.344      21009.1      148.870       21009.056
       11195.430      24101.0      159.143       24101.048
       11196.516      27071.8      168.333       27071.803
       11197.602      26776.5      167.267       26776.494
       11198.688      24283.5      159.650       24283.462
       11199.774      22537.6      154.055       22537.558
       11200.860      22116.8      152.684       22116.783
       11201.946      20749.8      147.863       20749.823
       11203.032      18499.2      140.179       18499.213
       11204.118      18061.4      138.605       18061.355
       11205.204      21454.7      150.530       21454.662
       11206.290      24137.1      159.271       24137.053
       11207.376      24817.5      161.447       24817.522
       11208.462      24562.0      160.464       24561.980
       11209.548      24759.1      161.256       24759.088
       11210.633      23385.2      156.951       23385.158
       11211.719      20679.8      147.786       20679.809
       11212.805      17821.9      137.814       17821.883
       11213.891      16993.8      134.771       16993.805
       11214.977      19653.7      144.597       19653.716
       11216.063      21581.6      151.007       21581.597
       11217.149      19532.2      143.851       19532.247
       11218.235      16010.3      130.904       16010.265
       11219.321      13487.8      120.815       13487.763
       11220.407      13855.5      122.126       13855.475
       11221.493      15146.5      127.523       15146.471
       11222.579      13938.0      122.562       13938.008
       11223.665      11979.7      114.154       11979.747
       11224.751      11244.4      113.575       11244.430
       11225.837      11361.7      114.038       11361.666
       11226.923      12124.2      114.922       12124.245
       11228.009      13691.6      121.474       13691.592
       11229.095      16426.4      132.554       16426.440
       11230.181      18285.2      139.394       18285.155
       11231.267      18709.4      140.812       18709.383
       11232.353      18428.2      139.946       18428.155
       11233.439      16752.5      133.728       16752.479
       11234.525      13711.3      121.560       13711.285
       11235.611      10403.2      106.879       10403.167
       11236.697      9120.69      100.802       9120.6936
       11237.783      10851.7      109.147       10851.741
       11238.869      13989.4      122.860       13989.373
       11239.955          NaN      11.8864             NaN
