       9750.0000         -NaN         -NaN             NaN
       9751.0860      4789.54      72.1665       4789.5413
       9752.1719      4883.38      72.7724       4883.3755
       9753.2579      4947.27      72.9637       4947.2749
       9754.3439      5178.66      74.9754       5178.6577
       9755.4299      5212.37      74.9870       5212.3678
       9756.5158      5134.51      74.6035       5134.5071
       9757.6018      5098.82      74.1339       5098.8167
       9758.6878      5143.99      74.5363       5143.9944
       9759.7738      5127.69      74.4076       5127.6866
       9760.8597      5245.67      75.0549       5245.6709
       9761.9457      5410.81      76.2577       5410.8148
       9763.0317      5421.46      75.9376       5421.4620
       9764.1176      5289.23      75.7268       5289.2278
       9765.2036      5403.10      76.6640       5403.1051
       9766.2896      5469.52      76.7540       5469.5239
       9767.3756      5525.90      77.1973       5525.9017
       9768.4615      5568.33      77.5001       5568.3275
       9769.5475      5654.96      78.2282       5654.9563
       9770.6335      5703.74      77.9920       5703.7444
       9771.7195      5750.31      78.6273       5750.3151
       9772.8054      5853.94      79.3171       5853.9449
       9773.8914      5821.97      78.9529       5821.9746
       9774.9774      5739.30      78.2906       5739.3037
       9776.0633      5700.86      78.1199       5700.8568
       9777.1493      5801.79      78.6521       5801.7860
       9778.2353      5834.67      78.9235       5834.6690
       9779.3213      5888.64      79.2893       5888.6351
       9780.4072      5944.38      79.7262       5944.3758
       9781.4932      5924.86      79.7241       5924.8598
       9782.5792      5883.51      79.3843       5883.5102
       9783.6652      5811.02      78.7226       5811.0235
       9784.7511      5892.88      79.2783       5892.8771
       9785.8371      5984.11      79.7588       5984.1140
       9786.9231      6129.35      80.7890       6129.3538
       9788.0090      6224.94      81.5824       6224.9448
       9789.0950      6128.11      81.0382       6128.1104
       9790.1810      6123.69      80.9865       6123.6863
       9791.2670      6093.09      80.9721       6093.0917
       9792.3529      6078.01      80.8246       6078.0137
       9793.4389      6051.91      81.0512       6051.9090
       9794.5249      6072.99      81.0285       6072.9917
       9795.6109      6172.64      81.2376       6172.6355
       9796.6968      6314.50      82.0763       6314.5035
       9797.7828      6341.71      82.3648       6341.7102
       9798.8688      6386.45      82.5964       6386.4534
       9799.9548      6364.68      82.5211       6364.6774
       9801.0407      6297.58      82.0774       6297.5840
       9802.1267      6345.55      82.2356       6345.5523
       9803.2127      6353.03      82.2898       6353.0310
       9804.2986      6298.46      82.0293       6298.4624
       9805.3846      6374.73      82.3211       6374.7260
       9806.4706      6515.62      83.2437       6515.6201
       9807.5566      6532.63      83.4116       6532.6293
       9808.6425      6448.09      82.8846       6448.0899
       9809.7285      6412.73      82.5405       6412.7272
       9810.8145      6405.83      82.4201       6405.8310
       9811.9005      6506.64      83.2080       6506.6439
       9812.9864      6494.76      83.2212       6494.7593
       9814.0724      6559.81      83.5612       6559.8070
       9815.1584      6568.33      83.6213       6568.3300
       9816.2443      6600.08      83.8844       6600.0770
       9817.3303      6561.11      83.8485       6561.1133
       9818.4163      6468.51      82.9331       6468.5065
       9819.5023      6514.43      83.3725       6514.4288
       9820.5882      6626.35      84.0720       6626.3519
       9821.6742      6660.16      84.2915       6660.1614
       9822.7602      6620.20      83.7446       6620.1957
       9823.8462      6594.61      83.9048       6594.6061
       9824.9321      6575.24      83.7845       6575.2397
       9826.0181      6597.44      84.0120       6597.4434
       9827.1041      6541.32      83.5666       6541.3216
       9828.1900      6581.53      83.6795       6581.5305
       9829.2760      6762.31      84.7513       6762.3088
       9830.3620      6819.23      85.2946       6819.2329
       9831.4480      6848.09      85.3453       6848.0943
       9832.5339      6762.17      85.0225       6762.1670
       9833.6199      6667.72      84.3722       6667.7232
       9834.7059      6751.34      85.0804       6751.3361
       9835.7919      6757.66      84.8480       6757.6633
       9836.8778      6758.14      85.1388       6758.1439
       9837.9638      6787.75      85.1044       6787.7524
       9839.0498      6848.44      85.4631       6848.4389
       9840.1357      6870.67      85.3565       6870.6713
       9841.2217      6781.96      84.7461       6781.9645
       9842.3077      6729.38      84.3410       6729.3800
       9843.3937      6787.83      84.9241       6787.8316
       9844.4796      6909.37      85.4344       6909.3743
       9845.5656      6794.10      84.8214       6794.1026
       9846.6516      6831.35      85.2372       6831.3474
       9847.7376      6831.88      85.7020       6831.8790
       9848.8235      6820.70      85.4413       6820.7008
       9849.9095      6718.71      84.5600       6718.7052
       9850.9955      6770.12      84.8436       6770.1222
       9852.0814      6948.01      86.0589       6948.0110
       9853.1674      7039.75      86.3311       7039.7523
       9854.2534      7076.47      86.7997       7076.4663
       9855.3394      7015.46      86.2102       7015.4554
       9856.4253      6936.22      85.8729       6936.2200
       9857.5113      6963.46      86.1797       6963.4649
       9858.5973      7107.77      87.2562       7107.7654
       9859.6833      7130.76      87.0445       7130.7557
       9860.7692      7190.55      87.4830       7190.5460
       9861.8552      7208.14      87.4099       7208.1369
       9862.9412      7243.99      87.7075       7243.9938
       9864.0271      7109.11      86.9109       7109.1093
       9865.1131      7189.14      87.4851       7189.1351
       9866.1991      7086.91      86.5797       7086.9083
       9867.2851      7113.34      87.0126       7113.3429
       9868.3710      7109.73      87.0299       7109.7293
       9869.4570      7088.55      86.7861       7088.5474
       9870.5430      7197.52      87.3884       7197.5225
       9871.6290      7225.74      87.6660       7225.7378
       9872.7149      7195.98      87.2440       7195.9802
       9873.8009      7247.40      87.8819       7247.3979
       9874.8869      7280.41      88.0124       7280.4145
       9875.9729      7305.75      88.2805       7305.7524
       9877.0588      7261.39      87.6707       7261.3860
       9878.1448      7310.09      88.1501       7310.0856
       9879.2308      7321.02      88.1419       7321.0231
       9880.3167      7389.96      88.7106       7389.9585
       9881.4027      7447.23      88.9988       7447.2331
       9882.4887      7427.37      89.0144       7427.3667
       9883.5747      7324.26      88.2128       7324.2608
       9884.6606      7281.08      87.8904       7281.0771
       9885.7466      7299.72      87.4837       7299.7201
       9886.8326      7373.73      88.2266       7373.7268
       9887.9186      7418.74      88.5970       7418.7426
       9889.0045      7490.69      89.0898       7490.6893
       9890.0905      7506.76      89.0888       7506.7571
       9891.1765      7442.14      88.7898       7442.1445
       9892.2624      7414.03      88.5531       7414.0331
       9893.3484      7422.15      88.7535       7422.1450
       9894.4344      7491.87      89.1198       7491.8656
       9895.5204      7428.40      88.7609       7428.3979
       9896.6063      7452.08      88.6680       7452.0772
       9897.6923      7487.80      88.9505       7487.8044
       9898.7783      7533.64      89.4953       7533.6383
       9899.8643      7405.63      88.4836       7405.6316
       9900.9502      7481.35      88.8195       7481.3495
       9902.0362      7529.72      89.0835       7529.7155
       9903.1222      7553.03      89.1304       7553.0267
       9904.2081      7620.77      89.7074       7620.7741
       9905.2941      7666.03      90.0042       7666.0258
       9906.3801      7557.28      89.5111       7557.2795
       9907.4661      7750.59      90.6014       7750.5889
       9908.5520      7700.53      90.5613       7700.5272
       9909.6380      7453.20      88.4569       7453.2018
       9910.7240      6571.17      73.4474       6571.1744
       9911.8100      7473.69      86.6258       7473.6916
       9912.8959      7785.56      90.7941       7785.5560
       9913.9819      7863.77      91.2845       7863.7675
       9915.0679      7778.95      91.0093       7778.9477
       9916.1538      7786.27      91.1330       7786.2750
       9917.2398      7748.88      90.8769       7748.8785
       9918.3258      7851.04      91.5126       7851.0420
       9919.4118      7827.06      91.2070       7827.0553
       9920.4977      7901.40      91.2424       7901.3970
       9921.5837      7902.06      91.4466       7902.0567
       9922.6697      7757.13      90.5218       7757.1330
       9923.7557      7661.76      89.8934       7661.7632
       9924.8416      7764.28      90.6242       7764.2809
       9925.9276      7856.33      91.3250       7856.3315
       9927.0136      7838.79      91.1692       7838.7852
       9928.0995      7858.93      91.1901       7858.9280
       9929.1855      7862.16      90.9323       7862.1612
       9930.2715      7883.09      91.0493       7883.0902
       9931.3575      7890.85      91.1991       7890.8544
       9932.4434      8006.21      91.9073       8006.2129
       9933.5294      8019.14      92.1046       8019.1380
       9934.6154      8140.55      92.8223       8140.5526
       9935.7014      8172.44      92.8541       8172.4381
       9936.7873      8151.69      93.0055       8151.6914
       9937.8733      8179.38      93.0924       8179.3849
       9938.9593      8180.49      93.1601       8180.4885
       9940.0452      8085.11      92.5379       8085.1122
       9941.1312      8138.19      93.0588       8138.1904
       9942.2172      8326.61      94.0711       8326.6107
       9943.3032      8389.96      94.2522       8389.9553
       9944.3891      8405.06      94.3483       8405.0578
       9945.4751      8397.72      94.6089       8397.7217
       9946.5611      8449.85      94.9570       8449.8527
       9947.6471      8352.34      94.3476       8352.3385
       9948.7330      8215.48      93.6496       8215.4784
       9949.8190      8381.88      94.5111       8381.8784
       9950.9050      8513.47      95.0452       8513.4660
       9951.9910      8522.49      95.0106       8522.4945
       9953.0769      8603.57      95.2319       8603.5695
       9954.1629      8593.67      95.3086       8593.6749
       9955.2489      8631.43      95.5742       8631.4288
       9956.3348      8551.24      95.2348       8551.2421
       9957.4208      8497.55      94.8998       8497.5542
       9958.5068      8554.41      95.0137       8554.4100
       9959.5928      8690.83      95.9645       8690.8351
       9960.6787      8640.00      95.8561       8640.0036
       9961.7647      8558.70      95.4084       8558.7029
       9962.8507      8431.34      94.4518       8431.3417
       9963.9367      8277.57      93.7725       8277.5687
       9965.0226      8390.57      94.4941       8390.5747
       9966.1086      8729.43      96.0844       8729.4305
       9967.1946      8695.49      95.8561       8695.4894
       9968.2805      8789.23      96.4081       8789.2284
       9969.3665      8807.21      96.5543       8807.2076
       9970.4525      8839.99      96.5749       8839.9890
       9971.5385      8770.20      96.2338       8770.2031
       9972.6244      8855.24      96.5204       8855.2416
       9973.7104      8970.22      97.3255       8970.2188
       9974.7964      8907.28      96.9116       8907.2819
       9975.8824      8836.19      96.7824       8836.1898
       9976.9683      8836.81      96.5625       8836.8059
       9978.0543      8906.31      96.9542       8906.3058
       9979.1403      8823.21      96.4223       8823.2144
       9980.2262      8883.91      96.8508       8883.9113
       9981.3122      9002.11      97.4822       9002.1117
       9982.3982      8888.74      96.7717       8888.7371
       9983.4842      8972.45      97.1461       8972.4473
       9984.5701      8968.59      97.2561       8968.5930
       9985.6561      9122.28      98.0955       9122.2833
       9986.7421      8936.42      97.1501       8936.4184
       9987.8281      8944.55      97.0168       8944.5535
       9988.9140      9032.17      97.5932       9032.1690
       9990.0000      8916.20      97.1527       8916.2011
       9991.0860      8958.89      97.0740       8958.8906
       9992.1719      8902.54      97.0767       8902.5404
       9993.2579      8716.22      96.0089       8716.2231
       9994.3439      8855.62      96.4503       8855.6174
       9995.4299      8837.93      96.4549       8837.9338
       9996.5158      8891.50      96.7708       8891.4950
       9997.6018      8928.61      97.2552       8928.6120
       9998.6878      8940.00      97.2513       8940.0041
       9999.7738      8904.92      97.2202       8904.9170
       10000.860      8820.28      96.6775       8820.2792
       10001.946      8759.95      96.2287       8759.9507
       10003.032      8788.40      96.3768       8788.4005
       10004.118      8769.62      96.4805       8769.6194
       10005.204      8732.53      95.9741       8732.5288
       10006.290      8817.04      96.5929       8817.0443
       10007.376      8842.56      96.7077       8842.5604
       10008.462      8865.85      96.8236       8865.8523
       10009.548      8779.00      96.1167       8778.9950
       10010.633      8710.19      95.8223       8710.1884
       10011.719      8802.35      96.3290       8802.3526
       10012.805      8832.04      96.8246       8832.0405
       10013.891      8798.47      96.8705       8798.4711
       10014.977      8738.92      96.7406       8738.9198
       10016.063      8711.54      96.3767       8711.5407
       10017.149      8705.37      96.5455       8705.3708
       10018.235      8678.07      96.0833       8678.0666
       10019.321      8571.28      95.3159       8571.2811
       10020.407      8523.21      94.8559       8523.2065
       10021.493      8530.59      95.1830       8530.5887
       10022.579      8578.23      95.4183       8578.2251
       10023.665      8529.30      95.1915       8529.3010
       10024.751      8541.31      95.1652       8541.3077
       10025.837      8370.00      94.5272       8370.0045
       10026.923      8034.41      92.7195       8034.4066
       10028.009      8050.77      92.6179       8050.7674
       10029.095      8263.92      93.4778       8263.9165
       10030.181      8145.29      92.8290       8145.2921
       10031.267      8073.53      92.6621       8073.5273
       10032.353      8147.02      93.1133       8147.0217
       10033.439      8059.70      92.3856       8059.7020
       10034.525      7832.63      91.1417       7832.6255
       10035.611      7769.79      90.7482       7769.7917
       10036.697      7653.10      89.8333       7653.1012
       10037.783      7504.25      89.1829       7504.2468
       10038.869      7379.02      88.3769       7379.0156
       10039.955      7278.24      88.0721       7278.2355
       10041.041      7125.92      87.2094       7125.9167
       10042.127      6969.37      86.1663       6969.3740
       10043.213      6756.39      84.9427       6756.3870
       10044.299      6513.96      83.5524       6513.9623
       10045.385      6253.90      82.1909       6253.9029
       10046.471      6148.67      81.5864       6148.6656
       10047.557      6018.61      80.5234       6018.6112
       10048.643      5879.76      79.4681       5879.7619
       10049.729      5980.74      80.2976       5980.7418
       10050.814      6050.57      80.6559       6050.5715
       10051.900      6182.40      81.5028       6182.3991
       10052.986      6407.31      82.6570       6407.3073
       10054.072      6711.18      84.6844       6711.1797
       10055.158      7087.25      86.6227       7087.2493
       10056.244      7216.70      87.6370       7216.7034
       10057.330      7489.17      89.4138       7489.1706
       10058.416      7576.71      89.7491       7576.7094
       10059.502      7710.67      90.3774       7710.6699
       10060.588      7735.14      90.7855       7735.1446
       10061.674      7938.08      91.8902       7938.0844
       10062.760      8153.03      93.1169       8153.0320
       10063.846      8318.27      93.8397       8318.2722
       10064.932      8222.11      93.2617       8222.1057
       10066.018      8282.09      93.7924       8282.0937
       10067.104      8434.89      94.7696       8434.8891
       10068.190      8620.26      95.3695       8620.2628
       10069.276      8647.88      95.5016       8647.8790
       10070.362      8747.62      96.1109       8747.6210
       10071.448      8893.70      96.9616       8893.6951
       10072.534      8933.25      97.1358       8933.2545
       10073.620      8920.28      96.9607       8920.2790
       10074.706      9039.13      97.3180       9039.1304
       10075.792      9175.50      98.3699       9175.5033
       10076.878      9190.71      98.2617       9190.7081
       10077.964      9294.93      98.9932       9294.9272
       10079.050      9327.87      98.9586       9327.8661
       10080.136      9242.27      98.9350       9242.2665
       10081.222      9248.33      98.6843       9248.3343
       10082.308      9349.88      99.3090       9349.8825
       10083.394      9469.84      100.351       9469.8382
       10084.480      9410.35      100.068       9410.3503
       10085.566      9369.71      100.042       9369.7108
       10086.652      9504.61      100.761       9504.6083
       10087.738      9433.17      100.055       9433.1648
       10088.824      9458.47      99.8656       9458.4656
       10089.910      9484.71      100.029       9484.7153
       10090.995      9347.76      99.2584       9347.7651
       10092.081      9334.88      99.2631       9334.8748
       10093.167      9325.85      99.1703       9325.8495
       10094.253      9489.39      99.8957       9489.3886
       10095.339      9522.73      100.032       9522.7285
       10096.425      9668.53      100.871       9668.5329
       10097.511      9645.25      100.886       9645.2491
       10098.597      9736.89      101.180       9736.8937
       10099.683      9737.53      101.483       9737.5287
       10100.769      9863.40      102.143       9863.3976
       10101.855      9814.97      101.791       9814.9709
       10102.941      9803.57      101.734       9803.5676
       10104.027      9744.42      101.466       9744.4224
       10105.113      10032.2      103.031       10032.180
       10106.199      9953.30      102.572       9953.2955
       10107.285      9945.43      102.434       9945.4262
       10108.371      9959.99      102.675       9959.9910
       10109.457      9931.87      102.248       9931.8692
       10110.543      9907.46      102.029       9907.4619
       10111.629      9866.55      101.765       9866.5519
       10112.715      9820.60      101.753       9820.6008
       10113.801      9815.94      101.644       9815.9389
       10114.887      9842.32      101.565       9842.3245
       10115.973      9945.42      102.106       9945.4147
       10117.059      9782.96      101.473       9782.9623
       10118.145      10074.1      102.935       10074.149
       10119.231      9954.07      102.259       9954.0738
       10120.317      10153.9      103.181       10153.945
       10121.403      10020.6      102.593       10020.585
       10122.489      10002.9      102.350       10002.891
       10123.575      10025.6      102.986       10025.589
       10124.661      10063.6      103.351       10063.588
       10125.747      10202.3      103.927       10202.302
       10126.833      10093.2      103.426       10093.194
       10127.919      10208.7      103.860       10208.702
       10129.005      10353.0      104.216       10352.954
       10130.090      10274.7      103.862       10274.746
       10131.176      10211.0      103.427       10211.021
       10132.262      10332.2      104.126       10332.211
       10133.348      10212.2      103.690       10212.174
       10134.434      10247.3      103.810       10247.326
       10135.520      10312.2      103.772       10312.212
       10136.606      10171.5      102.982       10171.472
       10137.692      10258.5      103.790       10258.492
       10138.778      10288.4      104.107       10288.392
       10139.864      10284.9      103.796       10284.936
       10140.950      10412.2      104.278       10412.163
       10142.036      10395.4      104.595       10395.422
       10143.122      10355.4      104.360       10355.402
       10144.208      10267.9      103.919       10267.887
       10145.294      10115.0      103.035       10115.045
       10146.380      10391.8      104.426       10391.795
       10147.466      10510.3      104.921       10510.323
       10148.552      10472.2      104.725       10472.155
       10149.638      10346.8      103.899       10346.809
       10150.724      10268.7      105.132       10268.690
       10151.810      10452.9      104.770       10452.893
       10152.896      10409.4      104.521       10409.350
       10153.982      10429.8      104.845       10429.757
       10155.068      10348.1      104.292       10348.075
       10156.154      10258.7      104.003       10258.712
       10157.240      10232.3      103.799       10232.309
       10158.326      10385.3      104.463       10385.306
       10159.412      10500.9      105.330       10500.929
       10160.498      10439.8      104.609       10439.849
       10161.584      10370.6      104.275       10370.607
       10162.670      10424.2      104.634       10424.174
       10163.756      10520.8      104.875       10520.784
       10164.842      10575.1      105.411       10575.120
       10165.928      10597.3      105.703       10597.251
       10167.014      10546.7      105.415       10546.745
       10168.100      10641.6      105.646       10641.610
       10169.186      10648.7      105.580       10648.740
       10170.271      10633.5      105.436       10633.522
       10171.357      10587.1      105.488       10587.145
       10172.443      10637.8      106.022       10637.765
       10173.529      10507.8      105.555       10507.828
       10174.615      10750.5      106.779       10750.491
       10175.701      10793.0      107.118       10792.999
       10176.787      10642.0      105.945       10641.967
       10177.873      10679.0      105.876       10678.952
       10178.959      10640.8      105.551       10640.776
       10180.045      10583.7      105.540       10583.694
       10181.131      10452.3      105.039       10452.347
       10182.217      10686.5      106.062       10686.502
       10183.303      10720.0      106.044       10719.996
       10184.389      10692.3      106.003       10692.287
       10185.475      10546.0      105.135       10546.009
       10186.561      10617.7      105.517       10617.712
       10187.647      10568.0      105.188       10567.986
       10188.733      10685.9      106.049       10685.885
       10189.819      10783.9      106.531       10783.934
       10190.905      10775.8      106.686       10775.839
       10191.991      10766.6      106.476       10766.626
       10193.077      10708.3      106.357       10708.342
       10194.163      10587.8      105.487       10587.800
       10195.249      10727.2      106.102       10727.211
       10196.335      10778.6      106.423       10778.601
       10197.421      10701.6      105.934       10701.624
       10198.507      10597.3      105.342       10597.295
       10199.593      10735.3      106.021       10735.283
       10200.679      10582.6      105.246       10582.628
       10201.765      10629.2      105.459       10629.215
       10202.851      10532.7      105.153       10532.655
       10203.937      10183.0      103.476       10182.987
       10205.023      10353.0      104.279       10352.971
       10206.109      10524.0      104.935       10524.033
       10207.195      10632.3      105.438       10632.263
       10208.281      10605.9      105.460       10605.882
       10209.367      10608.4      105.567       10608.385
       10210.452      10469.6      105.044       10469.588
       10211.538      10584.6      105.625       10584.618
       10212.624      10575.4      105.733       10575.352
       10213.710      10604.7      105.782       10604.683
       10214.796      10599.2      106.039       10599.193
       10215.882      10583.8      105.488       10583.809
       10216.968      10545.8      104.883       10545.795
       10218.054      10626.8      105.268       10626.828
       10219.140      10678.2      105.622       10678.219
       10220.226      10599.1      105.165       10599.098
       10221.312      10599.7      105.021       10599.726
       10222.398      10503.8      104.736       10503.841
       10223.484      10707.2      106.109       10707.243
       10224.570      10612.8      105.194       10612.803
       10225.656      10602.4      105.347       10602.377
       10226.742      10664.7      105.941       10664.677
       10227.828      10661.7      105.949       10661.716
       10228.914      10649.3      105.680       10649.275
       10230.000      10607.0      105.580       10606.996
       10231.086      10589.7      105.300       10589.738
       10232.172      10623.6      105.616       10623.563
       10233.258      10592.5      105.481       10592.496
       10234.344      10529.4      105.293       10529.422
       10235.430      10457.4      104.912       10457.397
       10236.516      10418.5      104.475       10418.468
       10237.602      10670.8      105.636       10670.775
       10238.688      10521.6      105.164       10521.569
       10239.774      10623.8      105.417       10623.768
       10240.860      10592.3      105.197       10592.296
       10241.946      10513.9      104.768       10513.926
       10243.032      10429.3      104.739       10429.313
       10244.118      10485.9      104.746       10485.892
       10245.204      10612.4      105.323       10612.410
       10246.290      10706.0      105.851       10706.028
       10247.376      10628.8      105.560       10628.834
       10248.462      10614.6      105.372       10614.552
       10249.548      10344.9      107.105       10344.920
       10250.633      10142.3      107.306       10142.271
       10251.719      10575.7      105.293       10575.662
       10252.805      10622.6      105.506       10622.595
       10253.891      10573.2      105.233       10573.175
       10254.977      10576.8      105.202       10576.768
       10256.063      10538.5      105.156       10538.538
       10257.149      10494.5      104.971       10494.455
       10258.235      10537.5      105.383       10537.463
       10259.321      10519.5      104.923       10519.545
       10260.407      10356.9      104.110       10356.898
       10261.493      10415.4      104.454       10415.404
       10262.579      10378.9      104.185       10378.864
       10263.665      10401.9      104.257       10401.872
       10264.751      10406.8      104.277       10406.805
       10265.837      10303.3      103.712       10303.330
       10266.923      10433.4      104.389       10433.379
       10268.009      10483.4      104.503       10483.351
       10269.095      10414.9      104.233       10414.882
       10270.181      10325.1      103.851       10325.076
       10271.267      10359.1      104.222       10359.056
       10272.353      10382.4      104.188       10382.435
       10273.439      10176.1      103.177       10176.052
       10274.525      10305.0      103.948       10304.956
       10275.611      10342.6      104.178       10342.564
       10276.697      10434.2      104.540       10434.220
       10277.783      10424.6      104.237       10424.580
       10278.869      10311.3      103.579       10311.281
       10279.955      10281.9      103.685       10281.920
       10281.041      10331.3      104.001       10331.306
       10282.127      10322.4      104.021       10322.410
       10283.213      10351.8      104.169       10351.804
       10284.299      10310.8      103.991       10310.767
       10285.385      10307.1      103.945       10307.128
       10286.471      10266.2      104.226       10266.244
       10287.557      10227.5      104.489       10227.487
       10288.643      10422.8      105.738       10422.759
       10289.729      10482.1      106.180       10482.117
       10290.814      10372.9      105.693       10372.888
       10291.900      10404.4      105.173       10404.441
       10292.986      10222.1      103.523       10222.109
       10294.072      10226.3      103.399       10226.345
       10295.158      10316.1      104.260       10316.093
       10296.244      10343.9      104.186       10343.877
       10297.330      10452.6      104.892       10452.554
       10298.416      10370.9      104.364       10370.855
       10299.502      10326.2      104.127       10326.180
       10300.588      10308.1      104.160       10308.131
       10301.674      10394.4      104.735       10394.426
       10302.760      10320.6      103.865       10320.640
       10303.846      10243.6      103.732       10243.632
       10304.932      10153.4      103.234       10153.388
       10306.018      10219.0      103.373       10218.990
       10307.104      10384.7      104.143       10384.681
       10308.190      10275.8      103.755       10275.822
       10309.276      10174.1      103.249       10174.089
       10310.362      10244.5      103.717       10244.549
       10311.448      10197.1      103.327       10197.060
       10312.534      10076.0      102.596       10076.036
       10313.620      10179.4      103.484       10179.391
       10314.706      10242.1      103.723       10242.107
       10315.792      10358.7      104.111       10358.741
       10316.878      10290.4      103.950       10290.438
       10317.964      10276.6      103.603       10276.551
       10319.050      10078.3      102.755       10078.291
       10320.136      9918.80      101.883       9918.8029
       10321.222      10153.2      103.235       10153.197
       10322.308      10326.6      104.025       10326.635
       10323.394      10315.4      104.121       10315.408
       10324.480      10326.0      104.060       10325.951
       10325.566      10154.5      103.251       10154.451
       10326.652      9924.56      101.907       9924.5555
       10327.738      10134.4      103.113       10134.360
       10328.824      10277.0      103.816       10276.960
       10329.910      10205.7      103.555       10205.676
       10330.995      10150.9      103.056       10150.862
       10332.081      10249.0      103.614       10248.976
       10333.167      10293.3      103.570       10293.323
       10334.253      10331.0      103.960       10330.989
       10335.339      10332.9      103.961       10332.933
       10336.425      10250.8      103.531       10250.797
       10337.511      10304.2      103.907       10304.250
       10338.597      10207.8      103.461       10207.751
       10339.683      10226.5      103.449       10226.539
       10340.769      10215.3      103.498       10215.315
       10341.855      10194.4      103.323       10194.350
       10342.941      10310.6      104.261       10310.573
       10344.027      10258.5      103.680       10258.502
       10345.113      10281.9      103.802       10281.923
       10346.199      10366.0      104.132       10366.038
       10347.285      10373.6      104.417       10373.615
       10348.371      10417.0      104.667       10417.050
       10349.457      10307.0      104.048       10307.037
       10350.543      10228.8      103.437       10228.805
       10351.629      10321.2      104.359       10321.158
       10352.715      10312.5      104.260       10312.508
       10353.801      10339.6      104.277       10339.592
       10354.887      10321.6      103.970       10321.579
       10355.973      10303.7      103.961       10303.739
       10357.059      10439.3      104.613       10439.277
       10358.145      10384.4      104.375       10384.407
       10359.231      10329.3      104.165       10329.301
       10360.317      10349.3      104.125       10349.289
       10361.403      10372.6      104.163       10372.574
       10362.489      10395.3      104.356       10395.317
       10363.575      10409.0      104.285       10408.969
       10364.661      10497.6      104.790       10497.583
       10365.747      10398.7      104.174       10398.664
       10366.833      10354.0      103.950       10354.039
       10367.919      10373.8      104.247       10373.800
       10369.005      10366.3      104.417       10366.277
       10370.090      10352.2      104.138       10352.151
       10371.176      10410.9      104.600       10410.868
       10372.262      10472.1      104.734       10472.145
       10373.348      10599.8      105.947       10599.769
       10374.434      10636.2      106.278       10636.184
       10375.520      10355.4      104.821       10355.407
       10376.606      10338.1      105.004       10338.117
       10377.692      10485.2      105.452       10485.194
       10378.778      10608.1      105.474       10608.054
       10379.864      10618.6      105.407       10618.622
       10380.950      10650.2      105.592       10650.170
       10382.036      10719.7      106.003       10719.658
       10383.122      10895.4      106.823       10895.435
       10384.208      10655.2      105.492       10655.158
       10385.294      10567.8      105.148       10567.833
       10386.380      10509.7      105.026       10509.706
       10387.466      10312.1      103.874       10312.077
       10388.552      10447.3      104.697       10447.280
       10389.638      10604.3      105.234       10604.306
       10390.724      10621.9      105.467       10621.918
       10391.810      10613.1      105.411       10613.097
       10392.896      10749.3      105.953       10749.326
       10393.982      10754.2      105.904       10754.177
       10395.068      10671.2      105.611       10671.226
       10396.154      10676.2      105.711       10676.230
       10397.240      10712.9      106.335       10712.912
       10398.326      10550.1      105.537       10550.100
       10399.412      10647.5      106.069       10647.493
       10400.498      10659.8      106.166       10659.810
       10401.584      10642.5      105.988       10642.473
       10402.670      10737.9      106.108       10737.900
       10403.756      10732.5      106.071       10732.535
       10404.842      10647.6      105.371       10647.564
       10405.928      10651.7      105.530       10651.741
       10407.014      10684.5      105.635       10684.539
       10408.100      10791.8      106.274       10791.833
       10409.186      10833.7      106.275       10833.696
       10410.271      10832.7      106.495       10832.706
       10411.357      10848.3      106.655       10848.316
       10412.443      10888.3      106.819       10888.343
       10413.529      10830.6      106.494       10830.596
       10414.615      10786.4      106.290       10786.383
       10415.701      10712.4      105.908       10712.359
       10416.787      10755.5      106.149       10755.468
       10417.873      10725.1      106.109       10725.149
       10418.959      10732.4      106.811       10732.419
       10420.045      10845.9      107.603       10845.878
       10421.131      10912.3      107.856       10912.329
       10422.217      10948.5      108.201       10948.544
       10423.303      10930.9      107.475       10930.886
       10424.389      10923.8      107.159       10923.845
       10425.475      10932.2      107.159       10932.165
       10426.561      10896.7      106.803       10896.669
       10427.647      10893.2      106.871       10893.250
       10428.733      10858.5      106.459       10858.487
       10429.819      10701.7      105.746       10701.700
       10430.905      10906.8      106.561       10906.831
       10431.991      10850.5      106.488       10850.534
       10433.077      10884.8      106.524       10884.780
       10434.163      10856.6      106.608       10856.618
       10435.249      10943.6      107.098       10943.570
       10436.335      10797.5      106.205       10797.491
       10437.421      10793.5      106.247       10793.488
       10438.507      10928.9      106.877       10928.945
       10439.593      10818.5      106.385       10818.482
       10440.679      10688.5      105.989       10688.547
       10441.765      10713.3      106.091       10713.265
       10442.851      10729.7      105.980       10729.709
       10443.937      10729.4      105.833       10729.406
       10445.023      10566.9      104.916       10566.884
       10446.109      10745.5      105.947       10745.495
       10447.195      10859.6      106.649       10859.615
       10448.281      10769.1      106.073       10769.054
       10449.367      10574.3      105.319       10574.324
       10450.452      10696.5      105.745       10696.505
       10451.538      10654.2      105.631       10654.162
       10452.624      10515.4      104.997       10515.365
       10453.710      10348.1      104.230       10348.148
       10454.796      10352.1      104.367       10352.132
       10455.882      10245.3      103.686       10245.349
       10456.968      10266.5      103.297       10266.483
       10458.054      10428.8      104.438       10428.828
       10459.140      10471.6      104.739       10471.602
       10460.226      10617.8      105.341       10617.752
       10461.312      10589.7      105.371       10589.730
       10462.398      10676.2      105.708       10676.202
       10463.484      10545.1      104.926       10545.072
       10464.570      10659.2      105.530       10659.175
       10465.656      10613.1      105.240       10613.133
       10466.742      10701.8      105.610       10701.810
       10467.828      10707.7      105.725       10707.687
       10468.914      10643.8      105.588       10643.759
       10470.000      10552.6      105.390       10552.620
       10471.086      10726.3      106.556       10726.288
       10472.172      10762.1      106.603       10762.131
       10473.258      10629.2      106.092       10629.249
       10474.344      10589.7      105.586       10589.739
       10475.430      10633.0      105.531       10633.037
       10476.516      10667.0      105.720       10667.005
       10477.602      10666.5      105.569       10666.516
       10478.688      10702.8      105.756       10702.794
       10479.774      10456.2      104.582       10456.226
       10480.860      10581.9      105.255       10581.909
       10481.946      10821.7      106.043       10821.706
       10483.032      10379.0      104.276       10379.032
       10484.118      10527.2      104.902       10527.236
       10485.204      10601.5      105.303       10601.539
       10486.290      10507.4      105.036       10507.425
       10487.376      10545.6      104.999       10545.632
       10488.462      10601.9      105.019       10601.893
       10489.548      10601.3      105.328       10601.317
       10490.633      10713.7      105.978       10713.727
       10491.719      10686.2      105.754       10686.152
       10492.805      10410.8      104.445       10410.821
       10493.891      10415.0      104.566       10414.974
       10494.977      10455.2      104.487       10455.168
       10496.063      10388.3      104.085       10388.336
       10497.149      10493.1      104.520       10493.079
       10498.235      10513.2      104.729       10513.219
       10499.321      10541.0      105.056       10540.956
       10500.407      10545.2      105.112       10545.176
       10501.493      10390.5      104.313       10390.508
       10502.579      10514.6      104.746       10514.627
       10503.665      10497.7      104.831       10497.659
       10504.751      10417.9      104.697       10417.887
       10505.837      10374.1      104.225       10374.126
       10506.923      10383.6      104.175       10383.638
       10508.009      10370.8      104.161       10370.776
       10509.095      10370.3      104.330       10370.251
       10510.181      10375.8      104.303       10375.762
       10511.267      10349.4      103.911       10349.351
       10512.353      10409.3      104.471       10409.333
       10513.439      10374.2      104.293       10374.164
       10514.525      10547.5      105.022       10547.529
       10515.611      10553.9      104.968       10553.940
       10516.697      10366.3      103.999       10366.285
       10517.783      10299.0      103.751       10298.969
       10518.869      10312.9      103.742       10312.860
       10519.955      10465.3      104.425       10465.312
       10521.041      10425.5      104.467       10425.461
       10522.127      10245.8      104.110       10245.814
       10523.213      10453.3      104.533       10453.299
       10524.299      10415.1      104.508       10415.111
       10525.385      10433.4      104.371       10433.367
       10526.471      10522.2      105.091       10522.236
       10527.557      10564.8      105.354       10564.761
       10528.643      10481.4      104.772       10481.359
       10529.729      10425.7      104.719       10425.745
       10530.814      10017.8      102.438       10017.765
       10531.900      10498.5      104.722       10498.525
       10532.986      10441.3      104.557       10441.266
       10534.072      10189.1      103.357       10189.131
       10535.158      10126.5      102.953       10126.475
       10536.244      10484.3      104.603       10484.317
       10537.330      10304.5      103.712       10304.457
       10538.416      10507.7      104.919       10507.662
       10539.502      10627.1      105.714       10627.128
       10540.588      10495.2      104.736       10495.156
       10541.674      10467.2      104.692       10467.214
       10542.760      10380.3      104.352       10380.302
       10543.846      10347.0      103.962       10346.993
       10544.932      10382.7      104.078       10382.708
       10546.018      10420.4      104.407       10420.409
       10547.104      10514.2      104.620       10514.250
       10548.190      10511.5      104.648       10511.533
       10549.276      10605.7      105.131       10605.731
       10550.362      10574.9      105.005       10574.877
       10551.448      10509.3      104.715       10509.299
       10552.534      10625.8      105.616       10625.823
       10553.620      10630.1      105.613       10630.145
       10554.706      10571.9      105.160       10571.935
       10555.792      10523.9      104.786       10523.906
       10556.878      10537.9      104.981       10537.858
       10557.964      10552.9      105.056       10552.911
       10559.050      10421.3      104.481       10421.286
       10560.136      10447.2      104.444       10447.193
       10561.222      10563.7      105.089       10563.661
       10562.308      10606.7      105.394       10606.670
       10563.394      10679.3      105.780       10679.342
       10564.480      10628.6      105.365       10628.556
       10565.566      10727.0      106.094       10727.037
       10566.652      10724.9      105.971       10724.872
       10567.738      10645.4      105.587       10645.356
       10568.824      10585.4      105.136       10585.393
       10569.910      10763.0      106.151       10762.986
       10570.995      10720.5      105.849       10720.542
       10572.081      10557.1      105.162       10557.055
       10573.167      10595.8      105.367       10595.763
       10574.253      10655.1      105.575       10655.057
       10575.339      10683.9      105.697       10683.873
       10576.425      10718.7      105.847       10718.722
       10577.511      10728.2      105.941       10728.171
       10578.597      10720.2      106.010       10720.225
       10579.683      10821.4      106.353       10821.431
       10580.769      10754.7      106.055       10754.713
       10581.855      10691.2      105.756       10691.213
       10582.941      10679.5      105.613       10679.466
       10584.027      10580.7      104.945       10580.731
       10585.113      10685.0      105.676       10684.970
       10586.199      10604.0      105.285       10603.960
       10587.285      10188.2      103.339       10188.201
       10588.371      10383.7      104.338       10383.678
       10589.457      10700.0      105.876       10700.001
       10590.543      10782.6      106.059       10782.565
       10591.629      10834.8      106.533       10834.777
       10592.715      10841.1      106.443       10841.132
       10593.801      10739.3      105.878       10739.321
       10594.887      10778.2      106.015       10778.219
       10595.973      10842.0      106.381       10841.980
       10597.059      10739.6      105.840       10739.581
       10598.145      10640.5      105.650       10640.524
       10599.231      10591.0      105.184       10591.023
       10600.317      10597.0      105.208       10596.994
       10601.403      10580.6      105.087       10580.555
       10602.489      10404.5      104.364       10404.516
       10603.575      10581.6      105.111       10581.562
       10604.661      10748.4      106.019       10748.355
       10605.747      10764.7      105.903       10764.656
       10606.833      10815.6      106.160       10815.594
       10607.919      10757.7      105.762       10757.698
       10609.005      10800.8      106.228       10800.762
       10610.090      10941.4      107.035       10941.370
       10611.176      10835.1      106.546       10835.132
       10612.262      10781.1      105.936       10781.140
       10613.348      10803.6      106.001       10803.556
       10614.434      10790.1      106.167       10790.124
       10615.520      10704.8      105.802       10704.772
       10616.606      10716.0      105.724       10716.028
       10617.692      10758.2      106.082       10758.229
       10618.778      10739.9      105.884       10739.887
       10619.864      10822.3      106.577       10822.295
       10620.950      10704.7      105.515       10704.689
       10622.036      10735.3      105.948       10735.266
       10623.122      10727.2      105.868       10727.237
       10624.208      10720.5      105.910       10720.463
       10625.294      10560.3      105.037       10560.311
       10626.380      10560.7      105.114       10560.679
       10627.466      10493.7      104.717       10493.736
       10628.552      10501.8      104.863       10501.825
       10629.638      10636.0      105.194       10636.014
       10630.724      10741.7      105.884       10741.699
       10631.810      10726.3      105.806       10726.266
       10632.896      10674.6      105.545       10674.611
       10633.982      10756.1      105.978       10756.135
       10635.068      10618.6      105.362       10618.649
       10636.154      10580.3      105.055       10580.321
       10637.240      10729.9      105.797       10729.855
       10638.326      10683.6      105.609       10683.550
       10639.412      10641.4      105.625       10641.445
       10640.498      10593.7      105.257       10593.670
       10641.584      10554.1      105.196       10554.099
       10642.670      10554.8      104.837       10554.755
       10643.756      10601.7      105.631       10601.739
       10644.842      10585.4      105.338       10585.367
       10645.928      10531.5      104.970       10531.498
       10647.014      10524.9      104.921       10524.930
       10648.100      9989.86      102.488       9989.8558
       10649.186      10211.1      103.529       10211.130
       10650.271      10473.1      104.722       10473.070
       10651.357      10549.8      105.263       10549.815
       10652.443      10278.8      103.872       10278.839
       10653.529      10290.4      103.708       10290.360
       10654.615      10411.4      104.308       10411.418
       10655.701      10442.3      104.553       10442.305
       10656.787      10445.5      104.739       10445.495
       10657.873      10496.6      104.950       10496.646
       10658.959      10369.3      104.384       10369.303
       10660.045      10334.1      103.895       10334.128
       10661.131      10307.6      103.851       10307.588
       10662.217      10345.5      104.065       10345.537
       10663.303      10288.9      103.726       10288.915
       10664.389      10238.6      103.420       10238.638
       10665.475      10233.3      103.606       10233.297
       10666.561      10364.5      103.931       10364.477
       10667.647      10456.7      104.388       10456.718
       10668.733      10166.8      102.786       10166.827
       10669.819      10124.7      102.868       10124.726
       10670.905      10306.2      103.958       10306.226
       10671.991      10233.9      103.503       10233.913
       10673.077      10244.7      103.437       10244.727
       10674.163      10134.0      102.879       10134.047
       10675.249      10268.4      103.666       10268.403
       10676.335      10180.0      103.281       10179.974
       10677.421      9994.59      101.982       9994.5895
       10678.507      10046.1      102.594       10046.140
       10679.593      9902.00      101.856       9901.9963
       10680.679      9547.90      100.066       9547.9002
       10681.765      9724.04      100.965       9724.0353
       10682.851      9685.06      100.873       9685.0639
       10683.937      9725.41      100.910       9725.4125
       10685.023      9570.78      100.161       9570.7827
       10686.109      9253.17      98.3489       9253.1709
       10687.195      9343.42      99.2675       9343.4157
       10688.281      9542.96      100.310       9542.9553
       10689.367      9570.13      100.437       9570.1348
       10690.452      9585.12      100.380       9585.1225
       10691.538      9631.50      100.867       9631.4956
       10692.624      9644.16      100.527       9644.1553
       10693.710      9624.68      100.415       9624.6772
       10694.796      9652.30      100.434       9652.3001
       10695.882      9710.30      101.028       9710.3000
       10696.968      9972.34      102.233       9972.3371
       10698.054      10045.3      102.629       10045.262
       10699.140      9931.36      102.142       9931.3556
       10700.226      9985.45      102.215       9985.4543
       10701.312      9803.88      101.195       9803.8786
       10702.398      9765.88      101.225       9765.8814
       10703.484      9931.22      101.966       9931.2220
       10704.570      9736.77      101.093       9736.7675
       10705.656      9788.55      101.283       9788.5548
       10706.742      9639.39      100.540       9639.3930
       10707.828      9778.75      101.295       9778.7471
       10708.914      9880.13      102.019       9880.1350
       10710.000      9783.19      101.179       9783.1859
       10711.086      9616.71      100.703       9616.7127
       10712.172      9711.94      101.207       9711.9396
       10713.258      9624.50      100.619       9624.5015
       10714.344      9830.14      101.787       9830.1436
       10715.430      9892.61      102.247       9892.6106
       10716.516      9695.41      101.082       9695.4051
       10717.602      9740.72      100.961       9740.7212
       10718.688      9728.81      101.317       9728.8080
       10719.774      9753.68      101.223       9753.6802
       10720.860      9676.02      100.895       9676.0229
       10721.946      9780.05      101.554       9780.0480
       10723.032      9700.21      101.042       9700.2104
       10724.118      9634.39      100.498       9634.3903
       10725.204      9388.83      99.3820       9388.8258
       10726.290      9578.01      100.128       9578.0128
       10727.376      9428.63      99.5606       9428.6337
       10728.462      9455.00      99.9555       9454.9977
       10729.548      9504.02      100.429       9504.0184
       10730.633      9471.95      100.128       9471.9499
       10731.719      9448.62      100.267       9448.6229
       10732.805      9536.10      100.721       9536.1036
       10733.891      9554.40      100.580       9554.3996
       10734.977      9724.08      101.150       9724.0782
       10736.063      9618.20      100.563       9618.2025
       10737.149      9507.23      99.9743       9507.2339
       10738.235      9369.96      99.5607       9369.9621
       10739.321      9403.43      99.4156       9403.4333
       10740.407      9499.62      99.9394       9499.6208
       10741.493      9328.30      99.0225       9328.2959
       10742.579      9357.18      99.1269       9357.1823
       10743.665      8896.99      96.9157       8896.9851
       10744.751      9386.41      99.4626       9386.4083
       10745.837      9313.70      99.2035       9313.7040
       10746.923      9288.57      99.1695       9288.5744
       10748.009      9313.14      99.0797       9313.1359
       10749.095      9249.71      98.5628       9249.7119
       10750.181      9374.94      99.2163       9374.9401
       10751.267      9291.78      99.3269       9291.7824
       10752.353      9445.25      100.174       9445.2550
       10753.439      9393.73      99.9438       9393.7314
       10754.525      9259.44      99.1034       9259.4387
       10755.611      9233.76      99.0293       9233.7624
       10756.697      9297.58      98.7064       9297.5825
       10757.783      9289.91      98.9420       9289.9058
       10758.869      9303.77      98.6195       9303.7734
       10759.955      9374.15      99.1643       9374.1506
       10761.041      9371.16      98.9362       9371.1640
       10762.127      9267.11      98.5943       9267.1093
       10763.213      9386.38      98.9547       9386.3830
       10764.299      9375.56      99.1307       9375.5632
       10765.385      9331.74      98.7284       9331.7380
       10766.471      9390.70      99.3212       9390.7012
       10767.557      9311.61      98.8004       9311.6063
       10768.643      9333.13      98.8900       9333.1301
       10769.729      9421.18      99.1989       9421.1756
       10770.814      9330.45      98.8134       9330.4500
       10771.900      9254.12      98.5180       9254.1213
       10772.986      9253.51      98.6292       9253.5144
       10774.072      9296.73      99.0058       9296.7323
       10775.158      9316.73      99.0092       9316.7329
       10776.244      9404.56      99.2426       9404.5592
       10777.330      9373.33      99.4164       9373.3325
       10778.416      9527.71      99.8262       9527.7105
       10779.502      9334.52      98.7035       9334.5162
       10780.588      9423.48      99.1592       9423.4826
       10781.674      9283.65      98.6040       9283.6492
       10782.760      9379.68      99.1922       9379.6774
       10783.846      9413.95      99.1358       9413.9504
       10784.932      9292.50      98.6523       9292.5036
       10786.018      9479.08      99.5969       9479.0841
       10787.104      9357.28      99.0102       9357.2801
       10788.190      9427.79      99.4570       9427.7863
       10789.276      9391.94      99.0830       9391.9351
       10790.362      9534.03      99.9320       9534.0337
       10791.448      9476.36      99.5435       9476.3582
       10792.534      9447.31      99.6095       9447.3110
       10793.620      9321.72      98.8651       9321.7247
       10794.706      9441.14      99.7735       9441.1422
       10795.792      9494.00      99.7928       9493.9963
       10796.878      9424.37      99.4696       9424.3651
       10797.964      9529.19      99.9824       9529.1917
       10799.050      9497.14      99.8891       9497.1428
       10800.136      9510.55      99.6806       9510.5530
       10801.222      9478.42      99.6306       9478.4240
       10802.308      9553.27      100.011       9553.2666
       10803.394      9448.26      99.5355       9448.2594
       10804.480      9435.74      99.3071       9435.7409
       10805.566      9460.75      99.4389       9460.7471
       10806.652      9612.81      100.088       9612.8085
       10807.738      9570.80      100.189       9570.7980
       10808.824      9460.98      99.3758       9460.9765
       10809.910      9489.98      99.8915       9489.9829
       10810.995      9420.06      99.2311       9420.0616
       10812.081      9474.55      99.2533       9474.5527
       10813.167      9538.43      99.8010       9538.4279
       10814.253      9547.78      99.9443       9547.7823
       10815.339      9529.17      99.9111       9529.1660
       10816.425      9646.31      100.522       9646.3115
       10817.511      9438.03      99.3729       9438.0268
       10818.597      9465.79      99.6517       9465.7924
       10819.683      9581.72      99.9370       9581.7198
       10820.769      9641.19      100.293       9641.1917
       10821.855      9643.20      100.393       9643.2037
       10822.941      9416.60      99.4012       9416.5960
       10824.027      9467.70      99.4667       9467.6985
       10825.113      9480.19      99.6405       9480.1869
       10826.199      9471.42      99.5898       9471.4172
       10827.285      9578.95      100.183       9578.9504
       10828.371      9491.56      99.6720       9491.5591
       10829.457      9519.98      100.453       9519.9763
       10830.543      9583.66      101.176       9583.6630
       10831.629      9599.02      102.349       9599.0173
       10832.715      9669.89      103.193       9669.8868
       10833.801      9661.16      103.065       9661.1602
       10834.887      9418.08      101.270       9418.0847
       10835.973      9408.75      100.571       9408.7475
       10837.059      9562.33      100.136       9562.3285
       10838.145      9582.31      100.073       9582.3067
       10839.231      9532.46      99.8021       9532.4629
       10840.317      9605.05      100.152       9605.0476
       10841.403      9569.37      100.343       9569.3699
       10842.489      9684.32      101.568       9684.3170
       10843.575      9782.35      101.958       9782.3506
       10844.661      9627.45      101.030       9627.4476
       10845.747      9618.72      100.850       9618.7171
       10846.833      9723.31      101.263       9723.3148
       10847.919      9632.13      100.491       9632.1300
       10849.005      9612.35      100.264       9612.3481
       10850.090      9550.08      99.8981       9550.0774
       10851.176      9500.06      99.8670       9500.0606
       10852.262      9500.64      99.8965       9500.6399
       10853.348      9646.90      100.740       9646.8992
       10854.434      9631.84      100.445       9631.8432
       10855.520      9518.78      99.7041       9518.7821
       10856.606      9707.47      100.690       9707.4663
       10857.692      9648.04      100.789       9648.0402
       10858.778      9678.55      100.761       9678.5515
       10859.864      9487.32      99.5433       9487.3163
       10860.950      9222.27      97.9915       9222.2725
       10862.036      9223.37      98.2464       9223.3654
       10863.122      9199.19      98.2289       9199.1901
       10864.208      9236.23      98.6548       9236.2332
       10865.294      9405.56      99.0674       9405.5590
       10866.380      9298.52      98.5477       9298.5194
       10867.466      9327.90      98.8049       9327.9003
       10868.552      9368.17      99.2598       9368.1668
       10869.638      9409.98      99.2571       9409.9811
       10870.724      9392.20      99.3098       9392.1998
       10871.810      9362.38      99.0193       9362.3839
       10872.896      9367.29      99.2570       9367.2876
       10873.982      9347.67      99.1297       9347.6686
       10875.068      9473.93      99.7704       9473.9345
       10876.154      9371.81      99.2244       9371.8096
       10877.240      9404.54      99.3537       9404.5352
       10878.326      9459.71      99.5068       9459.7063
       10879.412      9249.00      98.4697       9249.0026
       10880.498      9264.17      98.8617       9264.1694
       10881.584      9333.43      99.3986       9333.4318
       10882.670      9217.35      98.3903       9217.3525
       10883.756      9251.93      98.6186       9251.9344
       10884.842      9288.20      98.7329       9288.1960
       10885.928      9247.44      98.6242       9247.4432
       10887.014      9244.99      98.4193       9244.9863
       10888.100      9176.86      98.2930       9176.8590
       10889.186      9225.25      98.3156       9225.2453
       10890.271      9238.60      98.6149       9238.6027
       10891.357      9128.04      98.0628       9128.0347
       10892.443      9082.98      97.8204       9082.9780
       10893.529      9026.94      97.3001       9026.9377
       10894.615      9068.14      97.4923       9068.1385
       10895.701      9185.05      98.4756       9185.0460
       10896.787      9167.30      98.5777       9167.2992
       10897.873      9103.36      98.0961       9103.3575
       10898.959      9093.89      98.3428       9093.8902
       10900.045      9027.12      97.8461       9027.1253
       10901.131      8926.23      97.0290       8926.2274
       10902.217      8824.80      96.1845       8824.7958
       10903.303      8708.56      95.4874       8708.5625
       10904.389      8641.38      95.2064       8641.3799
       10905.475      8620.91      95.2476       8620.9059
       10906.561      8644.96      95.1128       8644.9613
       10907.647      8731.17      95.8099       8731.1657
       10908.733      8634.31      95.3000       8634.3098
       10909.819      8573.44      94.9162       8573.4378
       10910.905      8357.20      93.6312       8357.2015
       10911.991      8166.27      92.4384       8166.2741
       10913.077      8179.84      92.5002       8179.8441
       10914.163      8058.62      92.0694       8058.6167
       10915.249      8011.48      91.9458       8011.4751
       10916.335      8057.82      92.5500       8057.8224
       10917.421      7972.98      91.4371       7972.9826
       10918.507      8011.21      91.9339       8011.2135
       10919.593      8040.64      92.0684       8040.6402
       10920.679      7976.78      91.8438       7976.7787
       10921.765      7980.17      91.8426       7980.1691
       10922.851      7825.95      91.3603       7825.9521
       10923.937      7556.92      90.6557       7556.9174
       10925.023      7371.58      89.9499       7371.5759
       10926.109      7224.55      89.0939       7224.5535
       10927.195      7173.36      88.3550       7173.3647
       10928.281      7057.02      86.9538       7057.0201
       10929.367      7023.59      86.3002       7023.5938
       10930.452      6933.91      85.6089       6933.9066
       10931.538      6674.28      84.2606       6674.2829
       10932.624      6532.11      83.3646       6532.1112
       10933.710      6341.71      82.3651       6341.7128
       10934.796      6062.36      80.4351       6062.3567
       10935.882      5942.88      79.9199       5942.8783
       10936.968      5899.99      79.1518       5899.9928
       10938.054      5791.92      78.5405       5791.9250
       10939.140      5895.20      79.3186       5895.2033
       10940.226      6027.16      80.3863       6027.1576
       10941.312      6183.90      81.4298       6183.8964
       10942.398      6302.19      82.0981       6302.1923
       10943.484      6517.31      83.5440       6517.3074
       10944.570      6640.06      84.0248       6640.0564
       10945.656      6748.31      84.9190       6748.3120
       10946.742      6800.79      84.8695       6800.7900
       10947.828      6959.29      85.7744       6959.2947
       10948.914      7072.04      87.0142       7072.0393
       10950.000      7167.46      87.6134       7167.4563
       10951.086      7366.30      88.9037       7366.3020
       10952.172      7475.29      89.4209       7475.2850
       10953.258      7610.33      90.2121       7610.3264
       10954.344      7716.25      90.3325       7716.2469
       10955.430      7745.31      90.3803       7745.3089
       10956.516      7777.50      90.6879       7777.4968
       10957.602      7801.98      90.9436       7801.9821
       10958.688      7780.07      90.4961       7780.0717
       10959.774      7726.81      90.1007       7726.8070
       10960.860      7758.62      90.5360       7758.6207
       10961.946      7904.64      91.5487       7904.6424
       10963.032      7902.25      91.2228       7902.2540
       10964.118      8031.49      91.8910       8031.4915
       10965.204      8181.32      92.4533       8181.3245
       10966.290      8114.46      92.2858       8114.4600
       10967.376      8087.73      92.3151       8087.7336
       10968.462      8238.00      93.1044       8237.9967
       10969.548      8262.65      93.4825       8262.6519
       10970.633      8341.59      93.8582       8341.5922
       10971.719      8387.56      94.2198       8387.5633
       10972.805      8402.21      95.0638       8402.2117
       10973.891      8423.10      95.7130       8423.0965
       10974.977      8396.85      95.5617       8396.8539
       10976.063      8466.37      95.7961       8466.3709
       10977.149      8518.75      95.8360       8518.7510
       10978.235      8426.13      94.5335       8426.1322
       10979.321      8438.44      94.3574       8438.4366
       10980.407      8486.26      94.3908       8486.2581
       10981.493      8494.56      94.7191       8494.5594
       10982.579      8503.83      94.6383       8503.8297
       10983.665      8510.45      94.7260       8510.4503
       10984.751      8501.09      94.6577       8501.0889
       10985.837      8582.51      95.3158       8582.5094
       10986.923      8570.66      94.9203       8570.6610
       10988.009      8509.46      94.5612       8509.4616
       10989.095      8639.58      95.2968       8639.5831
       10990.181      8697.47      95.5112       8697.4694
       10991.267      8685.16      95.5754       8685.1591
       10992.353      8690.27      95.7503       8690.2685
       10993.439      8611.75      95.0600       8611.7450
       10994.525      8417.52      94.1760       8417.5168
       10995.611      8290.98      93.5950       8290.9848
       10996.697      8270.73      93.3341       8270.7269
       10997.783      8360.72      93.7764       8360.7242
       10998.869      8428.19      94.1335       8428.1939
       10999.955      8771.78      96.1254       8771.7819
       11001.041      8891.62      96.9135       8891.6220
       11002.127      8790.24      96.0109       8790.2379
       11003.213      8661.47      95.3374       8661.4744
       11004.299      8602.52      94.9787       8602.5239
       11005.385      8571.23      95.0276       8571.2269
       11006.471      8621.89      95.7392       8621.8936
       11007.557      8740.10      96.4203       8740.0966
       11008.643      8676.10      95.7567       8676.0963
       11009.729      8548.38      95.3124       8548.3829
       11010.814      8541.45      95.1976       8541.4450
       11011.900      8686.79      95.7507       8686.7866
       11012.986      8766.01      95.7410       8766.0098
       11014.072      8777.97      96.0806       8777.9681
       11015.158      8685.13      95.5786       8685.1329
       11016.244      8585.38      94.8998       8585.3823
       11017.330      8586.94      95.0145       8586.9434
       11018.416      8517.39      94.9613       8517.3945
       11019.502      8570.18      94.8896       8570.1753
       11020.588      8724.39      95.7586       8724.3871
       11021.674      8815.43      96.0857       8815.4337
       11022.760      8753.06      95.8045       8753.0608
       11023.846      8757.94      95.6592       8757.9434
       11024.932      8742.13      95.8786       8742.1342
       11026.018      8633.74      95.6294       8633.7406
       11027.104      8442.94      94.9565       8442.9373
       11028.190      8606.76      95.8881       8606.7563
       11029.276      8807.41      97.2657       8807.4109
       11030.362      8740.23      96.8496       8740.2313
       11031.448      8846.71      97.2181       8846.7097
       11032.534      8839.15      96.6478       8839.1494
       11033.620      8697.93      95.6508       8697.9271
       11034.706      8716.39      95.7618       8716.3925
       11035.792      8758.12      96.0636       8758.1160
       11036.878      8951.47      96.8118       8951.4723
       11037.964      9094.73      97.5561       9094.7321
       11039.050      9071.06      97.3984       9071.0605
       11040.136      8920.47      96.7150       8920.4653
       11041.222      8683.33      95.3854       8683.3288
       11042.308      8588.81      95.0625       8588.8065
       11043.394      8685.46      95.5575       8685.4652
       11044.480      8753.09      95.9490       8753.0927
       11045.566      8763.78      96.0744       8763.7794
       11046.652      8774.85      95.9846       8774.8477
       11047.738      8907.74      96.6979       8907.7398
       11048.824      8889.32      96.4865       8889.3156
       11049.910      8976.48      96.7692       8976.4818
       11050.995      8931.33      96.7527       8931.3317
       11052.081      8782.47      96.0069       8782.4751
       11053.167      8790.09      96.1089       8790.0882
       11054.253      8884.33      96.6489       8884.3284
       11055.339      8856.31      96.4182       8856.3118
       11056.425      8868.32      96.5441       8868.3154
       11057.511      8814.50      96.4051       8814.5025
       11058.597      8755.68      95.8113       8755.6763
       11059.683      8773.70      96.1286       8773.6950
       11060.769      8683.67      95.5922       8683.6739
       11061.855      8645.75      95.5164       8645.7483
       11062.941      8593.22      95.1137       8593.2244
       11064.027      8657.25      95.4144       8657.2458
       11065.113      8699.60      95.8079       8699.6034
       11066.199      8749.57      95.9819       8749.5691
       11067.285      8826.26      96.0388       8826.2640
       11068.371      8960.14      97.0632       8960.1440
       11069.457      9039.64      97.6175       9039.6412
       11070.543      8981.64      97.4668       8981.6427
       11071.629      9000.56      97.5230       9000.5636
       11072.715      9062.50      97.8882       9062.5027
       11073.801      9043.53      97.7230       9043.5255
       11074.887      8970.46      97.3521       8970.4650
       11075.973      8834.49      96.4588       8834.4924
       11077.059      8708.92      95.9165       8708.9161
       11078.145      8648.27      95.4485       8648.2735
       11079.231      8517.27      94.8285       8517.2731
       11080.317      8435.08      94.3476       8435.0817
       11081.403      8497.20      94.6145       8497.1956
       11082.489      8502.75      94.3612       8502.7461
       11083.575      8494.33      94.4439       8494.3319
       11084.661      8512.90      94.5400       8512.9003
       11085.747      8464.88      94.2777       8464.8819
       11086.833      8487.09      94.6240       8487.0865
       11087.919      8637.70      95.7678       8637.7007
       11089.005      8779.62      96.4770       8779.6179
       11090.090      8763.04      96.5982       8763.0428
       11091.176      8684.74      96.0341       8684.7381
       11092.262      8584.82      95.2538       8584.8194
       11093.348      8532.68      94.7848       8532.6835
       11094.434      8599.75      95.0461       8599.7471
       11095.520      8747.56      96.0477       8747.5604
       11096.606      8673.21      95.8706       8673.2137
       11097.692      8561.69      95.0566       8561.6919
       11098.778      8655.97      95.4709       8655.9700
       11099.864      8681.10      95.3350       8681.1033
       11100.950      8816.09      96.2660       8816.0883
       11102.036      8711.93      95.8709       8711.9253
       11103.122      8423.09      94.0545       8423.0868
       11104.208      8102.04      92.3024       8102.0400
       11105.294      7902.07      91.3730       7902.0731
       11106.380      7995.59      91.7723       7995.5919
       11107.466      8165.71      93.0213       8165.7100
       11108.552      8292.47      93.4550       8292.4696
       11109.638      8371.09      93.8158       8371.0936
       11110.724      8258.70      93.2643       8258.6994
       11111.810      8013.14      91.8523       8013.1364
       11112.896      7874.39      91.0935       7874.3864
       11113.982      7683.70      90.1015       7683.6998
       11115.068      7750.42      90.3778       7750.4227
       11116.154      7999.32      92.8797       7999.3175
       11117.240      8459.19      94.8800       8459.1903
       11118.326      8613.99      95.2524       8613.9913
       11119.412      8547.42      94.7349       8547.4243
       11120.498      8448.37      94.2205       8448.3654
       11121.584      8309.15      93.3321       8309.1485
       11122.670      8240.39      92.9741       8240.3937
       11123.756      8119.23      92.4475       8119.2256
       11124.842      8133.31      92.7343       8133.3122
       11125.928      8367.98      93.7552       8367.9821
       11127.014      8280.32      93.2073       8280.3184
       11128.100      7835.44      90.7597       7835.4434
       11129.186      7411.82      88.2512       7411.8190
       11130.271      7225.07      87.0430       7225.0655
       11131.357      7075.01      86.6252       7075.0099
       11132.443      7176.65      86.8640       7176.6474
       11133.529      7447.88      88.5503       7447.8760
       11134.615      7548.77      89.2537       7548.7750
       11135.701      7223.82      87.4263       7223.8200
       11136.787      7055.71      86.2613       7055.7135
       11137.873      7117.21      86.9620       7117.2085
       11138.959      7479.80      88.8865       7479.8021
       11140.045      7980.89      91.9263       7980.8903
       11141.131      8034.73      91.7292       8034.7330
       11142.217      8065.34      92.1342       8065.3375
       11143.303      8078.43      92.4960       8078.4308
       11144.389      8147.03      92.4866       8147.0300
       11145.475      8065.55      92.3514       8065.5544
       11146.561      7915.36      91.3841       7915.3630
       11147.647      7722.16      90.1540       7722.1648
       11148.733      7111.08      87.0038       7111.0777
       11149.819      6096.50      80.9253       6096.5007
       11150.905      5871.63      79.1627       5871.6279
       11151.991      6394.55      82.4574       6394.5541
       11153.077      6689.39      84.4147       6689.3869
       11154.163      6995.99      86.3523       6995.9880
       11155.249      7271.10      87.9741       7271.1027
       11156.335      7415.71      88.7923       7415.7078
       11157.421      7285.52      87.7939       7285.5190
       11158.507      7298.13      87.8099       7298.1264
       11159.593      7277.92      87.7842       7277.9213
       11160.679      6863.74      85.1781       6863.7396
       11161.765      6147.07      80.9093       6147.0739
       11162.851      5401.60      76.2072       5401.5953
       11163.937      4758.86      71.7618       4758.8645
       11165.023      4623.94      70.6328       4623.9395
       11166.109      4857.47      72.5437       4857.4732
       11167.195      5259.74      75.3357       5259.7396
       11168.281      6047.66      80.6960       6047.6594
       11169.367      6544.70      83.4981       6544.6979
       11170.452      6261.36      81.4654       6261.3590
       11171.538      5755.23      78.6064       5755.2265
       11172.624      5502.26      77.3837       5502.2609
       11173.710      5410.04      76.7966       5410.0367
       11174.796      6046.02      80.4277       6046.0245
       11175.882      6759.76      84.7088       6759.7646
       11176.968      7060.05      86.6767       7060.0483
       11178.054      7063.16      86.5542       7063.1605
       11179.140      6885.39      85.5960       6885.3912
       11180.226      6418.68      82.7481       6418.6802
       11181.312      5793.89      78.6452       5793.8936
       11182.398      5248.86      75.3634       5248.8627
       11183.484      5613.10      77.7291       5613.0974
       11184.570      6251.77      81.9554       6251.7743
       11185.656      6460.19      83.0299       6460.1897
       11186.742      5736.47      78.6116       5736.4662
       11187.828      4845.43      72.3209       4845.4271
       11188.914      4703.21      71.0747       4703.2101
       11190.000      4939.57      73.0185       4939.5732
       11191.086      4737.49      71.8249       4737.4935
       11192.172      4464.04      69.9197       4464.0364
       11193.258      4655.40      71.3350       4655.4004
       11194.344      5339.31      75.6491       5339.3102
       11195.430      5879.42      79.4248       5879.4221
       11196.516      5987.47      79.8707       5987.4682
       11197.602      5478.58      76.9252       5478.5770
       11198.688      4533.22      74.1313       4533.2159
       11199.774      4910.84      72.7853       4910.8379
       11200.860      4720.64      71.2118       4720.6354
       11201.946      4012.31      66.4033       4012.3069
       11203.032      3969.06      65.9458       3969.0554
       11204.118      4768.59      72.0506       4768.5894
       11205.204      5287.17      75.3077       5287.1661
       11206.290      5414.00      76.1840       5414.0018
       11207.376      5429.84      76.3209       5429.8382
       11208.462      5434.06      76.2237       5434.0551
       11209.548      5244.83      75.0747       5244.8349
       11210.633      4599.60      71.0008       4599.5961
       11211.719      3941.84      66.1294       3941.8408
       11212.805      3897.61      65.5261       3897.6063
       11213.891      4452.94      69.1401       4452.9384
       11214.977      4702.02      71.4710       4702.0251
       11216.063      4530.53      70.2697       4530.5257
       11217.149      3586.76      62.9775       3586.7556
       11218.235      2934.18      57.4680       2934.1815
       11219.321      3107.35      59.1574       3107.3500
       11220.407      3468.90      61.8394       3468.8959
       11221.493      3293.66      60.8451       3293.6639
       11222.579      2708.81      55.2668       2708.8107
       11223.665      2703.61      55.5624       2703.6117
       11224.751      2768.82      56.0169       2768.8180
       11225.837      2806.73      56.7008       2806.7283
       11226.923      3080.17      58.9292       3080.1715
       11228.009      3632.85      63.3312       3632.8515
       11229.095      4016.02      66.3623       4016.0176
       11230.181      4151.05      66.9931       4151.0490
       11231.267      4154.62      66.8676       4154.6180
       11232.353      3868.70      65.3341       3868.7031
       11233.439      3192.12      59.6755       3192.1207
       11234.525      2386.64      51.8773       2386.6357
       11235.611      2055.03      49.1048       2055.0333
       11236.697      2326.88      51.5295       2326.8837
       11237.783      3016.41      57.6834       3016.4105
       11238.869      3486.39      62.9531       3486.3937
       11239.955          NaN      3.04717             NaN
