       9750.0000         -NaN         -NaN             NaN
       9751.0860      24616.8      160.522       24616.798
       9752.1719      24528.2      160.304       24528.204
       9753.2579      25181.3      162.091       25181.349
       9754.3439      25982.7      164.949       25982.673
       9755.4299      26112.9      165.170       26112.946
       9756.5158      25494.6      163.344       25494.640
       9757.6018      25660.4      163.784       25660.367
       9758.6878      26297.6      165.657       26297.629
       9759.7738      26064.4      164.981       26064.368
       9760.8597      25611.2      163.582       25611.150
       9761.9457      26574.4      166.756       26574.421
       9763.0317      27500.3      169.445       27500.329
       9764.1176      27621.5      169.596       27621.526
       9765.2036      27141.0      168.447       27140.951
       9766.2896      27215.3      168.514       27215.337
       9767.3756      27875.0      170.468       27874.956
       9768.4615      28133.3      171.305       28133.328
       9769.5475      28936.6      173.630       28936.554
       9770.6335      29231.9      174.415       29231.861
       9771.7195      29454.0      175.074       29454.050
       9772.8054      29471.4      175.006       29471.401
       9773.8914      29830.0      176.234       29830.041
       9774.9774      29741.8      175.843       29741.773
       9776.0633      29768.8      175.748       29768.844
       9777.1493      29907.8      176.352       29907.835
       9778.2353      29963.9      176.523       29963.886
       9779.3213      30344.1      177.632       30344.086
       9780.4072      30408.8      177.526       30408.769
       9781.4932      28665.5      172.807       28665.535
       9782.5792      28977.3      173.682       28977.286
       9783.6652      29750.5      176.041       29750.485
       9784.7511      29931.1      176.598       29931.117
       9785.8371      29975.6      176.594       29975.555
       9786.9231      30663.8      178.386       30663.798
       9788.0090      31449.4      180.821       31449.446
       9789.0950      31426.2      180.777       31426.234
       9790.1810      31236.9      180.200       31236.942
       9791.2670      31314.8      180.617       31314.755
       9792.3529      31634.3      181.819       31634.265
       9793.4389      31015.5      180.130       31015.533
       9794.5249      30751.2      179.088       30751.173
       9795.6109      30872.6      179.144       30872.644
       9796.6968      31388.6      180.565       31388.582
       9797.7828      32116.3      182.501       32116.318
       9798.8688      32605.1      184.063       32605.124
       9799.9548      32546.9      183.837       32546.892
       9801.0407      32694.9      184.346       32694.942
       9802.1267      32279.6      183.240       32279.645
       9803.2127      32040.8      182.506       32040.818
       9804.2986      31790.4      181.751       31790.370
       9805.3846      31786.2      181.643       31786.228
       9806.4706      32643.1      184.108       32643.124
       9807.5566      33342.7      185.867       33342.721
       9808.6425      33257.8      185.822       33257.772
       9809.7285      33886.1      187.541       33886.126
       9810.8145      33292.8      185.712       33292.823
       9811.9005      33848.8      187.339       33848.776
       9812.9864      33294.3      185.796       33294.325
       9814.0724      33622.4      186.745       33622.409
       9815.1584      33478.0      186.577       33477.959
       9816.2443      33354.7      186.106       33354.674
       9817.3303      33253.1      185.751       33253.064
       9818.4163      33208.2      185.604       33208.151
       9819.5023      33521.3      186.422       33521.333
       9820.5882      33755.8      187.274       33755.811
       9821.6742      33674.4      187.051       33674.448
       9822.7602      34011.9      187.907       34011.924
       9823.8462      33809.4      187.251       33809.417
       9824.9321      33664.8      186.802       33664.814
       9826.0181      33542.2      186.529       33542.170
       9827.1041      33389.1      186.056       33389.136
       9828.1900      33091.3      185.196       33091.257
       9829.2760      33765.0      187.219       33765.002
       9830.3620      34278.6      188.392       34278.650
       9831.4480      34499.3      189.217       34499.290
       9832.5339      34031.3      188.082       34031.302
       9833.6199      34329.0      188.612       34328.980
       9834.7059      34443.1      188.917       34443.138
       9835.7919      34591.6      189.594       34591.594
       9836.8778      34289.5      188.526       34289.498
       9837.9638      34591.7      189.415       34591.664
       9839.0498      34748.0      189.946       34748.004
       9840.1357      35063.7      190.598       35063.668
       9841.2217      34424.2      188.931       34424.160
       9842.3077      34810.8      190.058       34810.824
       9843.3937      35120.1      190.686       35120.084
       9844.4796      35384.3      191.383       35384.335
       9845.5656      34730.3      189.838       34730.298
       9846.6516      34215.8      188.334       34215.796
       9847.7376      34805.9      190.064       34805.927
       9848.8235      34655.2      189.598       34655.233
       9849.9095      34042.6      188.027       34042.606
       9850.9955      34988.5      190.651       34988.509
       9852.0814      35483.0      191.865       35483.043
       9853.1674      35408.8      191.598       35408.772
       9854.2534      35722.9      192.474       35722.873
       9855.3394      35840.0      192.672       35840.045
       9856.4253      35565.3      192.037       35565.331
       9857.5113      35242.8      191.174       35242.792
       9858.5973      35800.2      192.572       35800.161
       9859.6833      35789.3      192.473       35789.306
       9860.7692      35942.7      193.219       35942.676
       9861.8552      35881.5      192.877       35881.460
       9862.9412      36349.1      193.940       36349.139
       9864.0271      35753.4      192.401       35753.366
       9865.1131      36069.8      193.254       36069.827
       9866.1991      36107.1      193.283       36107.091
       9867.2851      36153.8      193.498       36153.840
       9868.3710      36423.8      193.956       36423.793
       9869.4570      36122.7      193.131       36122.661
       9870.5430      36366.7      194.104       36366.675
       9871.6290      36622.7      194.722       36622.731
       9872.7149      36459.5      194.594       36459.542
       9873.8009      36596.2      194.891       36596.236
       9874.8869      36640.5      195.096       36640.464
       9875.9729      36879.4      195.277       36879.377
       9877.0588      36833.8      195.040       36833.770
       9878.1448      35709.7      192.373       35709.689
       9879.2308      36584.1      194.564       36584.110
       9880.3167      37312.4      196.465       37312.404
       9881.4027      37281.8      196.489       37281.808
       9882.4887      37284.0      196.467       37284.016
       9883.5747      37341.9      196.657       37341.904
       9884.6606      37240.0      196.270       37240.025
       9885.7466      37448.9      196.880       37448.902
       9886.8326      37548.0      197.088       37547.976
       9887.9186      37497.3      196.848       37497.271
       9889.0045      37432.0      196.795       37432.031
       9890.0905      37739.7      197.600       37739.653
       9891.1765      37518.1      197.110       37518.141
       9892.2624      37467.6      196.732       37467.586
       9893.3484      37541.6      197.175       37541.607
       9894.4344      37853.2      198.206       37853.206
       9895.5204      37855.3      198.047       37855.282
       9896.6063      38072.4      198.431       38072.401
       9897.6923      38389.7      199.389       38389.721
       9898.7783      37929.9      198.130       37929.917
       9899.8643      37316.1      196.434       37316.101
       9900.9502      38168.7      198.747       38168.717
       9902.0362      38874.8      200.598       38874.823
       9903.1222      39076.0      201.325       39076.022
       9904.2081      38888.9      200.703       38888.945
       9905.2941      39065.8      200.949       39065.816
       9906.3801      38909.5      200.716       38909.526
       9907.4661      39528.2      202.261       39528.161
       9908.5520      39675.9      202.553       39675.870
       9909.6380      38960.9      200.676       38960.913
       9910.7240      38523.8      199.639       38523.823
       9911.8100      39702.4      202.701       39702.391
       9912.8959      40254.4      204.025       40254.361
       9913.9819      40269.3      204.115       40269.270
       9915.0679      40054.2      203.750       40054.248
       9916.1538      40268.5      204.366       40268.467
       9917.2398      40332.8      204.682       40332.834
       9918.3258      40173.1      204.179       40173.116
       9919.4118      40281.7      204.247       40281.676
       9920.4977      40786.8      205.333       40786.795
       9921.5837      40887.1      205.649       40887.132
       9922.6697      40792.4      205.421       40792.392
       9923.7557      40259.0      203.907       40259.007
       9924.8416      40417.3      204.369       40417.330
       9925.9276      40869.4      205.641       40869.360
       9927.0136      40813.7      205.339       40813.685
       9928.0995      40649.5      204.823       40649.493
       9929.1855      40337.8      203.884       40337.840
       9930.2715      41189.5      206.041       41189.482
       9931.3575      41247.7      206.237       41247.737
       9932.4434      41725.5      207.527       41725.544
       9933.5294      41204.3      206.392       41204.260
       9934.6154      41386.6      206.880       41386.549
       9935.7014      41852.2      207.950       41852.193
       9936.7873      42096.8      208.599       42096.798
       9937.8733      42387.4      209.146       42387.408
       9938.9593      42365.0      209.235       42364.967
       9940.0452      41838.5      207.999       41838.545
       9941.1312      41780.5      207.869       41780.510
       9942.2172      42321.0      209.277       42320.956
       9943.3032      42775.4      210.502       42775.437
       9944.3891      42706.5      210.274       42706.509
       9945.4751      42790.3      210.497       42790.340
       9946.5611      43206.1      211.492       43206.058
       9947.6471      43037.3      211.086       43037.283
       9948.7330      43167.2      211.541       43167.208
       9949.8190      43278.1      211.789       43278.083
       9950.9050      43384.8      211.887       43384.848
       9951.9910      43454.8      211.970       43454.798
       9953.0769      43583.6      212.116       43583.553
       9954.1629      43582.5      212.033       43582.525
       9955.2489      43970.6      213.033       43970.627
       9956.3348      44106.7      213.465       44106.711
       9957.4208      43793.4      212.770       43793.402
       9958.5068      43971.1      213.368       43971.060
       9959.5928      44232.5      214.029       44232.518
       9960.6787      44383.2      214.293       44383.194
       9961.7647      44286.6      213.855       44286.589
       9962.8507      44273.8      213.895       44273.824
       9963.9367      43770.0      212.956       43770.030
       9965.0226      43688.7      212.593       43688.674
       9966.1086      44699.4      214.939       44699.391
       9967.1946      44811.8      215.063       44811.805
       9968.2805      44715.7      214.708       44715.703
       9969.3665      44969.3      215.383       44969.298
       9970.4525      45147.7      215.794       45147.724
       9971.5385      45032.8      215.519       45032.847
       9972.6244      45050.5      215.468       45050.533
       9973.7104      45309.9      216.200       45309.854
       9974.7964      45587.6      217.001       45587.565
       9975.8824      45295.9      216.343       45295.856
       9976.9683      45218.5      216.122       45218.488
       9978.0543      45231.3      215.953       45231.286
       9979.1403      45563.3      216.801       45563.313
       9980.2262      45733.1      217.113       45733.079
       9981.3122      45778.1      217.338       45778.132
       9982.3982      45573.1      216.744       45573.058
       9983.4842      45798.9      217.234       45798.906
       9984.5701      45989.7      217.910       45989.714
       9985.6561      46220.7      218.431       46220.701
       9986.7421      46131.1      218.153       46131.064
       9987.8281      45948.8      217.635       45948.835
       9988.9140      46235.3      218.304       46235.282
       9990.0000      46070.1      217.932       46070.117
       9991.0860      45954.1      217.679       45954.106
       9992.1719      45831.6      217.388       45831.611
       9993.2579      45178.0      215.953       45177.972
       9994.3439      45250.9      216.181       45250.873
       9995.4299      45856.8      217.574       45856.833
       9996.5158      46037.1      218.037       46037.083
       9997.6018      46094.7      218.053       46094.703
       9998.6878      46003.6      218.003       46003.580
       9999.7738      45915.6      217.666       45915.563
       10000.860      45906.8      217.582       45906.847
       10001.946      45776.2      217.274       45776.214
       10003.032      45577.1      216.983       45577.107
       10004.118      45491.5      216.775       45491.524
       10005.204      45627.8      217.189       45627.751
       10006.290      45592.8      216.940       45592.797
       10007.376      45405.6      216.555       45405.623
       10008.462      45596.7      217.002       45596.698
       10009.548      45931.4      217.665       45931.385
       10010.633      45407.2      216.417       45407.220
       10011.719      45320.6      216.289       45320.568
       10012.805      45371.1      216.531       45371.144
       10013.891      45151.7      216.256       45151.733
       10014.977      44771.3      215.496       44771.289
       10016.063      44671.3      215.231       44671.327
       10017.149      45182.8      216.357       45182.810
       10018.235      45272.3      216.237       45272.268
       10019.321      44630.2      214.679       44630.179
       10020.407      44486.4      214.147       44486.385
       10021.493      44495.8      214.326       44495.795
       10022.579      44301.3      213.969       44301.326
       10023.665      44019.2      213.274       44019.243
       10024.751      43727.1      212.544       43727.070
       10025.837      43903.4      212.927       43903.362
       10026.923      43847.3      213.139       43847.279
       10028.009      43502.2      212.267       43502.151
       10029.095      43521.1      212.197       43521.074
       10030.181      43125.1      211.147       43125.131
       10031.267      42865.0      210.544       42864.987
       10032.353      42605.5      209.905       42605.541
       10033.439      42311.8      209.226       42311.762
       10034.525      41700.3      207.649       41700.284
       10035.611      41375.5      206.768       41375.513
       10036.697      40964.1      205.815       40964.121
       10037.783      40428.9      204.448       40428.942
       10038.869      40108.0      203.846       40108.000
       10039.955      39289.6      201.791       39289.582
       10041.041      38586.4      200.037       38586.439
       10042.127      38250.5      199.268       38250.523
       10043.213      37493.1      197.286       37493.096
       10044.299      36628.2      194.926       36628.214
       10045.385      35438.5      191.691       35438.472
       10046.471      34516.5      189.417       34516.510
       10047.557      33365.6      186.405       33365.633
       10048.643      32716.6      184.449       32716.567
       10049.729      32748.8      184.535       32748.755
       10050.814      32320.4      183.504       32320.359
       10051.900      31795.1      182.074       31795.088
       10052.986      31915.1      182.302       31915.119
       10054.072      32461.1      183.938       32461.092
       10055.158      33354.3      186.372       33354.347
       10056.244      34227.3      188.741       34227.283
       10057.330      35497.0      192.122       35496.977
       10058.416      36280.3      194.076       36280.347
       10059.502      37289.7      196.748       37289.702
       10060.588      38113.4      198.919       38113.364
       10061.674      38423.1      199.778       38423.061
       10062.760      39584.1      202.607       39584.135
       10063.846      40620.2      205.048       40620.224
       10064.932      41354.3      206.837       41354.255
       10066.018      41594.4      207.505       41594.420
       10067.104      41907.2      208.140       41907.155
       10068.190      42458.2      209.557       42458.224
       10069.276      43096.1      210.944       43096.120
       10070.362      43815.2      212.747       43815.227
       10071.448      44408.1      214.349       44408.116
       10072.534      44913.9      215.607       44913.931
       10073.620      44820.7      215.134       44820.692
       10074.706      45375.3      216.665       45375.257
       10075.792      46169.4      218.400       46169.426
       10076.878      46242.4      218.411       46242.367
       10077.964      46253.7      218.603       46253.725
       10079.050      46673.5      219.511       46673.478
       10080.136      46040.9      220.082       46040.888
       10081.222      46534.6      220.630       46534.631
       10082.308      47306.1      220.881       47306.066
       10083.394      47719.6      221.964       47719.571
       10084.480      47785.6      222.270       47785.566
       10085.566      47703.8      222.136       47703.810
       10086.652      48059.8      222.888       48059.774
       10087.738      48420.0      223.456       48420.033
       10088.824      48430.3      223.345       48430.261
       10089.910      48566.5      223.601       48566.479
       10090.995      48923.7      224.299       48923.740
       10092.081      48620.6      223.867       48620.588
       10093.167      48553.9      223.787       48553.875
       10094.253      48654.1      223.961       48654.076
       10095.339      48757.5      224.097       48757.506
       10096.425      49159.4      225.025       49159.407
       10097.511      49503.6      225.839       49503.591
       10098.597      49457.9      225.781       49457.867
       10099.683      49321.4      225.362       49321.406
       10100.769      49330.7      225.412       49330.651
       10101.855      49147.8      224.908       49147.839
       10102.941      49792.4      226.299       49792.390
       10104.027      50074.3      227.099       50074.332
       10105.113      50992.0      229.228       50992.043
       10106.199      51387.5      230.061       51387.545
       10107.285      51023.4      229.152       51023.413
       10108.371      51277.8      229.832       51277.809
       10109.457      51233.4      229.624       51233.432
       10110.543      50695.2      228.505       50695.249
       10111.629      50786.7      228.624       50786.697
       10112.715      50647.4      228.239       50647.418
       10113.801      50096.6      226.978       50096.598
       10114.887      49881.6      226.521       49881.608
       10115.973      50742.2      228.570       50742.155
       10117.059      51240.8      229.689       51240.823
       10118.145      51489.1      230.218       51489.118
       10119.231      51315.6      229.891       51315.570
       10120.317      51822.5      230.853       51822.499
       10121.403      51685.6      230.463       51685.592
       10122.489      51742.7      230.609       51742.719
       10123.575      51749.8      230.697       51749.846
       10124.661      51543.1      230.436       51543.141
       10125.747      50698.3      228.839       50698.254
       10126.833      50912.2      229.429       50912.223
       10127.919      51813.5      231.388       51813.477
       10129.005      51827.3      231.297       51827.272
       10130.090      52119.9      231.695       52119.937
       10131.176      52538.6      232.505       52538.643
       10132.262      52794.9      232.992       52794.936
       10133.348      52859.8      233.147       52859.847
       10134.434      53034.6      233.382       53034.580
       10135.520      53344.7      234.228       53344.656
       10136.606      53109.5      233.656       53109.476
       10137.692      52853.3      232.986       52853.267
       10138.778      52951.4      233.343       52951.399
       10139.864      53124.3      233.635       53124.272
       10140.950      53402.2      234.312       53402.230
       10142.036      53330.0      234.224       53329.980
       10143.122      53384.5      234.278       53384.459
       10144.208      53352.5      234.219       53352.524
       10145.294      53087.6      233.718       53087.568
       10146.380      53691.3      234.955       53691.294
       10147.466      53666.9      234.814       53666.860
       10148.552      53750.5      235.107       53750.534
       10149.638      53241.5      233.869       53241.522
       10150.724      53592.3      234.678       53592.274
       10151.810      53950.5      235.384       53950.520
       10152.896      54350.5      236.377       54350.541
       10153.982      53982.2      235.763       53982.211
       10155.068      53960.0      235.661       53959.999
       10156.154      53707.8      235.132       53707.834
       10157.240      53514.5      234.705       53514.534
       10158.326      53887.7      235.414       53887.728
       10159.412      54116.1      235.999       54116.110
       10160.498      54158.2      235.998       54158.233
       10161.584      53835.8      235.186       53835.774
       10162.670      53908.4      235.341       53908.390
       10163.756      54211.1      236.021       54211.059
       10164.842      54439.6      236.556       54439.563
       10165.928      54307.5      236.251       54307.521
       10167.014      54166.7      235.814       54166.707
       10168.100      54336.5      236.324       54336.520
       10169.186      54220.3      236.079       54220.302
       10170.271      54543.7      236.642       54543.738
       10171.357      54339.2      236.393       54339.173
       10172.443      54314.6      236.310       54314.551
       10173.529      53855.2      235.757       53855.242
       10174.615      54097.6      236.379       54097.599
       10175.701      54531.4      237.200       54531.442
       10176.787      54287.9      236.495       54287.917
       10177.873      54653.7      236.864       54653.722
       10178.959      54836.5      237.470       54836.479
       10180.045      54937.5      237.560       54937.502
       10181.131      54632.7      236.896       54632.712
       10182.217      54954.8      237.556       54954.838
       10183.303      54150.2      236.020       54150.210
       10184.389      53875.7      235.447       53875.695
       10185.475      53823.7      235.076       53823.687
       10186.561      54737.6      237.190       54737.563
       10187.647      55042.7      237.877       55042.737
       10188.733      55262.9      238.162       55262.895
       10189.819      54956.9      237.682       54956.892
       10190.905      54899.0      237.730       54898.967
       10191.991      55188.1      238.497       55188.113
       10193.077      55085.8      238.332       55085.792
       10194.163      55041.7      238.167       55041.662
       10195.249      54953.2      237.794       54953.197
       10196.335      55331.3      238.448       55331.342
       10197.421      55295.4      238.366       55295.431
       10198.507      55089.5      237.871       55089.530
       10199.593      55237.8      238.211       55237.834
       10200.679      55103.7      237.989       55103.733
       10201.765      55384.4      238.389       55384.401
       10202.851      54975.1      237.707       54975.088
       10203.937      54395.9      236.530       54395.852
       10205.023      54718.4      237.376       54718.389
       10206.109      54312.5      236.380       54312.461
       10207.195      54679.6      237.208       54679.557
       10208.281      55013.1      237.843       55013.050
       10209.367      55203.7      238.116       55203.713
       10210.452      55156.2      237.999       55156.190
       10211.538      55089.5      237.963       55089.537
       10212.624      54902.8      237.862       54902.824
       10213.710      55054.8      238.457       55054.753
       10214.796      55057.3      238.293       55057.290
       10215.882      54951.6      237.955       54951.588
       10216.968      54755.5      237.143       54755.482
       10218.054      54737.8      237.172       54737.760
       10219.140      54876.8      237.243       54876.831
       10220.226      54623.4      236.743       54623.354
       10221.312      55166.6      238.072       55166.621
       10222.398      54658.9      236.867       54658.924
       10223.484      55294.7      238.215       55294.684
       10224.570      55098.8      237.802       55098.765
       10225.656      54989.3      237.614       54989.284
       10226.742      55103.9      238.099       55103.894
       10227.828      55239.9      238.188       55239.934
       10228.914      54943.4      237.689       54943.427
       10230.000      54868.2      237.663       54868.214
       10231.086      54767.3      237.352       54767.293
       10232.172      54782.0      237.438       54781.952
       10233.258      55090.7      238.062       55090.728
       10234.344      54761.5      237.426       54761.547
       10235.430      54939.2      237.879       54939.205
       10236.516      54560.6      236.774       54560.615
       10237.602      55301.6      238.353       55301.607
       10238.688      54950.5      237.820       54950.518
       10239.774      54651.4      236.956       54651.382
       10240.860      54709.6      237.042       54709.605
       10241.946      55020.2      237.796       55020.227
       10243.032      54609.4      236.871       54609.379
       10244.118      55166.9      238.195       55166.914
       10245.204      54940.3      237.621       54940.325
       10246.290      55068.0      237.837       55067.954
       10247.376      54865.1      237.404       54865.111
       10248.462      55106.8      237.893       55106.826
       10249.548      54941.1      238.715       54941.067
       10250.633      54506.7      238.235       54506.726
       10251.719      54252.7      236.153       54252.703
       10252.805      54748.5      236.997       54748.501
       10253.891      54639.5      236.891       54639.462
       10254.977      54578.4      236.595       54578.440
       10256.063      54341.1      236.196       54341.145
       10257.149      54892.5      237.513       54892.495
       10258.235      54751.7      237.103       54751.665
       10259.321      54618.1      236.702       54618.126
       10260.407      54470.6      236.296       54470.593
       10261.493      54120.3      235.710       54120.326
       10262.579      54474.1      236.363       54474.062
       10263.665      54365.0      236.144       54365.042
       10264.751      54641.7      236.855       54641.733
       10265.837      54227.6      235.935       54227.648
       10266.923      54487.9      236.511       54487.890
       10268.009      54314.4      236.252       54314.435
       10269.095      54244.8      235.971       54244.828
       10270.181      52264.2      231.683       52264.232
       10271.267      51027.8      228.979       51027.793
       10272.353      54490.1      236.519       54490.118
       10273.439      53773.0      235.205       53773.019
       10274.525      54061.5      235.734       54061.494
       10275.611      54002.1      235.579       54002.064
       10276.697      54112.5      235.747       54112.512
       10277.783      53824.8      235.162       53824.773
       10278.869      53856.0      235.235       53855.959
       10279.955      54085.4      235.615       54085.433
       10281.041      54061.8      235.518       54061.822
       10282.127      53818.6      235.232       53818.601
       10283.213      54072.7      235.710       54072.655
       10284.299      54541.6      236.712       54541.577
       10285.385      54010.2      235.532       54010.155
       10286.471      54127.5      235.895       54127.514
       10287.557      53837.4      236.052       53837.365
       10288.643      53931.8      236.635       53931.788
       10289.729      53782.7      236.607       53782.679
       10290.814      53656.2      236.010       53656.182
       10291.900      53646.8      235.446       53646.750
       10292.986      53793.6      235.094       53793.580
       10294.072      53763.8      235.139       53763.764
       10295.158      53816.3      235.249       53816.269
       10296.244      53745.7      235.251       53745.676
       10297.330      54012.5      235.906       54012.492
       10298.416      53977.4      235.984       53977.430
       10299.502      53639.6      235.018       53639.650
       10300.588      53548.0      234.976       53547.958
       10301.674      53365.9      234.399       53365.943
       10302.760      53604.9      234.756       53604.870
       10303.846      53478.3      234.531       53478.291
       10304.932      53514.7      234.524       53514.690
       10306.018      53606.7      234.673       53606.693
       10307.104      53657.8      234.583       53657.794
       10308.190      53901.0      235.310       53901.009
       10309.276      53389.7      234.226       53389.673
       10310.362      53553.3      234.538       53553.330
       10311.448      53133.1      233.771       53133.077
       10312.534      52268.5      231.949       52268.477
       10313.620      53161.9      233.893       53161.870
       10314.706      53668.2      234.897       53668.212
       10315.792      53710.4      234.751       53710.354
       10316.878      53318.5      234.011       53318.452
       10317.964      53596.5      234.612       53596.523
       10319.050      53281.2      233.839       53281.158
       10320.136      53431.2      234.121       53431.217
       10321.222      53511.4      234.493       53511.374
       10322.308      53517.9      234.495       53517.933
       10323.394      53556.1      234.525       53556.059
       10324.480      53376.4      234.220       53376.384
       10325.566      52920.5      233.173       52920.508
       10326.652      52166.0      231.648       52165.978
       10327.738      52809.7      232.963       52809.732
       10328.824      53560.8      234.624       53560.802
       10329.910      53002.7      233.412       53002.654
       10330.995      52857.6      233.170       52857.584
       10332.081      53095.2      233.654       53095.198
       10333.167      53190.4      233.774       53190.413
       10334.253      53167.7      233.584       53167.730
       10335.339      53406.3      234.204       53406.340
       10336.425      53339.8      234.310       53339.829
       10337.511      53440.3      234.425       53440.307
       10338.597      53560.9      234.644       53560.919
       10339.683      53468.0      234.339       53468.023
       10340.769      53055.2      233.435       53055.231
       10341.855      53309.4      234.053       53309.428
       10342.941      53724.3      235.125       53724.330
       10344.027      53547.4      234.661       53547.421
       10345.113      52783.5      232.872       52783.539
       10346.199      52805.4      233.000       52805.410
       10347.285      53535.8      234.628       53535.804
       10348.371      53915.5      235.544       53915.471
       10349.457      53940.3      235.809       53940.340
       10350.543      53925.8      235.822       53925.770
       10351.629      53924.5      235.550       53924.455
       10352.715      53880.8      235.478       53880.843
       10353.801      53849.4      235.312       53849.419
       10354.887      54106.5      235.795       54106.513
       10355.973      54053.0      235.779       54052.962
       10357.059      54094.8      235.790       54094.802
       10358.145      53923.5      235.439       53923.460
       10359.231      54179.0      236.008       54178.956
       10360.317      54445.1      236.504       54445.119
       10361.403      54169.6      235.957       54169.601
       10362.489      54210.4      235.948       54210.357
       10363.575      54035.4      235.591       54035.437
       10364.661      54135.3      235.834       54135.319
       10365.747      54279.4      236.242       54279.439
       10366.833      54361.9      236.386       54361.932
       10367.919      54272.2      236.114       54272.227
       10369.005      54171.5      235.869       54171.481
       10370.090      53994.0      235.517       53993.952
       10371.176      53863.3      235.393       53863.300
       10372.262      54194.4      236.083       54194.362
       10373.348      54451.7      236.884       54451.694
       10374.434      54749.0      238.020       54748.985
       10375.520      54228.2      236.995       54228.206
       10376.606      54143.1      236.917       54143.065
       10377.692      54437.8      237.258       54437.792
       10378.778      54779.6      237.342       54779.594
       10379.864      54676.5      236.898       54676.519
       10380.950      54729.6      237.103       54729.589
       10382.036      54788.7      237.239       54788.745
       10383.122      54962.0      237.587       54961.974
       10384.208      54994.1      237.647       54994.055
       10385.294      54922.6      237.509       54922.630
       10386.380      54309.5      236.192       54309.523
       10387.466      53932.1      235.376       53932.074
       10388.552      55202.2      238.233       55202.203
       10389.638      55409.8      238.745       55409.791
       10390.724      55119.5      238.085       55119.465
       10391.810      55173.7      238.175       55173.685
       10392.896      55430.2      238.732       55430.225
       10393.982      55465.4      238.710       55465.446
       10395.068      55686.7      239.107       55686.702
       10396.154      55583.3      238.932       55583.301
       10397.240      55516.6      238.948       55516.620
       10398.326      54087.9      236.462       54087.894
       10399.412      53484.1      235.142       53484.097
       10400.498      54869.4      237.631       54869.391
       10401.584      55562.7      238.989       55562.660
       10402.670      55861.6      239.483       55861.598
       10403.756      55853.0      239.410       55852.974
       10404.842      55716.8      239.224       55716.836
       10405.928      55192.3      238.070       55192.254
       10407.014      55683.3      239.079       55683.272
       10408.100      56102.0      239.895       56101.984
       10409.186      55859.2      239.465       55859.174
       10410.271      55917.3      239.541       55917.332
       10411.357      56255.0      240.214       56254.955
       10412.443      56046.2      239.926       56046.180
       10413.529      55832.4      239.422       55832.431
       10414.615      56039.8      239.764       56039.838
       10415.701      55778.2      239.284       55778.193
       10416.787      56136.8      240.155       56136.763
       10417.873      56496.8      240.878       56496.839
       10418.959      56205.5      240.596       56205.492
       10420.045      56348.2      241.477       56348.160
       10421.131      56340.8      241.595       56340.843
       10422.217      56543.4      242.029       56543.353
       10423.303      56456.4      241.224       56456.442
       10424.389      56182.0      240.161       56182.006
       10425.475      56333.6      240.414       56333.549
       10426.561      56594.1      241.066       56594.136
       10427.647      56630.5      241.277       56630.489
       10428.733      56211.5      240.202       56211.541
       10429.819      56220.2      240.222       56220.174
       10430.905      56303.8      240.614       56303.804
       10431.991      56209.0      240.256       56209.024
       10433.077      56197.5      240.264       56197.466
       10434.163      55963.3      239.624       55963.297
       10435.249      56262.0      240.304       56262.033
       10436.335      56221.6      240.351       56221.549
       10437.421      56251.5      240.357       56251.530
       10438.507      56576.8      241.126       56576.825
       10439.593      56267.5      240.388       56267.470
       10440.679      55785.3      239.453       55785.301
       10441.765      56143.6      240.135       56143.623
       10442.851      56310.2      240.589       56310.154
       10443.937      55980.5      239.814       55980.547
       10445.023      55498.9      238.841       55498.883
       10446.109      56669.4      241.329       56669.443
       10447.195      56618.7      241.141       56618.676
       10448.281      56615.0      241.060       56614.973
       10449.367      56144.1      240.107       56144.059
       10450.452      55956.3      239.881       55956.254
       10451.538      56171.5      240.360       56171.505
       10452.624      55955.3      240.041       55955.318
       10453.710      55519.3      239.021       55519.328
       10454.796      55948.3      239.968       55948.292
       10455.882      55682.4      239.244       55682.354
       10456.968      55094.0      237.973       55093.983
       10458.054      55296.2      238.362       55296.192
       10459.140      55971.6      239.668       55971.604
       10460.226      55291.8      238.386       55291.788
       10461.312      55444.0      238.690       55444.024
       10462.398      55615.9      238.966       55615.917
       10463.484      55080.6      237.863       55080.571
       10464.570      55552.5      238.942       55552.481
       10465.656      55856.3      239.616       55856.292
       10466.742      55881.2      239.713       55881.249
       10467.828      56103.3      239.865       56103.330
       10468.914      56181.8      240.249       56181.791
       10470.000      55799.0      239.811       55798.997
       10471.086      56262.9      241.008       56262.908
       10472.172      55651.0      239.855       55651.044
       10473.258      55226.0      238.776       55225.967
       10474.344      55474.6      238.884       55474.562
       10475.430      56025.8      239.974       56025.767
       10476.516      56098.3      240.075       56098.328
       10477.602      56085.5      239.898       56085.476
       10478.688      55888.6      239.526       55888.589
       10479.774      55769.9      239.487       55769.886
       10480.860      55551.7      238.906       55551.728
       10481.946      55337.3      238.293       55337.259
       10483.032      54884.2      237.506       54884.184
       10484.118      55696.1      239.124       55696.061
       10485.204      55888.4      239.570       55888.396
       10486.290      55835.3      239.297       55835.284
       10487.376      55736.1      239.099       55736.053
       10488.462      55403.8      238.636       55403.823
       10489.548      55100.2      237.835       55100.186
       10490.633      55630.7      239.080       55630.747
       10491.719      55793.7      239.370       55793.718
       10492.805      55188.4      237.993       55188.390
       10493.891      55095.2      237.961       55095.190
       10494.977      55101.0      237.898       55100.989
       10496.063      54989.5      237.644       54989.474
       10497.149      55413.4      238.433       55413.385
       10498.235      55111.0      237.938       55111.042
       10499.321      54911.3      237.434       54911.315
       10500.407      54752.5      237.149       54752.487
       10501.493      54756.6      237.121       54756.635
       10502.579      55266.0      238.188       55266.014
       10503.665      55071.0      237.715       55070.991
       10504.751      54743.6      236.980       54743.614
       10505.837      54340.8      236.148       54340.784
       10506.923      54781.4      237.070       54781.441
       10508.009      54820.0      237.143       54820.044
       10509.095      54975.8      237.646       54975.763
       10510.181      55091.1      237.891       55091.056
       10511.267      54921.9      237.597       54921.925
       10512.353      54806.8      237.356       54806.843
       10513.439      54824.8      237.542       54824.750
       10514.525      54729.4      237.112       54729.437
       10515.611      53787.2      235.022       53787.215
       10516.697      53683.0      234.814       53683.031
       10517.783      54654.2      236.999       54654.250
       10518.869      55012.7      237.590       55012.661
       10519.955      54472.5      236.475       54472.518
       10521.041      54837.8      237.375       54837.821
       10522.127      54423.3      236.353       54423.272
       10523.213      54462.8      236.495       54462.784
       10524.299      54954.4      237.622       54954.427
       10525.385      54659.4      237.171       54659.427
       10526.471      54738.1      237.430       54738.050
       10527.557      54849.6      237.685       54849.566
       10528.643      54770.8      237.530       54770.777
       10529.729      54434.4      236.555       54434.403
       10530.814      53567.2      234.541       53567.222
       10531.900      54769.5      237.249       54769.519
       10532.986      54190.9      235.992       54190.897
       10534.072      52838.2      232.934       52838.194
       10535.158      53379.4      234.246       53379.385
       10536.244      54833.7      237.189       54833.688
       10537.330      54560.5      236.724       54560.524
       10538.416      54651.7      236.876       54651.722
       10539.502      54614.5      236.826       54614.461
       10540.588      54687.1      236.978       54687.145
       10541.674      54665.1      236.943       54665.086
       10542.760      54345.0      236.306       54344.998
       10543.846      54333.8      236.189       54333.807
       10544.932      54311.8      236.077       54311.758
       10546.018      54130.2      235.753       54130.225
       10547.104      54342.9      236.411       54342.895
       10548.190      54724.8      237.087       54724.791
       10549.276      54455.6      236.461       54455.588
       10550.362      54775.3      237.107       54775.291
       10551.448      54902.7      237.335       54902.727
       10552.534      55075.8      237.815       55075.820
       10553.620      55013.8      237.602       55013.755
       10554.706      54599.9      236.733       54599.936
       10555.792      54585.5      236.685       54585.483
       10556.878      54722.0      237.024       54722.010
       10557.964      54877.1      237.290       54877.082
       10559.050      54827.3      237.295       54827.347
       10560.136      54974.9      237.543       54974.944
       10561.222      54546.5      236.737       54546.469
       10562.308      54805.6      237.152       54805.609
       10563.394      55245.0      238.138       55244.961
       10564.480      55227.9      238.240       55227.906
       10565.566      55388.7      238.522       55388.694
       10566.652      55476.6      238.704       55476.623
       10567.738      55269.9      238.137       55269.881
       10568.824      55464.1      238.605       55464.120
       10569.910      55564.4      238.857       55564.390
       10570.995      55108.3      237.971       55108.339
       10572.081      55038.3      237.688       55038.303
       10573.167      55192.9      237.979       55192.911
       10574.253      55342.9      238.377       55342.926
       10575.339      55273.7      238.295       55273.698
       10576.425      55573.7      238.987       55573.658
       10577.511      55523.6      238.739       55523.580
       10578.597      55250.4      238.150       55250.352
       10579.683      55221.3      238.012       55221.286
       10580.769      55154.4      237.888       55154.443
       10581.855      55108.9      237.828       55108.928
       10582.941      55001.1      237.618       55001.127
       10584.027      54985.8      237.495       54985.815
       10585.113      55038.7      237.687       55038.696
       10586.199      54283.2      236.159       54283.222
       10587.285      53574.8      234.758       53574.814
       10588.371      54261.9      236.189       54261.928
       10589.457      54573.7      236.879       54573.687
       10590.543      54962.8      237.605       54962.768
       10591.629      55452.3      238.579       55452.335
       10592.715      55407.4      238.534       55407.441
       10593.801      55573.0      238.787       55572.956
       10594.887      55823.6      239.326       55823.628
       10595.973      55733.4      239.148       55733.427
       10597.059      55562.5      238.693       55562.502
       10598.145      55578.3      238.862       55578.300
       10599.231      55161.4      237.890       55161.437
       10600.317      55232.0      238.065       55232.038
       10601.403      55314.4      238.318       55314.418
       10602.489      55126.2      238.064       55126.206
       10603.575      55334.7      238.460       55334.727
       10604.661      55215.2      238.106       55215.229
       10605.747      55316.0      238.307       55315.973
       10606.833      55411.6      238.461       55411.613
       10607.919      55535.7      238.685       55535.721
       10609.005      55932.4      239.531       55932.447
       10610.090      56165.1      240.103       56165.100
       10611.176      55797.6      239.535       55797.618
       10612.262      55632.7      239.075       55632.686
       10613.348      55400.1      238.447       55400.094
       10614.434      55405.0      238.453       55405.007
       10615.520      55516.0      238.705       55516.001
       10616.606      55760.9      239.242       55760.934
       10617.692      55805.5      239.275       55805.483
       10618.778      55798.5      239.290       55798.473
       10619.864      55800.0      239.433       55799.967
       10620.950      55870.8      239.469       55870.769
       10622.036      56065.1      239.871       56065.088
       10623.122      55947.4      239.533       55947.393
       10624.208      54188.3      235.863       54188.274
       10625.294      52687.0      232.821       52687.035
       10626.380      54385.2      236.486       54385.194
       10627.466      55583.0      238.950       55582.975
       10628.552      55584.0      238.983       55584.034
       10629.638      55536.4      238.752       55536.419
       10630.724      55758.4      239.224       55758.411
       10631.810      55658.2      239.078       55658.193
       10632.896      55592.2      238.936       55592.239
       10633.982      55494.4      238.729       55494.445
       10635.068      55454.0      238.453       55454.018
       10636.154      55675.0      239.022       55675.033
       10637.240      55575.7      238.790       55575.667
       10638.326      55664.7      238.950       55664.699
       10639.412      55262.0      238.103       55261.998
       10640.498      54456.2      236.412       54456.204
       10641.584      54788.3      237.249       54788.341
       10642.670      55324.4      238.425       55324.406
       10643.756      55316.4      238.358       55316.424
       10644.842      54766.6      237.247       54766.630
       10645.928      54876.5      237.415       54876.533
       10647.014      54928.9      237.439       54928.934
       10648.100      53992.9      235.547       53992.890
       10649.186      54567.7      236.677       54567.656
       10650.271      54624.6      235.840       54624.628
       10651.357      54886.5      237.318       54886.461
       10652.443      54724.7      237.117       54724.657
       10653.529      54442.1      236.531       54442.054
       10654.615      54539.3      236.672       54539.264
       10655.701      54390.3      236.403       54390.263
       10656.787      53960.7      235.465       53960.656
       10657.873      53897.9      235.316       53897.887
       10658.959      53870.9      235.307       53870.939
       10660.045      53430.9      234.186       53430.944
       10661.131      53313.3      233.897       53313.254
       10662.217      53816.6      235.103       53816.626
       10663.303      53914.9      235.132       53914.931
       10664.389      53445.0      234.192       53445.011
       10665.475      53631.1      234.717       53631.067
       10666.561      53885.4      235.228       53885.374
       10667.647      54199.9      235.920       54199.918
       10668.733      53375.6      234.119       53375.572
       10669.819      52977.9      233.234       52977.884
       10670.905      53575.2      234.357       53575.195
       10671.991      52843.0      232.924       52843.033
       10673.077      52398.9      232.040       52398.896
       10674.163      52824.4      232.895       52824.382
       10675.249      53229.7      233.821       53229.741
       10676.335      53200.9      233.708       53200.924
       10677.421      52798.6      232.922       52798.624
       10678.507      52490.1      232.257       52490.085
       10679.593      52000.0      231.126       51999.998
       10680.679      50784.5      228.558       50784.470
       10681.765      51223.8      229.466       51223.755
       10682.851      51556.4      230.227       51556.400
       10683.937      51360.4      229.910       51360.367
       10685.023      51276.2      229.526       51276.171
       10686.109      50324.2      227.403       50324.204
       10687.195      50389.6      227.624       50389.606
       10688.281      49998.2      226.804       49998.235
       10689.367      49825.4      226.312       49825.437
       10690.452      49589.3      225.867       49589.287
       10691.538      49603.5      225.862       49603.454
       10692.624      49856.2      226.510       49856.177
       10693.710      49823.1      226.387       49823.116
       10694.796      49988.9      226.533       49988.930
       10695.882      50466.6      227.648       50466.552
       10696.968      50545.7      227.895       50545.665
       10698.054      50521.8      227.859       50521.749
       10699.140      50534.4      227.980       50534.385
       10700.226      51465.1      229.980       51465.108
       10701.312      51500.9      230.092       51500.852
       10702.398      51299.9      229.747       51299.888
       10703.484      51482.2      230.123       51482.152
       10704.570      51136.4      229.375       51136.365
       10705.656      50938.9      228.781       50938.896
       10706.742      50954.8      228.930       50954.765
       10707.828      50576.3      227.955       50576.322
       10708.914      50965.6      228.762       50965.644
       10710.000      50631.1      227.912       50631.051
       10711.086      50705.4      228.453       50705.449
       10712.172      50555.9      228.240       50555.900
       10713.258      50496.2      228.177       50496.163
       10714.344      50620.1      228.339       50620.053
       10715.430      50240.1      227.404       50240.148
       10716.516      49972.5      226.635       49972.524
       10717.602      50763.4      228.432       50763.436
       10718.688      50269.3      227.293       50269.298
       10719.774      49733.7      226.161       49733.682
       10720.860      50203.3      227.362       50203.274
       10721.946      50074.4      226.937       50074.406
       10723.032      49744.3      226.242       49744.314
       10724.118      50473.6      227.745       50473.556
       10725.204      49493.3      225.567       49493.254
       10726.290      49631.9      225.768       49631.929
       10727.376      49714.1      226.104       49714.135
       10728.462      49095.1      224.729       49095.118
       10729.548      49252.2      225.603       49252.212
       10730.633      48923.0      225.031       48923.026
       10731.719      49253.5      225.828       49253.506
       10732.805      49203.4      225.596       49203.350
       10733.891      49258.4      225.233       49258.392
       10734.977      49749.6      226.084       49749.574
       10736.063      49742.9      226.096       49742.922
       10737.149      49411.6      225.537       49411.601
       10738.235      48987.9      224.471       48987.879
       10739.321      49571.4      225.649       49571.417
       10740.407      49503.1      225.566       49503.099
       10741.493      49505.9      225.632       49505.945
       10742.579      49181.1      224.857       49181.093
       10743.665      48795.5      223.940       48795.493
       10744.751      49046.2      224.770       49046.211
       10745.837      48783.7      224.256       48783.699
       10746.923      48510.3      223.618       48510.259
       10748.009      48645.0      223.634       48645.033
       10749.095      48233.9      222.741       48233.859
       10750.181      48648.9      223.500       48648.921
       10751.267      48433.5      223.488       48433.548
       10752.353      48222.6      223.280       48222.589
       10753.439      48605.5      224.390       48605.474
       10754.525      48509.4      224.146       48509.372
       10755.611      48244.7      223.211       48244.667
       10756.697      48471.1      223.353       48471.085
       10757.783      48389.8      223.042       48389.822
       10758.869      48435.8      223.021       48435.768
       10759.955      48882.0      224.151       48881.972
       10761.041      48710.5      223.642       48710.467
       10762.127      48798.2      223.910       48798.230
       10763.213      49023.4      224.582       49023.351
       10764.299      48808.8      224.085       48808.758
       10765.385      48762.3      223.951       48762.282
       10766.471      48846.0      224.185       48845.967
       10767.557      49204.6      224.769       49204.601
       10768.643      48778.8      224.040       48778.827
       10769.729      49061.1      224.721       49061.139
       10770.814      48761.7      223.894       48761.663
       10771.900      48562.0      223.474       48561.966
       10772.986      48818.3      224.153       48818.281
       10774.072      48565.6      223.716       48565.612
       10775.158      48501.8      223.620       48501.849
       10776.244      48510.7      223.388       48510.705
       10777.330      48674.0      223.691       48673.986
       10778.416      49078.0      224.624       49077.976
       10779.502      48875.5      224.308       48875.533
       10780.588      49248.7      224.999       49248.717
       10781.674      48623.3      223.407       48623.336
       10782.760      48868.0      224.049       48868.029
       10783.846      48761.4      223.881       48761.412
       10784.932      48545.5      223.329       48545.457
       10786.018      48786.8      223.762       48786.846
       10787.104      48759.3      223.816       48759.346
       10788.190      48946.7      224.286       48946.735
       10789.276      49429.9      225.307       49429.877
       10790.362      49027.3      224.290       49027.327
       10791.448      49240.2      224.949       49240.208
       10792.534      49196.4      224.740       49196.353
       10793.620      49131.0      224.874       49130.985
       10794.706      49241.7      225.114       49241.747
       10795.792      49523.4      225.755       49523.357
       10796.878      49769.8      226.161       49769.790
       10797.964      49844.8      226.274       49844.832
       10799.050      49408.4      225.252       49408.420
       10800.136      49534.0      225.687       49533.982
       10801.222      49252.4      224.976       49252.393
       10802.308      49281.0      225.148       49281.021
       10803.394      49125.7      224.664       49125.668
       10804.480      49657.9      225.969       49657.917
       10805.566      49109.0      225.781       49109.044
       10806.652      49261.8      225.111       49261.789
       10807.738      49529.1      225.585       49529.105
       10808.824      49496.8      225.583       49496.779
       10809.910      49803.6      226.236       49803.632
       10810.995      49346.1      225.246       49346.120
       10812.081      49451.7      225.606       49451.677
       10813.167      49780.5      226.310       49780.460
       10814.253      49381.3      225.417       49381.326
       10815.339      49660.6      225.874       49660.599
       10816.425      49996.4      226.729       49996.358
       10817.511      49470.2      225.674       49470.192
       10818.597      49972.8      226.656       49972.765
       10819.683      50408.5      227.691       50408.513
       10820.769      49834.1      226.574       49834.078
       10821.855      49788.1      226.150       49788.087
       10822.941      49721.3      226.164       49721.300
       10824.027      49805.1      226.277       49805.056
       10825.113      49779.3      226.227       49779.311
       10826.199      49977.2      226.555       49977.217
       10827.285      50387.3      227.509       50387.284
       10828.371      49868.3      226.375       49868.282
       10829.457      49286.3      225.224       49286.255
       10830.543      49613.4      226.175       49613.392
       10831.629      49618.8      227.562       49618.778
       10832.715      50001.5      229.666       50001.538
       10833.801      49394.0      228.358       49394.048
       10834.887      48902.2      226.697       48902.244
       10835.973      49238.3      226.372       49238.293
       10837.059      49671.2      226.207       49671.182
       10838.145      50311.7      227.448       50311.747
       10839.231      50295.4      227.390       50295.400
       10840.317      50564.9      227.927       50564.937
       10841.403      50547.0      227.886       50547.034
       10842.489      50711.2      228.726       50711.235
       10843.575      50994.9      229.604       50994.931
       10844.661      50585.4      228.778       50585.430
       10845.747      50049.9      227.533       50049.884
       10846.833      50397.5      227.985       50397.509
       10847.919      50053.2      226.925       50053.167
       10849.005      49961.6      226.548       49961.646
       10850.090      49834.6      226.539       49834.609
       10851.176      49944.8      226.692       49944.806
       10852.262      49591.8      225.885       49591.784
       10853.348      50384.0      227.571       50383.977
       10854.434      50331.8      227.558       50331.785
       10855.520      49809.8      226.660       49809.757
       10856.606      50807.4      228.695       50807.400
       10857.692      50545.6      228.123       50545.637
       10858.778      50545.6      228.196       50545.645
       10859.864      50257.5      227.613       50257.508
       10860.950      47823.9      222.070       47823.929
       10862.036      48649.8      223.824       48649.768
       10863.122      48705.0      223.841       48705.014
       10864.208      48695.6      223.877       48695.576
       10865.294      49670.1      226.015       49670.121
       10866.380      49579.5      225.862       49579.489
       10867.466      49460.1      225.472       49460.091
       10868.552      49558.5      225.895       49558.467
       10869.638      49688.0      226.174       49687.973
       10870.724      49277.4      225.212       49277.443
       10871.810      48899.2      224.428       48899.244
       10872.896      48905.4      224.383       48905.409
       10873.982      49162.4      224.894       49162.352
       10875.068      49545.1      225.647       49545.074
       10876.154      48732.5      223.961       48732.460
       10877.240      47538.0      221.137       47537.982
       10878.326      48558.4      223.473       48558.409
       10879.412      48928.1      224.375       48928.135
       10880.498      48434.7      223.168       48434.693
       10881.584      48634.3      223.501       48634.284
       10882.670      48347.1      223.033       48347.113
       10883.756      48630.2      223.577       48630.220
       10884.842      48605.4      223.494       48605.401
       10885.928      48425.9      222.998       48425.931
       10887.014      48422.6      223.048       48422.648
       10888.100      47934.5      221.999       47934.480
       10889.186      48167.3      222.595       48167.260
       10890.271      48370.9      222.904       48370.890
       10891.357      47893.1      221.905       47893.059
       10892.443      47521.2      221.196       47521.224
       10893.529      47407.2      220.794       47407.203
       10894.615      47797.2      221.722       47797.221
       10895.701      47670.5      221.676       47670.513
       10896.787      47645.2      221.679       47645.238
       10897.873      47445.0      221.198       47445.018
       10898.959      47196.9      220.858       47196.911
       10900.045      47298.2      220.961       47298.158
       10901.131      46999.1      220.094       46999.058
       10902.217      46796.1      219.619       46796.086
       10903.303      45994.4      217.686       45994.362
       10904.389      45790.3      217.029       45790.271
       10905.475      46088.6      217.785       46088.649
       10906.561      45799.6      217.105       45799.605
       10907.647      45687.4      216.860       45687.406
       10908.733      45617.2      216.675       45617.167
       10909.819      45699.6      216.798       45699.549
       10910.905      44715.6      214.332       44715.615
       10911.991      44727.8      214.471       44727.836
       10913.077      44455.6      214.010       44455.646
       10914.163      43793.1      212.281       43793.079
       10915.249      43722.4      212.231       43722.378
       10916.335      42476.2      209.590       42476.153
       10917.421      41567.0      207.220       41566.963
       10918.507      42819.6      210.056       42819.596
       10919.593      42521.8      209.244       42521.780
       10920.679      42162.9      208.541       42162.901
       10921.765      42093.7      208.348       42093.713
       10922.851      41497.1      206.861       41497.145
       10923.937      41320.3      207.010       41320.288
       10925.023      40324.5      205.293       40324.477
       10926.109      38629.8      201.388       38629.752
       10927.195      38571.2      201.274       38571.158
       10928.281      38326.2      200.178       38326.154
       10929.367      38387.2      199.266       38387.178
       10930.452      38374.3      199.071       38374.253
       10931.538      37811.1      197.734       37811.096
       10932.624      36984.1      195.383       36984.132
       10933.710      35943.2      192.825       35943.190
       10934.796      34662.2      189.587       34662.190
       10935.882      33910.0      187.333       33910.010
       10936.968      32927.3      184.630       32927.339
       10938.054      32448.5      183.430       32448.501
       10939.140      32046.5      182.308       32046.453
       10940.226      31707.6      181.454       31707.609
       10941.312      31926.8      181.909       31926.783
       10942.398      31910.3      181.944       31910.349
       10943.484      32108.6      182.320       32108.579
       10944.570      32793.4      184.382       32793.416
       10945.656      33626.9      186.571       33626.872
       10946.742      33906.8      187.276       33906.809
       10947.828      34737.4      189.423       34737.353
       10948.914      35707.2      192.112       35707.183
       10950.000      36082.5      193.469       36082.469
       10951.086      37141.3      196.562       37141.272
       10952.172      38037.9      198.929       38037.889
       10953.258      38406.5      199.695       38406.468
       10954.344      39088.6      201.004       39088.635
       10955.430      39320.7      201.415       39320.729
       10956.516      39776.6      202.482       39776.581
       10957.602      39651.6      202.254       39651.568
       10958.688      39577.1      201.886       39577.067
       10959.774      39609.8      202.180       39609.817
       10960.860      39761.6      202.489       39761.549
       10961.946      40432.6      204.043       40432.623
       10963.032      41082.2      205.603       41082.241
       10964.118      41461.2      206.603       41461.244
       10965.204      42156.4      208.141       42156.436
       10966.290      42231.3      208.597       42231.330
       10967.376      42132.9      208.351       42132.939
       10968.462      42865.0      210.120       42865.030
       10969.548      43311.3      211.248       43311.281
       10970.633      43605.5      211.926       43605.530
       10971.719      43665.7      212.033       43665.661
       10972.805      43699.7      212.360       43699.724
       10973.891      42616.9      210.682       42616.916
       10974.977      43231.9      212.596       43231.900
       10976.063      43611.6      213.536       43611.550
       10977.149      43583.0      212.821       43583.021
       10978.235      43447.3      211.770       43447.258
       10979.321      43591.5      211.732       43591.517
       10980.407      43431.0      211.215       43431.043
       10981.493      43318.9      210.943       43318.940
       10982.579      43810.9      212.317       43810.890
       10983.665      44394.4      213.713       44394.380
       10984.751      44566.6      214.133       44566.564
       10985.837      44227.5      213.287       44227.508
       10986.923      44622.2      214.194       44622.242
       10988.009      44435.6      213.768       44435.579
       10989.095      44015.5      212.816       44015.538
       10990.181      44609.2      214.197       44609.220
       10991.267      45049.1      215.291       45049.081
       10992.353      44915.2      214.973       44915.162
       10993.439      44952.4      214.958       44952.382
       10994.525      44678.9      214.312       44678.950
       10995.611      44275.0      213.248       44275.016
       10996.697      43650.5      212.076       43650.469
       10997.783      43530.7      211.697       43530.652
       10998.869      43538.0      211.590       43537.953
       10999.955      44755.2      214.717       44755.234
       11001.041      45130.2      215.423       45130.190
       11002.127      45567.0      216.337       45566.985
       11003.213      45485.3      215.992       45485.271
       11004.299      45281.6      215.741       45281.571
       11005.385      45020.7      215.093       45020.732
       11006.471      44634.8      214.332       44634.758
       11007.557      45520.7      216.600       45520.712
       11008.643      45376.2      216.411       45376.176
       11009.729      44572.2      214.591       44572.168
       11010.814      44490.1      214.106       44490.125
       11011.900      45136.4      215.551       45136.418
       11012.986      46169.0      217.697       46169.000
       11014.072      45866.3      217.082       45866.334
       11015.158      46116.7      217.652       46116.660
       11016.244      45506.4      216.260       45506.399
       11017.330      46114.2      217.574       46114.216
       11018.416      44882.7      214.883       44882.687
       11019.502      43904.2      212.377       43904.212
       11020.588      44479.2      213.889       44479.193
       11021.674      44396.3      213.521       44396.270
       11022.760      45401.3      215.866       45401.287
       11023.846      45950.4      217.193       45950.384
       11024.932      45350.2      215.858       45350.177
       11026.018      45285.7      215.514       45285.659
       11027.104      44841.2      214.892       44841.247
       11028.190      45758.1      217.387       45758.101
       11029.276      45940.8      218.139       45940.809
       11030.362      45595.2      217.682       45595.181
       11031.448      45204.6      216.532       45204.608
       11032.534      45486.6      216.543       45486.568
       11033.620      45659.1      216.536       45659.132
       11034.706      45932.1      217.155       45932.095
       11035.792      46111.2      217.554       46111.184
       11036.878      46787.5      219.147       46787.500
       11037.964      46838.9      219.294       46838.944
       11039.050      47098.4      219.799       47098.408
       11040.136      46663.8      218.788       46663.827
       11041.222      46091.9      217.598       46091.882
       11042.308      45171.0      215.376       45170.986
       11043.394      44837.9      214.495       44837.949
       11044.480      44514.4      213.903       44514.404
       11045.566      44707.7      214.346       44707.695
       11046.652      45796.5      216.994       45796.470
       11047.738      46164.9      217.621       46164.923
       11048.824      46427.8      218.250       46427.803
       11049.910      46496.5      218.452       46496.485
       11050.995      46879.1      219.373       46879.053
       11052.081      46971.3      219.735       46971.332
       11053.167      46539.6      218.556       46539.550
       11054.253      46567.5      218.658       46567.514
       11055.339      46041.1      217.333       46041.131
       11056.425      45129.1      215.281       45129.076
       11057.511      45701.9      216.522       45701.886
       11058.597      45863.1      216.866       45863.139
       11059.683      45433.0      216.049       45433.014
       11060.769      45609.4      216.435       45609.368
       11061.855      44841.2      214.658       44841.227
       11062.941      44432.1      213.785       44432.149
       11064.027      43935.1      212.355       43935.132
       11065.113      44824.4      214.577       44824.445
       11066.199      45025.9      215.118       45025.938
       11067.285      44858.5      214.758       44858.509
       11068.371      45299.1      215.823       45299.116
       11069.457      46731.4      218.800       46731.444
       11070.543      47357.5      220.867       47357.465
       11071.629      46954.1      220.160       46954.092
       11072.715      46484.2      218.900       46484.224
       11073.801      47137.2      220.217       47137.200
       11074.887      46588.0      218.765       46588.006
       11075.973      46542.7      218.722       46542.703
       11077.059      46370.5      218.197       46370.475
       11078.145      45880.9      217.061       45880.925
       11079.231      45529.5      216.342       45529.529
       11080.317      45005.8      215.134       45005.840
       11081.403      44517.8      213.801       44517.786
       11082.489      44718.0      214.321       44717.962
       11083.575      44929.1      214.970       44929.072
       11084.661      44956.6      215.035       44956.629
       11085.747      43804.0      212.212       43803.985
       11086.833      43629.8      211.798       43629.777
       11087.919      44030.5      212.923       44030.459
       11089.005      44204.0      213.663       44204.019
       11090.090      45421.3      216.540       45421.290
       11091.176      46341.6      218.647       46341.650
       11092.262      45797.1      217.295       45797.112
       11093.348      45225.4      215.642       45225.423
       11094.434      45224.5      215.646       45224.471
       11095.520      45540.0      216.199       45540.024
       11096.606      45734.6      216.803       45734.608
       11097.692      45539.0      216.384       45538.963
       11098.778      45579.7      216.258       45579.719
       11099.864      45255.3      215.650       45255.285
       11100.950      46162.5      217.843       46162.533
       11102.036      46128.3      217.740       46128.329
       11103.122      45955.4      217.227       45955.436
       11104.208      45092.1      215.303       45092.071
       11105.294      43059.6      210.370       43059.585
       11106.380      41583.7      206.977       41583.656
       11107.466      41698.2      207.273       41698.166
       11108.552      42949.9      210.213       42949.915
       11109.638      43042.4      210.434       43042.400
       11110.724      43574.1      211.716       43574.059
       11111.810      41741.3      207.147       41741.327
       11112.896      41860.6      207.490       41860.639
       11113.982      41408.9      206.365       41408.881
       11115.068      40754.7      204.767       40754.730
       11116.154      40345.7      203.766       40345.693
       11117.240      43041.7      210.766       43041.692
       11118.326      45013.4      215.071       45013.446
       11119.412      45369.1      215.650       45369.103
       11120.498      44769.4      214.543       44769.353
       11121.584      44373.0      213.512       44372.969
       11122.670      43560.8      211.606       43560.759
       11123.756      43026.1      210.309       43026.142
       11124.842      42595.3      209.329       42595.292
       11125.928      43613.3      211.815       43613.338
       11127.014      43911.6      212.363       43911.563
       11128.100      42874.9      209.998       42874.943
       11129.186      41625.6      207.040       41625.634
       11130.271      38502.3      199.250       38502.330
       11131.357      36875.7      195.046       36875.675
       11132.443      36738.8      194.784       36738.751
       11133.529      36875.0      194.948       36874.960
       11134.615      38292.3      198.759       38292.272
       11135.701      39576.0      201.737       39575.985
       11136.787      38581.9      199.367       38581.858
       11137.873      36968.8      195.284       36968.808
       11138.959      36645.3      194.298       36645.271
       11140.045      38635.2      199.593       38635.172
       11141.131      40568.5      204.381       40568.469
       11142.217      42099.9      208.242       42099.899
       11143.303      42163.4      208.179       42163.403
       11144.389      41814.9      207.350       41814.863
       11145.475      42565.5      209.188       42565.500
       11146.561      41846.7      207.516       41846.696
       11147.647      41511.9      206.731       41511.860
       11148.733      40674.7      204.652       40674.662
       11149.819      38171.6      198.195       38171.621
       11150.905      33377.1      185.559       33377.132
       11151.991      29160.4      173.816       29160.437
       11153.077      29949.5      176.106       29949.473
       11154.163      34825.0      189.561       34824.975
       11155.249      36490.9      194.321       36490.867
       11156.335      36908.4      195.147       36908.388
       11157.421      38067.1      198.236       38067.074
       11158.507      38044.7      197.939       38044.734
       11159.593      38242.7      198.318       38242.702
       11160.679      38329.4      198.787       38329.362
       11161.765      36665.0      194.505       36664.955
       11162.851      33103.3      185.056       33103.330
       11163.937      28447.0      171.942       28446.978
       11165.023      24900.6      161.203       24900.642
       11166.109      23432.9      156.477       23432.931
       11167.195      23394.8      156.434       23394.771
       11168.281      25867.8      164.136       25867.827
       11169.367      29030.1      173.498       29030.055
       11170.452      32464.8      183.184       32464.798
       11171.538      33317.2      185.635       33317.249
       11172.624      30843.8      178.802       30843.847
       11173.710      27755.9      169.771       27755.935
       11174.796      27469.6      169.064       27469.628
       11175.882      29294.1      175.729       29294.058
       11176.968      33421.9      186.012       33421.858
       11178.054      36699.3      194.349       36699.261
       11179.140      36972.6      195.217       36972.584
       11180.226      35721.3      191.934       35721.328
       11181.312      33963.4      187.278       33963.397
       11182.398      31386.5      180.118       31386.521
       11183.484      28086.0      170.706       28086.006
       11184.570      27168.0      167.940       27168.016
       11185.656      30421.2      177.442       30421.167
       11186.742      33691.9      186.622       33691.863
       11187.828      31436.7      180.496       31436.660
       11188.914      26879.3      167.055       26879.342
       11190.000      23892.5      157.925       23892.456
       11191.086      23556.5      156.728       23556.466
       11192.172      23999.5      158.071       23999.530
       11193.258      22763.8      153.824       22763.751
       11194.344      22315.1      152.777       22315.118
       11195.430      24968.4      161.399       24968.392
       11196.516      28766.6      172.536       28766.594
       11197.602      30785.0      178.455       30785.043
       11198.688      28508.2      173.108       28508.169
       11199.774      25556.2      164.922       25556.230
       11200.860      24638.1      160.366       24638.101
       11201.946      24309.6      159.140       24309.613
       11203.032      21866.1      151.235       21866.109
       11204.118      19965.2      144.707       19965.228
       11205.204      21787.7      150.828       21787.731
       11206.290      26198.3      165.086       26198.267
       11207.376      27747.7      169.724       27747.666
       11208.462      27588.1      169.250       27588.127
       11209.548      27497.9      168.965       27497.877
       11210.633      27511.7      168.877       27511.688
       11211.719      25241.3      162.024       25241.295
       11212.805      21547.4      150.178       21547.390
       11213.891      19254.1      142.392       19254.134
       11214.977      20763.0      147.498       20762.977
       11216.063      23620.0      156.849       23619.997
       11217.149      23767.7      157.179       23767.683
       11218.235      20281.8      145.465       20281.793
       11219.321      15922.7      129.304       15922.742
       11220.407      14541.0      123.831       14540.964
       11221.493      16248.6      130.612       16248.614
       11222.579      16754.5      132.731       16754.495
       11223.665      14497.2      123.953       14497.193
       11224.751      12685.2      116.319       12685.213
       11225.837      12969.7      117.447       12969.659
       11226.923      13294.7      119.055       13294.676
       11228.009      13768.5      121.047       13768.482
       11229.095      16399.5      131.548       16399.504
       11230.181      19514.1      143.063       19514.078
       11231.267      20895.2      147.914       20895.199
       11232.353      20927.1      147.885       20927.133
       11233.439      20064.6      144.839       20064.649
       11234.525      17513.9      135.663       17513.893
       11235.611      13644.7      120.332       13644.651
       11236.697      10427.1      105.995       10427.131
       11237.783      10214.1      104.823       10214.097
       11238.869      13402.0      119.543       13402.010
       11239.955          NaN      12.0477             NaN
