       9750.0000         -NaN         -NaN             NaN
       9751.0860      23472.9      156.941       23472.950
       9752.1719      23525.1      157.308       23525.074
       9753.2579      24206.8      159.324       24206.781
       9754.3439      24649.2      160.695       24649.196
       9755.4299      24784.4      161.255       24784.397
       9756.5158      24365.0      159.919       24364.971
       9757.6018      24565.9      160.476       24565.919
       9758.6878      24907.5      161.620       24907.505
       9759.7738      24809.3      161.336       24809.284
       9760.8597      24685.9      160.793       24685.856
       9761.9457      25568.0      163.769       25568.015
       9763.0317      26477.3      166.822       26477.259
       9764.1176      26253.4      165.756       26253.380
       9765.2036      25889.8      164.627       25889.784
       9766.2896      26118.4      165.485       26118.352
       9767.3756      26970.4      168.070       26970.366
       9768.4615      27088.2      168.379       27088.195
       9769.5475      27840.8      170.613       27840.846
       9770.6335      28120.6      171.406       28120.585
       9771.7195      28413.2      172.320       28413.150
       9772.8054      28590.1      172.920       28590.115
       9773.8914      28828.0      173.469       28827.965
       9774.9774      28672.6      172.957       28672.599
       9776.0633      28662.7      173.210       28662.652
       9777.1493      28863.8      173.450       28863.825
       9778.2353      28888.2      173.607       28888.166
       9779.3213      29263.2      174.491       29263.247
       9780.4072      29336.5      175.023       29336.490
       9781.4932      27815.6      170.701       27815.638
       9782.5792      28105.8      171.376       28105.821
       9783.6652      28615.9      173.043       28615.908
       9784.7511      28998.2      173.962       28998.161
       9785.8371      29271.0      174.877       29271.038
       9786.9231      29859.9      176.619       29859.905
       9788.0090      30280.5      177.715       30280.527
       9789.0950      30445.4      178.208       30445.444
       9790.1810      30300.0      177.875       30299.993
       9791.2670      30444.6      178.302       30444.642
       9792.3529      30410.4      178.213       30410.438
       9793.4389      29908.9      176.819       29908.920
       9794.5249      29636.2      176.151       29636.196
       9795.6109      29824.6      176.441       29824.645
       9796.6968      30395.3      177.916       30395.299
       9797.7828      31250.2      180.429       31250.177
       9798.8688      31628.6      181.537       31628.626
       9799.9548      31294.1      180.513       31294.125
       9801.0407      31463.8      181.048       31463.831
       9802.1267      30974.9      179.659       30974.917
       9803.2127      30773.5      179.030       30773.514
       9804.2986      30689.2      178.705       30689.206
       9805.3846      30740.4      178.721       30740.435
       9806.4706      31581.3      181.162       31581.300
       9807.5566      32250.0      183.154       32249.963
       9808.6425      32164.8      182.924       32164.764
       9809.7285      32647.2      184.159       32647.190
       9810.8145      32277.9      183.244       32277.858
       9811.9005      32682.9      184.288       32682.866
       9812.9864      32189.8      182.971       32189.752
       9814.0724      32394.7      183.540       32394.693
       9815.1584      32431.7      183.553       32431.652
       9816.2443      32407.7      183.438       32407.696
       9817.3303      32313.9      183.310       32313.898
       9818.4163      32122.0      182.807       32121.978
       9819.5023      32423.2      183.760       32423.236
       9820.5882      32501.5      183.945       32501.454
       9821.6742      32444.7      183.471       32444.726
       9822.7602      32826.6      184.563       32826.650
       9823.8462      32727.0      184.505       32726.971
       9824.9321      32706.4      184.392       32706.441
       9826.0181      32415.4      183.454       32415.412
       9827.1041      32131.5      182.802       32131.519
       9828.1900      31948.3      182.330       31948.315
       9829.2760      32694.9      184.339       32694.901
       9830.3620      32978.9      185.157       32978.932
       9831.4480      33279.0      186.048       33279.022
       9832.5339      32828.6      185.109       32828.575
       9833.6199      33150.2      185.722       33150.172
       9834.7059      33357.5      186.324       33357.502
       9835.7919      33405.1      186.371       33405.073
       9836.8778      33108.0      185.519       33108.013
       9837.9638      33443.4      186.578       33443.441
       9839.0498      33644.1      187.102       33644.142
       9840.1357      33967.9      188.025       33967.937
       9841.2217      33157.4      185.870       33157.436
       9842.3077      33761.9      187.339       33761.854
       9843.3937      34055.4      188.030       34055.426
       9844.4796      34228.5      188.470       34228.487
       9845.5656      33837.2      187.461       33837.194
       9846.6516      33299.2      186.181       33299.209
       9847.7376      33684.6      187.307       33684.635
       9848.8235      33442.9      186.633       33442.935
       9849.9095      32848.3      185.048       32848.279
       9850.9955      33699.8      187.195       33699.849
       9852.0814      34216.3      188.591       34216.256
       9853.1674      34229.1      188.738       34229.091
       9854.2534      34535.6      189.481       34535.550
       9855.3394      34567.6      189.426       34567.567
       9856.4253      34305.0      188.716       34304.977
       9857.5113      33987.5      188.035       33987.468
       9858.5973      34473.0      189.575       34473.013
       9859.6833      34420.5      189.173       34420.528
       9860.7692      34606.3      189.533       34606.278
       9861.8552      34642.6      189.611       34642.581
       9862.9412      35174.6      191.078       35174.561
       9864.0271      34682.5      189.754       34682.516
       9865.1131      34958.2      190.518       34958.231
       9866.1991      34772.7      190.323       34772.679
       9867.2851      34964.3      190.712       34964.325
       9868.3710      35330.8      191.362       35330.754
       9869.4570      34793.7      190.030       34793.696
       9870.5430      35265.2      191.344       35265.191
       9871.6290      35265.5      191.546       35265.486
       9872.7149      35268.7      191.325       35268.696
       9873.8009      35582.6      192.385       35582.589
       9874.8869      35534.6      192.425       35534.598
       9875.9729      35705.0      192.871       35704.981
       9877.0588      35740.8      192.999       35740.805
       9878.1448      34528.2      189.417       34528.190
       9879.2308      35236.1      191.334       35236.095
       9880.3167      36029.3      193.487       36029.320
       9881.4027      35943.2      193.304       35943.172
       9882.4887      36138.4      193.904       36138.397
       9883.5747      35916.0      193.206       35916.011
       9884.6606      35963.1      193.223       35963.094
       9885.7466      36335.0      194.252       36335.030
       9886.8326      36386.0      194.285       36386.022
       9887.9186      36296.5      194.074       36296.528
       9889.0045      36408.3      194.418       36408.324
       9890.0905      36542.0      194.713       36541.961
       9891.1765      36355.5      194.207       36355.456
       9892.2624      36425.9      194.488       36425.934
       9893.3484      36522.3      194.707       36522.342
       9894.4344      36703.0      195.085       36702.994
       9895.5204      36491.7      194.769       36491.744
       9896.6063      36844.7      195.863       36844.696
       9897.6923      37167.7      196.500       37167.673
       9898.7783      36695.5      195.263       36695.513
       9899.8643      35968.7      193.234       35968.662
       9900.9502      36855.6      195.610       36855.552
       9902.0362      37528.3      197.236       37528.297
       9903.1222      37783.5      197.949       37783.464
       9904.2081      37508.9      197.176       37508.878
       9905.2941      37854.6      198.112       37854.582
       9906.3801      37581.3      197.384       37581.278
       9907.4661      38132.3      198.761       38132.300
       9908.5520      38255.8      198.947       38255.784
       9909.6380      37582.9      197.364       37582.932
       9910.7240      37228.5      196.502       37228.472
       9911.8100      38441.4      199.625       38441.435
       9912.8959      38835.3      200.713       38835.297
       9913.9819      38906.1      200.641       38906.049
       9915.0679      38737.1      200.508       38737.053
       9916.1538      39127.6      201.374       39127.627
       9917.2398      38974.4      201.240       38974.356
       9918.3258      38707.8      200.690       38707.798
       9919.4118      38811.8      200.852       38811.849
       9920.4977      39165.1      201.528       39165.123
       9921.5837      39555.5      202.469       39555.479
       9922.6697      39489.6      202.281       39489.565
       9923.7557      38988.6      201.021       38988.645
       9924.8416      39155.2      201.474       39155.252
       9925.9276      39566.2      202.217       39566.153
       9927.0136      39473.6      202.123       39473.609
       9928.0995      39179.9      201.464       39179.915
       9929.1855      38858.0      200.738       38857.954
       9930.2715      39690.8      202.790       39690.762
       9931.3575      39750.1      202.707       39750.104
       9932.4434      40212.3      204.183       40212.309
       9933.5294      39820.7      203.189       39820.725
       9934.6154      40135.8      203.919       40135.819
       9935.7014      40708.2      205.284       40708.175
       9936.7873      40892.2      205.688       40892.197
       9937.8733      40878.1      205.825       40878.100
       9938.9593      40801.1      205.650       40801.092
       9940.0452      40435.0      204.531       40435.010
       9941.1312      40460.3      204.581       40460.303
       9942.2172      40990.6      206.154       40990.585
       9943.3032      41404.2      207.228       41404.167
       9944.3891      41421.2      207.318       41421.194
       9945.4751      41541.3      207.712       41541.324
       9946.5611      41777.4      208.235       41777.406
       9947.6471      41729.9      208.072       41729.867
       9948.7330      41862.8      208.387       41862.844
       9949.8190      41724.8      208.224       41724.809
       9950.9050      41900.7      208.585       41900.672
       9951.9910      41894.4      208.312       41894.442
       9953.0769      42085.2      208.786       42085.169
       9954.1629      42290.1      209.210       42290.074
       9955.2489      42596.6      209.976       42596.555
       9956.3348      42652.0      210.117       42652.035
       9957.4208      42443.9      209.906       42443.908
       9958.5068      42639.9      210.461       42639.893
       9959.5928      42752.4      210.769       42752.400
       9960.6787      43007.0      211.232       43007.040
       9961.7647      42716.1      210.383       42716.136
       9962.8507      42737.4      210.352       42737.380
       9963.9367      42194.4      209.191       42194.383
       9965.0226      42125.9      208.961       42125.865
       9966.1086      43143.6      211.386       43143.634
       9967.1946      43199.9      211.571       43199.931
       9968.2805      43213.9      211.595       43213.919
       9969.3665      43418.3      211.787       43418.341
       9970.4525      43498.1      211.922       43498.086
       9971.5385      43405.6      211.818       43405.622
       9972.6244      43445.6      212.106       43445.604
       9973.7104      43660.6      212.669       43660.597
       9974.7964      43797.7      212.995       43797.659
       9975.8824      43622.8      212.554       43622.752
       9976.9683      43707.9      212.780       43707.938
       9978.0543      43954.4      213.213       43954.354
       9979.1403      44099.9      213.634       44099.868
       9980.2262      44060.8      213.368       44060.751
       9981.3122      44073.1      213.302       44073.100
       9982.3982      43965.7      213.166       43965.712
       9983.4842      44462.9      214.343       44462.887
       9984.5701      44419.8      214.399       44419.781
       9985.6561      44712.1      215.035       44712.100
       9986.7421      44711.0      215.016       44710.957
       9987.8281      44442.7      214.346       44442.665
       9988.9140      44734.4      214.886       44734.413
       9990.0000      44651.5      214.784       44651.496
       9991.0860      44494.1      214.339       44494.101
       9992.1719      44332.0      214.049       44332.016
       9993.2579      43772.5      212.803       43772.492
       9994.3439      43804.2      212.894       43804.202
       9995.4299      44395.0      214.248       44394.956
       9996.5158      44485.9      214.377       44485.876
       9997.6018      44584.8      214.622       44584.832
       9998.6878      44470.6      214.494       44470.613
       9999.7738      44338.6      214.300       44338.632
       10000.860      44293.4      214.050       44293.442
       10001.946      44415.9      214.246       44415.878
       10003.032      44128.0      213.652       44128.013
       10004.118      44089.3      213.554       44089.335
       10005.204      44126.9      213.585       44126.916
       10006.290      44086.1      213.570       44086.094
       10007.376      44089.7      213.653       44089.677
       10008.462      44203.1      213.903       44203.060
       10009.548      44235.4      213.970       44235.368
       10010.633      44017.5      213.366       44017.488
       10011.719      43834.7      212.984       43834.676
       10012.805      43929.9      213.224       43929.948
       10013.891      43726.2      213.108       43726.236
       10014.977      43402.6      212.645       43402.624
       10016.063      43131.5      212.069       43131.476
       10017.149      43564.8      212.991       43564.808
       10018.235      43633.9      212.805       43633.887
       10019.321      43125.1      211.408       43125.142
       10020.407      43092.1      211.227       43092.062
       10021.493      43021.7      211.173       43021.661
       10022.579      42919.0      210.807       42919.027
       10023.665      42649.9      210.136       42649.950
       10024.751      42337.7      209.335       42337.682
       10025.837      42398.9      209.545       42398.941
       10026.923      42257.1      209.415       42257.147
       10028.009      42039.5      208.776       42039.519
       10029.095      42199.6      209.131       42199.613
       10030.181      41729.0      208.103       41728.995
       10031.267      41391.6      207.178       41391.632
       10032.353      41157.9      206.522       41157.947
       10033.439      40851.9      205.817       40851.875
       10034.525      40168.5      204.046       40168.459
       10035.611      39969.8      203.451       39969.798
       10036.697      39580.9      202.590       39580.907
       10037.783      39224.2      201.721       39224.193
       10038.869      38508.7      199.827       38508.673
       10039.955      37889.1      198.348       37889.106
       10041.041      37087.3      196.313       37087.279
       10042.127      36762.0      195.489       36762.006
       10043.213      36139.0      193.819       36139.033
       10044.299      35282.2      191.704       35282.237
       10045.385      34179.7      188.750       34179.652
       10046.471      33231.3      185.975       33231.282
       10047.557      32019.7      182.707       32019.720
       10048.643      31371.7      180.968       31371.677
       10049.729      31542.3      181.362       31542.339
       10050.814      31165.7      180.110       31165.687
       10051.900      30495.1      178.305       30495.094
       10052.986      30813.5      179.363       30813.517
       10054.072      31511.6      181.284       31511.616
       10055.158      32240.9      183.315       32240.917
       10056.244      33121.0      185.776       33120.951
       10057.330      34436.0      189.157       34435.965
       10058.416      35221.5      191.443       35221.540
       10059.502      36148.2      193.934       36148.248
       10060.588      36918.7      195.758       36918.685
       10061.674      37355.3      197.000       37355.329
       10062.760      38643.8      200.440       38643.756
       10063.846      39457.8      202.461       39457.808
       10064.932      40069.0      203.886       40068.954
       10066.018      40200.3      204.081       40200.316
       10067.104      40434.9      204.580       40434.907
       10068.190      41069.5      206.136       41069.492
       10069.276      41785.4      208.031       41785.369
       10070.362      42551.2      209.762       42551.225
       10071.448      42846.9      210.559       42846.886
       10072.534      43389.2      211.963       43389.231
       10073.620      43342.1      211.715       43342.079
       10074.706      43834.7      212.908       43834.728
       10075.792      44581.7      214.723       44581.676
       10076.878      44737.8      214.994       44737.828
       10077.964      44992.3      215.580       44992.291
       10079.050      45248.7      216.178       45248.727
       10080.136      44717.2      217.035       44717.173
       10081.222      45137.4      217.390       45137.411
       10082.308      45924.2      217.746       45924.191
       10083.394      46114.4      218.422       46114.423
       10084.480      46413.3      219.359       46413.344
       10085.566      46214.6      218.864       46214.607
       10086.652      46507.3      219.464       46507.259
       10087.738      46752.4      219.691       46752.379
       10088.824      46833.8      219.709       46833.792
       10089.910      46978.9      220.129       46978.852
       10090.995      47333.1      220.970       47333.084
       10092.081      46955.8      220.224       46955.815
       10093.167      46913.0      219.921       46913.014
       10094.253      47153.0      220.518       47152.962
       10095.339      47227.9      220.541       47227.912
       10096.425      47603.4      221.487       47603.360
       10097.511      47854.5      222.013       47854.547
       10098.597      47838.6      222.002       47838.583
       10099.683      47605.8      221.473       47605.820
       10100.769      47646.4      221.559       47646.414
       10101.855      47403.4      221.132       47403.369
       10102.941      48211.0      222.949       48211.039
       10104.027      48472.0      223.626       48471.964
       10105.113      49355.3      225.751       49355.347
       10106.199      49608.4      226.234       49608.352
       10107.285      49330.8      225.540       49330.760
       10108.371      49440.1      225.811       49440.070
       10109.457      49449.1      225.618       49449.085
       10110.543      48762.3      224.064       48762.331
       10111.629      48756.5      224.121       48756.545
       10112.715      48887.8      224.345       48887.793
       10113.801      48432.2      223.341       48432.236
       10114.887      48264.3      223.113       48264.323
       10115.973      48962.0      224.626       48962.044
       10117.059      49483.2      225.556       49483.171
       10118.145      49674.5      226.093       49674.511
       10119.231      49626.2      226.229       49626.205
       10120.317      50163.7      227.391       50163.703
       10121.403      50085.7      227.162       50085.701
       10122.489      49984.4      226.848       49984.431
       10123.575      49967.1      226.738       49967.121
       10124.661      49920.8      226.908       49920.768
       10125.747      49067.7      225.286       49067.709
       10126.833      49189.6      225.458       49189.650
       10127.919      49936.0      227.356       49935.988
       10129.005      49996.3      227.226       49996.321
       10130.090      50346.9      227.762       50346.850
       10131.176      50799.1      228.709       50799.145
       10132.262      51143.8      229.424       51143.793
       10133.348      51169.0      229.519       51169.003
       10134.434      51265.5      229.673       51265.489
       10135.520      51408.9      229.930       51408.866
       10136.606      51260.0      229.613       51259.990
       10137.692      51143.6      229.481       51143.561
       10138.778      51175.5      229.411       51175.497
       10139.864      51392.1      229.946       51392.072
       10140.950      51577.8      230.406       51577.778
       10142.036      51430.4      229.876       51430.369
       10143.122      51458.2      230.010       51458.164
       10144.208      51468.7      230.180       51468.726
       10145.294      51275.9      229.761       51275.887
       10146.380      51827.8      231.089       51827.823
       10147.466      51946.4      231.144       51946.430
       10148.552      51967.7      231.245       51967.697
       10149.638      51599.8      230.582       51599.810
       10150.724      52060.5      231.406       52060.492
       10151.810      52191.7      231.849       52191.744
       10152.896      52601.9      232.605       52601.917
       10153.982      52295.0      231.995       52295.013
       10155.068      52249.0      231.961       52249.041
       10156.154      52001.5      231.425       52001.501
       10157.240      51688.6      230.852       51688.648
       10158.326      52055.0      231.389       52054.969
       10159.412      52342.2      231.984       52342.200
       10160.498      52452.1      232.173       52452.128
       10161.584      52166.1      231.662       52166.050
       10162.670      52284.7      231.971       52284.726
       10163.756      52557.9      232.520       52557.866
       10164.842      52743.6      232.783       52743.596
       10165.928      52770.1      232.986       52770.078
       10167.014      52544.6      232.478       52544.613
       10168.100      52761.0      232.806       52760.953
       10169.186      52749.7      232.748       52749.660
       10170.271      52933.0      233.314       52932.961
       10171.357      52759.3      232.981       52759.288
       10172.443      52553.8      232.828       52553.751
       10173.529      52303.6      232.424       52303.582
       10174.615      52532.7      233.093       52532.675
       10175.701      52823.7      233.675       52823.660
       10176.787      52784.1      233.468       52784.087
       10177.873      52963.8      233.556       52963.811
       10178.959      53157.7      233.651       53157.659
       10180.045      53391.3      234.127       53391.339
       10181.131      53024.7      233.390       53024.680
       10182.217      53381.6      234.381       53381.586
       10183.303      52340.0      232.012       52340.039
       10184.389      52310.4      232.126       52310.382
       10185.475      51977.9      231.421       51977.866
       10186.561      53066.9      233.577       53066.931
       10187.647      53436.4      234.403       53436.385
       10188.733      53452.4      234.485       53452.398
       10189.819      53374.8      234.170       53374.765
       10190.905      53248.1      234.095       53248.119
       10191.991      53489.2      234.930       53489.206
       10193.077      53283.4      234.482       53283.432
       10194.163      53312.7      234.424       53312.694
       10195.249      53313.0      234.170       53313.010
       10196.335      53611.2      234.744       53611.245
       10197.421      53757.7      235.146       53757.655
       10198.507      53545.5      234.554       53545.472
       10199.593      53563.5      234.642       53563.545
       10200.679      53385.3      234.232       53385.327
       10201.765      53788.8      235.124       53788.756
       10202.851      53098.3      233.588       53098.338
       10203.937      52651.2      232.680       52651.221
       10205.023      52999.7      233.531       52999.706
       10206.109      52435.1      232.404       52435.105
       10207.195      52844.4      233.197       52844.357
       10208.281      53090.4      233.691       53090.445
       10209.367      53556.4      234.561       53556.430
       10210.452      53189.0      233.917       53188.961
       10211.538      52987.0      233.548       52987.046
       10212.624      53031.9      233.881       53031.927
       10213.710      53330.3      234.534       53330.270
       10214.796      53171.0      234.113       53171.024
       10215.882      53378.6      234.547       53378.596
       10216.968      53015.2      233.412       53015.242
       10218.054      53259.2      233.784       53259.249
       10219.140      53303.2      234.054       53303.235
       10220.226      53024.6      233.380       53024.633
       10221.312      53385.2      234.255       53385.153
       10222.398      53066.9      233.596       53066.945
       10223.484      53621.7      234.723       53621.728
       10224.570      53334.0      233.927       53333.989
       10225.656      53220.2      233.818       53220.213
       10226.742      53460.4      234.513       53460.449
       10227.828      53470.7      234.564       53470.692
       10228.914      53272.6      234.115       53272.637
       10230.000      53024.0      233.703       53024.009
       10231.086      52975.8      233.377       52975.758
       10232.172      53036.1      233.443       53036.134
       10233.258      53318.3      234.247       53318.278
       10234.344      53051.1      233.826       53051.081
       10235.430      53209.4      233.910       53209.430
       10236.516      52786.0      232.886       52785.971
       10237.602      53596.7      234.650       53596.671
       10238.688      53009.9      233.576       53009.946
       10239.774      52912.9      233.184       52912.914
       10240.860      53049.9      233.479       53049.885
       10241.946      53190.6      233.905       53190.598
       10243.032      52701.5      232.623       52701.543
       10244.118      53415.4      234.226       53415.441
       10245.204      53156.0      233.683       53156.005
       10246.290      53205.2      233.740       53205.152
       10247.376      53040.1      233.507       53040.058
       10248.462      53376.9      234.160       53376.876
       10249.548      52982.5      234.366       52982.498
       10250.633      52705.6      234.095       52705.567
       10251.719      52691.0      232.829       52691.044
       10252.805      53215.7      233.660       53215.710
       10253.891      52940.8      233.199       52940.802
       10254.977      52847.6      232.838       52847.577
       10256.063      52785.6      232.899       52785.593
       10257.149      53099.3      233.657       53099.265
       10258.235      53052.8      233.483       53052.782
       10259.321      52856.3      233.180       52856.269
       10260.407      52732.5      232.733       52732.478
       10261.493      52358.0      231.947       52357.999
       10262.579      52732.3      232.684       52732.311
       10263.665      52780.6      232.931       52780.594
       10264.751      52971.2      233.379       52971.237
       10265.837      52605.0      232.426       52604.972
       10266.923      52786.2      232.881       52786.233
       10268.009      52872.2      233.159       52872.249
       10269.095      52749.8      232.891       52749.799
       10270.181      50758.9      228.524       50758.949
       10271.267      49603.1      225.864       49603.099
       10272.353      52976.0      233.369       52976.038
       10273.439      52218.6      231.552       52218.567
       10274.525      52221.2      231.735       52221.152
       10275.611      52114.3      231.449       52114.327
       10276.697      52232.9      231.726       52232.901
       10277.783      52334.3      231.990       52334.328
       10278.869      52222.9      231.689       52222.890
       10279.955      52526.1      232.391       52526.090
       10281.041      52556.5      232.209       52556.515
       10282.127      52260.6      231.704       52260.643
       10283.213      52335.7      231.959       52335.722
       10284.299      52836.2      233.041       52836.238
       10285.385      52295.0      232.041       52295.004
       10286.471      52234.9      232.007       52234.935
       10287.557      52178.2      232.503       52178.215
       10288.643      52297.7      233.293       52297.653
       10289.729      52342.8      233.452       52342.843
       10290.814      52089.9      232.715       52089.945
       10291.900      52187.6      232.435       52187.633
       10292.986      52230.2      231.802       52230.218
       10294.072      52119.3      231.484       52119.302
       10295.158      52044.0      231.243       52043.973
       10296.244      52126.2      231.434       52126.227
       10297.330      52319.3      232.179       52319.347
       10298.416      52009.1      231.619       52009.054
       10299.502      51912.9      231.598       51912.916
       10300.588      51830.8      231.298       51830.822
       10301.674      51634.4      230.549       51634.418
       10302.760      51842.0      230.858       51841.956
       10303.846      51758.3      230.627       51758.283
       10304.932      51976.4      231.289       51976.384
       10306.018      52021.2      231.305       52021.228
       10307.104      52116.4      231.475       52116.352
       10308.190      52259.1      231.792       52259.149
       10309.276      51781.9      230.876       51781.935
       10310.362      51945.5      231.355       51945.534
       10311.448      51472.4      230.413       51472.440
       10312.534      50662.3      228.412       50662.262
       10313.620      51613.1      230.590       51613.140
       10314.706      52285.6      231.996       52285.617
       10315.792      51963.0      231.277       51963.001
       10316.878      51698.2      230.663       51698.251
       10317.964      51942.1      231.122       51942.059
       10319.050      51597.2      230.319       51597.241
       10320.136      51440.1      229.894       51440.126
       10321.222      51696.8      230.536       51696.763
       10322.308      51772.1      230.736       51772.052
       10323.394      51886.0      230.979       51886.000
       10324.480      51668.1      230.549       51668.057
       10325.566      51182.9      229.323       51182.937
       10326.652      50608.1      228.088       50608.117
       10327.738      51302.4      229.744       51302.355
       10328.824      51967.0      231.116       51967.041
       10329.910      51387.6      229.893       51387.589
       10330.995      51321.3      229.695       51321.298
       10332.081      51548.8      230.220       51548.820
       10333.167      51651.4      230.610       51651.447
       10334.253      51531.2      230.162       51531.185
       10335.339      51796.3      230.679       51796.268
       10336.425      51512.4      230.192       51512.370
       10337.511      51640.8      230.458       51640.832
       10338.597      51933.3      231.038       51933.268
       10339.683      51925.4      231.041       51925.425
       10340.769      51637.9      230.501       51637.868
       10341.855      51669.8      230.605       51669.791
       10342.941      51993.0      231.223       51992.987
       10344.027      51936.8      231.146       51936.802
       10345.113      51263.4      229.652       51263.401
       10346.199      51122.2      229.260       51122.171
       10347.285      51853.9      230.950       51853.948
       10348.371      52284.6      232.231       52284.620
       10349.457      52179.0      232.111       52178.971
       10350.543      52088.4      231.748       52088.405
       10351.629      52125.7      231.812       52125.659
       10352.715      52020.3      231.423       52020.262
       10353.801      52126.1      231.574       52126.121
       10354.887      52337.6      232.014       52337.588
       10355.973      52355.6      231.918       52355.586
       10357.059      52397.1      232.176       52397.124
       10358.145      52098.6      231.675       52098.617
       10359.231      52375.4      232.111       52375.446
       10360.317      52534.4      232.297       52534.354
       10361.403      52460.6      232.199       52460.635
       10362.489      52499.4      232.374       52499.373
       10363.575      52337.3      232.058       52337.300
       10364.661      52401.7      232.180       52401.707
       10365.747      52447.4      232.291       52447.392
       10366.833      52651.0      232.689       52650.968
       10367.919      52582.1      232.445       52582.133
       10369.005      52536.0      232.529       52536.010
       10370.090      52195.5      231.698       52195.513
       10371.176      52200.0      231.761       52200.030
       10372.262      52588.2      232.766       52588.232
       10373.348      52802.4      233.467       52802.423
       10374.434      53140.5      234.617       53140.540
       10375.520      52720.2      233.887       52720.228
       10376.606      52461.2      233.290       52461.221
       10377.692      52838.3      233.795       52838.287
       10378.778      53007.4      233.589       53007.386
       10379.864      52933.7      233.279       52933.690
       10380.950      53069.9      233.572       53069.894
       10382.036      53251.9      233.972       53251.862
       10383.122      53244.4      233.786       53244.354
       10384.208      53336.5      234.095       53336.473
       10385.294      53482.2      234.587       53482.236
       10386.380      52725.1      232.851       52725.055
       10387.466      52321.6      231.968       52321.571
       10388.552      53555.9      234.604       53555.892
       10389.638      53724.7      235.021       53724.675
       10390.724      53460.2      234.539       53460.232
       10391.810      53420.0      234.423       53420.031
       10392.896      53714.1      235.053       53714.067
       10393.982      53873.7      235.260       53873.693
       10395.068      53992.0      235.471       53991.982
       10396.154      53899.9      235.421       53899.866
       10397.240      53777.3      235.390       53777.321
       10398.326      52361.6      232.724       52361.592
       10399.412      51893.5      231.780       51893.503
       10400.498      53336.4      234.634       53336.445
       10401.584      53932.7      235.685       53932.668
       10402.670      54155.4      235.992       54155.434
       10403.756      54282.5      236.196       54282.523
       10404.842      53885.9      235.436       53885.912
       10405.928      53367.4      234.324       53367.410
       10407.014      53873.4      235.313       53873.419
       10408.100      54107.1      235.771       54107.120
       10409.186      54138.2      235.886       54138.154
       10410.271      54298.9      236.198       54298.949
       10411.357      54712.3      237.141       54712.318
       10412.443      54310.7      236.357       54310.677
       10413.529      54052.9      235.704       54052.854
       10414.615      54192.0      236.095       54192.013
       10415.701      53911.6      235.494       53911.570
       10416.787      54347.8      236.387       54347.755
       10417.873      54536.5      236.711       54536.473
       10418.959      54334.7      236.931       54334.658
       10420.045      54267.0      237.339       54267.018
       10421.131      54426.4      237.578       54426.389
       10422.217      54459.6      237.565       54459.607
       10423.303      54369.5      236.938       54369.497
       10424.389      54385.0      236.599       54385.043
       10425.475      54430.6      236.591       54430.625
       10426.561      54496.6      236.645       54496.622
       10427.647      54500.1      236.719       54500.128
       10428.733      54314.1      236.259       54314.093
       10429.819      54132.5      235.967       54132.514
       10430.905      54332.1      236.341       54332.095
       10431.991      54160.8      235.981       54160.822
       10433.077      54249.8      236.356       54249.762
       10434.163      54103.1      235.812       54103.084
       10435.249      54367.0      236.499       54366.988
       10436.335      54407.6      236.395       54407.613
       10437.421      54443.5      236.508       54443.459
       10438.507      54710.3      237.056       54710.285
       10439.593      54322.2      236.323       54322.211
       10440.679      53668.0      234.956       53668.029
       10441.765      54070.9      235.720       54070.871
       10442.851      54334.3      236.247       54334.291
       10443.937      54200.7      235.971       54200.721
       10445.023      53550.6      234.603       53550.552
       10446.109      54357.0      236.247       54357.020
       10447.195      54387.4      236.317       54387.414
       10448.281      54576.5      236.903       54576.493
       10449.367      54112.3      235.938       54112.329
       10450.452      53760.4      235.043       53760.355
       10451.538      54100.6      235.934       54100.589
       10452.624      54091.6      236.129       54091.569
       10453.710      53677.4      235.146       53677.437
       10454.796      53964.0      235.726       53964.029
       10455.882      53668.0      235.021       53668.017
       10456.968      53168.7      233.577       53168.703
       10458.054      53302.7      234.164       53302.717
       10459.140      53961.9      235.451       53961.933
       10460.226      53407.9      234.362       53407.949
       10461.312      53366.0      234.114       53365.978
       10462.398      53567.5      234.615       53567.515
       10463.484      53292.8      233.923       53292.817
       10464.570      53704.8      234.962       53704.798
       10465.656      53811.2      235.057       53811.224
       10466.742      53818.4      234.909       53818.351
       10467.828      54021.7      235.652       54021.667
       10468.914      54138.5      235.951       54138.460
       10470.000      53447.1      234.955       53447.133
       10471.086      53991.5      236.306       53991.479
       10472.172      53710.5      235.647       53710.458
       10473.258      53303.6      234.632       53303.558
       10474.344      53603.2      234.856       53603.181
       10475.430      53784.1      235.049       53784.052
       10476.516      54036.4      235.796       54036.357
       10477.602      54170.6      236.030       54170.556
       10478.688      54159.6      235.983       54159.611
       10479.774      53891.9      235.317       53891.891
       10480.860      53826.2      235.278       53826.160
       10481.946      53435.4      234.554       53435.432
       10483.032      52958.4      233.425       52958.422
       10484.118      53816.2      235.218       53816.198
       10485.204      54191.7      236.122       54191.690
       10486.290      54075.1      235.699       54075.052
       10487.376      53820.3      235.157       53820.268
       10488.462      53353.0      234.100       53352.983
       10489.548      53289.7      233.964       53289.697
       10490.633      53832.7      235.156       53832.726
       10491.719      53704.9      235.039       53704.940
       10492.805      53349.4      234.189       53349.362
       10493.891      52965.9      233.294       52965.942
       10494.977      53015.5      233.368       53015.476
       10496.063      53000.8      233.388       53000.841
       10497.149      53489.8      234.570       53489.755
       10498.235      53235.7      233.952       53235.722
       10499.321      53094.4      233.577       53094.374
       10500.407      52981.5      233.322       52981.457
       10501.493      52997.9      233.374       52997.871
       10502.579      53327.8      234.081       53327.812
       10503.665      53358.2      234.190       53358.239
       10504.751      53057.9      233.618       53057.916
       10505.837      52698.4      232.848       52698.357
       10506.923      52830.6      233.052       52830.605
       10508.009      53044.0      233.663       53044.036
       10509.095      53135.6      233.798       53135.562
       10510.181      53254.6      234.098       53254.564
       10511.267      52774.4      233.170       52774.376
       10512.353      53096.0      233.847       53096.008
       10513.439      53128.6      233.921       53128.648
       10514.525      52860.9      233.127       52860.869
       10515.611      51769.1      230.872       51769.122
       10516.697      51693.8      230.696       51693.753
       10517.783      52748.0      232.931       52747.951
       10518.869      53007.5      233.527       53007.548
       10519.955      52590.4      232.516       52590.358
       10521.041      52708.5      232.933       52708.524
       10522.127      52356.3      232.154       52356.297
       10523.213      52522.1      232.376       52522.050
       10524.299      52878.3      233.249       52878.290
       10525.385      52719.0      233.095       52719.026
       10526.471      52852.4      233.287       52852.411
       10527.557      52661.1      232.847       52661.052
       10528.643      52764.2      233.341       52764.214
       10529.729      52361.9      232.184       52361.937
       10530.814      51643.9      230.521       51643.861
       10531.900      52913.3      233.271       52913.305
       10532.986      52164.9      231.700       52164.888
       10534.072      50931.8      229.018       50931.772
       10535.158      51406.0      229.993       51405.970
       10536.244      52938.9      233.297       52938.941
       10537.330      52622.0      232.523       52621.965
       10538.416      52769.0      232.952       52768.991
       10539.502      52726.1      232.739       52726.104
       10540.588      52829.3      232.939       52829.342
       10541.674      52799.6      232.854       52799.624
       10542.760      52554.6      232.512       52554.621
       10543.846      52442.7      232.356       52442.699
       10544.932      52305.3      231.924       52305.289
       10546.018      52195.3      231.668       52195.290
       10547.104      52514.1      232.326       52514.068
       10548.190      52969.1      233.468       52969.123
       10549.276      52908.8      233.335       52908.769
       10550.362      53144.6      233.694       53144.600
       10551.448      53167.5      233.684       53167.483
       10552.534      53400.4      234.319       53400.390
       10553.620      53264.5      233.974       53264.471
       10554.706      52880.2      233.267       52880.190
       10555.792      52862.6      233.362       52862.620
       10556.878      52999.9      233.464       52999.857
       10557.964      53298.6      234.060       53298.637
       10559.050      53226.7      233.856       53226.661
       10560.136      53285.8      234.086       53285.750
       10561.222      52797.3      232.971       52797.264
       10562.308      52844.3      233.024       52844.258
       10563.394      53160.4      233.671       53160.363
       10564.480      53260.6      233.894       53260.603
       10565.566      53321.8      234.060       53321.801
       10566.652      53420.6      234.356       53420.559
       10567.738      53287.1      233.986       53287.119
       10568.824      53450.2      234.356       53450.215
       10569.910      53659.7      234.806       53659.659
       10570.995      53494.1      234.405       53494.080
       10572.081      53333.7      234.128       53333.692
       10573.167      53472.7      234.386       53472.671
       10574.253      53633.5      234.802       53633.535
       10575.339      53477.9      234.527       53477.854
       10576.425      53728.3      235.054       53728.272
       10577.511      53733.3      235.024       53733.269
       10578.597      53556.1      234.535       53556.147
       10579.683      53591.3      234.826       53591.272
       10580.769      53298.9      234.220       53298.914
       10581.855      53180.7      233.808       53180.725
       10582.941      53195.0      233.822       53194.966
       10584.027      53246.7      233.794       53246.742
       10585.113      53132.6      233.467       53132.605
       10586.199      52313.5      231.702       52313.467
       10587.285      51826.5      230.781       51826.479
       10588.371      52448.7      232.171       52448.693
       10589.457      52568.8      232.510       52568.832
       10590.543      52975.6      233.313       52975.598
       10591.629      53574.4      234.624       53574.369
       10592.715      53552.6      234.540       53552.572
       10593.801      53786.3      234.924       53786.331
       10594.887      53878.6      235.248       53878.565
       10595.973      53669.2      234.835       53669.217
       10597.059      53688.9      234.776       53688.914
       10598.145      53764.5      234.861       53764.529
       10599.231      53368.2      233.997       53368.178
       10600.317      53613.1      234.601       53613.132
       10601.403      53740.3      234.905       53740.293
       10602.489      53424.6      234.202       53424.606
       10603.575      53498.5      234.430       53498.526
       10604.661      53360.8      234.250       53360.770
       10605.747      53435.9      234.341       53435.877
       10606.833      53614.9      234.661       53614.882
       10607.919      53644.6      234.633       53644.584
       10609.005      53987.7      235.415       53987.656
       10610.090      54185.5      235.927       54185.532
       10611.176      53838.8      235.195       53838.752
       10612.262      53694.9      234.950       53694.917
       10613.348      53440.8      234.311       53440.803
       10614.434      53525.6      234.441       53525.585
       10615.520      53455.5      234.330       53455.493
       10616.606      53923.4      235.460       53923.375
       10617.692      54159.3      235.877       54159.337
       10618.778      54175.5      235.910       54175.548
       10619.864      54177.7      235.994       54177.734
       10620.950      53987.3      235.505       53987.274
       10622.036      54118.1      235.756       54118.129
       10623.122      53947.5      235.443       53947.481
       10624.208      52111.8      231.454       52111.817
       10625.294      50477.5      227.821       50477.507
       10626.380      52378.0      231.946       52377.990
       10627.466      53635.9      234.622       53635.906
       10628.552      53728.9      234.901       53728.917
       10629.638      53622.7      234.661       53622.688
       10630.724      53600.0      234.627       53599.971
       10631.810      53619.3      234.605       53619.276
       10632.896      53549.1      234.434       53549.056
       10633.982      53631.9      234.602       53631.904
       10635.068      53431.4      234.291       53431.402
       10636.154      53649.3      234.669       53649.300
       10637.240      53662.5      234.627       53662.466
       10638.326      53740.2      235.001       53740.215
       10639.412      53380.0      234.127       53380.028
       10640.498      52501.1      232.172       52501.066
       10641.584      53003.5      233.298       53003.460
       10642.670      53592.3      234.516       53592.323
       10643.756      53471.7      234.403       53471.747
       10644.842      53031.9      233.582       53031.889
       10645.928      52844.8      233.013       52844.790
       10647.014      52923.0      233.061       52923.006
       10648.100      52237.4      231.773       52237.416
       10649.186      52954.0      233.239       52954.033
       10650.271      53240.7      233.954       53240.729
       10651.357      53261.4      233.888       53261.361
       10652.443      52812.3      232.967       52812.299
       10653.529      52756.8      232.900       52756.791
       10654.615      52801.9      233.074       52801.865
       10655.701      52519.3      232.349       52519.345
       10656.787      52043.6      231.300       52043.627
       10657.873      52175.3      231.721       52175.342
       10658.959      52094.0      231.414       52093.958
       10660.045      51552.3      230.197       51552.344
       10661.131      51479.1      229.953       51479.076
       10662.217      51931.8      230.999       51931.749
       10663.303      52037.5      231.264       52037.501
       10664.389      51619.7      230.469       51619.657
       10665.475      51798.6      230.878       51798.625
       10666.561      51963.4      231.251       51963.373
       10667.647      52390.9      232.176       52390.925
       10668.733      51480.7      230.220       51480.669
       10669.819      51054.0      229.140       51053.966
       10670.905      51784.6      230.710       51784.594
       10671.991      51050.6      229.252       51050.574
       10673.077      50830.9      228.716       50830.912
       10674.163      51291.7      229.679       51291.737
       10675.249      51589.6      230.231       51589.597
       10676.335      51369.2      229.715       51369.231
       10677.421      51104.9      229.250       51104.894
       10678.507      50693.3      228.349       50693.323
       10679.593      50013.7      226.753       50013.727
       10680.679      48907.5      224.306       48907.530
       10681.765      49498.3      225.694       49498.266
       10682.851      49840.3      226.391       49840.267
       10683.937      49758.5      226.297       49758.498
       10685.023      49379.3      225.520       49379.316
       10686.109      48482.7      223.389       48482.690
       10687.195      48689.1      223.861       48689.087
       10688.281      48146.7      222.631       48146.706
       10689.367      47973.0      222.212       47972.989
       10690.452      47810.6      221.913       47810.626
       10691.538      47950.1      222.363       47950.121
       10692.624      48351.0      223.007       48351.038
       10693.710      48186.6      222.728       48186.580
       10694.796      48330.3      222.955       48330.314
       10695.882      48638.6      223.537       48638.563
       10696.968      48975.0      224.669       48975.020
       10698.054      49009.6      224.646       49009.585
       10699.140      48780.2      224.192       48780.206
       10700.226      49731.5      226.388       49731.453
       10701.312      49557.4      226.019       49557.440
       10702.398      49488.6      225.699       49488.573
       10703.484      49853.3      226.449       49853.326
       10704.570      49458.9      225.711       49458.884
       10705.656      48994.5      224.640       48994.471
       10706.742      49046.2      224.840       49046.236
       10707.828      48814.9      224.184       48814.937
       10708.914      49030.6      224.589       49030.563
       10710.000      48871.0      224.301       48870.969
       10711.086      48761.6      224.195       48761.591
       10712.172      48777.6      224.355       48777.584
       10713.258      48571.6      224.054       48571.556
       10714.344      48763.9      224.327       48763.890
       10715.430      48407.3      223.502       48407.326
       10716.516      48263.3      223.094       48263.296
       10717.602      49316.0      225.325       49316.005
       10718.688      48459.0      223.459       48458.973
       10719.774      48080.6      222.511       48080.582
       10720.860      48558.9      223.824       48558.951
       10721.946      48428.0      223.451       48427.968
       10723.032      48125.3      222.818       48125.266
       10724.118      48868.4      224.478       48868.399
       10725.204      48024.7      222.579       48024.691
       10726.290      48008.8      222.472       48008.789
       10727.376      47966.2      222.220       47966.169
       10728.462      47551.3      221.380       47551.296
       10729.548      47591.2      221.845       47591.237
       10730.633      47217.7      221.185       47217.742
       10731.719      47516.2      221.905       47516.171
       10732.805      47727.2      222.137       47727.224
       10733.891      47832.6      222.182       47832.578
       10734.977      48054.0      222.369       48054.033
       10736.063      48160.1      222.532       48160.100
       10737.149      47897.1      222.018       47897.063
       10738.235      47395.8      221.197       47395.750
       10739.321      47994.9      222.347       47994.890
       10740.407      47940.7      222.079       47940.668
       10741.493      48052.0      222.340       48051.991
       10742.579      47783.0      221.787       47783.000
       10743.665      47225.6      220.690       47225.613
       10744.751      47523.2      221.429       47523.220
       10745.837      47177.7      220.636       47177.663
       10746.923      46923.0      220.104       46922.974
       10748.009      47053.3      220.229       47053.294
       10749.095      46773.6      219.421       46773.596
       10750.181      47035.8      220.119       47035.777
       10751.267      46730.5      219.603       46730.490
       10752.353      46605.4      219.975       46605.426
       10753.439      46882.6      220.562       46882.648
       10754.525      46915.9      220.575       46915.880
       10755.611      46644.7      219.775       46644.706
       10756.697      46873.0      219.804       46872.982
       10757.783      46821.1      219.596       46821.074
       10758.869      46913.6      219.871       46913.619
       10759.955      47451.0      220.900       47450.980
       10761.041      47134.8      220.421       47134.778
       10762.127      47543.1      221.258       47543.064
       10763.213      47825.2      221.875       47825.246
       10764.299      47531.9      221.119       47531.873
       10765.385      47512.6      221.322       47512.554
       10766.471      47525.1      221.379       47525.071
       10767.557      47785.6      221.875       47785.636
       10768.643      47444.2      221.107       47444.231
       10769.729      47838.9      222.128       47838.903
       10770.814      47459.7      221.031       47459.672
       10771.900      46986.6      219.994       46986.562
       10772.986      47534.8      221.421       47534.822
       10774.072      47157.9      220.682       47157.913
       10775.158      47258.8      220.921       47258.779
       10776.244      47335.5      221.186       47335.511
       10777.330      47251.6      220.754       47251.612
       10778.416      47774.9      221.962       47774.947
       10779.502      47333.5      220.732       47333.515
       10780.588      47795.1      221.825       47795.058
       10781.674      46996.5      219.859       46996.499
       10782.760      47421.0      220.883       47421.012
       10783.846      47311.7      220.578       47311.748
       10784.932      47071.4      220.236       47071.386
       10786.018      47484.0      221.499       47483.991
       10787.104      47352.0      220.825       47351.969
       10788.190      47593.9      221.423       47593.941
       10789.276      48017.6      222.438       48017.634
       10790.362      47542.0      221.269       47541.984
       10791.448      47973.2      222.439       47973.248
       10792.534      47965.0      222.160       47965.006
       10793.620      47696.6      221.598       47696.627
       10794.706      47804.8      222.019       47804.815
       10795.792      48078.6      222.681       48078.601
       10796.878      48284.9      223.041       48284.919
       10797.964      48321.1      223.056       48321.075
       10799.050      47979.1      222.341       47979.144
       10800.136      47887.5      222.184       47887.494
       10801.222      47530.5      221.314       47530.480
       10802.308      47865.4      221.915       47865.416
       10803.394      47657.2      221.635       47657.217
       10804.480      48153.5      222.818       48153.493
       10805.566      47832.2      222.986       47832.192
       10806.652      47961.6      222.458       47961.604
       10807.738      47991.8      222.410       47991.753
       10808.824      48103.2      222.659       48103.164
       10809.910      48475.6      223.423       48475.619
       10810.995      48152.7      222.762       48152.726
       10812.081      48174.1      222.814       48174.125
       10813.167      48149.5      222.886       48149.543
       10814.253      48186.7      223.018       48186.731
       10815.339      48616.0      223.882       48616.042
       10816.425      48847.2      224.312       48847.166
       10817.511      48196.9      222.772       48196.951
       10818.597      48695.2      223.883       48695.155
       10819.683      48897.4      224.318       48897.441
       10820.769      48599.3      223.882       48599.331
       10821.855      48574.5      223.579       48574.530
       10822.941      48371.8      223.191       48371.839
       10824.027      48419.3      223.438       48419.304
       10825.113      48396.9      223.353       48396.924
       10826.199      48476.8      223.436       48476.768
       10827.285      48989.5      224.649       48989.477
       10828.371      48692.0      224.016       48692.002
       10829.457      48120.8      222.723       48120.844
       10830.543      48193.0      223.448       48193.046
       10831.629      48219.9      224.589       48219.861
       10832.715      48511.3      226.394       48511.303
       10833.801      47828.0      225.122       47828.031
       10834.887      47451.8      223.880       47451.799
       10835.973      47948.1      223.853       47948.095
       10837.059      48473.7      223.906       48473.730
       10838.145      49051.8      224.800       49051.752
       10839.231      49202.9      225.054       49202.869
       10840.317      49385.2      225.657       49385.183
       10841.403      49446.3      225.581       49446.339
       10842.489      49366.7      225.900       49366.723
       10843.575      49412.2      226.335       49412.167
       10844.661      49367.4      226.255       49367.381
       10845.747      48843.6      225.048       48843.572
       10846.833      49063.8      225.209       49063.794
       10847.919      48738.1      224.076       48738.091
       10849.005      48650.1      224.059       48650.113
       10850.090      48993.2      224.776       48993.185
       10851.176      48732.7      224.107       48732.696
       10852.262      48270.8      223.115       48270.830
       10853.348      49026.0      224.779       49026.034
       10854.434      48805.5      224.122       48805.455
       10855.520      48567.7      223.622       48567.724
       10856.606      49323.9      225.370       49323.894
       10857.692      49135.5      225.177       49135.505
       10858.778      48997.6      224.973       48997.617
       10859.864      48907.3      224.701       48907.294
       10860.950      46356.7      219.022       46356.676
       10862.036      47096.4      220.644       47096.411
       10863.122      47164.2      220.708       47164.219
       10864.208      47441.1      221.256       47441.076
       10865.294      48377.9      223.211       48377.860
       10866.380      48141.6      222.670       48141.604
       10867.466      48142.3      222.665       48142.307
       10868.552      48108.3      222.717       48108.326
       10869.638      48117.4      222.638       48117.369
       10870.724      47553.9      221.307       47553.864
       10871.810      47310.5      220.744       47310.491
       10872.896      47464.1      221.055       47464.086
       10873.982      47576.9      221.490       47576.943
       10875.068      48163.1      222.787       48163.078
       10876.154      47130.1      220.413       47130.134
       10877.240      45850.1      217.470       45850.138
       10878.326      47061.4      220.361       47061.382
       10879.412      47536.1      221.326       47536.136
       10880.498      47081.3      220.253       47081.263
       10881.584      47434.3      221.162       47434.311
       10882.670      47202.9      220.712       47202.911
       10883.756      47314.4      220.699       47314.441
       10884.842      47033.1      220.086       47033.133
       10885.928      47031.6      220.044       47031.568
       10887.014      47173.2      220.454       47173.172
       10888.100      46754.5      219.473       46754.463
       10889.186      46805.4      219.623       46805.439
       10890.271      47044.9      220.170       47044.908
       10891.357      46597.5      219.048       46597.477
       10892.443      46272.0      218.388       46272.012
       10893.529      46129.6      218.005       46129.571
       10894.615      46530.2      218.972       46530.215
       10895.701      46171.3      218.180       46171.303
       10896.787      46313.6      218.836       46313.639
       10897.873      46224.0      218.768       46223.972
       10898.959      45913.4      217.929       45913.402
       10900.045      46065.9      218.438       46065.868
       10901.131      45575.4      216.970       45575.383
       10902.217      45392.4      216.505       45392.357
       10903.303      44559.5      214.579       44559.491
       10904.389      44558.7      214.437       44558.741
       10905.475      44852.6      215.199       44852.609
       10906.561      44657.3      214.877       44657.257
       10907.647      44428.9      214.005       44428.867
       10908.733      44535.4      214.361       44535.355
       10909.819      44671.6      214.666       44671.646
       10910.905      43843.7      212.735       43843.746
       10911.991      43816.5      212.714       43816.490
       10913.077      43381.8      211.697       43381.837
       10914.163      42854.6      210.335       42854.623
       10915.249      42636.1      209.878       42636.142
       10916.335      41277.5      206.829       41277.463
       10917.421      40440.3      204.627       40440.292
       10918.507      41541.8      207.082       41541.820
       10919.593      41319.7      206.643       41319.744
       10920.679      41003.0      205.714       41002.985
       10921.765      40883.0      205.587       40882.971
       10922.851      40363.8      204.363       40363.804
       10923.937      40067.8      203.888       40067.839
       10925.023      39148.8      202.735       39148.822
       10926.109      37444.9      198.749       37444.945
       10927.195      37528.6      198.702       37528.626
       10928.281      37370.1      198.037       37370.101
       10929.367      37328.3      196.845       37328.340
       10930.452      37409.7      196.929       37409.720
       10931.538      36755.3      195.197       36755.321
       10932.624      35922.3      192.899       35922.281
       10933.710      34805.2      189.946       34805.152
       10934.796      33700.1      187.101       33700.068
       10935.882      33043.3      185.318       33043.256
       10936.968      32247.9      183.158       32247.909
       10938.054      31826.1      182.016       31826.108
       10939.140      31155.2      180.183       31155.194
       10940.226      30799.6      179.066       30799.617
       10941.312      31295.7      180.385       31295.663
       10942.398      31358.7      180.656       31358.691
       10943.484      31667.1      181.565       31667.097
       10944.570      32148.8      182.911       32148.780
       10945.656      32920.3      184.949       32920.275
       10946.742      33244.4      185.814       33244.407
       10947.828      34225.2      188.515       34225.206
       10948.914      35035.0      190.859       35034.988
       10950.000      35362.1      191.994       35362.097
       10951.086      36213.9      194.163       36213.889
       10952.172      37203.0      196.884       37203.012
       10953.258      37638.6      197.753       37638.587
       10954.344      38340.2      199.322       38340.231
       10955.430      38617.9      199.897       38617.943
       10956.516      38952.4      200.687       38952.371
       10957.602      38994.1      200.744       38994.127
       10958.688      38656.3      199.716       38656.327
       10959.774      38699.8      200.084       38699.749
       10960.860      38997.7      200.716       38997.689
       10961.946      39602.2      202.363       39602.223
       10963.032      40448.1      204.302       40448.134
       10964.118      40781.8      205.332       40781.804
       10965.204      41371.8      206.721       41371.821
       10966.290      41412.0      206.657       41412.030
       10967.376      41431.6      206.923       41431.575
       10968.462      41941.9      208.077       41941.915
       10969.548      42105.6      208.472       42105.650
       10970.633      42383.7      209.094       42383.695
       10971.719      42638.6      209.535       42638.619
       10972.805      42800.0      210.392       42799.989
       10973.891      41529.6      208.655       41529.598
       10974.977      42251.0      210.541       42250.986
       10976.063      42897.4      211.910       42897.379
       10977.149      42845.9      211.411       42845.908
       10978.235      42580.2      210.155       42580.172
       10979.321      42582.1      209.665       42582.117
       10980.407      42517.5      209.326       42517.546
       10981.493      42485.9      209.275       42485.940
       10982.579      42743.3      210.130       42743.338
       10983.665      43664.2      212.289       43664.199
       10984.751      43619.7      212.248       43619.727
       10985.837      43284.5      211.308       43284.531
       10986.923      43466.5      211.815       43466.482
       10988.009      43452.5      211.803       43452.484
       10989.095      43162.5      210.965       43162.503
       10990.181      43660.5      212.060       43660.523
       10991.267      44005.1      213.061       44005.068
       10992.353      43933.1      212.913       43933.053
       10993.439      43684.2      212.361       43684.248
       10994.525      43531.4      211.769       43531.381
       10995.611      42968.8      210.441       42968.799
       10996.697      42384.0      209.080       42384.005
       10997.783      42320.0      208.967       42320.000
       10998.869      42465.9      209.352       42465.943
       10999.955      43722.3      212.143       43722.333
       11001.041      44032.2      212.935       44032.207
       11002.127      44472.3      214.196       44472.288
       11003.213      44343.6      213.895       44343.641
       11004.299      44314.6      213.751       44314.567
       11005.385      44085.8      213.282       44085.782
       11006.471      43728.7      212.471       43728.701
       11007.557      44691.6      214.919       44691.635
       11008.643      44592.5      214.853       44592.501
       11009.729      43427.4      211.992       43427.405
       11010.814      43468.9      212.206       43468.878
       11011.900      44275.4      213.810       44275.405
       11012.986      45362.9      216.149       45362.893
       11014.072      44946.8      215.028       44946.832
       11015.158      45049.4      215.445       45049.437
       11016.244      44346.0      213.838       44345.990
       11017.330      45095.3      215.510       45095.341
       11018.416      43789.2      212.418       43789.225
       11019.502      42617.9      209.526       42617.909
       11020.588      43411.2      211.388       43411.181
       11021.674      43575.8      211.916       43575.831
       11022.760      44417.2      213.740       44417.189
       11023.846      44768.4      214.615       44768.424
       11024.932      44150.6      213.156       44150.618
       11026.018      44202.2      213.503       44202.234
       11027.104      43872.9      212.737       43872.877
       11028.190      44740.7      215.544       44740.734
       11029.276      44979.0      216.331       44979.023
       11030.362      44436.2      215.067       44436.219
       11031.448      44025.2      214.017       44025.231
       11032.534      44522.4      214.490       44522.446
       11033.620      44728.8      214.616       44728.844
       11034.706      44841.6      215.087       44841.600
       11035.792      45017.3      215.401       45017.349
       11036.878      45729.1      216.930       45729.131
       11037.964      46012.0      217.662       46012.030
       11039.050      46159.1      217.985       46159.054
       11040.136      45447.5      216.405       45447.504
       11041.222      44813.0      214.677       44812.976
       11042.308      44287.2      213.469       44287.180
       11043.394      43622.6      211.881       43622.551
       11044.480      43423.4      211.375       43423.405
       11045.566      43867.8      212.575       43867.785
       11046.652      44862.8      214.911       44862.844
       11047.738      45098.1      215.505       45098.055
       11048.824      45386.6      216.056       45386.590
       11049.910      45533.7      216.465       45533.686
       11050.995      45993.5      217.473       45993.516
       11052.081      45890.5      217.307       45890.486
       11053.167      45489.2      216.458       45489.213
       11054.253      45648.7      216.736       45648.708
       11055.339      44842.9      214.894       44842.852
       11056.425      44320.6      213.524       44320.633
       11057.511      44908.0      214.895       44907.984
       11058.597      44988.6      215.330       44988.574
       11059.683      44340.6      213.642       44340.586
       11060.769      44516.8      214.107       44516.842
       11061.855      43597.3      211.845       43597.266
       11062.941      43016.7      210.419       43016.699
       11064.027      42791.7      209.930       42791.677
       11065.113      43794.3      212.472       43794.288
       11066.199      43724.3      212.110       43724.281
       11067.285      43809.6      212.360       43809.638
       11068.371      44208.8      213.276       44208.780
       11069.457      45547.6      216.470       45547.595
       11070.543      45765.9      217.309       45765.910
       11071.629      45488.7      216.581       45488.681
       11072.715      45285.3      216.133       45285.285
       11073.801      45878.0      217.647       45878.019
       11074.887      45576.4      216.696       45576.388
       11075.973      45389.6      216.125       45389.603
       11077.059      45035.2      215.210       45035.212
       11078.145      44660.7      214.492       44660.712
       11079.231      44369.1      213.674       44369.149
       11080.317      43971.7      212.721       43971.709
       11081.403      43441.0      211.536       43441.006
       11082.489      43665.1      212.309       43665.095
       11083.575      43925.1      212.812       43925.085
       11084.661      43651.5      212.125       43651.503
       11085.747      42913.8      210.358       42913.749
       11086.833      42638.8      209.693       42638.780
       11087.919      42949.4      210.618       42949.385
       11089.005      43412.6      212.013       43412.640
       11090.090      44607.1      214.846       44607.145
       11091.176      45331.7      216.711       45331.739
       11092.262      44519.7      214.391       44519.741
       11093.348      43995.7      212.838       43995.699
       11094.434      44059.8      212.889       44059.752
       11095.520      44517.7      214.125       44517.668
       11096.606      44595.4      214.411       44595.364
       11097.692      44386.6      213.866       44386.634
       11098.778      44459.4      213.909       44459.390
       11099.864      44106.5      213.153       44106.544
       11100.950      44987.3      215.102       44987.324
       11102.036      45006.0      215.208       45006.015
       11103.122      44872.5      214.818       44872.487
       11104.208      43623.3      211.763       43623.286
       11105.294      41409.9      206.629       41409.851
       11106.380      40582.4      204.467       40582.357
       11107.466      40781.0      204.948       40781.032
       11108.552      41595.1      206.969       41595.104
       11109.638      42088.7      207.957       42088.680
       11110.724      42256.5      208.630       42256.522
       11111.810      40238.7      203.842       40238.655
       11112.896      40482.0      204.247       40481.997
       11113.982      39897.9      202.880       39897.896
       11115.068      39468.4      201.659       39468.451
       11116.154      39635.4      202.383       39635.403
       11117.240      42326.4      209.083       42326.365
       11118.326      43809.5      212.212       43809.522
       11119.412      44052.5      212.902       44052.546
       11120.498      43453.1      211.501       43453.063
       11121.584      42978.1      210.375       42978.064
       11122.670      42383.7      208.957       42383.742
       11123.756      41823.8      207.555       41823.802
       11124.842      41629.9      207.034       41629.943
       11125.928      42344.9      208.953       42344.927
       11127.014      42735.4      209.952       42735.421
       11128.100      41733.3      207.640       41733.330
       11129.186      40128.3      203.470       40128.321
       11130.271      37249.4      196.329       37249.354
       11131.357      36035.6      193.240       36035.594
       11132.443      35720.9      192.293       35720.903
       11133.529      35951.1      192.811       35951.070
       11134.615      37474.9      196.679       37474.890
       11135.701      38367.2      199.231       38367.228
       11136.787      37421.7      196.657       37421.651
       11137.873      36075.4      193.198       36075.396
       11138.959      36001.9      193.064       36001.905
       11140.045      38110.3      198.465       38110.255
       11141.131      39880.3      203.036       39880.268
       11142.217      40994.8      205.758       40994.810
       11143.303      41217.4      206.319       41217.435
       11144.389      41016.3      205.751       41016.297
       11145.475      41848.5      207.733       41848.502
       11146.561      40794.9      205.067       40794.858
       11147.647      40353.4      204.000       40353.397
       11148.733      39699.1      202.294       39699.121
       11149.819      36587.6      194.402       36587.550
       11150.905      31421.9      180.712       31421.889
       11151.991      28708.8      172.983       28708.808
       11153.077      30162.6      177.116       30162.591
       11154.163      34006.7      187.848       34006.748
       11155.249      35567.9      192.150       35567.890
       11156.335      36323.4      194.014       36323.406
       11157.421      37115.1      195.930       37115.148
       11158.507      37052.4      195.731       37052.402
       11159.593      37312.5      196.392       37312.510
       11160.679      36976.4      195.333       36976.388
       11161.765      35073.8      190.588       35073.824
       11162.851      31349.8      180.318       31349.777
       11163.937      27153.1      168.221       27153.072
       11165.023      23922.2      158.525       23922.218
       11166.109      22928.6      155.049       22928.639
       11167.195      23067.6      155.418       23067.635
       11168.281      25582.3      163.383       25582.316
       11169.367      28947.6      173.508       28947.595
       11170.452      31969.9      182.216       31969.892
       11171.538      31814.0      181.672       31813.983
       11172.624      29516.9      175.064       29516.920
       11173.710      26939.8      167.384       26939.811
       11174.796      26801.8      167.053       26801.754
       11175.882      29371.3      176.159       29371.258
       11176.968      33332.1      186.069       33332.097
       11178.054      35871.9      192.647       35871.859
       11179.140      35684.7      192.012       35684.743
       11180.226      34595.7      189.171       34595.738
       11181.312      32845.5      184.486       32845.545
       11182.398      29843.6      176.052       29843.620
       11183.484      26952.1      167.470       26952.059
       11184.570      26969.3      167.455       26969.341
       11185.656      30068.2      176.537       30068.240
       11186.742      32540.2      183.588       32540.167
       11187.828      29911.9      176.435       29911.908
       11188.914      25353.8      162.582       25353.802
       11190.000      23154.9      155.704       23154.947
       11191.086      23047.0      155.097       23047.017
       11192.172      22944.0      154.779       22944.044
       11193.258      22012.9      151.739       22012.891
       11194.344      22075.7      152.131       22075.737
       11195.430      24946.1      161.334       24946.070
       11196.516      28372.8      171.695       28372.753
       11197.602      29870.6      175.946       29870.628
       11198.688      27188.6      169.491       27188.572
       11199.774      24451.8      161.632       24451.818
       11200.860      24030.0      158.266       24030.020
       11201.946      23293.5      155.955       23293.518
       11203.032      20709.7      147.535       20709.710
       11204.118      19462.2      143.119       19462.162
       11205.204      21879.5      151.435       21879.524
       11206.290      25626.6      163.551       25626.585
       11207.376      26679.6      166.656       26679.608
       11208.462      26586.2      166.201       26586.175
       11209.548      26610.0      166.292       26609.952
       11210.633      26372.5      165.577       26372.513
       11211.719      23680.5      157.070       23680.517
       11212.805      20250.6      145.754       20250.611
       11213.891      18732.6      140.549       18732.606
       11214.977      20620.2      147.117       20620.205
       11216.063      23038.6      155.018       23038.573
       11217.149      22780.2      154.102       22780.222
       11218.235      18941.5      141.116       18941.459
       11219.321      15128.3      126.510       15128.300
       11220.407      14400.3      123.415       14400.286
       11221.493      16010.2      130.006       16010.209
       11222.579      15664.0      128.326       15663.993
       11223.665      13587.1      120.111       13587.096
       11224.751      12377.2      115.139       12377.224
       11225.837      12506.7      115.699       12506.659
       11226.923      12799.1      116.947       12799.077
       11228.009      13839.8      121.355       13839.843
       11229.095      16503.1      131.822       16503.148
       11230.181      19160.4      141.808       19160.394
       11231.267      20238.5      145.540       20238.451
       11232.353      20182.6      145.245       20182.581
       11233.439      19053.8      141.109       19053.807
       11234.525      16255.0      130.497       16255.022
       11235.611      12382.0      114.441       12382.003
       11236.697      9717.74      102.072       9717.7363
       11237.783      10241.7      104.823       10241.655
       11238.869      13400.2      119.257       13400.189
       11239.955          NaN      12.5047             NaN
