      9750.00    0.0769720     0.277438
      9751.09    0.0273350     0.165333
      9752.17    0.0651691     0.255282
      9753.26    0.0554205     0.235416
      9754.34    0.0484641     0.220146
      9755.43    0.0727339     0.269692
      9756.52    0.0665839     0.258039
      9757.60    0.0633672     0.251728
      9758.69    0.0537602     0.231862
      9759.77    0.0617786     0.248553
      9760.86    0.0375287     0.193723
      9761.95    0.0417707     0.204379
      9763.03    0.0173164     0.131592
      9764.12     0.103353     0.321486
      9765.20    0.0392256     0.198055
      9766.29    0.0564207     0.237530
      9767.38   0.00917128    0.0957668
      9768.46    0.0542534     0.232924
      9769.55    0.0913099     0.302175
      9770.63    0.0747203     0.273350
      9771.72    0.0357617     0.189108
      9772.81    0.0237519     0.154117
      9773.89    0.0325150     0.180319
      9774.98   0.00345112    0.0587463
      9776.06   0.00318059    0.0563967
      9777.15    0.0445903     0.211164
      9778.24    0.0607741     0.246524
      9779.32    0.0253031     0.159070
      9780.41    0.0412734     0.203158
      9781.49    0.0277043     0.166446
      9782.58    0.0266633     0.163289
      9783.67    0.0276474     0.166275
      9784.75    0.0215244     0.146712
      9785.84    0.0469340     0.216642
      9786.92    0.0287714     0.169621
      9788.01    0.0322661     0.179628
      9789.09    0.0601186     0.245191
      9790.18    0.0703756     0.265284
      9791.27    0.0938416     0.306336
      9792.35    0.0258524     0.160787
      9793.44    0.0919868     0.303293
      9794.52    0.0888191     0.298025
      9795.61    0.0333849     0.182715
      9796.70  -0.00922228     0.263425
      9797.78    0.0380928     0.195174
      9798.87    0.0648159     0.254590
      9799.96    0.0553858     0.235342
      9801.04    0.0176678     0.132920
      9802.13    0.0495888     0.222686
      9803.21   -0.0183377     0.263425
      9804.30    0.0488717     0.221070
      9805.38    0.0730101     0.270204
      9806.47    0.0746662     0.273251
      9807.56    0.0467182     0.216144
      9808.64    0.0123075     0.110939
      9809.73    0.0607368     0.246448
      9810.81    0.0173951     0.131890
      9811.90    0.0361544     0.190143
      9812.99    0.0367712     0.191758
      9814.07    0.0355591     0.188571
      9815.16    0.0514528     0.226832
      9816.24    0.0753235     0.274451
      9817.33   -0.0296928     0.263425
      9818.42    0.0532672     0.230797
      9819.50    0.0336210     0.183360
      9820.59   0.00222755    0.0471969
      9821.67   0.00922055    0.0960237
      9822.76   0.00871225    0.0933395
      9823.85    0.0152167     0.123356
      9824.93    0.0360852     0.189961
      9826.02    0.0232496     0.152478
      9827.10    0.0657658     0.256448
      9828.19    0.0456398     0.213635
      9829.28    0.0470815     0.216983
      9830.36    0.0223546     0.149515
      9831.45    0.0203775     0.142750
      9832.53   -0.0236618     0.263425
      9833.62  -0.00423850     0.263425
      9834.71    0.0262248     0.161941
      9835.79    0.0345822     0.185963
      9836.88    0.0358773     0.189413
      9837.96    0.0665952     0.258061
      9839.05    0.0277982     0.166728
      9840.14    0.0566591     0.238032
      9841.22    0.0399561     0.199890
      9842.31    0.0350936     0.187333
      9843.39    0.0344520     0.185612
      9844.48    0.0727348     0.269694
      9845.57    0.0150605     0.122721
      9846.65    0.0283693     0.168432
      9847.74   0.00444724    0.0666876
      9848.82    0.0199685     0.141310
      9849.91    0.0257931     0.160602
      9851.00   -0.0138774     0.263425
      9852.08  -0.00176403     0.263425
      9853.17    0.0909884     0.301643
      9854.25    0.0757063     0.275148
      9855.34    0.0434694     0.208493
      9856.43    0.0401099     0.200275
      9857.51    0.0260076     0.161269
      9858.60    0.0305347     0.174742
      9859.68    0.0267689     0.163612
      9860.77    0.0446555     0.211319
      9861.86    0.0472032     0.217263
      9862.94    0.0155762     0.124805
      9864.03  0.000997281    0.0315798
      9865.11    0.0600468     0.245045
      9866.20    0.0494150     0.222295
      9867.29    0.0242422     0.155699
      9868.37    0.0306322     0.175020
      9869.46    0.0573359     0.239449
      9870.54    0.0657317     0.256382
      9871.63    0.0771365     0.277735
      9872.71     0.105451     0.324732
      9873.80   -0.0307552     0.263425
      9874.89   -0.0865872     0.263425
      9875.97     0.107546     0.327942
      9877.06    0.0229264     0.151415
      9878.14   -0.0301697     0.263425
      9879.23    0.0493471     0.222142
      9880.32    0.0647488     0.254458
      9881.40    0.0624769     0.249954
      9882.49    0.0588893     0.242671
      9883.57    0.0517904     0.227575
      9884.66     0.111789     0.334349
      9885.75     0.117100     0.342198
      9886.83    0.0264973     0.162780
      9887.92    0.0158713     0.125981
      9889.00    0.0626002     0.250200
      9890.09    0.0371500     0.192743
      9891.18    0.0175565     0.132501
      9892.26    0.0530716     0.230373
      9893.35    0.0491997     0.221810
      9894.43    0.0832409     0.288515
      9895.52    0.0795465     0.282040
      9896.61    0.0231113     0.152024
      9897.69    0.0791419     0.281322
      9898.78    0.0336489     0.183436
      9899.86    0.0815332     0.285540
      9900.95    0.0761004     0.275863
      9902.04    0.0829120     0.287945
      9903.12    0.0681659     0.261086
      9904.21     0.111303     0.333621
      9905.29    0.0608342     0.246646
      9906.38    0.0346889     0.186250
      9907.47    0.0326982     0.180826
      9908.55    0.0524891     0.229105
      9909.64    0.0491345     0.221663
      9910.72    0.0538982     0.232160
      9911.81    0.0589623     0.242822
      9912.90    0.0869233     0.294828
      9913.98    0.0766441     0.276847
      9915.07    0.0726509     0.269538
      9916.15    0.0362446     0.190380
      9917.24     0.109195     0.330446
      9918.33   -0.0968515     0.263425
      9919.41   -0.0314534     0.263425
      9920.50    0.0348707     0.186737
      9921.58    0.0468781     0.216514
      9922.67    0.0647846     0.254528
      9923.76    0.0356736     0.188875
      9924.84    0.0563040     0.237285
      9925.93    0.0613315     0.247652
      9927.01    0.0626033     0.250207
      9928.10    0.0852225     0.291929
      9929.19    0.0674391     0.259690
      9930.27    0.0452135     0.212635
      9931.36    0.0465517     0.215759
      9932.44    0.0140917     0.118709
      9933.53    0.0573975     0.239578
      9934.62    0.0701633     0.264884
      9935.70    0.0791735     0.281378
      9936.79    0.0674377     0.259688
      9937.87    0.0786042     0.280364
      9938.96    0.0380188     0.194984
      9940.04    0.0738071     0.271675
      9941.13    0.0109946     0.104855
      9942.22    0.0388032     0.196985
      9943.30   0.00191967    0.0438141
      9944.39    0.0172398     0.131300
      9945.48    0.0596649     0.244264
      9946.56   -0.0348397     0.263425
      9947.65    0.0250911     0.158402
      9948.73    0.0133062     0.115352
      9949.82    0.0301249     0.173565
      9950.91    0.0978685     0.312839
      9951.99    0.0174692     0.132171
      9953.08     0.118053     0.343589
      9954.16    0.0667224     0.258307
      9955.25    0.0599962     0.244941
      9956.33    0.0539524     0.232277
      9957.42    0.0961092     0.310015
      9958.51     0.315090     0.561329
      9959.59     0.197487     0.444395
      9960.68    0.0453023     0.212843
      9961.76     0.120398     0.346984
      9962.85   -0.0550039     0.263425
      9963.94     0.113594     0.337037
      9965.02    0.0373581     0.193282
      9966.11   0.00316104    0.0562231
      9967.19    0.0988380     0.314385
      9968.28    0.0470482     0.216906
      9969.37    0.0300645     0.173391
      9970.45    0.0772522     0.277943
      9971.54    0.0599503     0.244847
      9972.62     0.112691     0.335695
      9973.71    0.0569489     0.238640
      9974.80     0.158923     0.398652
      9975.88     0.154219     0.392708
      9976.97    0.0627996     0.250599
      9978.05    0.0664131     0.257707
      9979.14     0.100408     0.316872
      9980.23    0.0728393     0.269888
      9981.31    0.0380002     0.194936
      9982.40    0.0387112     0.196752
      9983.48    0.0350127     0.187117
      9984.57    0.0612535     0.247494
      9985.66    0.0632094     0.251415
      9986.74    0.0505552     0.224845
      9987.83    0.0736195     0.271329
      9988.91    0.0693089     0.263266
      9990.00    0.0594190     0.243760
      9991.09    0.0581989     0.241245
      9992.17    0.0580591     0.240954
      9993.26    0.0758721     0.275449
      9994.34    0.0931216     0.305158
      9995.43    0.0681138     0.260986
      9996.52    0.0463002     0.215175
      9997.60    0.0522473     0.228577
      9998.69    0.0503707     0.224434
      9999.77    0.0404498     0.201121
      10000.9   0.00357346    0.0597784
      10001.9  -0.00455544     0.263425
      10003.0    0.0397929     0.199482
      10004.1    0.0341103     0.184690
      10005.2    0.0920383     0.303378
      10006.3    0.0583887     0.241637
      10007.4    0.0272418     0.165051
      10008.5    0.0698744     0.264338
      10009.5     0.115652     0.340077
      10010.6    0.0831595     0.288374
      10011.7     0.142222     0.377123
      10012.8     0.150526     0.387977
      10013.9     0.195409     0.442051
      10015.0     0.138666     0.372379
      10016.1   -0.0400082     0.263425
      10017.1    0.0218963     0.147974
      10018.2     0.102827     0.320666
      10019.3    0.0550197     0.234563
      10020.4    0.0872814     0.295434
      10021.5     0.119916     0.346288
      10022.6    0.0782961     0.279814
      10023.7     0.118483     0.344213
      10024.8    0.0768388     0.277198
      10025.8     0.138183     0.371730
      10026.9    0.0186011     0.136386
      10028.0  -0.00915112     0.263425
      10029.1     0.140034     0.374211
      10030.2     0.194410     0.440919
      10031.3    0.0930285     0.305006
      10032.4    0.0988350     0.314380
      10033.4     0.100296     0.316695
      10034.5    0.0995507     0.315517
      10035.6    0.0897124     0.299520
      10036.7    0.0782203     0.279679
      10037.8     0.115333     0.339607
      10038.9    0.0828808     0.287890
      10040.0    0.0519863     0.228005
      10041.0    0.0594695     0.243864
      10042.1    0.0553441     0.235253
      10043.2    0.0883853     0.297297
      10044.3     0.140052     0.374235
      10045.4    0.0965591     0.310740
      10046.5    0.0889771     0.298290
      10047.6    0.0929315     0.304847
      10048.6    0.0860958     0.293421
      10049.7    0.0643006     0.253576
      10050.8    0.0294587     0.171635
      10051.9    0.0690465     0.262767
      10053.0    0.0459649     0.214394
      10054.1    0.0115176     0.107320
      10055.2    0.0467070     0.216118
      10056.2    0.0367926     0.191814
      10057.3    0.0310840     0.176306
      10058.4    0.0953389     0.308770
      10059.5    0.0759389     0.275570
      10060.6    0.0713321     0.267081
      10061.7    0.0489979     0.221355
      10062.8    0.0563845     0.237454
      10063.8    0.0344437     0.185590
      10064.9    0.0704657     0.265454
      10066.0    0.0344331     0.185562
      10067.1    0.0435088     0.208588
      10068.2    0.0431153     0.207642
      10069.3   -0.0187603     0.263425
      10070.4    0.0515697     0.227090
      10071.4     0.109435     0.330809
      10072.5    0.0687828     0.262265
      10073.6 -0.000832018     0.263425
      10074.7   -0.0215451     0.263425
      10075.8    0.0621293     0.249258
      10076.9    0.0782292     0.279695
      10078.0    0.0438202     0.209333
      10079.0    0.0220111     0.148362
      10080.1    0.0602801     0.245520
      10081.2    0.0839794     0.289792
      10082.3    0.0316521     0.177910
      10083.4    0.0426317     0.206474
      10084.5    0.0551723     0.234888
      10085.6     0.134548     0.366808
      10086.7   -0.0728341     0.263425
      10087.7    0.0710015     0.266461
      10088.8    0.0987994     0.314324
      10089.9    0.0866122     0.294300
      10091.0    0.0565403     0.237782
      10092.1    0.0444600     0.210855
      10093.2    0.0680279     0.260822
      10094.3     0.109156     0.330388
      10095.3    0.0970732     0.311566
      10096.4    0.0879190     0.296511
      10097.5    0.0621939     0.249387
      10098.6    0.0678837     0.260545
      10099.7    0.0705932     0.265694
      10100.8    0.0550617     0.234652
      10101.9    0.0824365     0.287118
      10102.9    0.0588846     0.242662
      10104.0    0.0785282     0.280229
      10105.1    0.0690699     0.262811
      10106.2    0.0709048     0.266280
      10107.3     0.124905     0.353419
      10108.4     0.187700     0.433243
      10109.5    0.0999851     0.316204
      10110.5    0.0520244     0.228089
      10111.6    0.0517628     0.227514
      10112.7    0.0432092     0.207868
      10113.8    0.0684170     0.261567
      10114.9    0.0410677     0.202652
      10116.0    0.0509249     0.225665
      10117.1     0.105789     0.325252
      10118.1    0.0739723     0.271978
      10119.2    0.0447630     0.211573
      10120.3    0.0572571     0.239285
      10121.4    0.0696492     0.263911
      10122.5    0.0576879     0.240183
      10123.6    0.0324203     0.180056
      10124.7    0.0401729     0.200432
      10125.7    0.0330323     0.181748
      10126.8    0.0690667     0.262806
      10127.9     0.144980     0.380763
      10129.0    0.0307279     0.175294
      10130.1    0.0436056     0.208820
      10131.2    0.0661551     0.257206
      10132.3    0.0872537     0.295387
      10133.3    0.0404242     0.201058
      10134.4    0.0654469     0.255826
      10135.5    0.0596577     0.244249
      10136.6    0.0586854     0.242251
      10137.7     0.102214     0.319709
      10138.8    0.0682460     0.261239
      10139.9    0.0940814     0.306727
      10141.0    0.0852407     0.291960
      10142.0    0.0479892     0.219064
      10143.1     0.132001     0.363320
      10144.2    0.0824143     0.287079
      10145.3    0.0630671     0.251132
      10146.4    0.0968751     0.311248
      10147.5    0.0361494     0.190130
      10148.6    0.0126133     0.112309
      10149.6    0.0542830     0.232987
      10150.7    0.0604925     0.245952
      10151.8    0.0510254     0.225888
      10152.9    0.0393787     0.198441
      10154.0   0.00456521    0.0675664
      10155.1    0.0235317     0.153401
      10156.2     0.171170     0.413727
      10157.2    0.0501391     0.223918
      10158.3     0.126924     0.356263
      10159.4    0.0899077     0.299846
      10160.5    0.0528616     0.229916
      10161.6    0.0394836     0.198705
      10162.7    0.0676421     0.260081
      10163.8    0.0678102     0.260404
      10164.8    0.0900906     0.300151
      10165.9    0.0600437     0.245038
      10167.0  -0.00604638     0.263425
      10168.1    0.0669372     0.258722
      10169.2    0.0141197     0.118826
      10170.3    0.0163797     0.127983
      10171.4    0.0256025     0.160008
      10172.4    0.0521998     0.228473
      10173.5   -0.0138107     0.263425
      10174.6   -0.0596662     0.263425
      10175.7    0.0705468     0.265607
      10176.8     0.145923     0.381998
      10177.9    0.0623861     0.249772
      10179.0    0.0288188     0.169761
      10180.0    0.0383227     0.195762
      10181.1     0.119851     0.346195
      10182.2     0.110178     0.331931
      10183.3    0.0586835     0.242247
      10184.4    0.0812795     0.285096
      10185.5     0.135753     0.368446
      10186.6    0.0524082     0.228928
      10187.6    0.0509061     0.225624
      10188.7    0.0772640     0.277964
      10189.8    0.0790900     0.281229
      10190.9     0.102542     0.320222
      10192.0     0.136049     0.368848
      10193.1    0.0398457     0.199614
      10194.2    0.0971205     0.311642
      10195.2    0.0766047     0.276776
      10196.3    0.0929117     0.304814
      10197.4    0.0836782     0.289272
      10198.5    0.0646098     0.254185
      10199.6    0.0242401     0.155692
      10200.7   0.00984457    0.0992198
      10201.8    0.0874206     0.295670
      10202.9     0.105648     0.325035
      10203.9    0.0855393     0.292471
      10205.0     0.129102     0.359308
      10206.1    0.0809026     0.284434
      10207.2    0.0733314     0.270798
      10208.3    0.0919827     0.303286
      10209.4    0.0459051     0.214255
      10210.5     0.105913     0.325443
      10211.5     0.152228     0.390164
      10212.6   -0.0481711     0.263425
      10213.7     0.151071     0.388679
      10214.8     0.154843     0.393501
      10215.9     0.132478     0.363976
      10217.0    0.0618083     0.248613
      10218.1    0.0776064     0.278579
      10219.1     0.126014     0.354984
      10220.2     0.109757     0.331296
      10221.3    0.0924832     0.304111
      10222.4    0.0833270     0.288664
      10223.5    0.0511625     0.226191
      10224.6     0.100122     0.316420
      10225.7    0.0578415     0.240503
      10226.7    0.0496967     0.222928
      10227.8     0.106449     0.326266
      10228.9     0.137142     0.370326
      10230.0     0.160775     0.400968
      10231.1     0.230784     0.480399
      10232.2    0.0308620     0.175676
      10233.3   -0.0103072     0.263425
      10234.3   -0.0132697     0.263425
      10235.4    0.0453025     0.212844
      10236.5  0.000600023    0.0244954
      10237.6    0.0489528     0.221253
      10238.7    0.0572650     0.239301
      10239.8    0.0686425     0.261997
      10240.9    0.0878493     0.296394
      10241.9     0.144903     0.380661
      10243.0    0.0987307     0.314214
      10244.1    0.0810111     0.284625
      10245.2    0.0481928     0.219529
      10246.3    0.0366054     0.191325
      10247.4    0.0759770     0.275639
      10248.5    0.0545058     0.233465
      10249.5    0.0484695     0.220158
      10250.6    0.0327128     0.180867
      10251.7    0.0671331     0.259101
      10252.8    0.0585301     0.241930
      10253.9    0.0985180     0.313876
      10255.0     0.113554     0.336978
      10256.1    0.0953009     0.308708
      10257.1    0.0716425     0.267661
      10258.2    0.0613474     0.247684
      10259.3    0.0848153     0.291231
      10260.4    0.0663270     0.257540
      10261.5    0.0624218     0.249844
      10262.6    0.0781269     0.279512
      10263.7     0.102188     0.319669
      10264.8    0.0923968     0.303968
      10265.8    0.0605797     0.246129
      10266.9     0.110138     0.331870
      10268.0    0.0949754     0.308181
      10269.1    0.0515963     0.227148
      10270.2    0.0445790     0.211138
      10271.3    0.0750797     0.274007
      10272.4    0.0961217     0.310035
      10273.4    0.0619419     0.248881
      10274.5    0.0498058     0.223172
      10275.6     0.100789     0.317472
      10276.7    0.0892212     0.298699
      10277.8    0.0817778     0.285968
      10278.9    0.0654778     0.255886
      10280.0    0.0234844     0.153246
      10281.0    0.0782998     0.279821
      10282.1    0.0847764     0.291164
      10283.2    0.0678133     0.260410
      10284.3   0.00676261    0.0822351
      10285.4  -0.00566542     0.263425
      10286.5     0.150096     0.387423
      10287.6    0.0818841     0.286154
      10288.6     0.283433     0.532384
      10289.7     0.183155     0.427967
      10290.8  -0.00474659     0.263425
      10291.9    0.0185397     0.136160
      10293.0    0.0377346     0.194254
      10294.1    0.0157517     0.125506
      10295.2   -0.0210998     0.263425
      10296.2     0.189974     0.435860
      10297.3     0.107999     0.328632
      10298.4  -0.00275351     0.263425
      10299.5    0.0366651     0.191481
      10300.6    0.0861614     0.293533
      10301.7     0.152414     0.390402
      10302.8    0.0403721     0.200928
      10303.8    0.0979796     0.313017
      10304.9    0.0601741     0.245304
      10306.0    0.0758310     0.275374
      10307.1    0.0788421     0.280788
      10308.2    0.0760104     0.275700
      10309.3    0.0120322     0.109691
      10310.4    0.0607687     0.246513
      10311.4    0.0538271     0.232007
      10312.5    0.0913871     0.302303
      10313.6    0.0395685     0.198918
      10314.7    0.0233456     0.152793
      10315.8  -0.00807092     0.263425
      10316.9    0.0413191     0.203271
      10318.0    0.0487198     0.220726
      10319.0     0.110704     0.332722
      10320.1    0.0879007     0.296481
      10321.2    0.0823244     0.286922
      10322.3     0.117842     0.343281
      10323.4    0.0804867     0.283702
      10324.5     0.100977     0.317769
      10325.6    0.0394273     0.198563
      10326.7    0.0373936     0.193374
      10327.7     0.111236     0.333520
      10328.8     0.116697     0.341609
      10329.9    0.0974292     0.312137
      10331.0  -0.00455172     0.263425
      10332.1    0.0578952     0.240614
      10333.2     0.191788     0.437936
      10334.3    0.0830700     0.288219
      10335.3    0.0474475     0.217825
      10336.4  -0.00483781     0.263425
      10337.5    0.0644676     0.253905
      10338.6     0.129504     0.359866
      10339.7     0.120481     0.347104
      10340.8    0.0578802     0.240583
      10341.9   -0.0256118     0.263425
      10342.9    0.0339869     0.184355
      10344.0    0.0931974     0.305283
      10345.1    0.0180683     0.134418
      10346.2    0.0343079     0.185224
      10347.3   -0.0142597     0.263425
      10348.4   -0.0631413     0.263425
      10349.5    0.0648547     0.254666
      10350.5   0.00523904    0.0723812
      10351.6    0.0181940     0.134885
      10352.7    0.0562115     0.237090
      10353.8   -0.0176934     0.263425
      10354.9  -0.00816867     0.263425
      10356.0   0.00694240    0.0833211
      10357.1    0.0825325     0.287285
      10358.1    0.0617221     0.248439
      10359.2    0.0687934     0.262285
      10360.3    0.0861049     0.293436
      10361.4    0.0799928     0.282830
      10362.5    0.0709367     0.266339
      10363.6    0.0936664     0.306050
      10364.7    0.0832047     0.288452
      10365.7    0.0295795     0.171987
      10366.8    0.0128996     0.113576
      10367.9   0.00920864    0.0959617
      10369.0    0.0488475     0.221015
      10370.1    0.0496170     0.222749
      10371.2    0.0408206     0.202041
      10372.3    0.0230868     0.151943
      10373.3    -0.123369     0.263425
      10374.4   -0.0708329     0.263425
      10375.5    0.0391443     0.197849
      10376.6     0.216786     0.465603
      10377.7     0.189858     0.435726
      10378.8    0.0984876     0.313827
      10379.9    0.0810822     0.284749
      10381.0    0.0789280     0.280941
      10382.0    0.0756070     0.274967
      10383.1    0.0590066     0.242913
      10384.2    0.0944131     0.307267
      10385.3    0.0269650     0.164210
      10386.4    0.0689961     0.262671
      10387.5    0.0619402     0.248878
      10388.6    0.0288110     0.169738
      10389.6    0.0475959     0.218165
      10390.7    0.0390299     0.197560
      10391.8    0.0493040     0.222045
      10392.9    0.0746257     0.273177
      10394.0    0.0638767     0.252738
      10395.1    0.0526227     0.229396
      10396.2    0.0574875     0.239765
      10397.2   -0.0727306     0.263425
      10398.3     0.179201     0.423321
      10399.4    0.0598737     0.244691
      10400.5  -0.00508536     0.263425
      10401.6    0.0320896     0.179136
      10402.7    0.0883480     0.297234
      10403.8    0.0979604     0.312986
      10404.8    0.0881453     0.296893
      10405.9    0.0521421     0.228346
      10407.0    0.0390538     0.197620
      10408.1     0.127637     0.357263
      10409.2    0.0926407     0.304369
      10410.3     0.107710     0.328192
      10411.4    0.0722070     0.268714
      10412.4    0.0417250     0.204267
      10413.5    0.0500859     0.223799
      10414.6    0.0562678     0.237208
      10415.7    0.0596741     0.244283
      10416.8    0.0371782     0.192816
      10417.9     0.158045     0.397548
      10419.0   -0.0676705     0.263425
      10420.0     0.294816     0.542970
      10421.1     0.323192     0.568500
      10422.2     0.124003     0.352141
      10423.3     0.146519     0.382778
      10424.4    0.0186951     0.136730
      10425.5    0.0272127     0.164963
      10426.6    0.0828922     0.287910
      10427.6    0.0749133     0.273703
      10428.7    0.0337497     0.183711
      10429.8    0.0758606     0.275428
      10430.9    0.0487701     0.220839
      10432.0    0.0837602     0.289414
      10433.1    0.0980826     0.313181
      10434.2    0.0265692     0.163001
      10435.2    0.0988881     0.314465
      10436.3    0.0257022     0.160319
      10437.4    0.0934498     0.305696
      10438.5    0.0780017     0.279288
      10439.6    0.0868134     0.294641
      10440.7    0.0883161     0.297180
      10441.8    0.0921797     0.303611
      10442.9    0.0436049     0.208818
      10443.9    0.0498813     0.223341
      10445.0    0.0635330     0.252057
      10446.1    0.0509017     0.225614
      10447.2    0.0339457     0.184244
      10448.3    0.0769515     0.277401
      10449.4     0.109309     0.330619
      10450.5    0.0873062     0.295476
      10451.5    0.0132736     0.115211
      10452.6     0.148367     0.385184
      10453.7     0.178958     0.423035
      10454.8     0.164522     0.405613
      10455.9    0.0326719     0.180754
      10457.0    0.0269821     0.164262
      10458.1    0.0153981     0.124089
      10459.1    0.0430858     0.207571
      10460.2    0.0644056     0.253783
      10461.3    0.0998392     0.315973
      10462.4    0.0602803     0.245521
      10463.5    0.0846545     0.290954
      10464.6    0.0461121     0.214737
      10465.7    0.0813825     0.285276
      10466.7    0.0489280     0.221197
      10467.8    0.0456535     0.213667
      10468.9    0.0472679     0.217412
      10470.0     0.194994     0.441581
      10471.1    0.0835015     0.288966
      10472.2    0.0528160     0.229817
      10473.3    0.0448417     0.211759
      10474.3    0.0863426     0.293841
      10475.4    0.0963417     0.310390
      10476.5    0.0817097     0.285849
      10477.6    0.0891311     0.298548
      10478.7    0.0628179     0.250635
      10479.8    0.0866711     0.294400
      10480.9    0.0468431     0.216433
      10481.9    0.0383481     0.195827
      10483.0    0.0959763     0.309801
      10484.1     0.120848     0.347632
      10485.2     0.102226     0.319728
      10486.3    0.0261912     0.161837
      10487.4    0.0243394     0.156011
      10488.5    0.0691827     0.263026
      10489.5     0.116214     0.340902
      10490.6    0.0289274     0.170080
      10491.7    0.0910490     0.301743
      10492.8     0.139055     0.372900
      10493.9     0.114523     0.338412
      10495.0     0.117410     0.342652
      10496.1    0.0557515     0.236118
      10497.1    0.0348028     0.186555
      10498.2    0.0637060     0.252401
      10499.3    0.0784381     0.280068
      10500.4    0.0295799     0.171988
      10501.5    -0.107463     0.263425
      10502.6     0.105123     0.324227
      10503.7    0.0810077     0.284619
      10504.8    0.0385511     0.196344
      10505.8    0.0594556     0.243835
      10506.9    0.0639494     0.252882
      10508.0    0.0751271     0.274093
      10509.1    0.0188547     0.137313
      10510.2    0.0195229     0.139724
      10511.3     0.126852     0.356164
      10512.4     0.166178     0.407650
      10513.4     0.131651     0.362837
      10514.5    0.0934265     0.305658
      10515.6    0.0279027     0.167041
      10516.7    0.0729143     0.270027
      10517.8    0.0503452     0.224377
      10518.9   0.00687365    0.0829075
      10520.0    0.0769688     0.277432
      10521.0    0.0799179     0.282698
      10522.1    0.0985212     0.313881
      10523.2     0.115901     0.340443
      10524.3    0.0667332     0.258328
      10525.4    0.0470405     0.216888
      10526.5    0.0163720     0.127953
      10527.6    0.0378155     0.194462
      10528.6    0.0445728     0.211123
      10529.7     0.169509     0.411715
      10530.8     0.123772     0.351813
      10531.9    0.0868416     0.294689
      10533.0     0.149068     0.386093
      10534.1    0.0802338     0.283256
      10535.2     0.104394     0.323101
      10536.2     0.140797     0.375229
      10537.3     0.101762     0.319001
      10538.4    0.0766755     0.276903
      10539.5    0.0646952     0.254353
      10540.6    0.0919725     0.303270
      10541.7    0.0645387     0.254045
      10542.8    0.0600709     0.245094
      10543.8    0.0685920     0.261901
      10544.9    0.0684053     0.261544
      10546.0    0.0855260     0.292448
      10547.1    0.0830168     0.288126
      10548.2    0.0714528     0.267307
      10549.3     0.104984     0.324012
      10550.4    0.0364215     0.190844
      10551.4    0.0739249     0.271891
      10552.5     0.101242     0.318185
      10553.6     0.110696     0.332710
      10554.7     0.131049     0.362006
      10555.8    0.0918477     0.303064
      10556.9     0.109572     0.331016
      10558.0     0.105629     0.325005
      10559.0    0.0619016     0.248800
      10560.1    0.0552660     0.235087
      10561.2    0.0811029     0.284786
      10562.3    0.0749121     0.273701
      10563.4    0.0924579     0.304069
      10564.5    0.0300340     0.173303
      10565.6    0.0975178     0.312278
      10566.7    0.0853897     0.292215
      10567.7     0.104856     0.323815
      10568.8     0.126506     0.355677
      10569.9     0.113885     0.337468
      10571.0    0.0601592     0.245274
      10572.1    0.0851011     0.291721
      10573.2    0.0256213     0.160067
      10574.3    0.0814752     0.285439
      10575.3    0.0577312     0.240273
      10576.4     0.116106     0.340744
      10577.5    0.0470947     0.217013
      10578.6    0.0600187     0.244987
      10579.7    0.0767000     0.276948
      10580.8    0.0411125     0.202762
      10581.9    0.0559581     0.236555
      10582.9    0.0974824     0.312222
      10584.0    0.0221294     0.148759
      10585.1    0.0334260     0.182828
      10586.2    0.0129731     0.113900
      10587.3    0.0139357     0.118049
      10588.4    0.0590472     0.242996
      10589.5     0.223730     0.473001
      10590.5     0.146190     0.382348
      10591.6    0.0639246     0.252833
      10592.7    0.0441130     0.210031
      10593.8    0.0797915     0.282474
      10594.9    0.0886568     0.297753
      10596.0    0.0542768     0.232974
      10597.1    0.0730862     0.270345
      10598.1    0.0970429     0.311517
      10599.2    0.0714713     0.267341
      10600.3    0.0767380     0.277016
      10601.4    0.0412519     0.203106
      10602.5  -0.00255855     0.263425
      10603.6    0.0854246     0.292275
      10604.7    0.0810274     0.284653
      10605.7    0.0441427     0.210102
      10606.8    0.0226177     0.150392
      10607.9    0.0261634     0.161751
      10609.0    0.0452558     0.212734
      10610.1    0.0557465     0.236107
      10611.2    0.0785481     0.280264
      10612.3    0.0415769     0.203904
      10613.3    0.0189879     0.137797
      10614.4    0.0845999     0.290861
      10615.5    0.0882714     0.297105
      10616.6    0.0576842     0.240175
      10617.7    0.0640053     0.252993
      10618.8    0.0717792     0.267916
      10619.9    0.0920390     0.303379
      10621.0     0.125469     0.354217
      10622.0     0.113737     0.337250
      10623.1    0.0532654     0.230793
      10624.2    0.0899509     0.299918
      10625.3    0.0884023     0.297325
      10626.4     0.109845     0.331429
      10627.5    0.0429382     0.207215
      10628.6    0.0417723     0.204383
      10629.6    0.0606017     0.246174
      10630.7    0.0720569     0.268434
      10631.8    0.0991921     0.314948
      10632.9    0.0722694     0.268830
      10634.0    0.0631477     0.251292
      10635.1    0.0679501     0.260672
      10636.2    0.0488897     0.221110
      10637.2    0.0771745     0.277803
      10638.3    0.0621709     0.249341
      10639.4    0.0642120     0.253401
      10640.5     0.103603     0.321874
      10641.6    0.0622203     0.249440
      10642.7    0.0250424     0.158248
      10643.8    0.0138249     0.117579
      10644.8    0.0744031     0.272769
      10645.9    0.0675421     0.259889
      10647.0    0.0865716     0.294230
      10648.1    0.0867249     0.294491
      10649.2    0.0699263     0.264436
      10650.3    0.0609837     0.246949
      10651.4    0.0764533     0.276502
      10652.4    0.0674385     0.259689
      10653.5    0.0327720     0.181030
      10654.6    0.0803058     0.283383
      10655.7     0.141334     0.375944
      10656.8     0.104515     0.323288
      10657.9    0.0939757     0.306555
      10659.0    0.0590634     0.243030
      10660.0    0.0497568     0.223062
      10661.1    0.0298189     0.172682
      10662.2    0.0323467     0.179852
      10663.3    0.0650662     0.255081
      10664.4    0.0655794     0.256085
      10665.5    0.0272139     0.164966
      10666.6    0.0930480     0.305038
      10667.6    0.0437881     0.209256
      10668.7    0.0683186     0.261378
      10669.8    0.0729349     0.270065
      10670.9    0.0357508     0.189079
      10672.0   0.00206115    0.0453999
      10673.1    0.0441839     0.210200
      10674.2    0.0802492     0.283283
      10675.2    0.0170749     0.130671
      10676.3    0.0357287     0.189020
      10677.4    0.0147392     0.121405
      10678.5    0.0899378     0.299896
      10679.6    0.0130135     0.114077
      10680.7    0.0659284     0.256765
      10681.8    0.0945983     0.307568
      10682.9    0.0909877     0.301642
      10683.9    0.0937136     0.306127
      10685.0    0.0325597     0.180443
      10686.1    0.0705579     0.265627
      10687.2     0.164736     0.405877
      10688.3     0.151412     0.389117
      10689.4    0.0693293     0.263305
      10690.5    0.0618738     0.248744
      10691.5    0.0844698     0.290637
      10692.6  -0.00654622     0.263425
      10693.7    0.0163377     0.127819
      10694.8    0.0931670     0.305233
      10695.9    0.0430424     0.207467
      10697.0    0.0258753     0.160858
      10698.1    0.0377010     0.194167
      10699.1    0.0647698     0.254499
      10700.2    0.0481920     0.219527
      10701.3    0.0555192     0.235625
      10702.4     0.104838     0.323788
      10703.5    0.0360695     0.189920
      10704.6     0.109652     0.331138
      10705.7    0.0458906     0.214221
      10706.7    0.0365980     0.191306
      10707.8    0.0564251     0.237540
      10708.9     0.107831     0.328376
      10710.0     0.137732     0.371122
      10711.1   -0.0221411     0.263425
      10712.2   -0.0244619     0.263425
      10713.3     0.103265     0.321348
      10714.3     0.116557     0.341404
      10715.4     0.122322     0.349746
      10716.5    0.0384440     0.196071
      10717.6    0.0863143     0.293793
      10718.7     0.118471     0.344196
      10719.8     0.131209     0.362228
      10720.9    0.0699383     0.264459
      10721.9     0.264038     0.513846
      10723.0     0.230018     0.479602
      10724.1   -0.0235030     0.263425
      10725.2   0.00509772    0.0713983
      10726.3     0.107772     0.328286
      10727.4    0.0193446     0.139085
      10728.5    0.0911854     0.301969
      10729.5     0.186937     0.432362
      10730.6     0.145726     0.381740
      10731.7     0.110837     0.332922
      10732.8   0.00303313    0.0550738
      10733.9    0.0277308     0.166526
      10735.0    0.0497942     0.223146
      10736.1    0.0833391     0.288685
      10737.1    0.0610815     0.247147
      10738.2    0.0373787     0.193336
      10739.3     0.117083     0.342175
      10740.4     0.106317     0.326063
      10741.5    0.0996553     0.315682
      10742.6    0.0395363     0.198837
      10743.7   -0.0255163     0.263425
      10744.8   -0.0576984     0.263425
      10745.8     0.115047     0.339186
      10746.9    0.0857522     0.292835
      10748.0     0.127316     0.356814
      10749.1 -0.000767997     0.263425
      10750.2    0.0905693     0.300947
      10751.3   -0.0267543     0.263425
      10752.4     0.159817     0.399771
      10753.4    0.0530141     0.230248
      10754.5     0.245944     0.495928
      10755.6     0.121516     0.348591
      10756.7     0.138114     0.371637
      10757.8    0.0656147     0.256154
      10758.9    0.0607796     0.246535
      10760.0     0.119260     0.345341
      10761.0    0.0731093     0.270387
      10762.1    0.0406221     0.201549
      10763.2    0.0395171     0.198789
      10764.3    0.0468139     0.216365
      10765.4    0.0526484     0.229452
      10766.5    0.0535115     0.231326
      10767.6  -0.00524653     0.263425
      10768.6    0.0244449     0.156348
      10769.7    0.0553859     0.235342
      10770.8    0.0652400     0.255421
      10771.9    0.0812424     0.285031
      10773.0   -0.0112543     0.263425
      10774.1     0.145495     0.381438
      10775.2    0.0901099     0.300183
      10776.2   -0.0340746     0.263425
      10777.3   -0.0108577     0.263425
      10778.4    0.0708482     0.266173
      10779.5    0.0349138     0.186852
      10780.6     0.125771     0.354641
      10781.7    0.0385840     0.196428
      10782.8     0.116500     0.341322
      10783.8    0.0529035     0.230008
      10784.9    0.0762243     0.276087
      10786.0    0.0825052     0.287237
      10787.1    0.0360836     0.189957
      10788.2    0.0412025     0.202984
      10789.3    0.0541095     0.232614
      10790.4    0.0631702     0.251337
      10791.4    0.0369328     0.192179
      10792.5     0.110686     0.332695
      10793.6    0.0447593     0.211564
      10794.7    0.0686237     0.261961
      10795.8    0.0458310     0.214082
      10796.9    0.0458675     0.214167
      10798.0    0.0613102     0.247609
      10799.0    0.0476040     0.218183
      10800.1    0.0930495     0.305040
      10801.2    0.0321494     0.179303
      10802.3    0.0891384     0.298561
      10803.4     0.106710     0.326664
      10804.5    0.0430104     0.207389
      10805.6    0.0332291     0.182288
      10806.7    0.0720186     0.268363
      10807.7    0.0757975     0.275313
      10808.8    0.0604092     0.245783
      10809.9    0.0500706     0.223765
      10811.0    0.0805823     0.283870
      10812.1    0.0790464     0.281152
      10813.2    0.0809652     0.284544
      10814.3    0.0215731     0.146878
      10815.3    0.0309248     0.175854
      10816.4     0.121587     0.348694
      10817.5    0.0770076     0.277502
      10818.6    0.0824432     0.287129
      10819.7     0.109827     0.331402
      10820.8     0.125266     0.353929
      10821.9    0.0593437     0.243606
      10822.9    0.0115464     0.107454
      10824.0    0.0528896     0.229977
      10825.1    0.0388615     0.197133
      10826.2    0.0812866     0.285108
      10827.3  -0.00298464     0.263425
      10828.4    0.0888686     0.298108
      10829.5     0.104571     0.323374
      10830.5    0.0604107     0.245786
      10831.6     0.989071     0.994521
      10832.7     0.644410     0.802752
      10833.8    0.0256617     0.160193
      10834.9    -0.318612     0.263425
      10836.0     0.107141     0.327325
      10837.1     0.214654     0.463307
      10838.1    0.0852555     0.291985
      10839.2    0.0841568     0.290098
      10840.3  -0.00621662     0.263425
      10841.4    0.0831819     0.288413
      10842.5   -0.0405301     0.263425
      10843.6   -0.0379294     0.263425
      10844.7    0.0555282     0.235644
      10845.7    0.0703494     0.265235
      10846.8     0.148934     0.385920
      10847.9    0.0392035     0.197999
      10849.0    0.0649626     0.254878
      10850.1    0.0358082     0.189231
      10851.2    0.0373113     0.193161
      10852.3    0.0430180     0.207408
      10853.3    0.0461252     0.214768
      10854.4    0.0686859     0.262080
      10855.5    0.0894862     0.299143
      10856.6    0.0372790     0.193078
      10857.7    0.0863731     0.293893
      10858.8     0.121492     0.348557
      10859.9    0.0658185     0.256551
      10861.0    0.0511843     0.226239
      10862.0    0.0553861     0.235343
      10863.1    0.0596362     0.244205
      10864.2     0.115546     0.339920
      10865.3    0.0496862     0.222904
      10866.4     0.108393     0.329230
      10867.5    0.0585850     0.242043
      10868.6    0.0216944     0.147290
      10869.6    0.0355617     0.188578
      10870.7    0.0859135     0.293110
      10871.8    0.0658675     0.256647
      10872.9    0.0937508     0.306187
      10874.0     0.110093     0.331803
      10875.1    0.0697534     0.264109
      10876.2    0.0317928     0.178305
      10877.2    0.0693976     0.263434
      10878.3    0.0147437     0.121424
      10879.4    0.0348956     0.186804
      10880.5    0.0772478     0.277935
      10881.6    0.0673709     0.259559
      10882.7    0.0705056     0.265529
      10883.8    0.0815791     0.285621
      10884.8    0.0370541     0.192494
      10885.9    0.0560186     0.236683
      10887.0    0.0286259     0.169192
      10888.1    0.0549540     0.234423
      10889.2    0.0465109     0.215664
      10890.3    0.0831023     0.288275
      10891.4    0.0745172     0.272978
      10892.4    0.0310418     0.176187
      10893.5    0.0669087     0.258667
      10894.6    0.0998181     0.315940
      10895.7    0.0521715     0.228411
      10896.8    0.0883351     0.297212
      10897.9    0.0985078     0.313859
      10899.0    0.0407260     0.201807
      10900.0     0.134789     0.367136
      10901.1     0.119283     0.345374
      10902.2    0.0881793     0.296950
      10903.3    0.0502913     0.224257
      10904.4    0.0428022     0.206887
      10905.5    0.0713408     0.267097
      10906.6    0.0937760     0.306229
      10907.6    0.0762413     0.276118
      10908.7    0.0385546     0.196353
      10909.8    0.0846441     0.290937
      10910.9    0.0345386     0.185846
      10912.0   -0.0142507     0.263425
      10913.1    0.0176886     0.132998
      10914.2    0.0153567     0.123922
      10915.2    0.0792735     0.281555
      10916.3    0.0449540     0.212024
      10917.4    0.0527290     0.229628
      10918.5    0.0505833     0.224907
      10919.6    0.0814374     0.285372
      10920.7    0.0424737     0.206091
      10921.8    0.0522177     0.228512
      10922.9     0.180851     0.425266
      10923.9     0.240715     0.490627
      10925.0     0.210431     0.458727
      10926.1     0.273875     0.523331
      10927.2     0.202359     0.449843
      10928.3    0.0337893     0.183819
      10929.4    0.0868903     0.294772
      10930.5    0.0455211     0.213357
      10931.5    0.0519927     0.228019
      10932.6   0.00977403    0.0988637
      10933.7    0.0579179     0.240661
      10934.8    0.0787022     0.280539
      10935.9    0.0809781     0.284567
      10937.0    0.0505456     0.224824
      10938.1    0.0660762     0.257053
      10939.1   0.00600151    0.0774694
      10940.2    0.0207936     0.144200
      10941.3    0.0451645     0.212519
      10942.4    0.0163076     0.127701
      10943.5    0.0601627     0.245281
      10944.6     0.113002     0.336158
      10945.7    0.0451394     0.212460
      10946.7     0.110531     0.332463
      10947.8    0.0798791     0.282629
      10948.9    0.0266995     0.163400
      10950.0    0.0136997     0.117046
      10951.1   -0.0265416     0.263425
      10952.2     0.109275     0.330567
      10953.3   -0.0107008     0.263425
      10954.3    0.0866065     0.294290
      10955.4    0.0831155     0.288298
      10956.5    0.0970872     0.311588
      10957.6    0.0656137     0.256152
      10958.7    0.0772727     0.277980
      10959.8    0.0748027     0.273501
      10960.9    0.0290362     0.170400
      10961.9    0.0352167     0.187661
      10963.0    0.0446896     0.211399
      10964.1    0.0514570     0.226841
      10965.2    0.0883196     0.297186
      10966.3    0.0756589     0.275062
      10967.4    0.0757152     0.275164
      10968.5    0.0551200     0.234777
      10969.5    0.0845117     0.290709
      10970.6     0.137008     0.370147
      10971.7     0.127635     0.357261
      10972.8     0.101462     0.318531
      10973.9     0.109758     0.331297
      10975.0    0.0210695     0.145153
      10976.1    0.0322689     0.179635
      10977.1    0.0387443     0.196836
      10978.2     0.152736     0.390814
      10979.3    0.0275098     0.165861
      10980.4    0.0485555     0.220353
      10981.5    0.0508180     0.225428
      10982.6    0.0268318     0.163804
      10983.7    0.0955971     0.309188
      10984.8    0.0999301     0.316117
      10985.8    0.0640633     0.253107
      10986.9    0.0757427     0.275214
      10988.0    0.0594985     0.243923
      10989.1    0.0636654     0.252320
      10990.2    0.0621911     0.249381
      10991.3    0.0543586     0.233149
      10992.4    0.0393235     0.198301
      10993.4    0.0613487     0.247687
      10994.5    0.0727860     0.269789
      10995.6    0.0654245     0.255782
      10996.7    0.0510063     0.225846
      10997.8    0.0381879     0.195417
      10998.9    0.0179922     0.134135
      11000.0    0.0361282     0.190074
      11001.0    0.0529379     0.230082
      11002.1    0.0392325     0.198072
      11003.2    0.0496809     0.222892
      11004.3     0.110049     0.331736
      11005.4    0.0462150     0.214977
      11006.5     0.130401     0.361111
      11007.6     0.224160     0.473455
      11008.6     0.163275     0.404074
      11009.7   0.00113517    0.0336922
      11010.8   -0.0238139     0.263425
      11011.9     0.128386     0.358310
      11013.0    0.0898637     0.299773
      11014.1    0.0353158     0.187925
      11015.2    0.0666203     0.258109
      11016.2    0.0775340     0.278449
      11017.3    0.0443746     0.210653
      11018.4    0.0412825     0.203181
      11019.5  -0.00718173     0.263425
      11020.6    0.0243515     0.156050
      11021.7    0.0266709     0.163312
      11022.8    0.0593168     0.243550
      11023.8    0.0280457     0.167468
      11024.9    0.0830394     0.288166
      11026.0    0.0383547     0.195844
      11027.1   0.00830350    0.0911235
      11028.2    -0.260232     0.263425
      11029.3   -0.0821794     0.263425
      11030.4     0.196747     0.443562
      11031.4     0.116835     0.341811
      11032.5     0.114754     0.338754
      11033.6    0.0115683     0.107556
      11034.7    0.0636980     0.252385
      11035.8    0.0993849     0.315254
      11036.9     0.101418     0.318462
      11038.0    0.0616597     0.248314
      11039.0    0.0157117     0.125347
      11040.1    0.0644387     0.253848
      11041.2     0.102504     0.320162
      11042.3    0.0689235     0.262533
      11043.4    0.0919754     0.303274
      11044.5    0.0743912     0.272748
      11045.6    0.0392606     0.198143
      11046.7    0.0887323     0.297880
      11047.7    0.0976834     0.312543
      11048.8    0.0538720     0.232103
      11049.9    0.0652036     0.255350
      11051.0    0.0886468     0.297736
      11052.1    0.0972404     0.311834
      11053.2    0.0739959     0.272022
      11054.3    0.0602429     0.245444
      11055.3    0.0481375     0.219403
      11056.4    0.0672941     0.259411
      11057.5    0.0478377     0.218718
      11058.6    0.0237608     0.154145
      11059.7    0.0184870     0.135967
      11060.8    0.0352923     0.187862
      11061.9    0.0710929     0.266632
      11062.9    0.0157663     0.125564
      11064.0    0.0608421     0.246662
      11065.1    0.0732899     0.270721
      11066.2    0.0478032     0.218639
      11067.3    0.0322694     0.179637
      11068.4    0.0634857     0.251964
      11069.5    0.0793572     0.281704
      11070.5    0.0751933     0.274214
      11071.6     0.131285     0.362332
      11072.7    0.0371344     0.192703
      11073.8   -0.0648625     0.263425
      11074.9   -0.0183128     0.263425
      11076.0    0.0599525     0.244852
      11077.1    0.0205327     0.143292
      11078.1    0.0413529     0.203354
      11079.2    0.0578717     0.240565
      11080.3    0.0434043     0.208337
      11081.4    0.0518350     0.227673
      11082.5    0.0564227     0.237535
      11083.6     0.106661     0.326590
      11084.7   0.00993893    0.0996942
      11085.7    0.0713818     0.267174
      11086.8    0.0144911     0.120379
      11087.9   -0.0368876     0.263425
      11089.0     0.258864     0.508786
      11090.1     0.201783     0.449202
      11091.2    0.0491945     0.221798
      11092.3     0.167529     0.409303
      11093.3    0.0446559     0.211319
      11094.4    0.0241624     0.155443
      11095.5    0.0782327     0.279701
      11096.6    0.0380335     0.195022
      11097.7    0.0318269     0.178401
      11098.8    0.0767080     0.276962
      11099.9    0.0656461     0.256215
      11101.0    0.0308448     0.175627
      11102.0    0.0910970     0.301823
      11103.1    0.0684759     0.261679
      11104.2    0.0462290     0.215009
      11105.3    0.0329605     0.181550
      11106.4    0.0639484     0.252880
      11107.5    0.0534423     0.231176
      11108.6    0.0306342     0.175026
      11109.6    0.0889625     0.298266
      11110.7    0.0556633     0.235931
      11111.8    0.0579861     0.240803
      11112.9    0.0290562     0.170459
      11114.0   -0.0112286     0.263425
      11115.1    0.0348975     0.186809
      11116.2    0.0256126     0.160039
      11117.2    0.0564242     0.237538
      11118.3    0.0422313     0.205503
      11119.4    0.0113002     0.106302
      11120.5    0.0328739     0.181311
      11121.6    0.0698019     0.264201
      11122.7    0.0623446     0.249689
      11123.8    0.0398169     0.199542
      11124.8    0.0269447     0.164148
      11125.9    0.0795905     0.282118
      11127.0    0.0819050     0.286191
      11128.1    0.0486577     0.220585
      11129.2    0.0790280     0.281119
      11130.3    0.0215626     0.146842
      11131.4    0.0506772     0.225116
      11132.4    0.0675921     0.259985
      11133.5    0.0595294     0.243987
      11134.6    0.0524560     0.229033
      11135.7    0.0586994     0.242280
      11136.8    0.0456763     0.213720
      11137.9    0.0362214     0.190319
      11139.0    0.0724245     0.269118
      11140.0   -0.0108734     0.263425
      11141.1    0.0121102     0.110046
      11142.2     0.101498     0.318587
      11143.3    0.0777292     0.278800
      11144.4     0.101868     0.319168
      11145.5    0.0726460     0.269529
      11146.6    0.0389556     0.197372
      11147.6    0.0529084     0.230018
      11148.7    0.0392357     0.198080
      11149.8    0.0500952     0.223820
      11150.9   0.00725559    0.0851797
      11152.0    0.0187871     0.137066
      11153.1    0.0425618     0.206305
      11154.2    0.0371222     0.192671
      11155.2    0.0340992     0.184660
      11156.3   -0.0264371     0.263425
      11157.4   -0.0311990     0.263425
      11158.5    0.0625456     0.250091
      11159.6    0.0386046     0.196481
      11160.7    0.0538402     0.232035
      11161.8    0.0496681     0.222863
      11162.9    0.0370655     0.192524
      11163.9   -0.0101965     0.263425
      11165.0  -0.00515684     0.263425
      11166.1    0.0167167     0.129293
      11167.2    0.0696100     0.263837
      11168.3    0.0781430     0.279541
      11169.4    0.0421081     0.205203
      11170.5    0.0855060     0.292414
      11171.5    0.0314248     0.177270
      11172.6   0.00658476    0.0811466
      11173.7    0.0494959     0.222477
      11174.8    0.0280239     0.167403
      11175.9    0.0332447     0.182331
      11177.0    0.0849882     0.291527
      11178.1   0.00135877    0.0368615
      11179.1  -0.00191182     0.263425
      11180.2   0.00471859    0.0686920
      11181.3    0.0512502     0.226385
      11182.4    0.0701774     0.264910
      11183.5    0.0549499     0.234414
      11184.6    0.0428983     0.207119
      11185.7    0.0855598     0.292506
      11186.7     0.103641     0.321933
      11187.8    0.0504977     0.224717
      11188.9    0.0113983     0.106763
      11190.0    0.0519180     0.227855
      11191.1    0.0432104     0.207871
      11192.2   0.00666042    0.0816114
      11193.3  -0.00977154     0.263425
      11194.3    0.0243346     0.155995
      11195.4    0.0197493     0.140532
      11196.5    0.0294475     0.171603
      11197.6    0.0515918     0.227138
      11198.7    0.0511216     0.226101
      11199.8    0.0483435     0.219871
      11200.9    0.0647215     0.254404
      11201.9    0.0472808     0.217442
      11203.0    0.0438094     0.209307
      11204.1    0.0280032     0.167342
      11205.2   -0.0164839     0.263425
      11206.3   0.00872912    0.0934298
      11207.4    0.0446892     0.211398
      11208.5    0.0622696     0.249539
      11209.5    0.0615845     0.248162
      11210.6    0.0446920     0.211405
      11211.7    0.0409740     0.202420
      11212.8   -0.0227444     0.263425
      11213.9    0.0415287     0.203786
      11215.0    0.0635545     0.252100
      11216.1    0.0496170     0.222749
      11217.1   0.00699248    0.0836210
      11218.2    0.0161468     0.127070
      11219.3   -0.0100149     0.263425
      11220.4   0.00123626    0.0351604
      11221.5    0.0648617     0.254680
      11222.6    0.0324442     0.180123
      11223.7    0.0256421     0.160132
      11224.8    0.0496594     0.222844
      11225.8   0.00446315    0.0668068
      11226.9    0.0189721     0.137739
      11228.0   0.00522449    0.0722806
      11229.1    0.0706716     0.265841
      11230.2   0.00336316    0.0579928
      11231.3    0.0265092     0.162817
      11232.4    0.0468395     0.216424
      11233.4    0.0206503     0.143702
      11234.5    0.0266243     0.163169
      11235.6 -0.000690646     0.263425
      11236.7   -0.0164173     0.263425
      11237.8    0.0291899     0.170850
      11238.9    0.0305363     0.174746
      11240.0    0.0442546     0.210368
