      9750.00    0.0662217     0.257336
      9751.09    0.0634017     0.251797
      9752.17   -0.0178465     0.319695
      9753.26    0.0551749     0.234893
      9754.34    0.0748673     0.273619
      9755.43    0.0306995     0.175213
      9756.52    0.0924524     0.304060
      9757.60     0.103681     0.321995
      9758.69    0.0821919     0.286691
      9759.77    0.0936747     0.306063
      9760.86    0.0130930     0.114425
      9761.95    0.0452134     0.212634
      9763.03    0.0298114     0.172660
      9764.12    0.0342130     0.184968
      9765.20    0.0584068     0.241675
      9766.29    0.0624594     0.249919
      9767.38    0.0394597     0.198645
      9768.46    0.0739387     0.271917
      9769.55    0.0644549     0.253880
      9770.63    0.0859250     0.293130
      9771.72    0.0869239     0.294829
      9772.81    0.0531463     0.230535
      9773.89    0.0323800     0.179944
      9774.98    0.0562502     0.237171
      9776.06   0.00957953    0.0978751
      9777.15     0.106672     0.326607
      9778.24    0.0632640     0.251523
      9779.32    0.0830198     0.288132
      9780.41    0.0364328     0.190874
      9781.49    0.0538876     0.232137
      9782.58    0.0488793     0.221087
      9783.67    0.0793102     0.281621
      9784.75    0.0668573     0.258568
      9785.84    0.0623876     0.249775
      9786.92    0.0628652     0.250729
      9788.01     0.113966     0.337589
      9789.09    0.0973887     0.312072
      9790.18    0.0695303     0.263686
      9791.27   -0.0256712     0.319695
      9792.35     0.106820     0.326834
      9793.44     0.191677     0.437809
      9794.52    0.0978813     0.312860
      9795.61     0.113809     0.337357
      9796.70    0.0866355     0.294339
      9797.78    0.0840470     0.289909
      9798.87  -0.00411553     0.319695
      9799.96    0.0706294     0.265762
      9801.04     0.128190     0.358036
      9802.13    0.0953525     0.308792
      9803.21     0.118019     0.343540
      9804.30    0.0328207     0.181165
      9805.38     0.112125     0.334851
      9806.47    0.0434862     0.208533
      9807.56    0.0465503     0.215755
      9808.64  0.000726415    0.0269521
      9809.73    0.0656108     0.256146
      9810.81     0.115034     0.339167
      9811.90     0.127263     0.356739
      9812.99     0.120238     0.346753
      9814.07    0.0637882     0.252563
      9815.16    0.0106281     0.103093
      9816.24    0.0495525     0.222604
      9817.33     0.138343     0.371945
      9818.42     0.100715     0.317356
      9819.50     0.123692     0.351699
      9820.59    0.0674393     0.259691
      9821.67    0.0120882     0.109947
      9822.76    0.0635696     0.252130
      9823.85    0.0421816     0.205382
      9824.93    0.0711482     0.266736
      9826.02    0.0756487     0.275043
      9827.10    0.0458339     0.214089
      9828.19   0.00177448    0.0421246
      9829.28    0.0535470     0.231402
      9830.36    0.0764680     0.276528
      9831.45    0.0638931     0.252771
      9832.53    0.0574537     0.239695
      9833.62   0.00970454    0.0985116
      9834.71    0.0219819     0.148263
      9835.79    0.0869330     0.294844
      9836.88     0.103440     0.321620
      9837.96     0.104649     0.323495
      9839.05    0.0614732     0.247938
      9840.14    0.0868616     0.294723
      9841.22    0.0403933     0.200981
      9842.31    0.0523080     0.228709
      9843.39    0.0642705     0.253516
      9844.48    0.0479706     0.219022
      9845.57    0.0650497     0.255048
      9846.65     0.103770     0.322133
      9847.74     0.111694     0.334206
      9848.82    0.0342484     0.185063
      9849.91    0.0107248     0.103561
      9851.00    0.0888285     0.298041
      9852.08     0.116457     0.341258
      9853.17    0.0817069     0.285844
      9854.25    0.0479673     0.219014
      9855.34    0.0632694     0.251534
      9856.43    0.0314426     0.177321
      9857.51    0.0780229     0.279326
      9858.60    0.0648737     0.254703
      9859.68    0.0109493     0.104639
      9860.77    0.0108885     0.104348
      9861.86    0.0953610     0.308806
      9862.94     0.105438     0.324713
      9864.03    0.0645039     0.253976
      9865.11    0.0626282     0.250256
      9866.20    0.0654669     0.255865
      9867.29    0.0450277     0.212197
      9868.37    0.0326170     0.180602
      9869.46    0.0609905     0.246963
      9870.54    0.0919040     0.303157
      9871.63     0.143320     0.378577
      9872.71    0.0124182     0.111437
      9873.80    0.0868994     0.294787
      9874.89    0.0384640     0.196122
      9875.97   -0.0983288     0.319695
      9877.06    0.0252105     0.158778
      9878.14    0.0341854     0.184893
      9879.23    0.0907037     0.301171
      9880.32    0.0461253     0.214768
      9881.40    0.0667990     0.258455
      9882.49    0.0647109     0.254383
      9883.57    0.0535928     0.231501
      9884.66    0.0256681     0.160213
      9885.75   0.00823351    0.0907387
      9886.83    0.0965388     0.310707
      9887.92    0.0871862     0.295273
      9889.00    0.0455591     0.213446
      9890.09     0.116976     0.342017
      9891.18    0.0195150     0.139696
      9892.26     0.112829     0.335901
      9893.35    0.0506741     0.225109
      9894.43     0.152090     0.389987
      9895.52     0.166395     0.407915
      9896.61    0.0805216     0.283763
      9897.69    0.0984778     0.313812
      9898.78    0.0595499     0.244028
      9899.86   -0.0515429     0.319695
      9900.95    0.0572897     0.239353
      9902.04    0.0631849     0.251366
      9903.12    0.0155677     0.124771
      9904.21   0.00727180    0.0852748
      9905.29    0.0510194     0.225875
      9906.38     0.106971     0.327064
      9907.47    0.0897256     0.299542
      9908.55    0.0718356     0.268022
      9909.64    0.0843133     0.290367
      9910.72    0.0679426     0.260658
      9911.81    0.0421429     0.205287
      9912.90    0.0531161     0.230469
      9913.98    0.0181380     0.134677
      9915.07   -0.0417405     0.319695
      9916.15   -0.0734700     0.319695
      9917.24    0.0172167     0.131212
      9918.33     0.175160     0.418521
      9919.41     0.161988     0.402478
      9920.50    0.0634330     0.251859
      9921.58    0.0333350     0.182579
      9922.67    0.0813559     0.285230
      9923.76    0.0513323     0.226566
      9924.84    0.0624586     0.249917
      9925.93     0.142809     0.377901
      9927.01    0.0918213     0.303020
      9928.10    0.0632324     0.251461
      9929.19    0.0886953     0.297817
      9930.27    0.0605849     0.246140
      9931.36    0.0656186     0.256161
      9932.44    0.0926195     0.304335
      9933.53    0.0580214     0.240876
      9934.62    0.0755263     0.274820
      9935.70    0.0348395     0.186653
      9936.79    0.0390201     0.197535
      9937.87    0.0507170     0.225204
      9938.96    0.0240086     0.154947
      9940.04   0.00813435    0.0901906
      9941.13   0.00343767    0.0586317
      9942.22    0.0847907     0.291188
      9943.30    0.0397278     0.199318
      9944.39    0.0629942     0.250987
      9945.48    0.0763566     0.276327
      9946.56   0.00164137    0.0405138
      9947.65     0.214402     0.463036
      9948.73     0.101035     0.317860
      9949.82   -0.0160093     0.319695
      9950.91    -0.111042     0.319695
      9951.99   0.00767235    0.0875919
      9953.08     0.123733     0.351757
      9954.16    0.0761141     0.275888
      9955.25    0.0883205     0.297188
      9956.33     0.101987     0.319354
      9957.42     0.137160     0.370351
      9958.51    0.0271196     0.164680
      9959.59     0.127864     0.357581
      9960.68    0.0844439     0.290592
      9961.76    0.0491805     0.221767
      9962.85   -0.0484110     0.319695
      9963.94   -0.0371614     0.319695
      9965.02     0.109154     0.330385
      9966.11    0.0538976     0.232158
      9967.19     0.138484     0.372134
      9968.28     0.150988     0.388572
      9969.37    0.0860901     0.293411
      9970.45    0.0817184     0.285864
      9971.54    0.0677703     0.260327
      9972.62    0.0741509     0.272307
      9973.71    0.0929911     0.304944
      9974.80     0.138623     0.372321
      9975.88     0.180384     0.424716
      9976.97     0.107949     0.328557
      9978.05    0.0983416     0.313595
      9979.14    0.0625498     0.250100
      9980.23    0.0455245     0.213365
      9981.31    0.0437210     0.209096
      9982.40    0.0128032     0.113151
      9983.48     0.117694     0.343065
      9984.57    0.0707285     0.265948
      9985.66    0.0856976     0.292742
      9986.74   0.00958344    0.0978950
      9987.83    0.0425992     0.206396
      9988.91    0.0228484     0.151157
      9990.00    0.0607597     0.246495
      9991.09   0.00499509    0.0706760
      9992.17    0.0192664     0.138804
      9993.26    0.0757241     0.275180
      9994.34    0.0779915     0.279270
      9995.43    0.0488022     0.220912
      9996.52    0.0299981     0.173200
      9997.60     0.166363     0.407876
      9998.69     0.106997     0.327104
      9999.77     0.100653     0.317258
      10000.9     0.166102     0.407556
      10001.9     0.107817     0.328356
      10003.0    0.0618249     0.248646
      10004.1    0.0558794     0.236388
      10005.2     0.166418     0.407943
      10006.3    0.0635640     0.252119
      10007.4     0.101987     0.319355
      10008.5     0.104954     0.323967
      10009.5    0.0454056     0.213086
      10010.6    0.0267693     0.163613
      10011.7  -0.00376303     0.319695
      10012.8    0.0449285     0.211963
      10013.9     0.183478     0.428343
      10015.0     0.122989     0.350698
      10016.1     0.127550     0.357141
      10017.1     0.221364     0.470493
      10018.2    0.0918676     0.303097
      10019.3     0.126319     0.355413
      10020.4    0.0892587     0.298762
      10021.5    0.0810756     0.284738
      10022.6    0.0902337     0.300389
      10023.7    0.0203214     0.142553
      10024.8     0.115976     0.340553
      10025.8    0.0649364     0.254826
      10026.9    0.0363600     0.190683
      10028.0   -0.0450527     0.319695
      10029.1     0.300295     0.547992
      10030.2     0.213877     0.462468
      10031.3    0.0633397     0.251674
      10032.4    0.0809391     0.284498
      10033.4     0.118783     0.344650
      10034.5    0.0439047     0.209534
      10035.6    0.0679257     0.260626
      10036.7     0.104569     0.323372
      10037.8    0.0868502     0.294704
      10038.9    0.0634172     0.251828
      10040.0    0.0667560     0.258372
      10041.0    0.0832688     0.288563
      10042.1     0.114003     0.337643
      10043.2     0.106120     0.325761
      10044.3    0.0700445     0.264659
      10045.4     0.116670     0.341569
      10046.5     0.137286     0.370521
      10047.6     0.171595     0.414240
      10048.6    0.0212885     0.145906
      10049.7    0.0671550     0.259143
      10050.8    0.0916658     0.302764
      10051.9     0.145520     0.381470
      10053.0    0.0942357     0.306978
      10054.1    0.0298379     0.172736
      10055.2    0.0864278     0.293986
      10056.2    0.0700352     0.264642
      10057.3     0.162463     0.403067
      10058.4     0.166480     0.408020
      10059.5     0.119319     0.345425
      10060.6    0.0965066     0.310655
      10061.7     0.102627     0.320354
      10062.8     0.162809     0.403496
      10063.8    0.0595294     0.243986
      10064.9    0.0810002     0.284605
      10066.0     0.121732     0.348902
      10067.1     0.129094     0.359296
      10068.2    0.0525378     0.229211
      10069.3    0.0878852     0.296454
      10070.4    0.0791296     0.281300
      10071.4    0.0108783     0.104299
      10072.5    0.0527815     0.229742
      10073.6    0.0574997     0.239791
      10074.7    0.0773378     0.278097
      10075.8     0.101651     0.318827
      10076.9    0.0796424     0.282210
      10078.0     0.106696     0.326644
      10079.0     0.130698     0.361522
      10080.1     0.115965     0.340536
      10081.2    0.0545077     0.233469
      10082.3    0.0989352     0.314540
      10083.4     0.309482     0.556311
      10084.5     0.293717     0.541956
      10085.6     0.199702     0.446880
      10086.7     0.180934     0.425364
      10087.7    0.0919748     0.303273
      10088.8    0.0840431     0.289902
      10089.9    0.0488824     0.221094
      10091.0    0.0590179     0.242936
      10092.1    0.0761648     0.275980
      10093.2    0.0513823     0.226677
      10094.3    0.0614628     0.247917
      10095.3    0.0609963     0.246974
      10096.4    0.0431173     0.207647
      10097.5    0.0874787     0.295768
      10098.6    0.0639692     0.252921
      10099.7    0.0667470     0.258354
      10100.8     0.125883     0.354800
      10101.9    0.0642704     0.253516
      10102.9    0.0984453     0.313760
      10104.0    0.0230484     0.151817
      10105.1   0.00788059    0.0887727
      10106.2   0.00938523    0.0968774
      10107.3   0.00243621    0.0493579
      10108.4    0.0998302     0.315959
      10109.5     0.124417     0.352728
      10110.5     0.103935     0.322389
      10111.6     0.100229     0.316590
      10112.7     0.114234     0.337985
      10113.8    0.0790493     0.281157
      10114.9    0.0701245     0.264810
      10116.0     0.148977     0.385976
      10117.1    0.0431167     0.207646
      10118.1    0.0995847     0.315570
      10119.2     0.124954     0.353488
      10120.3     0.197593     0.444514
      10121.4    0.0973918     0.312077
      10122.5    0.0819369     0.286246
      10123.6     0.136737     0.369780
      10124.7     0.254463     0.504443
      10125.7     0.306382     0.553518
      10126.8     0.307816     0.554811
      10127.9     0.341511     0.584389
      10129.0     0.163615     0.404493
      10130.1     0.134013     0.366078
      10131.2     0.109709     0.331224
      10132.3    0.0848593     0.291306
      10133.3     0.142613     0.377641
      10134.4    0.0684274     0.261586
      10135.5     0.108933     0.330050
      10136.6    0.0401590     0.200397
      10137.7     0.105767     0.325218
      10138.8     0.106366     0.326137
      10139.9    0.0885702     0.297607
      10141.0    0.0483295     0.219840
      10142.0     0.115816     0.340318
      10143.1    0.0859006     0.293088
      10144.2     0.200064     0.447285
      10145.3     0.128328     0.358229
      10146.4    0.0515028     0.226942
      10147.5     0.120455     0.347066
      10148.6    0.0982687     0.313478
      10149.6     0.108715     0.329720
      10150.7    0.0950214     0.308255
      10151.8    0.0656148     0.256154
      10152.9     0.175658     0.419116
      10154.0     0.124347     0.352628
      10155.1     0.159711     0.399639
      10156.2    0.0192632     0.138792
      10157.2     0.149912     0.387185
      10158.3     0.126815     0.356111
      10159.4     0.188835     0.434552
      10160.5     0.187549     0.433069
      10161.6    0.0591406     0.243188
      10162.7    0.0789796     0.281033
      10163.8     0.116597     0.341463
      10164.8    0.0819637     0.286293
      10165.9     0.102875     0.320741
      10167.0    0.0950582     0.308315
      10168.1     0.152213     0.390145
      10169.2    0.0784946     0.280169
      10170.3    0.0370575     0.192503
      10171.4    0.0631087     0.251214
      10172.4     0.143448     0.378746
      10173.5     0.116497     0.341316
      10174.6     0.315374     0.561582
      10175.7   -0.0641769     0.319695
      10176.8     0.186254     0.431572
      10177.9    0.0579934     0.240818
      10179.0    0.0871523     0.295216
      10180.0    0.0948005     0.307897
      10181.1     0.105918     0.325451
      10182.2     0.103966     0.322438
      10183.3    0.0502667     0.224202
      10184.4    0.0518493     0.227704
      10185.5    0.0668115     0.258479
      10186.6    0.0474566     0.217845
      10187.6     0.109835     0.331413
      10188.7    0.0809918     0.284591
      10189.8     0.169905     0.412195
      10190.9    0.0852252     0.291934
      10192.0     0.132707     0.364290
      10193.1     0.238716     0.488586
      10194.2     0.205404     0.453216
      10195.2     0.118529     0.344280
      10196.3    0.0643019     0.253578
      10197.4    0.0917116     0.302839
      10198.5     0.118778     0.344642
      10199.6     0.151333     0.389016
      10200.7     0.102908     0.320793
      10201.8    0.0572288     0.239225
      10202.9    0.0997918     0.315898
      10203.9     0.113983     0.337614
      10205.0    0.0981011     0.313211
      10206.1    0.0888228     0.298032
      10207.2     0.190938     0.436965
      10208.3   -0.0174673     0.319695
      10209.4     0.168710     0.410743
      10210.5     0.101468     0.318541
      10211.5    0.0219236     0.148066
      10212.6   -0.0189252     0.319695
      10213.7     0.229936     0.479517
      10214.8     0.209797     0.458036
      10215.9     0.205070     0.452847
      10217.0     0.113330     0.336646
      10218.1     0.149582     0.386759
      10219.1    0.0530677     0.230364
      10220.2    0.0846872     0.291011
      10221.3     0.114293     0.338072
      10222.4     0.171722     0.414393
      10223.5     0.135226     0.367731
      10224.6     0.135561     0.368186
      10225.7     0.119579     0.345802
      10226.7     0.212445     0.460917
      10227.8    0.0946192     0.307602
      10228.9     0.104698     0.323571
      10230.0    0.0510541     0.225951
      10231.1     0.252994     0.502985
      10232.2     0.160517     0.400645
      10233.3     0.116884     0.341884
      10234.3    0.0405591     0.201393
      10235.4    0.0563765     0.237437
      10236.5    0.0994396     0.315340
      10237.6     0.128676     0.358714
      10238.7     0.156953     0.396173
      10239.8    0.0768149     0.277155
      10240.9    0.0631604     0.251317
      10241.9    0.0367562     0.191719
      10243.0    0.0667212     0.258304
      10244.1     0.145328     0.381219
      10245.2     0.116971     0.342010
      10246.3     0.110367     0.332216
      10247.4    0.0692463     0.263147
      10248.5    0.0781628     0.279576
      10249.5    0.0658770     0.256665
      10250.6     0.107795     0.328321
      10251.7    0.0597006     0.244337
      10252.8    0.0373848     0.193352
      10253.9    0.0394820     0.198701
      10255.0    0.0912840     0.302132
      10256.1     0.118630     0.344427
      10257.1     0.107997     0.328629
      10258.2    0.0727656     0.269751
      10259.3    0.0575873     0.239974
      10260.4    0.0893684     0.298945
      10261.5     0.142725     0.377790
      10262.6     0.105117     0.324218
      10263.7     0.124058     0.352218
      10264.8    0.0820189     0.286389
      10265.8     0.107837     0.328386
      10266.9     0.132423     0.363900
      10268.0     0.109081     0.330274
      10269.1     0.143584     0.378925
      10270.2     0.142692     0.377745
      10271.3     0.134306     0.366478
      10272.4     0.106232     0.325933
      10273.4     0.201221     0.448577
      10274.5     0.164717     0.405854
      10275.6     0.126560     0.355752
      10276.7     0.210900     0.459239
      10277.8    0.0926201     0.304336
      10278.9     0.115362     0.339649
      10280.0    0.0677505     0.260289
      10281.0     0.137367     0.370630
      10282.1     0.134389     0.366591
      10283.2     0.140109     0.374311
      10284.3    0.0625131     0.250026
      10285.4    0.0371871     0.192839
      10286.5    0.0757670     0.275258
      10287.6     0.269257     0.518900
      10288.6   0.00342047    0.0584848
      10289.7     0.158984     0.398728
      10290.8     0.314645     0.560932
      10291.9     0.184929     0.430033
      10293.0     0.157482     0.396839
      10294.1     0.116039     0.340645
      10295.2     0.145097     0.380916
      10296.2     0.160791     0.400988
      10297.3     0.142952     0.378089
      10298.4   0.00217730    0.0466615
      10299.5   0.00848441    0.0921108
      10300.6    0.0491462     0.221689
      10301.7    0.0608816     0.246742
      10302.8    0.0982040     0.313375
      10303.8     0.162263     0.402819
      10304.9     0.165662     0.407016
      10306.0    0.0857646     0.292856
      10307.1    0.0592620     0.243438
      10308.2    0.0422798     0.205620
      10309.3     0.117435     0.342688
      10310.4     0.144709     0.380406
      10311.4     0.109852     0.331440
      10312.5     0.143027     0.378189
      10313.6     0.123944     0.352057
      10314.7    0.0953568     0.308799
      10315.8    0.0688472     0.262388
      10316.9     0.112638     0.335615
      10318.0     0.220323     0.469386
      10319.0     0.124592     0.352976
      10320.1    0.0814250     0.285351
      10321.2     0.116576     0.341433
      10322.3     0.138925     0.372727
      10323.4    0.0990730     0.314759
      10324.5     0.113676     0.337159
      10325.6     0.112506     0.335419
      10326.7     0.137774     0.371180
      10327.7     0.160097     0.400122
      10328.8     0.198273     0.445279
      10329.9     0.157493     0.396854
      10331.0     0.115921     0.340471
      10332.1     0.106607     0.326507
      10333.2     0.139276     0.373197
      10334.3     0.116970     0.342009
      10335.3     0.131837     0.363093
      10336.4     0.165440     0.406743
      10337.5     0.124805     0.353277
      10338.6    0.0980608     0.313147
      10339.7     0.118394     0.344084
      10340.8     0.131988     0.363302
      10341.9     0.153615     0.391938
      10342.9    0.0712316     0.266892
      10344.0    0.0290204     0.170354
      10345.1    0.0196251     0.140090
      10346.2    0.0370752     0.192549
      10347.3    0.0506833     0.225130
      10348.4     0.149507     0.386661
      10349.5     0.139554     0.373569
      10350.5    0.0232062     0.152336
      10351.6  -0.00502431     0.319695
      10352.7    0.0913189     0.302190
      10353.8    0.0877166     0.296170
      10354.9    0.0976594     0.312505
      10356.0     0.184135     0.429110
      10357.1     0.200241     0.447483
      10358.1     0.154074     0.392522
      10359.2    0.0784630     0.280112
      10360.3    0.0832836     0.288589
      10361.4    0.0942120     0.306940
      10362.5     0.186204     0.431514
      10363.6     0.153603     0.391922
      10364.7     0.120535     0.347182
      10365.7    0.0705875     0.265683
      10366.8     0.106771     0.326759
      10367.9     0.156713     0.395870
      10369.0     0.149939     0.387220
      10370.1     0.113821     0.337373
      10371.2    0.0939949     0.306586
      10372.3    0.0782639     0.279757
      10373.3     0.252885     0.502877
      10374.4    0.0759657     0.275619
      10375.5   -0.0660778     0.319695
      10376.6     0.258537     0.508465
      10377.7     0.325593     0.570607
      10378.8    0.0694342     0.263504
      10379.9    0.0847120     0.291053
      10381.0    0.0935460     0.305853
      10382.0     0.120044     0.346474
      10383.1    0.0649347     0.254823
      10384.2    0.0712650     0.266955
      10385.3    0.0893491     0.298913
      10386.4    0.0876130     0.295995
      10387.5     0.107526     0.327911
      10388.6     0.156759     0.395928
      10389.6     0.119028     0.345004
      10390.7     0.118565     0.344333
      10391.8     0.184156     0.429134
      10392.9     0.187210     0.432678
      10394.0    0.0858062     0.292927
      10395.1     0.117975     0.343475
      10396.2     0.111600     0.334066
      10397.2     0.144680     0.380368
      10398.3   -0.0923391     0.319695
      10399.4     0.223456     0.472711
      10400.5     0.277047     0.526352
      10401.6    0.0594563     0.243837
      10402.7    0.0586342     0.242145
      10403.8     0.132127     0.363493
      10404.8     0.129344     0.359645
      10405.9     0.143205     0.378424
      10407.0    0.0692757     0.263203
      10408.1     0.133872     0.365885
      10409.2     0.159374     0.399217
      10410.3    0.0647541     0.254468
      10411.4    0.0436894     0.209020
      10412.4    0.0560752     0.236802
      10413.5    0.0839319     0.289710
      10414.6    0.0757218     0.275176
      10415.7     0.113115     0.336326
      10416.8    0.0787129     0.280558
      10417.9     0.115394     0.339697
      10419.0   -0.0949771     0.319695
      10420.0  -0.00129333     0.319695
      10421.1    -0.125797     0.319695
      10422.2    0.0633248     0.251644
      10423.3     0.106757     0.326737
      10424.4     0.156063     0.395049
      10425.5     0.182312     0.426980
      10426.6    0.0951828     0.308517
      10427.6     0.163194     0.403973
      10428.7     0.120363     0.346933
      10429.8    0.0711248     0.266692
      10430.9     0.164749     0.405893
      10432.0     0.207747     0.455793
      10433.1    0.0375687     0.193826
      10434.2     0.123945     0.352058
      10435.2     0.143722     0.379107
      10436.3     0.105210     0.324361
      10437.4    0.0880918     0.296803
      10438.5    0.0926324     0.304356
      10439.6    0.0921427     0.303550
      10440.7    0.0906676     0.301111
      10441.8    0.0850210     0.291584
      10442.9     0.108522     0.329427
      10443.9     0.101696     0.318898
      10445.0     0.112816     0.335882
      10446.1     0.134672     0.366976
      10447.2     0.109807     0.331371
      10448.3    0.0732499     0.270647
      10449.4     0.136844     0.369924
      10450.5     0.149330     0.386432
      10451.5    0.0782846     0.279794
      10452.6   -0.0273220     0.319695
      10453.7    0.0770212     0.277527
      10454.8    0.0500950     0.223819
      10455.9     0.209639     0.457863
      10457.0     0.132381     0.363841
      10458.1     0.103137     0.321149
      10459.1    0.0812320     0.285012
      10460.2     0.113185     0.336430
      10461.3    0.0807495     0.284164
      10462.4     0.107987     0.328613
      10463.5     0.140016     0.374188
      10464.6     0.128427     0.358367
      10465.7     0.107444     0.327786
      10466.7     0.113069     0.336257
      10467.8     0.117353     0.342569
      10468.9     0.230296     0.479891
      10470.0     0.127896     0.357625
      10471.1    0.0214130     0.146332
      10472.2    0.0692135     0.263085
      10473.3     0.232518     0.482202
      10474.3     0.185858     0.431113
      10475.4     0.142540     0.377544
      10476.5     0.139368     0.373321
      10477.6    0.0674773     0.259764
      10478.7    0.0381435     0.195304
      10479.8    0.0800293     0.282894
      10480.9    0.0743917     0.272748
      10481.9     0.166726     0.408321
      10483.0     0.109424     0.330794
      10484.1     0.106064     0.325675
      10485.2    0.0373830     0.193347
      10486.3     0.104577     0.323384
      10487.4   0.00239837    0.0489732
      10488.5     0.133094     0.364820
      10489.5     0.150653     0.388140
      10490.6     0.109472     0.330866
      10491.7    0.0889405     0.298229
      10492.8     0.107031     0.327157
      10493.9    0.0246944     0.157145
      10495.0     0.109943     0.331577
      10496.1     0.109201     0.330456
      10497.1     0.176046     0.419578
      10498.2     0.141668     0.376389
      10499.3    0.0933111     0.305469
      10500.4     0.101484     0.318566
      10501.5    0.0606837     0.246341
      10502.6    0.0631122     0.251221
      10503.7    0.0896761     0.299460
      10504.8     0.117296     0.342485
      10505.8    0.0988761     0.314446
      10506.9    0.0983807     0.313657
      10508.0     0.126109     0.355118
      10509.1    0.0932606     0.305386
      10510.2    0.0525864     0.229317
      10511.3    0.0653315     0.255600
      10512.4     0.206640     0.454577
      10513.4     0.188132     0.433742
      10514.5     0.114369     0.338185
      10515.6     0.132146     0.363519
      10516.7     0.224729     0.474056
      10517.8    0.0835647     0.289076
      10518.9     0.108489     0.329377
      10520.0     0.147722     0.384346
      10521.0     0.108289     0.329073
      10522.1    0.0634431     0.251879
      10523.2    0.0912168     0.302021
      10524.3    0.0816126     0.285679
      10525.4    0.0948729     0.308014
      10526.5     0.288349     0.536981
      10527.6     0.218153     0.467068
      10528.6     0.137559     0.370890
      10529.7     0.206097     0.453979
      10530.8     0.123940     0.352051
      10531.9    0.0825973     0.287398
      10533.0     0.138428     0.372059
      10534.1     0.172684     0.415553
      10535.2     0.131208     0.362226
      10536.2    0.0748378     0.273565
      10537.3     0.133702     0.365653
      10538.4     0.135271     0.367792
      10539.5     0.110283     0.332089
      10540.6    0.0979400     0.312954
      10541.7     0.164260     0.405290
      10542.8     0.119428     0.345583
      10543.8     0.106588     0.326479
      10544.9    0.0887388     0.297891
      10546.0    0.0781714     0.279591
      10547.1     0.119068     0.345062
      10548.2    0.0946860     0.307711
      10549.3     0.158451     0.398059
      10550.4    0.0999801     0.316196
      10551.4     0.110087     0.331793
      10552.5     0.123556     0.351505
      10553.6     0.154467     0.393023
      10554.7     0.112610     0.335574
      10555.8     0.121626     0.348750
      10556.9     0.140368     0.374657
      10558.0     0.190504     0.436468
      10559.0    0.0656177     0.256160
      10560.1    0.0973459     0.312003
      10561.2    0.0244434     0.156344
      10562.3    0.0406448     0.201606
      10563.4    0.0829853     0.288072
      10564.5    0.0881754     0.296943
      10565.6     0.127521     0.357101
      10566.7     0.151985     0.389853
      10567.7     0.135877     0.368616
      10568.8     0.135574     0.368204
      10569.9    0.0459553     0.214372
      10571.0     0.109387     0.330737
      10572.1    0.0645106     0.253989
      10573.2    0.0121585     0.110266
      10574.3    0.0658153     0.256545
      10575.3     0.144432     0.380042
      10576.4    0.0803613     0.283481
      10577.5     0.160330     0.400412
      10578.6     0.129782     0.360253
      10579.7    0.0450205     0.212180
      10580.8     0.105936     0.325478
      10581.9    0.0791350     0.281309
      10582.9    0.0663183     0.257523
      10584.0     0.102179     0.319654
      10585.1    0.0745646     0.273065
      10586.2    0.0933652     0.305557
      10587.3     0.197566     0.444484
      10588.4     0.136618     0.369619
      10589.5    0.0844732     0.290643
      10590.5    0.0457018     0.213780
      10591.6     0.120832     0.347609
      10592.7    0.0882653     0.297095
      10593.8     0.126986     0.356352
      10594.9     0.126244     0.355308
      10596.0     0.117923     0.343399
      10597.1    0.0536670     0.231661
      10598.1   0.00886831    0.0941717
      10599.2     0.165832     0.407224
      10600.3     0.178941     0.423014
      10601.4     0.107700     0.328177
      10602.5    0.0611963     0.247379
      10603.6     0.128072     0.357871
      10604.7     0.100905     0.317655
      10605.7     0.102620     0.320344
      10606.8     0.129506     0.359870
      10607.9     0.162680     0.403336
      10609.0     0.106287     0.326016
      10610.1     0.163384     0.404208
      10611.2     0.162211     0.402755
      10612.3     0.144401     0.380001
      10613.3     0.109238     0.330512
      10614.4     0.253743     0.503729
      10615.5     0.199349     0.446485
      10616.6     0.208372     0.456478
      10617.7     0.185123     0.430259
      10618.8     0.131219     0.362241
      10619.9     0.143078     0.378257
      10621.0     0.222107     0.471283
      10622.0     0.114915     0.338991
      10623.1     0.162339     0.402913
      10624.2     0.103316     0.321429
      10625.3     0.175724     0.419195
      10626.4     0.157540     0.396913
      10627.5     0.180709     0.425098
      10628.6     0.192556     0.438812
      10629.6     0.158819     0.398520
      10630.7     0.166138     0.407600
      10631.8     0.151579     0.389332
      10632.9     0.173119     0.416075
      10634.0     0.223433     0.472687
      10635.1     0.159043     0.398802
      10636.2     0.136061     0.368864
      10637.2     0.140601     0.374969
      10638.3     0.158083     0.397596
      10639.4     0.150684     0.388180
      10640.5     0.149282     0.386371
      10641.6     0.177790     0.421652
      10642.7    0.0494298     0.222328
      10643.8     0.133442     0.365297
      10644.8    0.0470376     0.216882
      10645.9     0.103382     0.321531
      10647.0     0.102267     0.319793
      10648.1    0.0885088     0.297504
      10649.2     0.101393     0.318422
      10650.3     0.126834     0.356137
      10651.4     0.138716     0.372445
      10652.4     0.158357     0.397941
      10653.5     0.146212     0.382376
      10654.6    0.0952745     0.308666
      10655.7     0.149094     0.386127
      10656.8     0.162560     0.403187
      10657.9    0.0910803     0.301795
      10659.0    0.0890511     0.298414
      10660.0     0.166137     0.407599
      10661.1     0.127801     0.357493
      10662.2     0.120757     0.347501
      10663.3     0.125487     0.354242
      10664.4     0.141808     0.376574
      10665.5     0.142374     0.377325
      10666.6    0.0983738     0.313646
      10667.6     0.100736     0.317389
      10668.7     0.146049     0.382164
      10669.8    0.0514834     0.226899
      10670.9    0.0728068     0.269827
      10672.0    0.0657871     0.256490
      10673.1    0.0947628     0.307836
      10674.2     0.144149     0.379670
      10675.2     0.213292     0.461836
      10676.3    0.0853696     0.292181
      10677.4    0.0705228     0.265561
      10678.5     0.101214     0.318141
      10679.6     0.103966     0.322438
      10680.7     0.128389     0.358314
      10681.8     0.157730     0.397152
      10682.9     0.212657     0.461147
      10683.9     0.119747     0.346045
      10685.0     0.142989     0.378139
      10686.1    0.0781417     0.279538
      10687.2    0.0659367     0.256781
      10688.3    0.0467918     0.216314
      10689.4     0.109125     0.330340
      10690.5     0.132010     0.363331
      10691.5     0.228739     0.478266
      10692.6     0.141028     0.375537
      10693.7   -0.0117973     0.319695
      10694.8    0.0634053     0.251804
      10695.9     0.145272     0.381146
      10697.0    0.0998366     0.315969
      10698.1    0.0580817     0.241002
      10699.1    0.0716347     0.267647
      10700.2     0.108743     0.329761
      10701.3     0.141917     0.376719
      10702.4     0.112421     0.335293
      10703.5     0.158951     0.398687
      10704.6     0.129389     0.359707
      10705.7     0.172637     0.415496
      10706.7     0.118736     0.344581
      10707.8     0.158218     0.397766
      10708.9     0.165669     0.407025
      10710.0     0.104681     0.323544
      10711.1     0.135998     0.368780
      10712.2     0.289461     0.538016
      10713.3     0.150592     0.388062
      10714.3     0.140730     0.375140
      10715.4    0.0250290     0.158206
      10716.5    0.0711622     0.266762
      10717.6     0.146307     0.382501
      10718.7     0.130118     0.360719
      10719.8     0.152921     0.391051
      10720.9     0.120120     0.346583
      10721.9     0.157912     0.397382
      10723.0    0.0625630     0.250126
      10724.1     0.203118     0.450687
      10725.2     0.144241     0.379791
      10726.3    0.0994174     0.315305
      10727.4     0.146114     0.382249
      10728.5     0.171735     0.414409
      10729.5     0.211399     0.459782
      10730.6    0.0979278     0.312934
      10731.7    0.0637209     0.252430
      10732.8    -0.252823     0.319695
      10733.9   -0.0710412     0.319695
      10735.0     0.193422     0.439798
      10736.1     0.147622     0.384217
      10737.1     0.160396     0.400494
      10738.2     0.158808     0.398507
      10739.3     0.129647     0.360065
      10740.4     0.153083     0.391258
      10741.5     0.126269     0.355343
      10742.6    0.0941077     0.306770
      10743.7   -0.0147328     0.319695
      10744.8    -0.111097     0.319695
      10745.8    0.0301637     0.173677
      10746.9     0.290165     0.538670
      10748.0     0.231871     0.481530
      10749.1    0.0998522     0.315994
      10750.2     0.171215     0.413781
      10751.3    0.0805394     0.283795
      10752.4     0.245041     0.495016
      10753.4     0.125455     0.354196
      10754.5     0.192724     0.439003
      10755.6     0.124296     0.352556
      10756.7     0.169637     0.411870
      10757.8     0.141685     0.376411
      10758.9     0.164500     0.405586
      10760.0     0.103336     0.321460
      10761.0    0.0680394     0.260844
      10762.1    0.0312707     0.176835
      10763.2    0.0974607     0.312187
      10764.3     0.150415     0.387834
      10765.4     0.119269     0.345354
      10766.5    0.0326330     0.180646
      10767.6    0.0914212     0.302359
      10768.6    0.0620442     0.249087
      10769.7    0.0913623     0.302262
      10770.8     0.148487     0.385341
      10771.9     0.111316     0.333640
      10773.0    0.0533262     0.230925
      10774.1     0.148224     0.384999
      10775.2     0.162369     0.402951
      10776.2    0.0498336     0.223234
      10777.3    0.0217580     0.147506
      10778.4     0.139731     0.373806
      10779.5     0.191440     0.437538
      10780.6     0.153042     0.391205
      10781.7     0.153637     0.391966
      10782.8     0.126667     0.355902
      10783.8    0.0963389     0.310385
      10784.9    0.0786952     0.280527
      10786.0     0.123061     0.350801
      10787.1     0.136380     0.369297
      10788.2     0.134757     0.367093
      10789.3     0.156728     0.395889
      10790.4     0.111202     0.333469
      10791.4     0.191630     0.437756
      10792.5     0.100162     0.316484
      10793.6    0.0964096     0.310499
      10794.7     0.106385     0.326167
      10795.8     0.144841     0.380580
      10796.9     0.186317     0.431645
      10798.0     0.138230     0.371793
      10799.0    0.0975484     0.312327
      10800.1    0.0935567     0.305870
      10801.2     0.109036     0.330206
      10802.3     0.105498     0.324804
      10803.4    0.0839810     0.289795
      10804.5     0.126680     0.355922
      10805.6     0.158264     0.397824
      10806.7     0.195993     0.442711
      10807.7    0.0985696     0.313958
      10808.8     0.103620     0.321901
      10809.9     0.120412     0.347004
      10811.0     0.122693     0.350275
      10812.1     0.150701     0.388202
      10813.2     0.103481     0.321685
      10814.3    0.0908621     0.301433
      10815.3     0.129550     0.359930
      10816.4     0.122314     0.349734
      10817.5     0.109717     0.331236
      10818.6    0.0720482     0.268418
      10819.7    0.0716074     0.267595
      10820.8     0.112235     0.335015
      10821.9     0.179300     0.423438
      10822.9     0.112875     0.335968
      10824.0    0.0346833     0.186234
      10825.1    0.0183769     0.135561
      10826.2     0.160905     0.401130
      10827.3     0.154874     0.393540
      10828.4     0.121254     0.348215
      10829.5     0.148981     0.385980
      10830.5     0.137048     0.370200
      10831.6   -0.0911186     0.319695
      10832.7     0.228465     0.477980
      10833.8    0.0625180     0.250036
      10834.9     0.220088     0.469136
      10836.0   -0.0245823     0.319695
      10837.1    0.0731009     0.270372
      10838.1     0.155071     0.393791
      10839.2     0.170029     0.412346
      10840.3     0.169734     0.411988
      10841.4    0.0870080     0.294971
      10842.5    0.0407915     0.201969
      10843.6    0.0435144     0.208601
      10844.7     0.207082     0.455062
      10845.7    0.0736755     0.271432
      10846.8   -0.0533158     0.319695
      10847.9     0.198952     0.446040
      10849.0     0.115889     0.340425
      10850.1     0.139871     0.373994
      10851.2    0.0159190     0.126171
      10852.3   -0.0154509     0.319695
      10853.3    0.0824187     0.287086
      10854.4     0.114418     0.338257
      10855.5     0.174892     0.418201
      10856.6     0.172263     0.415045
      10857.7    0.0798883     0.282645
      10858.8    0.0344773     0.185681
      10859.9     0.113920     0.337520
      10861.0     0.146602     0.382887
      10862.0     0.151444     0.389158
      10863.1     0.176365     0.419959
      10864.2     0.124205     0.352427
      10865.3     0.121754     0.348933
      10866.4    0.0622318     0.249463
      10867.5     0.112407     0.335271
      10868.6    0.0760509     0.275773
      10869.6    0.0774960     0.278381
      10870.7     0.111490     0.333901
      10871.8     0.182479     0.427176
      10872.9    0.0492951     0.222025
      10874.0    0.0678649     0.260509
      10875.1     0.212860     0.461367
      10876.2     0.130070     0.360652
      10877.2    0.0475849     0.218140
      10878.3  -0.00196929     0.319695
      10879.4    0.0383206     0.195757
      10880.5     0.119044     0.345028
      10881.6     0.165977     0.407402
      10882.7     0.108558     0.329481
      10883.8    0.0922308     0.303695
      10884.8     0.129395     0.359715
      10885.9     0.140356     0.374642
      10887.0     0.162257     0.402811
      10888.1     0.140567     0.374922
      10889.2     0.148342     0.385152
      10890.3    0.0484281     0.220064
      10891.4     0.134277     0.366439
      10892.4    0.0615075     0.248007
      10893.5    0.0494878     0.222458
      10894.6   -0.0242460     0.319695
      10895.7    0.0789412     0.280965
      10896.8   -0.0670394     0.319695
      10897.9    0.0201770     0.142046
      10899.0     0.114676     0.338639
      10900.0     0.158216     0.397764
      10901.1     0.140194     0.374424
      10902.2    0.0557951     0.236210
      10903.3    0.0366336     0.191399
      10904.4     0.105177     0.324310
      10905.5    0.0632140     0.251424
      10906.6    0.0917842     0.302959
      10907.6    0.0924623     0.304076
      10908.7     0.129984     0.360533
      10909.8    0.0964088     0.310498
      10910.9    0.0624508     0.249902
      10912.0    0.0729046     0.270009
      10913.1    0.0544021     0.233243
      10914.2    0.0773472     0.278114
      10915.2    0.0941157     0.306783
      10916.3     0.134378     0.366576
      10917.4    0.0742968     0.272574
      10918.5    0.0775487     0.278476
      10919.6    0.0768562     0.277230
      10920.7    0.0361121     0.190032
      10921.8     0.123513     0.351445
      10922.9    0.0877994     0.296310
      10923.9     0.147821     0.384475
      10925.0    0.0885419     0.297560
      10926.1     0.273137     0.522626
      10927.2    0.0322175     0.179492
      10928.3    0.0283776     0.168456
      10929.4  -0.00946034     0.319695
      10930.5    0.0282136     0.167969
      10931.5    0.0633589     0.251712
      10932.6    0.0404376     0.201091
      10933.7     0.104412     0.323129
      10934.8     0.140229     0.374471
      10935.9    0.0991309     0.314851
      10937.0    0.0541011     0.232596
      10938.1    0.0741149     0.272240
      10939.1    0.0728807     0.269964
      10940.2    0.0532665     0.230795
      10941.3     0.121655     0.348791
      10942.4     0.132711     0.364295
      10943.5    0.0499372     0.223466
      10944.6    0.0898313     0.299719
      10945.7    0.0734107     0.270944
      10946.7     0.106979     0.327076
      10947.8     0.116984     0.342030
      10948.9    0.0901805     0.300301
      10950.0    0.0756237     0.274998
      10951.1  0.000968216    0.0311162
      10952.2    0.0413586     0.203368
      10953.3     0.206581     0.454512
      10954.3    0.0336757     0.183509
      10955.4    0.0863105     0.293787
      10956.5     0.113832     0.337390
      10957.6    0.0583140     0.241483
      10958.7    0.0906826     0.301136
      10959.8    0.0748934     0.273667
      10960.9    0.0819871     0.286334
      10961.9     0.132760     0.364362
      10963.0     0.117478     0.342751
      10964.1     0.144585     0.380244
      10965.2     0.124839     0.353325
      10966.3    0.0993681     0.315227
      10967.4    0.0860103     0.293275
      10968.5    0.0545548     0.233570
      10969.5     0.107540     0.327932
      10970.6    0.0643119     0.253598
      10971.7    0.0358682     0.189389
      10972.8     0.209452     0.457660
      10973.9     0.216872     0.465695
      10975.0     0.113466     0.336847
      10976.1     0.230850     0.480469
      10977.1    0.0466917     0.216083
      10978.2    0.0934887     0.305759
      10979.3     0.165858     0.407257
      10980.4     0.158873     0.398589
      10981.5    0.0598662     0.244676
      10982.6     0.126457     0.355608
      10983.7     0.110328     0.332156
      10984.8     0.206920     0.454884
      10985.8     0.102403     0.320004
      10986.9     0.149571     0.386744
      10988.0     0.127780     0.357463
      10989.1    0.0537219     0.231780
      10990.2    0.0682618     0.261270
      10991.3    0.0968829     0.311260
      10992.4    0.0525310     0.229196
      10993.4    0.0936930     0.306093
      10994.5    0.0407851     0.201953
      10995.6     0.119525     0.345724
      10996.7     0.149412     0.386538
      10997.8     0.128024     0.357804
      10998.9    0.0832153     0.288471
      11000.0     0.166048     0.407490
      11001.0     0.103381     0.321530
      11002.1     0.169175     0.411309
      11003.2    0.0683071     0.261356
      11004.3    0.0639300     0.252844
      11005.4    0.0935659     0.305885
      11006.5    0.0422149     0.205463
      11007.6     0.164470     0.405549
      11008.6     0.200693     0.447988
      11009.7  -0.00211295     0.319695
      11010.8    0.0586670     0.242213
      11011.9     0.140283     0.374544
      11013.0     0.154055     0.392498
      11014.1    0.0401847     0.200461
      11015.2     0.100460     0.316954
      11016.2     0.108033     0.328684
      11017.3     0.117558     0.342868
      11018.4    0.0733348     0.270804
      11019.5    0.0907580     0.301261
      11020.6    0.0443776     0.210660
      11021.7    0.0608169     0.246611
      11022.8    0.0301406     0.173611
      11023.8    0.0430845     0.207568
      11024.9    0.0772723     0.277979
      11026.0    0.0962883     0.310304
      11027.1    0.0829464     0.288004
      11028.2     0.130752     0.361597
      11029.3    -0.233462     0.319695
      11030.4   -0.0559258     0.319695
      11031.4    0.0706391     0.265780
      11032.5     0.212984     0.461502
      11033.6    0.0987271     0.314209
      11034.7     0.164133     0.405134
      11035.8    0.0660340     0.256971
      11036.9    0.0639115     0.252807
      11038.0    0.0517327     0.227448
      11039.0    0.0482368     0.219629
      11040.1     0.146969     0.383366
      11041.2    0.0878113     0.296330
      11042.3    0.0748113     0.273516
      11043.4     0.142689     0.377742
      11044.5     0.173535     0.416575
      11045.6     0.147635     0.384233
      11046.7     0.108728     0.329739
      11047.7     0.130056     0.360633
      11048.8    0.0873718     0.295587
      11049.9    0.0548135     0.234123
      11051.0     0.123111     0.350871
      11052.1     0.213716     0.462294
      11053.2    0.0848775     0.291337
      11054.3     0.134537     0.366793
      11055.3    0.0809979     0.284601
      11056.4    0.0573743     0.239529
      11057.5    0.0832026     0.288449
      11058.6    0.0716853     0.267741
      11059.7    0.0376631     0.194070
      11060.8     0.109232     0.330503
      11061.9     0.142597     0.377620
      11062.9     0.191889     0.438051
      11064.0    0.0381264     0.195260
      11065.1    0.0975408     0.312315
      11066.2     0.101115     0.317986
      11067.3     0.116389     0.341159
      11068.4     0.110348     0.332187
      11069.5    0.0984214     0.313722
      11070.5     0.135784     0.368489
      11071.6    0.0934878     0.305758
      11072.7     0.120962     0.347796
      11073.8    0.0912818     0.302129
      11074.9     0.120196     0.346693
      11076.0     0.125175     0.353801
      11077.1     0.139045     0.372887
      11078.1     0.117362     0.342581
      11079.2    0.0255707     0.159908
      11080.3     0.111260     0.333556
      11081.4     0.127926     0.357667
      11082.5    0.0596831     0.244301
      11083.6    0.0436419     0.208906
      11084.7     0.114766     0.338771
      11085.7    0.0676162     0.260031
      11086.8    0.0926068     0.304314
      11087.9   -0.0866083     0.319695
      11089.0     0.161677     0.402091
      11090.1     0.185066     0.430193
      11091.2     0.216813     0.465632
      11092.3    0.0927398     0.304532
      11093.3     0.101703     0.318910
      11094.4    0.0484081     0.220018
      11095.5    0.0638451     0.252676
      11096.6     0.102910     0.320795
      11097.7     0.124754     0.353206
      11098.8    0.0535891     0.231493
      11099.9    0.0934153     0.305639
      11101.0    0.0906680     0.301111
      11102.0     0.128297     0.358185
      11103.1    0.0471242     0.217081
      11104.2     0.152603     0.390644
      11105.3     0.101114     0.317984
      11106.4     0.138519     0.372182
      11107.5    0.0674601     0.259731
      11108.6    0.0353520     0.188021
      11109.6     0.116158     0.340820
      11110.7     0.118281     0.343920
      11111.8     0.106682     0.326623
      11112.9     0.153895     0.392294
      11114.0    0.0761021     0.275866
      11115.1    0.0632452     0.251486
      11116.2     0.120834     0.347611
      11117.2    0.0520609     0.228169
      11118.3    0.0266038     0.163107
      11119.4     0.157527     0.396896
      11120.5  0.000636532    0.0252296
      11121.6    0.0848141     0.291229
      11122.7     0.111470     0.333872
      11123.8    0.0780308     0.279340
      11124.8    0.0801943     0.283186
      11125.9    0.0862657     0.293710
      11127.0    0.0525059     0.229142
      11128.1    0.0900748     0.300125
      11129.2   0.00852647    0.0923389
      11130.3    0.0938354     0.306326
      11131.4    0.0559458     0.236529
      11132.4     0.123293     0.351131
      11133.5    0.0976122     0.312429
      11134.6    0.0708131     0.266107
      11135.7    0.0795261     0.282004
      11136.8     0.100075     0.316347
      11137.9    0.0497354     0.223014
      11139.0    0.0654793     0.255889
      11140.0     0.134998     0.367421
      11141.1     0.134490     0.366729
      11142.2     0.148648     0.385549
      11143.3    0.0926487     0.304382
      11144.4     0.133303     0.365107
      11145.5    0.0804541     0.283644
      11146.6    0.0815107     0.285501
      11147.6    0.0571653     0.239093
      11148.7    0.0766589     0.276873
      11149.8    0.0735687     0.271235
      11150.9    0.0203092     0.142510
      11152.0     0.133282     0.365078
      11153.1    0.0855617     0.292509
      11154.2    0.0123641     0.111194
      11155.2    0.0343260     0.185273
      11156.3     0.189730     0.435580
      11157.4    0.0801942     0.283186
      11158.5   0.00557819    0.0746873
      11159.6    0.0949799     0.308188
      11160.7    0.0972162     0.311795
      11161.8    0.0970614     0.311547
      11162.9    0.0552296     0.235010
      11163.9    0.0578448     0.240510
      11165.0    0.0714447     0.267291
      11166.1    0.0503101     0.224299
      11167.2    0.0421125     0.205213
      11168.3    0.0125273     0.111925
      11169.4    0.0733399     0.270813
      11170.5    0.0994511     0.315359
      11171.5    0.0817778     0.285968
      11172.6    0.0771406     0.277742
      11173.7    0.0406045     0.201506
      11174.8    0.0197374     0.140490
      11175.9   0.00649806    0.0806105
      11177.0    0.0235169     0.153352
      11178.1     0.138169     0.371711
      11179.1    0.0268038     0.163719
      11180.2   0.00144262    0.0379819
      11181.3    0.0453319     0.212913
      11182.4    0.0876596     0.296074
      11183.5    0.0330831     0.181888
      11184.6    0.0311291     0.176434
      11185.7    0.0717900     0.267936
      11186.7     0.101729     0.318950
      11187.8    0.0444148     0.210748
      11188.9    0.0793458     0.281684
      11190.0    0.0466839     0.216065
      11191.1    0.0795028     0.281962
      11192.2    0.0125860     0.112188
      11193.3    0.0408274     0.202058
      11194.3  -0.00296737     0.319695
      11195.4    0.0420041     0.204949
      11196.5    0.0728005     0.269816
      11197.6    0.0609136     0.246807
      11198.7    0.0338632     0.184020
      11199.8    0.0542925     0.233007
      11200.9    0.0815327     0.285539
      11201.9    0.0964954     0.310637
      11203.0    0.0594169     0.243756
      11204.1    0.0222141     0.149044
      11205.2    0.0705179     0.265552
      11206.3    0.0958621     0.309616
      11207.4    0.0338431     0.183965
      11208.5    0.0875984     0.295970
      11209.5     0.102618     0.320340
      11210.6     0.131756     0.362982
      11211.7     0.110528     0.332458
      11212.8    0.0942200     0.306953
      11213.9   0.00525198    0.0724706
      11215.0   -0.0433668     0.319695
      11216.1    0.0492039     0.221820
      11217.1    0.0440640     0.209914
      11218.2   -0.0159467     0.319695
      11219.3    0.0258697     0.160841
      11220.4    0.0172064     0.131173
      11221.5    0.0196469     0.140168
      11222.6    0.0567907     0.238308
      11223.7    0.0847471     0.291113
      11224.8    0.0594323     0.243787
      11225.8    0.0294822     0.171704
      11226.9    0.0411498     0.202854
      11228.0    0.0224702     0.149901
      11229.1    0.0205837     0.143470
      11230.2    0.0519708     0.227971
      11231.3    0.0279310     0.167126
      11232.4    0.0294062     0.171482
      11233.4    0.0203305     0.142585
      11234.5   -0.0422673     0.319695
      11235.6   0.00954311    0.0976889
      11236.7  -0.00212165     0.319695
      11237.8    0.0129981     0.114009
      11238.9    0.0383476     0.195825
      11240.0    0.0234978     0.153290
