lambda flux fluxErr
9752.1719 1.61587e-18 3.80688e-19
9753.2579 2.39255e-18 3.72108e-19
9754.3439 2.84481e-18 3.77260e-19
9755.4299 1.77056e-18 3.58744e-19
9756.5158 1.78331e-18 3.79958e-19
9757.6018 2.23655e-18 3.97370e-19
9758.6878 2.12179e-18 3.93873e-19
9759.7738 1.74544e-18 3.82615e-19
9760.8597 1.52975e-18 3.67334e-19
9761.9457 1.34102e-18 3.51198e-19
9763.0317 1.37923e-18 3.37911e-19
9764.1176 1.42679e-18 3.37416e-19
9765.2036 2.17325e-18 3.58760e-19
9766.2896 2.42617e-18 3.54277e-19
9767.3756 1.95730e-18 3.35665e-19
9768.4615 1.29604e-18 3.28220e-19
9769.5475 1.23874e-18 3.18678e-19
9770.6335 2.19717e-18 3.41150e-19
9771.7195 1.71819e-18 3.38355e-19
9772.8054 1.48349e-18 3.11665e-19
9773.8914 2.00879e-18 3.17502e-19
9774.9774 1.93058e-18 4.45533e-19
9776.0633 1.44917e-18 4.51692e-19
9777.1493 1.18518e-18 2.98848e-19
9778.2353 1.31709e-18 3.04203e-19
9779.3213 1.48013e-18 3.02673e-19
9780.4072 1.79448e-18 3.10128e-19
9781.4932 1.77771e-18 3.28320e-19
9782.5792 1.47327e-18 3.24052e-19
9783.6652 1.34845e-18 3.13057e-19
9784.7511 2.07915e-18 3.27264e-19
9785.8371 1.68201e-18 3.16365e-19
9786.9231 1.98614e-18 3.27435e-19
9788.0090 -6.83315e-20 nan
9789.0950 1.09596e-18 3.70259e-19
9790.1810 1.03535e-18 5.62657e-19
9791.2670 1.76810e-18 1.03133e-18
9792.3529 1.19094e-18 1.40192e-18
9793.4389 2.08239e-18 1.51570e-18
9794.5249 7.92258e-19 1.47733e-18
9795.6109 1.40408e-18 1.20830e-18
9796.6968 2.47291e-18 7.07498e-19
9797.7828 1.70116e-18 4.15078e-19
9798.8688 8.35881e-19 5.29515e-19
9799.9548 1.85860e-18 7.96606e-19
9801.0407 2.65837e-18 1.00567e-18
9802.1267 2.48216e-18 8.53782e-19
9803.2127 2.35099e-18 8.50638e-19
9804.2986 1.83435e-18 7.12066e-19
9805.3846 1.93094e-18 4.64270e-19
9806.4706 2.53848e-18 3.48616e-19
9807.5566 1.74080e-18 3.63923e-19
9808.6425 1.18281e-18 4.18947e-19
9809.7285 1.80857e-18 4.60173e-19
9810.8145 1.59800e-18 4.43642e-19
9811.9005 1.29681e-18 4.65662e-19
9812.9864 1.75530e-18 5.18538e-19
9814.0724 2.48332e-18 6.77931e-19
9815.1584 2.04674e-18 6.71947e-19
9816.2443 1.70638e-18 5.13924e-19
9817.3303 9.23884e-19 4.31279e-19
9818.4163 1.32320e-18 4.42936e-19
9819.5023 1.84512e-18 4.69986e-19
9820.5882 1.61503e-18 4.54629e-19
9821.6742 1.59701e-18 4.15741e-19
9822.7602 2.27653e-18 3.74273e-19
9823.8462 1.92856e-18 4.53143e-19
9824.9321 1.65277e-18 4.33846e-19
9826.0181 1.70977e-18 3.15415e-19
9827.1041 1.96392e-18 3.32541e-19
9828.1900 2.05473e-18 3.70744e-19
9829.2760 2.12316e-18 3.91547e-19
9830.3620 1.89797e-18 3.98768e-19
9831.4480 1.65079e-18 4.68343e-19
9832.5339 9.64642e-19 4.49872e-19
9833.6199 1.10853e-18 4.61545e-19
9834.7059 1.79056e-18 3.47159e-19
9835.7919 1.45754e-18 3.15408e-19
9836.8778 1.18402e-18 3.03651e-19
9837.9638 1.24539e-18 2.97234e-19
9839.0498 1.57699e-18 3.03699e-19
9840.1357 1.45714e-18 2.98096e-19
9841.2217 1.25637e-18 2.84059e-19
9842.3077 1.83967e-18 2.89171e-19
9843.3937 2.06946e-18 2.89660e-19
9844.4796 1.87870e-18 2.90961e-19
9845.5656 1.66531e-18 2.92620e-19
9846.6516 1.21714e-18 2.87321e-19
9847.7376 1.48547e-18 3.30000e-19
9848.8235 1.73204e-18 5.46970e-19
9849.9095 1.32818e-18 7.15003e-19
9850.9955 1.12315e-18 7.50704e-19
9852.0814 1.12885e-18 7.36521e-19
9853.1674 1.19906e-18 6.06427e-19
9854.2534 1.42363e-18 3.84116e-19
9855.3394 1.59036e-18 2.89323e-19
9856.4253 1.26518e-18 2.77499e-19
9857.5113 1.45586e-18 2.80026e-19
9858.5973 1.76490e-18 2.86146e-19
9859.6833 1.90954e-18 2.90124e-19
9860.7692 1.60345e-18 2.80780e-19
9861.8552 1.22245e-18 2.73112e-19
9862.9412 1.23630e-18 2.72323e-19
9864.0271 1.53009e-18 2.78909e-19
9865.1131 1.62359e-18 2.80997e-19
9866.1991 1.50179e-18 2.77598e-19
9867.2851 1.27558e-18 2.74892e-19
9868.3710 1.11033e-18 2.76810e-19
9869.4570 1.22132e-18 2.85125e-19
9870.5430 1.52296e-18 3.09115e-19
9871.6290 1.91364e-18 4.91408e-19
9872.7149 2.27760e-18 1.23792e-18
9873.8009 2.62644e-18 1.61282e-18
9874.8869 1.87050e-18 1.23225e-18
9875.9729 1.26238e-18 1.19316e-18
9877.0588 1.19902e-18 8.95868e-19
9878.1448 1.72659e-18 4.57795e-19
9879.2308 1.19774e-18 3.02969e-19
9880.3167 1.44253e-18 2.78668e-19
9881.4027 1.81332e-18 2.85592e-19
9882.4887 2.09435e-18 2.96975e-19
9883.5747 1.78274e-18 2.93330e-19
9884.6606 1.19982e-18 2.86519e-19
9885.7466 1.59321e-18 3.18846e-19
9886.8326 1.95207e-18 3.65630e-19
9887.9186 1.75362e-18 4.66816e-19
9889.0045 1.67682e-18 4.49765e-19
9890.0905 1.19285e-18 4.26116e-19
9891.1765 1.85160e-18 3.29281e-19
9892.2624 1.92694e-18 2.90106e-19
9893.3484 1.30338e-18 2.72825e-19
9894.4344 1.61281e-18 4.16314e-19
9895.5204 1.88944e-18 6.75470e-19
9896.6063 1.68722e-18 8.20562e-19
9897.6923 2.20761e-18 8.46734e-19
9898.7783 2.33007e-18 8.02288e-19
9899.8643 2.31184e-18 6.06870e-19
9900.9502 1.88554e-18 3.58446e-19
9902.0362 1.87548e-18 3.07178e-19
9903.1222 7.54260e-19 4.06207e-19
9904.2081 9.93318e-19 4.07937e-19
9905.2941 1.60526e-18 2.86245e-19
9906.3801 1.40295e-18 2.70286e-19
9907.4661 1.24481e-18 3.15608e-19
9908.5520 7.57438e-19 3.06071e-19
9909.6380 1.96382e-18 2.75960e-19
9910.7240 1.81875e-18 2.73666e-19
9911.8100 1.62474e-18 2.65649e-19
9912.8959 1.63698e-18 2.83689e-19
9913.9819 1.70376e-18 4.25513e-19
9915.0679 7.98886e-19 1.01879e-18
9916.1538 -8.07886e-20 -1.41406e-18
9917.2398 1.08095e-18 1.21143e-18
9918.3258 1.00527e-18 1.17531e-18
9919.4118 1.53768e-18 1.00344e-18
9920.4977 1.95129e-18 5.12869e-19
9921.5837 1.70336e-18 2.90550e-19
9922.6697 1.46778e-18 2.61657e-19
9923.7557 1.20441e-18 3.55933e-19
9924.8416 1.62271e-18 3.63518e-19
9925.9276 1.65735e-18 2.65056e-19
9927.0136 1.30577e-18 2.55882e-19
9928.0995 1.32248e-18 2.54753e-19
9929.1855 1.14864e-18 2.53910e-19
9930.2715 1.52622e-18 2.65962e-19
9931.3575 2.08736e-18 3.72713e-19
9932.4434 1.84207e-18 3.63870e-19
9933.5294 1.83613e-18 4.24353e-19
9934.6154 1.67314e-18 4.20557e-19
9935.7014 1.44552e-18 2.59365e-19
9936.7873 1.40471e-18 2.65400e-19
9937.8733 1.02862e-18 2.56519e-19
9938.9593 1.13839e-18 2.63084e-19
9940.0452 1.49837e-18 2.82578e-19
9941.1312 2.06987e-18 3.90019e-19
9942.2172 2.00125e-18 7.03308e-19
9943.3032 1.00544e-18 1.36348e-18
9944.3891 1.49121e-18 1.44684e-18
9945.4751 6.21738e-19 1.53558e-18
9946.5611 2.38940e-18 1.85652e-18
9947.6471 2.79912e-18 2.04891e-18
9948.7330 1.65112e-18 1.35476e-18
9949.8190 -1.81097e-19 -1.36379e-18
9950.9050 1.37892e-18 1.18158e-18
9951.9910 2.25329e-18 8.65233e-19
9953.0769 1.51610e-18 5.91457e-19
9954.1629 1.58194e-18 4.05154e-19
9955.2489 1.76183e-18 3.23839e-19
9956.3348 1.77078e-18 5.35509e-19
9957.4208 1.49369e-18 9.18889e-19
9958.5068 1.86062e-18 1.11843e-18
9959.5928 2.68189e-18 1.14542e-18
9960.6787 1.11908e-18 1.07961e-18
9961.7647 6.94155e-19 8.99930e-19
9962.8507 1.49144e-18 9.39096e-19
9963.9367 1.72194e-18 1.05378e-18
9965.0226 1.14785e-18 9.87719e-19
9966.1086 1.28184e-18 8.77992e-19
9967.1946 1.58123e-18 5.93635e-19
9968.2805 1.48623e-18 2.93522e-19
9969.3665 1.25597e-18 2.97116e-19
9970.4525 1.41791e-18 3.05046e-19
9971.5385 1.52031e-18 3.02821e-19
9972.6244 1.55845e-18 4.58928e-19
9973.7104 1.19592e-18 6.12786e-19
9974.7964 1.78449e-18 6.54145e-19
9975.8824 2.16530e-18 6.48334e-19
9976.9683 1.65945e-18 5.45906e-19
9978.0543 1.83513e-18 3.89008e-19
9979.1403 1.71308e-18 3.66848e-19
9980.2262 1.31287e-18 3.84145e-19
9981.3122 1.27531e-18 3.93154e-19
9982.3982 1.77367e-18 3.92297e-19
9983.4842 1.61585e-18 3.37856e-19
9984.5701 1.62212e-18 2.88209e-19
9985.6561 1.67372e-18 2.63058e-19
9986.7421 1.49597e-18 2.46429e-19
9987.8281 1.87873e-18 2.56476e-19
9988.9140 1.24321e-18 2.31308e-19
9990.0000 1.49566e-18 2.33533e-19
9991.0860 1.46815e-18 2.33558e-19
9992.1719 1.39130e-18 2.36141e-19
9993.2579 1.59263e-18 2.46442e-19
9994.3439 1.56375e-18 2.50649e-19
9995.4299 1.60096e-18 2.42542e-19
9996.5158 1.56726e-18 2.34397e-19
9997.6018 1.27795e-18 2.29463e-19
9998.6878 1.48093e-18 2.37692e-19
9999.7738 1.43591e-18 2.95614e-19
10000.8600 1.42152e-18 4.26635e-19
10001.9460 1.91239e-18 5.12575e-19
10003.0320 1.31577e-18 5.19200e-19
10004.1180 1.44504e-18 5.06862e-19
10005.2040 1.36757e-18 4.04133e-19
10006.2900 1.21250e-18 2.78890e-19
10007.3760 1.64143e-18 2.57700e-19
10008.4620 1.77892e-18 2.47490e-19
10009.5480 1.92836e-18 2.50381e-19
10010.6330 1.78265e-18 2.73169e-19
10011.7190 1.49223e-18 4.18574e-19
10012.8050 1.65342e-18 8.39358e-19
10013.8910 1.16092e-18 1.29896e-18
10014.9770 1.04929e-18 1.52913e-18
10016.0630 1.74603e-18 1.54470e-18
10017.1490 6.45478e-19 1.34651e-18
10018.2350 1.27184e-18 9.29802e-19
10019.3210 1.77488e-18 4.66382e-19
10020.4070 1.55785e-18 2.66347e-19
10021.4930 1.43631e-18 3.03872e-19
10022.5790 1.28971e-18 3.54291e-19
10023.6650 1.67640e-18 3.75260e-19
10024.7510 1.35081e-18 5.48774e-19
10025.8370 1.05719e-18 8.77689e-19
10026.9230 1.29423e-18 8.15258e-19
10028.0090 1.85533e-18 1.21125e-18
10029.0950 1.17879e-18 1.17760e-18
10030.1810 8.08280e-19 6.81574e-19
10031.2670 1.59811e-18 3.81885e-19
10032.3530 1.33120e-18 2.58597e-19
10033.4390 1.04912e-18 4.63174e-19
10034.5250 1.42449e-18 3.95697e-19
10035.6110 1.90053e-18 3.89167e-19
10036.6970 1.59952e-18 2.54037e-19
10037.7830 1.13421e-18 2.54770e-19
10038.8690 1.64822e-18 2.86351e-19
10039.9550 1.46176e-18 2.91856e-19
10041.0410 1.48722e-18 2.83577e-19
10042.1270 1.43379e-18 2.70076e-19
10043.2130 1.57473e-18 3.16830e-19
10044.2990 1.71324e-18 4.61143e-19
10045.3850 1.54093e-18 5.45425e-19
10046.4710 1.11885e-18 5.51466e-19
10047.5570 1.45346e-18 5.31622e-19
10048.6430 1.52905e-18 4.98043e-19
10049.7290 1.26434e-18 2.90120e-19
10050.8140 1.22659e-18 2.13836e-19
10051.9000 1.33311e-18 2.23009e-19
10052.9860 1.56339e-18 2.31814e-19
10054.0720 1.75026e-18 2.36186e-19
10055.1580 1.44340e-18 2.25795e-19
10056.2440 1.37714e-18 2.20005e-19
10057.3300 1.52386e-18 2.22793e-19
10058.4160 1.56342e-18 2.32988e-19
10059.5020 1.29827e-18 3.49210e-19
10060.5880 1.35114e-18 5.40132e-19
10061.6740 1.15145e-18 7.94072e-19
10062.7600 1.68950e-18 1.22887e-18
10063.8460 1.51770e-18 1.01491e-18
10064.9320 1.76455e-18 6.35624e-19
10066.0180 2.16451e-18 4.74303e-19
10067.1040 1.45870e-18 3.32696e-19
10068.1900 1.42110e-18 3.66652e-19
10069.2760 1.15368e-18 3.84683e-19
10070.3620 5.27436e-19 5.79667e-19
10071.4480 8.90283e-19 6.64098e-19
10072.5340 2.11471e-18 4.97606e-19
10073.6200 1.66582e-18 4.92180e-19
10074.7060 1.43958e-18 4.49742e-19
10075.7920 1.78259e-18 3.74983e-19
10076.8780 2.14740e-18 3.97404e-19
10077.9640 1.61572e-18 3.35984e-19
10079.0500 1.40075e-18 2.36727e-19
10080.1360 1.39362e-18 2.45338e-19
10081.2220 1.54686e-18 2.64587e-19
10082.3080 2.51223e-18 8.41869e-19
10083.3940 2.65854e-18 1.48154e-18
10084.4800 1.53478e-18 1.33881e-18
10085.5660 4.57088e-19 1.34903e-18
10086.6520 1.31820e-18 1.02542e-18
10087.7380 9.44605e-19 6.99187e-19
10088.8240 1.25018e-18 2.76845e-19
10089.9100 1.86183e-18 3.42440e-19
10090.9950 2.20120e-18 3.52082e-19
10092.0810 1.72305e-18 2.48305e-19
10093.1670 1.33858e-18 2.28305e-19
10094.2530 1.35877e-18 2.25916e-19
10095.3390 1.36166e-18 2.26320e-19
10096.4250 1.82075e-18 2.52950e-19
10097.5110 2.41606e-18 2.88280e-19
10098.5970 2.38315e-18 3.07246e-19
10099.6830 2.34542e-18 4.29764e-19
10100.7690 2.23564e-18 4.20885e-19
10101.8550 1.97202e-18 2.95649e-19
10102.9410 1.86784e-18 3.15657e-19
10104.0270 1.48069e-18 5.34868e-19
10105.1130 1.25264e-18 7.19834e-19
10106.1990 8.22872e-19 7.45302e-19
10107.2850 2.17148e-18 7.41124e-19
10108.3710 2.68562e-18 6.10775e-19
10109.4570 2.04009e-18 3.49256e-19
10110.5430 1.55694e-18 2.27211e-19
10111.6290 1.54109e-18 2.18729e-19
10112.7150 1.65339e-18 2.25371e-19
10113.8010 1.47960e-18 2.19626e-19
10114.8870 1.41530e-18 2.14241e-19
10115.9730 1.31132e-18 2.11628e-19
10117.0590 1.08874e-18 2.01843e-19
10118.1450 1.11939e-18 2.03477e-19
10119.2310 1.61382e-18 2.18899e-19
10120.3170 1.76116e-18 2.26619e-19
10121.4030 1.79735e-18 2.32650e-19
10122.4890 1.76227e-18 2.56947e-19
10123.5750 1.00377e-18 4.60259e-19
10124.6610 6.81156e-19 9.05643e-19
10125.7470 1.58652e-18 1.18809e-18
10126.8330 2.52090e-18 1.22283e-18
10127.9190 1.29335e-18 1.15312e-18
10129.0050 1.24938e-18 8.57145e-19
10130.0900 1.41986e-18 3.96388e-19
10131.1760 1.53375e-18 2.81293e-19
10132.2620 1.54099e-18 2.93345e-19
10133.3480 1.36992e-18 2.73169e-19
10134.4340 1.63757e-18 3.07272e-19
10135.5200 1.35865e-18 3.66109e-19
10136.6060 1.18185e-18 3.54913e-19
10137.6920 1.61828e-18 2.76733e-19
10138.7780 1.64089e-18 2.46064e-19
10139.8640 1.29132e-18 2.29252e-19
10140.9500 1.28979e-18 2.26952e-19
10142.0360 1.29205e-18 2.29670e-19
10143.1220 1.48483e-18 2.52547e-19
10144.2080 1.63780e-18 2.96076e-19
10145.2940 1.54171e-18 3.43298e-19
10146.3800 1.47310e-18 3.63037e-19
10147.4660 1.94063e-18 3.91976e-19
10148.5520 1.22701e-18 3.73744e-19
10149.6380 1.43500e-18 3.75819e-19
10150.7240 1.68598e-18 3.91037e-19
10151.8100 1.54149e-18 3.71781e-19
10152.8960 1.44691e-18 4.87092e-19
10153.9820 7.77998e-19 6.65415e-19
10155.0680 1.19882e-18 7.44245e-19
10156.1540 1.39465e-18 7.50996e-19
10157.2400 2.54816e-18 7.08236e-19
10158.3260 1.48608e-18 5.18706e-19
10159.4120 1.52360e-18 4.45337e-19
10160.4980 1.98026e-18 4.82618e-19
10161.5840 1.94904e-18 4.82519e-19
10162.6700 1.27632e-18 4.54167e-19
10163.7560 1.24932e-18 3.61941e-19
10164.8420 1.47791e-18 3.34506e-19
10165.9280 1.61723e-18 3.85934e-19
10167.0140 1.94111e-18 3.95719e-19
10168.1000 1.83787e-18 4.30470e-19
10169.1860 1.74728e-18 6.23793e-19
10170.2710 1.68855e-18 4.72316e-19
10171.3570 1.75743e-18 5.04146e-19
10172.4430 2.37449e-18 9.60001e-19
10173.5290 2.20138e-18 1.22237e-18
10174.6150 2.18481e-18 1.25744e-18
10175.7010 2.13440e-18 1.19760e-18
10176.7870 1.15915e-18 8.84844e-19
10177.8730 8.09435e-19 4.13461e-19
10178.9590 1.61668e-18 3.17140e-19
10180.0450 1.41671e-18 3.03010e-19
10181.1310 1.44216e-18 4.55954e-19
10182.2170 1.38017e-18 4.55065e-19
10183.3030 1.50301e-18 5.08920e-19
10184.3890 1.64896e-18 7.38543e-19
10185.4750 1.42662e-18 6.84564e-19
10186.5610 2.00610e-18 3.76312e-19
10187.6470 1.98389e-18 2.95536e-19
10188.7330 1.28636e-18 2.88283e-19
10189.8190 5.75463e-19 5.48809e-19
10190.9050 1.36453e-18 8.17605e-19
10191.9910 1.33928e-18 9.11412e-19
10193.0770 1.23398e-18 9.12730e-19
10194.1630 2.06860e-18 8.29227e-19
10195.2490 1.70813e-18 5.30435e-19
10196.3350 1.10737e-18 2.68195e-19
10197.4210 1.27850e-18 2.58963e-19
10198.5070 1.87487e-18 3.17036e-19
10199.5930 1.83194e-18 3.11332e-19
10200.6790 1.44797e-18 2.56161e-19
10201.7650 1.75629e-18 2.71399e-19
10202.8510 1.36281e-18 3.49676e-19
10203.9370 1.19859e-18 5.34955e-19
10205.0230 1.88141e-18 6.21340e-19
10206.1090 1.88467e-18 6.29311e-19
10207.1950 1.63846e-18 5.95135e-19
10208.2810 1.53752e-18 4.60456e-19
10209.3670 1.21613e-18 5.09653e-19
10210.4520 2.51343e-18 6.61545e-19
10211.5380 2.57343e-18 9.18654e-19
10212.6240 2.03621e-18 1.10199e-18
10213.7100 2.36337e-18 1.14293e-18
10214.7960 9.28755e-19 1.06259e-18
10215.8820 1.24173e-18 8.04441e-19
10216.9680 1.34599e-18 3.89444e-19
10218.0540 1.18930e-18 2.16358e-19
10219.1400 1.07329e-18 2.06013e-19
10220.2260 9.02043e-19 2.49312e-19
10221.3120 1.48801e-18 2.91006e-19
10222.3980 1.70730e-18 2.65765e-19
10223.4840 1.16191e-18 2.55390e-19
10224.5700 1.36956e-18 2.62420e-19
10225.6560 7.46702e-19 4.29931e-19
10226.7420 1.75943e-18 7.26828e-19
10227.8280 1.15755e-18 8.37998e-19
10228.9140 -9.18124e-19 -8.50875e-19
10230.0000 1.28708e-18 7.89073e-19
10231.0860 1.57161e-18 6.55065e-19
10232.1720 1.01006e-18 6.28031e-19
10233.2580 1.61483e-18 6.44111e-19
10234.3440 1.48427e-18 6.32768e-19
10235.4300 1.53166e-18 5.14230e-19
10236.5160 1.30967e-18 3.24346e-19
10237.6020 1.54668e-18 2.53044e-19
10238.6880 1.34145e-18 2.30888e-19
10239.7740 1.34970e-18 2.13614e-19
10240.8600 1.44245e-18 2.09300e-19
10241.9460 1.55783e-18 2.13405e-19
10243.0320 1.53799e-18 2.16256e-19
10244.1180 1.88306e-18 4.95096e-19
10245.2040 1.73646e-18 4.92336e-19
10246.2900 1.35205e-18 2.10917e-19
10247.3760 8.93773e-19 1.99138e-19
10248.4620 1.31702e-18 2.04280e-19
10249.5480 1.62490e-18 2.09448e-19
10250.6330 1.44144e-18 2.01661e-19
10251.7190 1.22593e-18 1.96904e-19
10252.8050 1.36445e-18 2.00954e-19
10253.8910 1.49849e-18 2.05572e-19
10254.9770 1.27497e-18 2.02516e-19
10256.0630 1.22928e-18 2.49420e-19
10257.1490 1.51827e-18 2.80495e-19
10258.2350 1.52828e-18 2.54360e-19
10259.3210 1.30580e-18 2.37464e-19
10260.4070 1.29858e-18 2.32512e-19
10261.4930 1.36936e-18 2.19009e-19
10262.5790 1.45206e-18 2.11103e-19
10263.6650 1.51546e-18 2.18502e-19
10264.7510 1.50332e-18 2.27342e-19
10265.8370 1.63791e-18 2.40441e-19
10266.9230 1.70814e-18 2.57558e-19
10268.0090 1.66479e-18 2.67014e-19
10269.0950 1.52000e-18 2.67895e-19
10270.1810 1.81997e-18 2.93473e-19
10271.2670 3.14581e-18 6.25180e-19
10272.3530 1.87698e-18 7.63717e-19
10273.4390 1.42316e-18 5.14448e-19
10274.5250 1.22043e-18 5.23395e-19
10275.6110 1.35195e-18 4.59266e-19
10276.6970 1.35927e-18 3.14961e-19
10277.7830 1.19754e-18 2.52887e-19
10278.8690 1.42379e-18 2.40937e-19
10279.9550 1.06480e-18 2.27008e-19
10281.0410 1.11652e-18 2.30320e-19
10282.1270 1.47196e-18 2.34936e-19
10283.2130 1.39566e-18 2.34404e-19
10284.2990 1.41834e-18 2.83392e-19
10285.3850 1.59242e-18 4.99595e-19
10286.4710 2.50274e-18 8.65851e-19
10287.5570 1.46161e-18 1.54043e-18
10288.6430 2.67317e-18 1.75999e-18
10289.7290 1.82160e-18 1.74077e-18
10290.8140 1.49815e-18 1.62577e-18
10291.9000 2.96784e-18 9.95583e-19
10292.9860 1.26172e-18 4.17435e-19
10294.0720 1.33073e-18 3.53706e-19
10295.1580 1.71746e-18 4.02113e-19
10296.2440 4.25606e-19 6.78849e-19
10297.3300 7.83924e-19 9.09363e-19
10298.4160 -6.96396e-20 -9.58790e-19
10299.5020 2.01120e-18 9.72623e-19
10300.5880 1.80627e-18 8.32855e-19
10301.6740 1.53780e-18 4.40082e-19
10302.7600 1.55828e-18 2.58349e-19
10303.8460 1.67691e-18 2.62966e-19
10304.9320 1.77338e-18 2.75111e-19
10306.0180 1.21733e-18 2.85587e-19
10307.1040 1.67077e-18 3.06133e-19
10308.1900 1.86152e-18 3.02588e-19
10309.2760 1.90669e-18 3.54086e-19
10310.3620 1.82459e-18 4.97244e-19
10311.4480 1.70886e-18 5.84843e-19
10312.5340 1.29096e-18 6.33007e-19
10313.6200 1.71113e-18 5.80558e-19
10314.7060 1.54017e-18 6.19907e-19
10315.7920 1.26554e-18 3.25980e-19
10316.8780 1.19742e-18 2.16165e-19
10317.9640 1.31259e-18 2.18327e-19
10319.0500 1.31525e-18 2.16713e-19
10320.1360 1.57349e-18 2.23799e-19
10321.2220 1.60343e-18 2.16269e-19
10322.3080 1.14652e-18 2.05965e-19
10323.3940 1.77769e-18 2.32414e-19
10324.4800 1.61097e-18 2.38028e-19
10325.5660 1.99442e-18 2.52475e-19
10326.6520 1.49005e-18 2.55368e-19
10327.7380 1.39851e-18 2.95726e-19
10328.8240 2.14998e-18 3.66485e-19
10329.9100 1.21121e-18 3.67595e-19
10330.9950 1.78389e-18 3.45193e-19
10332.0810 1.26647e-18 2.96235e-19
10333.1670 1.67882e-18 2.52547e-19
10334.2530 1.60697e-18 2.18985e-19
10335.3390 1.51862e-18 2.15135e-19
10336.4250 1.35672e-18 2.09623e-19
10337.5110 1.74042e-18 2.18745e-19
10338.5970 1.31128e-18 2.91342e-19
10339.6830 1.38008e-18 3.12107e-19
10340.7690 1.76863e-18 3.49135e-19
10341.8550 1.78387e-18 4.08708e-19
10342.9410 2.13209e-18 4.20672e-19
10344.0270 1.58115e-18 4.18199e-19
10345.1130 1.52370e-18 3.34418e-19
10346.1990 1.37938e-18 2.66271e-19
10347.2850 1.64839e-18 4.05530e-19
10348.3710 2.29990e-18 7.40182e-19
10349.4570 2.56857e-18 8.14707e-19
10350.5430 2.60512e-18 8.18392e-19
10351.6290 1.17616e-18 7.74633e-19
10352.7150 1.50305e-18 4.52054e-19
10353.8010 1.06271e-18 3.29733e-19
10354.8870 1.59560e-18 4.41958e-19
10355.9730 8.14130e-19 4.83392e-19
10357.0590 1.53289e-18 4.86469e-19
10358.1450 1.27296e-18 4.53538e-19
10359.2310 1.88559e-18 5.39901e-19
10360.3170 2.53050e-18 4.63755e-19
10361.4030 1.58324e-18 2.29044e-19
10362.4890 1.65488e-18 2.29115e-19
10363.5750 1.76379e-18 2.33163e-19
10364.6610 1.90113e-18 2.25429e-19
10365.7470 1.41426e-18 2.10629e-19
10366.8330 1.74530e-18 2.20768e-19
10367.9190 1.11429e-18 2.07301e-19
10369.0050 1.44570e-18 2.17587e-19
10370.0900 1.71442e-18 2.35640e-19
10371.1760 1.55280e-18 2.34752e-19
10372.2620 1.17357e-18 3.05144e-19
10373.3480 1.73299e-18 1.29992e-18
10374.4340 1.41525e-18 1.88150e-18
10375.5200 1.62925e-18 1.35638e-18
10376.6060 1.53456e-18 1.34909e-18
10377.6920 1.96397e-18 1.07725e-18
10378.7780 1.40312e-18 3.83297e-19
10379.8640 1.49217e-18 2.73012e-19
10380.9500 1.36263e-18 2.62438e-19
10382.0360 1.50725e-18 2.68386e-19
10383.1220 1.38399e-18 2.55835e-19
10384.2080 1.32110e-18 2.14346e-19
10385.2940 1.63721e-18 2.23200e-19
10386.3800 1.92482e-18 2.42235e-19
10387.4660 1.20318e-18 2.26765e-19
10388.5520 1.75564e-18 2.28372e-19
10389.6380 1.45140e-18 2.23242e-19
10390.7240 1.55632e-18 2.25047e-19
10391.8100 1.67279e-18 2.37098e-19
10392.8960 1.33261e-18 2.34629e-19
10393.9820 1.14435e-18 2.30964e-19
10395.0680 1.26723e-18 2.41622e-19
10396.1540 2.04642e-18 3.32460e-19
10397.2400 1.67766e-18 7.43657e-19
10398.3260 1.39372e-18 8.86197e-19
10399.4120 1.72183e-18 9.07784e-19
10400.4980 2.00641e-18 8.87158e-19
10401.5840 3.29228e-19 6.07421e-19
10402.6700 1.42153e-18 2.55591e-19
10403.7560 1.79691e-18 2.32590e-19
10404.8420 1.22974e-18 2.21040e-19
10405.9280 1.45972e-18 2.29646e-19
10407.0140 1.33370e-18 2.23921e-19
10408.1000 1.32187e-18 2.36314e-19
10409.1860 1.52522e-18 2.60166e-19
10410.2710 1.15063e-18 2.70293e-19
10411.3570 1.50279e-18 2.63858e-19
10412.4430 1.53035e-18 2.65734e-19
10413.5290 1.37403e-18 2.44339e-19
10414.6150 1.85743e-18 2.40477e-19
10415.7010 1.64392e-18 2.39130e-19
10416.7870 8.45007e-19 2.87486e-19
10417.8730 1.83248e-18 4.42259e-19
10418.9590 2.56757e-18 1.08960e-18
10420.0450 6.16392e-19 1.46609e-18
10421.1310 1.85610e-18 1.38999e-18
10422.2170 1.92619e-18 1.35979e-18
10423.3030 2.38689e-18 1.49575e-18
10424.3890 1.91954e-18 6.62465e-19
10425.4750 1.84531e-18 3.30243e-19
10426.5610 1.83602e-18 3.04426e-19
10427.6470 1.35475e-18 2.78471e-19
10428.7330 2.02315e-18 3.60584e-19
10429.8190 2.19072e-18 4.10357e-19
10430.9050 1.57740e-18 3.89924e-19
10431.9910 1.11636e-18 3.81961e-19
10433.0770 1.71253e-18 3.37581e-19
10434.1630 1.74305e-18 2.73858e-19
10435.2490 1.62510e-18 2.23353e-19
10436.3350 1.16130e-18 1.99081e-19
10437.4210 1.43173e-18 2.03924e-19
10438.5070 1.43388e-18 2.00363e-19
10439.5930 1.60129e-18 2.81312e-19
10440.6790 2.37500e-18 5.03636e-19
10441.7650 1.83677e-18 2.51844e-19
10442.8510 1.60981e-18 2.07990e-19
10443.9370 1.79957e-18 2.13665e-19
10445.0230 1.62220e-18 2.10621e-19
10446.1090 1.26371e-18 2.05946e-19
10447.1950 1.04172e-18 2.09410e-19
10448.2810 1.57483e-18 2.28089e-19
10449.3670 1.58433e-18 2.43350e-19
10450.4520 1.43967e-18 3.86826e-19
10451.5380 1.13894e-18 6.91054e-19
10452.6240 1.24607e-18 7.71921e-19
10453.7100 1.91248e-18 7.68502e-19
10454.7960 1.61636e-18 7.16731e-19
10455.8820 1.53870e-18 4.51462e-19
10456.9680 1.46656e-18 2.20961e-19
10458.0540 1.34041e-18 2.02101e-19
10459.1400 1.53645e-18 2.15423e-19
10460.2260 1.33090e-18 2.08315e-19
10461.3120 1.43375e-18 1.98107e-19
10462.3980 1.43198e-18 2.00783e-19
10463.4840 1.16813e-18 1.97849e-19
10464.5700 1.09916e-18 1.97822e-19
10465.6560 1.62063e-18 2.10909e-19
10466.7420 1.85950e-18 2.22369e-19
10467.8280 1.41879e-18 2.43843e-19
10468.9140 1.03240e-18 5.34195e-19
10470.0000 -3.01729e-19 -9.93657e-19
10471.0860 -1.55907e-18 -1.14741e-18
10472.1720 2.79865e-18 1.64405e-18
10473.2580 2.52012e-18 1.52590e-18
10474.3440 5.63863e-19 6.52553e-19
10475.4300 1.20721e-18 2.52383e-19
10476.5160 1.35200e-18 2.13364e-19
10477.6020 1.45656e-18 2.08981e-19
10478.6880 1.49163e-18 2.06371e-19
10479.7740 1.45540e-18 2.06158e-19
10480.8600 1.16853e-18 2.01191e-19
10481.9460 1.35715e-18 2.16875e-19
10483.0320 1.60327e-18 2.26954e-19
10484.1180 1.81408e-18 2.23186e-19
10485.2040 1.53259e-18 2.11317e-19
10486.2900 1.34657e-18 2.08162e-19
10487.3760 1.52788e-18 2.38636e-19
10488.4620 1.73023e-18 2.80213e-19
10489.5480 1.81793e-18 2.91432e-19
10490.6330 1.42333e-18 3.91845e-19
10491.7190 1.91143e-18 3.66480e-19
10492.8050 1.74666e-18 3.04545e-19
10493.8910 1.89177e-18 2.22919e-19
10494.9770 2.18549e-18 2.27443e-19
10496.0630 2.18374e-18 2.64359e-19
10497.1490 2.27253e-18 2.68646e-19
10498.2350 2.66513e-18 2.54321e-19
10499.3210 2.40481e-18 2.69180e-19
10500.4070 2.45327e-18 2.91246e-19
10501.4930 2.57975e-18 2.98711e-19
10502.5790 2.03981e-18 2.75730e-19
10503.6650 1.94523e-18 2.50168e-19
10504.7510 2.13828e-18 2.40098e-19
10505.8370 2.33361e-18 2.55918e-19
10506.9230 2.33639e-18 2.65378e-19
10508.0090 1.93769e-18 2.52359e-19
10509.0950 1.43646e-18 3.46221e-19
10510.1810 7.27539e-19 5.36779e-19
10511.2670 1.23552e-18 6.31649e-19
10512.3530 2.47532e-18 7.84711e-19
10513.4390 1.56564e-18 7.19471e-19
10514.5250 1.57291e-18 4.43309e-19
10515.6110 2.09676e-18 3.34880e-19
10516.6970 4.04522e-18 3.90127e-19
10517.7830 7.13721e-18 5.30176e-19
10518.8690 8.49302e-18 5.99241e-19
10519.9550 9.64841e-18 6.57607e-19
10521.0410 9.81203e-18 6.54816e-19
10522.1270 9.45850e-18 6.29030e-19
10523.2130 9.43213e-18 6.27169e-19
10524.2990 9.18082e-18 6.62947e-19
10525.3850 8.29875e-18 8.12664e-19
10526.4710 8.20665e-18 9.64447e-19
10527.5570 9.02719e-18 1.01763e-18
10528.6430 8.13258e-18 1.01230e-18
10529.7290 6.91566e-18 8.00063e-19
10530.8140 6.99528e-18 5.43353e-19
10531.9000 4.20301e-18 3.27600e-19
10532.9860 2.50646e-18 3.05456e-19
10534.0720 1.58911e-18 2.73674e-19
10535.1580 1.56782e-18 2.03875e-19
10536.2440 1.58662e-18 2.05583e-19
10537.3300 1.48815e-18 2.08910e-19
10538.4160 1.24634e-18 2.03596e-19
10539.5020 1.00702e-18 1.96824e-19
10540.5880 9.76331e-19 1.94880e-19
10541.6740 1.27812e-18 2.02274e-19
10542.7600 1.54596e-18 2.04321e-19
10543.8460 1.68081e-18 2.05496e-19
10544.9320 1.54567e-18 2.00453e-19
10546.0180 1.57120e-18 2.01621e-19
10547.1040 1.68591e-18 2.40493e-19
10548.1900 1.47945e-18 2.38885e-19
10549.2760 2.03972e-18 2.22148e-19
10550.3620 3.25486e-18 3.01227e-19
10551.4480 4.04562e-18 3.41970e-19
10552.5340 3.82841e-18 3.17791e-19
10553.6200 4.30852e-18 3.53560e-19
10554.7060 4.29586e-18 3.59558e-19
10555.7920 4.14176e-18 4.27865e-19
10556.8780 4.17153e-18 4.10946e-19
10557.9640 4.08047e-18 3.20878e-19
10559.0500 3.88796e-18 3.07848e-19
10560.1360 3.88063e-18 3.07220e-19
10561.2220 3.03223e-18 3.20202e-19
10562.3080 2.97020e-18 3.15920e-19
10563.3940 3.24820e-18 2.70630e-19
10564.4800 2.58413e-18 2.40021e-19
10565.5660 2.16344e-18 2.23177e-19
10566.6520 1.77407e-18 2.08835e-19
10567.7380 1.31841e-18 1.92450e-19
10568.8240 1.37530e-18 2.35490e-19
10569.9100 1.37299e-18 2.41935e-19
10570.9950 1.11172e-18 2.00832e-19
10572.0810 1.35187e-18 2.38567e-19
10573.1670 1.34803e-18 3.52962e-19
10574.2530 1.58826e-18 4.60091e-19
10575.3390 2.10942e-18 5.65278e-19
10576.4250 1.79378e-18 7.28193e-19
10577.5110 1.85698e-18 4.06926e-19
10578.5970 1.65313e-18 2.35398e-19
10579.6830 1.54581e-18 2.08784e-19
10580.7690 1.60842e-18 2.08525e-19
10581.8550 1.27516e-18 1.99589e-19
10582.9410 1.58993e-18 2.40582e-19
10584.0270 1.80294e-18 2.43809e-19
10585.1130 1.76376e-18 2.73311e-19
10586.1990 1.67116e-18 3.92557e-19
10587.2850 1.62783e-18 5.21558e-19
10588.3710 1.77166e-18 5.63873e-19
10589.4570 1.88011e-18 5.67046e-19
10590.5430 1.47055e-18 4.79026e-19
10591.6290 1.52984e-18 3.24829e-19
10592.7150 1.66213e-18 2.50862e-19
10593.8010 1.67892e-18 2.26761e-19
10594.8870 1.46990e-18 2.11673e-19
10595.9730 1.58314e-18 2.18711e-19
10597.0590 2.04558e-18 3.16208e-19
10598.1450 1.90405e-18 3.23882e-19
10599.2310 1.15635e-18 2.31225e-19
10600.3170 1.36665e-18 2.38813e-19
10601.4030 1.31631e-18 2.47618e-19
10602.4890 1.37781e-18 2.66360e-19
10603.5750 1.58444e-18 2.58145e-19
10604.6610 1.47987e-18 2.44982e-19
10605.7470 1.60359e-18 2.25062e-19
10606.8330 1.61455e-18 2.19649e-19
10607.9190 1.42194e-18 2.50556e-19
10609.0050 1.95927e-18 4.91011e-19
10610.0900 1.89392e-18 3.07309e-19
10611.1760 1.72355e-18 2.23279e-19
10612.2620 1.71985e-18 2.24729e-19
10613.3480 1.50256e-18 2.20481e-19
10614.4340 1.79487e-18 2.20525e-19
10615.5200 1.68144e-18 2.53799e-19
10616.6060 1.50129e-18 2.43386e-19
10617.6920 1.63196e-18 2.07045e-19
10618.7780 1.26585e-18 1.99449e-19
10619.8640 1.57972e-18 2.09888e-19
10620.9500 1.77779e-18 2.12327e-19
10622.0360 1.69965e-18 2.09503e-19
10623.1220 1.55940e-18 2.10113e-19
10624.2080 1.57395e-18 2.16286e-19
10625.2940 1.28970e-18 2.09861e-19
10626.3800 1.39211e-18 2.15490e-19
10627.4660 1.78378e-18 2.60508e-19
10628.5520 1.64333e-18 2.48044e-19
10629.6380 1.29706e-18 2.73836e-19
10630.7240 1.85330e-18 2.80843e-19
10631.8100 1.53338e-18 1.97912e-19
10632.8960 1.14582e-18 1.85011e-19
10633.9820 1.50166e-18 1.92885e-19
10635.0680 1.37702e-18 1.91846e-19
10636.1540 1.55447e-18 2.30882e-19
10637.2400 1.36709e-18 2.27549e-19
10638.3260 1.18948e-18 1.91640e-19
10639.4120 1.48031e-18 2.05846e-19
10640.4980 1.44821e-18 2.25281e-19
10641.5840 1.43661e-18 2.91834e-19
10642.6700 1.96468e-18 3.30345e-19
10643.7560 1.59026e-18 3.26236e-19
10644.8420 1.64755e-18 3.16012e-19
10645.9280 1.45637e-18 2.54062e-19
10647.0140 1.74566e-18 2.15680e-19
10648.1000 1.56360e-18 2.32832e-19
10649.1860 1.57845e-18 2.30482e-19
10650.2710 1.76831e-18 2.16783e-19
10651.3570 1.74143e-18 2.24489e-19
10652.4430 1.14085e-18 2.77572e-19
10653.5290 1.74801e-18 3.61468e-19
10654.6150 1.03871e-18 3.70381e-19
10655.7010 1.10765e-18 3.72763e-19
10656.7870 1.25326e-18 3.35883e-19
10657.8730 1.77019e-18 2.63165e-19
10658.9590 1.21996e-18 1.99327e-19
10660.0450 1.79010e-18 2.78130e-19
10661.1310 1.61528e-18 2.73194e-19
10662.2170 1.71513e-18 2.37877e-19
10663.3030 1.25708e-18 2.29211e-19
10664.3890 9.54033e-19 1.81609e-19
10665.4750 1.36254e-18 1.93310e-19
10666.5610 1.41202e-18 2.04641e-19
10667.6470 1.56676e-18 2.21064e-19
10668.7330 1.75270e-18 2.31812e-19
10669.8190 1.83955e-18 2.33812e-19
10670.9050 1.66942e-18 2.19332e-19
10671.9910 1.50128e-18 2.00683e-19
10673.0770 1.22123e-18 1.92914e-19
10674.1630 1.54649e-18 2.00255e-19
10675.2490 1.43967e-18 1.96250e-19
10676.3350 1.13813e-18 1.88309e-19
10677.4210 1.46488e-18 1.97020e-19
10678.5070 1.83505e-18 2.74185e-19
10679.5930 1.63326e-18 2.68744e-19
10680.6790 1.79363e-18 2.09904e-19
10681.7650 1.79916e-18 2.18603e-19
10682.8510 1.02952e-18 2.27423e-19
10683.9370 1.21786e-18 2.69577e-19
10685.0230 1.12288e-18 3.43652e-19
10686.1090 1.32434e-18 5.56192e-19
10687.1950 1.08000e-18 6.03053e-19
10688.2810 1.80850e-18 5.54472e-19
10689.3670 1.42595e-18 5.77784e-19
10690.4520 1.66943e-18 4.97801e-19
10691.5380 1.55565e-18 4.81426e-19
10692.6240 2.10675e-18 4.75595e-19
10693.7100 1.40709e-18 4.19256e-19
10694.7960 1.08439e-18 3.74405e-19
10695.8820 1.38077e-18 3.46200e-19
10696.9680 2.15152e-18 3.64962e-19
10698.0540 1.69567e-18 5.62186e-19
10699.1400 9.32777e-19 6.26004e-19
10700.2260 7.56137e-19 5.97999e-19
10701.3120 1.65304e-18 6.08653e-19
10702.3980 1.94911e-18 4.58698e-19
10703.4840 1.39975e-18 3.73327e-19
10704.5700 9.34941e-19 4.78816e-19
10705.6560 6.15320e-19 4.92334e-19
10706.7420 1.44057e-18 4.82631e-19
10707.8280 1.15793e-18 4.43259e-19
10708.9140 1.12818e-18 3.06487e-19
10710.0000 1.16246e-18 2.49870e-19
10711.0860 1.43870e-18 5.32745e-19
10712.1720 2.07806e-18 8.87723e-19
10713.2580 2.64326e-18 9.60563e-19
10714.3440 -1.45034e-19 -9.49246e-19
10715.4300 2.62365e-18 8.06615e-19
10716.5160 2.00584e-18 4.79475e-19
10717.6020 1.36873e-18 3.94832e-19
10718.6880 1.64538e-18 3.98482e-19
10719.7740 1.30081e-18 4.31611e-19
10720.8600 1.02071e-18 6.08010e-19
10721.9460 1.90317e-18 6.75143e-19
10723.0320 2.55654e-18 6.54025e-19
10724.1180 1.26251e-18 6.39108e-19
10725.2040 1.42496e-18 5.63320e-19
10726.2900 1.39464e-18 3.61667e-19
10727.3760 1.39640e-18 3.51667e-19
10728.4620 1.55988e-18 4.32712e-19
10729.5480 2.18457e-18 9.35911e-19
10730.6330 1.31016e-18 1.36678e-18
10731.7190 1.07618e-18 1.36603e-18
10732.8050 1.34661e-18 1.10095e-18
10733.8910 1.22280e-18 8.26671e-19
10734.9770 1.52326e-18 4.22890e-19
10736.0630 1.28590e-18 2.29254e-19
10737.1490 1.59140e-18 2.88361e-19
10738.2350 1.89020e-18 3.33899e-19
10739.3210 1.83355e-18 3.18166e-19
10740.4070 1.54460e-18 3.16272e-19
10741.4930 1.57473e-18 2.91633e-19
10742.5790 1.63838e-18 2.70442e-19
10743.6650 2.80920e-18 5.44101e-19
10744.7510 1.35235e-18 7.56046e-19
10745.8370 1.85677e-18 7.88478e-19
10746.9230 1.83445e-18 9.43558e-19
10748.0090 2.60963e-18 7.99254e-19
10749.0950 1.34255e-18 5.38394e-19
10750.1810 1.67082e-18 4.72549e-19
10751.2670 2.17837e-18 7.60139e-19
10752.3530 2.35407e-18 1.18209e-18
10753.4390 1.86920e-18 1.24519e-18
10754.5250 2.06621e-18 1.24383e-18
10755.6110 6.44564e-19 1.07357e-18
10756.6970 2.15284e-18 5.04404e-19
10757.7830 1.48277e-18 2.49550e-19
10758.8690 1.30762e-18 3.10914e-19
10759.9550 1.13236e-18 3.02178e-19
10761.0410 9.52167e-19 2.17892e-19
10762.1270 1.84717e-18 2.36528e-19
10763.2130 1.95267e-18 2.85967e-19
10764.2990 2.41417e-18 3.35098e-19
10765.3850 3.12224e-18 4.58628e-19
10766.4710 2.98943e-18 5.24358e-19
10767.5570 4.14733e-18 5.07489e-19
10768.6430 3.75130e-18 4.63186e-19
10769.7290 3.19230e-18 3.46031e-19
10770.8140 3.64098e-18 4.25250e-19
10771.9000 3.28686e-18 5.71360e-19
10772.9860 3.27908e-18 7.96257e-19
10774.0720 3.18875e-18 9.81345e-19
10775.1580 2.56249e-18 8.41665e-19
10776.2440 2.46560e-18 8.54467e-19
10777.3300 2.59587e-18 5.64055e-19
10778.4160 1.98313e-18 2.70198e-19
10779.5020 1.68905e-18 2.21762e-19
10780.5880 1.44164e-18 2.15324e-19
10781.6740 1.69229e-18 2.27546e-19
10782.7600 1.41924e-18 2.27839e-19
10783.8460 1.46625e-18 2.26275e-19
10784.9320 1.43798e-18 2.23881e-19
10786.0180 1.91031e-18 2.35435e-19
10787.1040 2.43735e-18 2.47488e-19
10788.1900 2.72126e-18 2.56337e-19
10789.2760 3.06108e-18 2.68611e-19
10790.3620 2.95382e-18 2.63467e-19
10791.4480 2.63447e-18 2.47805e-19
10792.5340 1.84633e-18 2.30964e-19
10793.6200 2.58128e-18 2.89364e-19
10794.7060 2.58186e-18 3.24867e-19
10795.7920 2.96404e-18 3.55381e-19
10796.8780 2.57648e-18 3.41381e-19
10797.9640 2.07524e-18 3.00123e-19
10799.0500 2.04250e-18 2.63952e-19
10800.1360 1.94243e-18 2.31052e-19
10801.2220 2.35158e-18 2.54653e-19
10802.3080 2.25527e-18 3.70361e-19
10803.3940 2.01578e-18 3.99760e-19
10804.4800 1.44478e-18 2.76549e-19
10805.5660 1.69053e-18 2.76445e-19
10806.6520 1.74129e-18 2.51321e-19
10807.7380 1.52790e-18 2.19540e-19
10808.8240 1.37314e-18 2.14933e-19
10809.9100 1.31940e-18 2.13728e-19
10810.9950 1.31818e-18 2.37630e-19
10812.0810 1.47801e-18 3.88528e-19
10813.1670 1.50866e-18 3.73827e-19
10814.2530 1.44260e-18 2.70093e-19
10815.3390 1.63792e-18 2.28842e-19
10816.4250 1.55103e-18 2.26239e-19
10817.5110 1.66313e-18 2.24510e-19
10818.5970 1.23217e-18 2.10775e-19
10819.6830 1.18314e-18 2.44113e-19
10820.7690 1.47985e-18 2.48809e-19
10821.8550 1.77451e-18 2.15361e-19
10822.9410 1.65391e-18 2.13228e-19
10824.0270 1.35269e-18 2.07044e-19
10825.1130 1.50647e-18 2.11178e-19
10826.1990 1.35640e-18 2.05334e-19
10827.2850 1.21290e-18 2.02325e-19
10828.3710 1.42161e-18 2.34496e-19
10829.4570 1.89655e-18 4.26330e-19
10830.5430 1.69742e-18 7.59972e-19
10831.6290 7.69177e-19 1.24296e-18
10832.7150 9.14163e-19 1.85503e-18
10833.8010 3.30205e-18 1.97229e-18
10834.8870 4.97532e-18 2.04772e-18
10835.9730 7.78588e-19 1.71246e-18
10837.0590 1.11102e-18 7.94959e-19
10838.1450 1.52542e-18 3.82355e-19
10839.2310 1.85087e-18 4.14563e-19
10840.3170 1.69148e-18 4.05615e-19
10841.4030 -3.55398e-20 -7.34098e-19
10842.4890 1.04202e-19 1.47563e-18
10843.5750 1.69314e-19 1.17942e-18
10844.6610 1.89886e-18 1.13066e-18
10845.7470 4.54682e-18 1.35200e-18
10846.8330 2.05748e-18 1.00652e-18
10847.9190 1.66079e-18 3.55850e-19
10849.0050 1.65030e-18 2.33660e-19
10850.0900 1.54596e-18 2.17329e-19
10851.1760 1.48961e-18 2.17090e-19
10852.2620 1.55377e-18 2.59129e-19
10853.3480 1.53673e-18 2.94425e-19
10854.4340 1.39446e-18 2.82160e-19
10855.5200 1.53236e-18 2.95910e-19
10856.6060 1.17288e-18 3.79863e-19
10857.6920 1.23480e-18 5.53980e-19
10858.7780 7.06497e-19 6.90385e-19
10859.8640 1.65659e-18 7.47702e-19
10860.9500 9.41296e-19 6.51017e-19
10862.0360 1.43472e-18 4.52880e-19
10863.1220 1.42528e-18 3.08560e-19
10864.2080 1.63992e-18 2.56877e-19
10865.2940 1.77639e-18 2.09654e-19
10866.3800 1.73141e-18 2.35239e-19
10867.4660 1.36162e-18 2.25559e-19
10868.5520 1.13336e-18 1.85296e-19
10869.6380 1.53628e-18 2.27070e-19
10870.7240 1.58790e-18 2.33729e-19
10871.8100 1.50651e-18 2.14438e-19
10872.8960 1.57448e-18 2.34797e-19
10873.9820 1.85639e-18 3.49296e-19
10875.0680 1.31336e-18 5.07050e-19
10876.1540 1.48116e-18 6.51776e-19
10877.2400 1.74659e-18 4.12059e-19
10878.3260 1.97659e-18 4.48237e-19
10879.4120 1.64855e-18 4.27350e-19
10880.4980 1.47274e-18 3.93942e-19
10881.5840 1.18338e-18 3.18364e-19
10882.6700 1.59062e-18 2.38413e-19
10883.7560 1.46169e-18 2.07788e-19
10884.8420 1.56788e-18 2.48347e-19
10885.9280 1.27526e-18 2.68333e-19
10887.0140 1.27697e-18 2.59373e-19
10888.1000 1.49949e-18 2.60392e-19
10889.1860 1.35056e-18 2.37078e-19
10890.2710 1.80463e-18 3.02846e-19
10891.3570 1.68941e-18 2.74883e-19
10892.4430 1.19821e-18 1.92495e-19
10893.5290 1.13999e-18 1.95722e-19
10894.6150 1.68308e-18 2.42431e-19
10895.7010 2.35310e-18 4.94178e-19
10896.7870 2.51281e-18 7.74611e-19
10897.8730 1.17865e-18 8.93351e-19
10898.9590 1.71099e-18 9.09050e-19
10900.0450 1.41240e-18 8.31049e-19
10901.1310 5.32176e-19 6.86639e-19
10902.2170 1.95637e-18 3.66488e-19
10903.3030 1.66982e-18 2.69770e-19
10904.3890 1.58380e-18 2.75492e-19
10905.4750 1.43510e-18 2.55569e-19
10906.5610 1.75240e-18 2.34240e-19
10907.6470 1.51667e-18 2.92828e-19
10908.7330 1.48972e-18 2.77348e-19
10909.8190 1.68357e-18 2.07358e-19
10910.9050 1.43412e-18 2.02179e-19
10911.9910 1.35350e-18 2.00368e-19
10913.0770 1.36072e-18 1.97775e-19
10914.1630 1.28522e-18 1.95168e-19
10915.2490 1.41681e-18 1.94603e-19
10916.3350 1.38136e-18 1.98408e-19
10917.4210 1.38909e-18 2.02943e-19
10918.5070 1.30934e-18 1.99942e-19
10919.5930 1.24631e-18 2.07042e-19
10920.6790 1.45007e-18 2.22286e-19
10921.7650 1.42667e-18 2.55255e-19
10922.8510 1.80423e-18 4.88962e-19
10923.9370 1.37281e-18 1.05934e-18
10925.0230 1.00134e-18 1.54776e-18
10926.1090 1.06712e-19 1.66643e-18
10927.1950 1.17403e-18 1.61670e-18
10928.2810 2.89041e-18 1.31623e-18
10929.3670 1.66583e-18 6.69011e-19
10930.4520 1.72960e-18 3.05161e-19
10931.5380 1.69249e-18 2.39566e-19
10932.6240 1.32185e-18 2.19298e-19
10933.7100 1.20542e-18 2.13051e-19
10934.7960 1.33357e-18 2.22907e-19
10935.8820 1.15833e-18 2.15616e-19
10936.9680 1.00571e-18 2.74663e-19
10938.0540 1.23229e-18 2.68687e-19
10939.1400 1.81627e-18 2.16101e-19
10940.2260 1.88442e-18 2.21419e-19
10941.3120 1.89989e-18 2.24112e-19
10942.3980 1.65422e-18 2.27462e-19
10943.4840 1.61845e-18 2.23117e-19
10944.5700 1.47563e-18 2.73880e-19
10945.6560 1.23371e-18 2.70292e-19
10946.7420 1.65600e-18 2.87618e-19
10947.8280 1.62878e-18 3.35828e-19
10948.9140 1.69607e-18 7.35417e-19
10950.0000 1.53711e-18 1.01854e-18
10951.0860 8.58328e-19 1.06315e-18
10952.1720 8.43051e-19 1.03118e-18
10953.2580 7.65945e-19 8.25925e-19
10954.3440 1.72143e-18 4.43510e-19
10955.4300 1.89990e-18 2.57396e-19
10956.5160 1.82613e-18 2.20852e-19
10957.6020 1.45431e-18 1.99857e-19
10958.6880 1.48331e-18 1.99882e-19
10959.7740 1.48397e-18 2.71449e-19
10960.8600 1.30216e-18 2.62265e-19
10961.9460 1.67780e-18 2.02661e-19
10963.0320 1.70749e-18 2.10270e-19
10964.1180 1.49575e-18 2.17505e-19
10965.2040 1.35838e-18 2.21958e-19
10966.2900 1.44089e-18 2.39671e-19
10967.3760 1.65885e-18 2.70627e-19
10968.4620 1.49870e-18 2.87099e-19
10969.5480 1.37542e-18 2.99251e-19
10970.6330 1.63102e-18 3.06248e-19
10971.7190 1.92508e-18 4.72100e-19
10972.8050 5.54255e-19 1.10117e-18
10973.8910 7.56441e-19 1.61139e-18
10974.9770 1.04506e-18 1.75054e-18
10976.0630 -1.48269e-18 -1.73144e-18
10977.1490 -8.05708e-19 -1.39978e-18
10978.2350 1.49085e-18 7.80712e-19
10979.3210 1.47329e-18 3.84427e-19
10980.4070 1.56521e-18 2.89946e-19
10981.4930 1.49222e-18 2.46314e-19
10982.5790 1.41602e-18 2.30546e-19
10983.6650 1.36323e-18 2.54391e-19
10984.7510 1.44392e-18 2.91843e-19
10985.8370 1.52804e-18 3.01291e-19
10986.9230 1.91868e-18 3.06495e-19
10988.0090 1.93080e-18 2.77596e-19
10989.0950 1.55752e-18 2.19900e-19
10990.1810 1.48196e-18 2.04404e-19
10991.2670 1.57490e-18 2.04068e-19
10992.3530 1.57239e-18 2.02263e-19
10993.4390 1.48946e-18 2.36035e-19
10994.5250 1.16898e-18 2.29344e-19
10995.6110 1.49244e-18 2.02802e-19
10996.6970 1.57373e-18 2.03895e-19
10997.7830 1.36511e-18 1.94172e-19
10998.8690 1.16709e-18 1.90112e-19
10999.9550 1.26634e-18 1.94619e-19
11001.0410 1.90294e-18 2.99087e-19
11002.1270 1.44340e-18 2.97191e-19
11003.2130 1.34487e-18 2.14119e-19
11004.2990 1.50819e-18 2.22668e-19
11005.3850 1.29971e-18 2.91090e-19
11006.4710 2.32349e-18 6.69954e-19
11007.5570 2.83403e-18 1.03652e-18
11008.6430 1.31024e-18 9.67974e-19
11009.7290 1.08436e-18 9.89781e-19
11010.8140 9.32244e-19 8.60938e-19
11011.9000 1.39027e-18 5.50115e-19
11012.9860 1.34326e-18 2.69760e-19
11014.0720 1.07124e-18 2.07230e-19
11015.1580 1.27010e-18 2.03753e-19
11016.2440 1.58883e-18 2.07212e-19
11017.3300 1.52615e-18 1.98783e-19
11018.4160 1.76582e-18 2.07007e-19
11019.5020 1.52060e-18 1.98655e-19
11020.5880 1.29796e-18 1.91978e-19
11021.6740 1.42170e-18 1.97702e-19
11022.7600 1.46383e-18 1.97317e-19
11023.8460 1.72658e-18 2.11083e-19
11024.9320 1.82612e-18 2.40998e-19
11026.0180 1.75093e-18 3.59802e-19
11027.1040 4.91998e-19 8.64786e-19
11028.1900 -3.54930e-19 -1.28525e-18
11029.2760 1.45232e-18 1.45484e-18
11030.3620 1.64969e-18 1.47338e-18
11031.4480 1.38550e-18 1.25987e-18
11032.5340 1.76987e-18 7.64668e-19
11033.6200 1.29689e-18 3.94676e-19
11034.7060 1.64404e-18 2.68949e-19
11035.7920 1.84817e-18 2.22036e-19
11036.8780 1.94695e-18 2.27042e-19
11037.9640 1.62993e-18 2.22512e-19
11039.0500 1.49126e-18 2.31616e-19
11040.1360 1.64356e-18 2.58285e-19
11041.2220 1.60532e-18 2.59396e-19
11042.3080 1.72561e-18 2.50497e-19
11043.3940 1.47603e-18 2.37664e-19
11044.4800 1.32645e-18 2.19337e-19
11045.5660 1.47566e-18 2.10758e-19
11046.6520 1.35225e-18 2.00041e-19
11047.7380 1.27650e-18 1.93862e-19
11048.8240 1.62904e-18 1.99877e-19
11049.9100 1.79638e-18 2.02346e-19
11050.9950 1.45123e-18 1.96930e-19
11052.0810 1.25277e-18 2.39199e-19
11053.1670 1.41588e-18 2.80333e-19
11054.2530 1.75751e-18 2.99430e-19
11055.3390 1.24519e-18 2.94666e-19
11056.4250 1.33853e-18 2.65630e-19
11057.5110 1.37700e-18 2.20752e-19
11058.5970 1.22040e-18 2.00130e-19
11059.6830 1.57911e-18 2.06395e-19
11060.7690 1.74469e-18 2.13764e-19
11061.8550 1.76287e-18 2.33001e-19
11062.9410 1.86137e-18 2.55214e-19
11064.0270 1.37534e-18 2.53511e-19
11065.1130 1.01463e-18 2.39353e-19
11066.1990 1.16111e-18 2.27299e-19
11067.2850 1.62277e-18 2.35332e-19
11068.3710 1.67975e-18 2.52854e-19
11069.4570 1.85667e-18 4.14166e-19
11070.5430 2.18903e-18 6.53789e-19
11071.6290 2.06726e-18 7.62431e-19
11072.7150 1.19792e-18 7.56590e-19
11073.8010 9.95279e-19 6.87938e-19
11074.8870 1.39924e-18 4.84488e-19
11075.9730 1.34561e-18 2.58100e-19
11077.0590 1.28328e-18 1.98205e-19
11078.1450 1.58872e-18 1.97940e-19
11079.2310 1.37298e-18 1.89995e-19
11080.3170 1.34672e-18 1.98142e-19
11081.4030 1.19814e-18 2.36396e-19
11082.4890 1.15759e-18 2.74066e-19
11083.5750 1.44014e-18 2.96366e-19
11084.6610 1.42806e-18 2.99491e-19
11085.7470 1.37813e-18 2.91867e-19
11086.8330 1.98257e-18 4.93951e-19
11087.9190 3.33706e-18 9.33224e-19
11089.0050 2.67445e-18 1.12145e-18
11090.0900 1.11118e-18 1.05423e-18
11091.1760 1.79280e-18 9.96127e-19
11092.2620 1.84177e-18 7.44284e-19
11093.3480 1.79923e-18 4.00392e-19
11094.4340 1.66659e-18 2.32813e-19
11095.5200 1.47563e-18 1.97588e-19
11096.6060 1.45470e-18 1.94222e-19
11097.6920 1.30980e-18 1.89168e-19
11098.7780 1.34560e-18 2.91272e-19
11099.8640 1.71347e-18 2.98701e-19
11100.9500 1.28412e-18 2.58589e-19
11102.0360 1.29555e-18 1.89872e-19
11103.1220 1.38859e-18 1.88595e-19
11104.2080 1.40870e-18 1.91999e-19
11105.2940 1.19254e-18 1.95973e-19
11106.3800 1.09034e-18 2.04821e-19
11107.4660 1.62208e-18 2.21470e-19
11108.5520 1.52391e-18 2.24135e-19
11109.6380 1.34809e-18 2.16462e-19
11110.7240 1.63068e-18 4.70067e-19
11111.8100 1.64953e-18 6.87245e-19
11112.8960 1.34841e-18 2.30950e-19
11113.9820 1.47125e-18 2.09060e-19
11115.0680 1.58599e-18 2.44637e-19
11116.1540 1.41283e-18 2.35376e-19
11117.2400 1.54710e-18 1.94845e-19
11118.3260 1.62552e-18 1.96862e-19
11119.4120 1.62131e-18 1.95393e-19
11120.4980 1.35751e-18 2.04154e-19
11121.5840 1.31715e-18 2.34398e-19
11122.6700 1.48159e-18 2.97247e-19
11123.7560 1.26461e-18 3.01276e-19
11124.8420 1.27521e-18 2.41908e-19
11125.9280 1.50547e-18 2.23052e-19
11127.0140 1.60690e-18 2.03935e-19
11128.1000 1.47638e-18 1.92969e-19
11129.1860 1.68952e-18 2.04896e-19
11130.2710 1.66111e-18 2.09318e-19
11131.3570 1.14812e-18 1.94849e-19
11132.4430 1.19307e-18 1.94720e-19
11133.5290 1.30720e-18 2.06486e-19
11134.6150 1.08979e-18 1.99442e-19
11135.7010 1.27259e-18 1.92875e-19
11136.7870 1.48564e-18 2.12169e-19
11137.8730 1.29732e-18 3.24088e-19
11138.9590 1.63144e-18 5.10361e-19
11140.0450 1.16599e-18 5.68682e-19
11141.1310 8.60010e-19 5.57632e-19
11142.2170 1.47443e-18 5.21569e-19
11143.3030 1.50649e-18 3.82985e-19
11144.3890 1.15880e-18 2.31750e-19
11145.4750 1.40492e-18 2.06991e-19
11146.5610 1.21977e-18 2.02168e-19
11147.6470 1.22564e-18 1.97001e-19
11148.7330 1.64358e-18 2.10528e-19
11149.8190 1.42954e-18 2.17253e-19
11150.9050 1.25960e-18 2.41173e-19
11151.9910 1.67312e-18 2.90486e-19
11153.0770 1.30209e-18 4.65070e-19
11154.1630 1.74540e-18 6.87527e-19
11155.2490 2.11727e-18 7.86452e-19
11156.3350 1.33306e-18 7.65080e-19
11157.4210 1.01876e-18 6.99696e-19
11158.5070 1.38225e-18 5.07074e-19
11159.5930 1.16663e-18 2.93213e-19
11160.6790 1.27512e-18 2.30733e-19
11161.7650 1.48277e-18 2.55756e-19
11162.8510 1.38052e-18 3.31817e-19
11163.9370 1.31009e-18 3.98431e-19
11165.0230 1.45164e-18 6.17317e-19
11166.1090 9.90563e-19 5.88223e-19
11167.1950 1.28906e-18 3.92710e-19
11168.2810 1.25285e-18 3.56250e-19
11169.3670 8.47942e-19 3.22255e-19
11170.4520 1.31908e-18 3.23104e-19
11171.5380 1.66695e-18 3.39609e-19
11172.6240 1.55340e-18 3.30156e-19
11173.7100 1.43349e-18 2.98895e-19
11174.7960 1.70311e-18 2.67154e-19
11175.8820 1.19905e-18 2.11198e-19
11176.9680 1.13289e-18 1.92000e-19
11178.0540 1.27545e-18 1.94811e-19
11179.1400 1.63502e-18 2.09235e-19
11180.2260 1.76712e-18 2.28846e-19
11181.3120 1.39245e-18 2.36695e-19
11182.3980 1.11941e-18 2.56898e-19
11183.4840 1.35616e-18 2.76103e-19
11184.5700 1.33534e-18 2.45602e-19
11185.6560 1.49285e-18 2.22417e-19
11186.7420 1.28364e-18 2.16916e-19
11187.8280 1.58580e-18 2.49750e-19
11188.9140 1.62640e-18 2.83652e-19
11190.0000 1.34431e-18 2.92754e-19
11191.0860 1.26702e-18 2.75460e-19
11192.1720 1.27254e-18 2.71711e-19
11193.2580 1.35264e-18 2.83221e-19
11194.3440 1.43008e-18 2.60222e-19
11195.4300 1.29416e-18 2.69181e-19
11196.5160 1.37704e-18 2.55428e-19
11197.6020 1.44141e-18 2.28919e-19
11198.6880 1.40781e-18 2.67565e-19
11199.7740 8.67107e-19 4.96587e-19
11200.8600 8.91489e-19 4.82179e-19
11201.9460 9.56035e-19 2.83451e-19
11203.0320 1.55568e-18 3.26798e-19
11204.1180 1.22829e-18 3.00407e-19
11205.2040 1.69680e-18 2.60055e-19
11206.2900 1.56350e-18 2.48939e-19
11207.3760 1.26294e-18 2.52823e-19
11208.4620 1.13268e-18 3.15883e-19
11209.5480 1.31343e-18 3.29502e-19
11210.6330 1.51406e-18 2.98828e-19
11211.7190 1.81476e-18 3.78414e-19
11212.8050 1.75938e-18 5.38518e-19
11213.8910 2.19150e-18 6.05349e-19
11214.9770 1.83745e-18 4.91706e-19
11216.0630 1.79286e-18 4.42537e-19
11217.1490 2.05277e-18 4.20152e-19
11218.2350 1.47049e-18 4.02944e-19
11219.3210 1.98610e-18 5.06611e-19
11220.4070 2.33077e-18 4.17085e-19
11221.4930 1.52078e-18 3.07307e-19
11222.5790 1.42917e-18 3.68627e-19
11223.6650 2.06125e-18 4.65761e-19
11224.7510 1.37831e-18 5.37381e-19
11225.8370 1.67758e-18 7.24417e-19
11226.9230 1.04095e-18 8.78790e-19
11228.0090 1.44350e-18 7.55799e-19
11229.0950 1.33490e-18 5.83426e-19
11230.1810 1.33845e-18 4.46598e-19
11231.2670 1.22791e-18 3.33024e-19
11232.3530 1.17249e-18 2.86949e-19
11233.4390 1.67236e-18 3.05871e-19
11234.5250 1.33431e-18 3.66108e-19
11235.6110 1.25390e-18 5.13584e-19
11236.6970 2.28363e-18 5.73440e-19
11237.7830 1.29021e-18 4.17447e-19
