lambda flux fluxErr
9752.1719 1.41839e-18 6.04236e-19
9753.2579 -2.41754e-20 -5.07683e-19
9754.3439 1.93003e-18 5.55242e-19
9755.4299 4.95798e-19 6.62256e-19
9756.5158 1.22387e-18 4.68260e-19
9757.6018 6.75293e-19 4.49037e-19
9758.6878 1.09310e-18 4.31038e-19
9759.7738 1.49797e-18 4.38335e-19
9760.8597 1.27586e-18 4.38866e-19
9761.9457 6.81140e-19 4.05027e-19
9763.0317 6.42284e-19 3.97327e-19
9764.1176 7.37273e-19 3.98295e-19
9765.2036 4.74988e-19 3.85589e-19
9766.2896 6.04259e-19 4.44877e-19
9767.3756 3.73929e-19 5.04898e-19
9768.4615 5.82557e-19 5.07576e-19
9769.5475 9.18086e-19 5.00174e-19
9770.6335 1.43173e-18 5.30326e-19
9771.7195 9.87215e-19 3.70622e-19
9772.8054 4.01054e-19 3.58281e-19
9773.8914 3.87559e-19 3.51551e-19
9774.9774 7.07008e-19 3.60359e-19
9776.0633 4.90753e-19 4.06360e-19
9777.1493 2.25869e-20 4.29307e-19
9778.2353 5.73101e-19 4.06021e-19
9779.3213 3.94674e-21 3.48472e-19
9780.4072 3.03539e-19 3.48086e-19
9781.4932 1.15692e-18 3.75212e-19
9782.5792 -1.57989e-19 -3.60207e-19
9783.6652 2.32482e-19 3.66636e-19
9784.7511 1.36671e-19 3.67136e-19
9785.8371 8.75332e-19 3.50541e-19
9786.9231 8.83569e-19 3.37285e-19
9788.0090 3.78531e-19 3.39192e-19
9789.0950 5.97200e-19 4.96723e-19
9790.1810 -1.11542e-19 -8.04264e-19
9791.2670 1.00848e-19 1.41885e-18
9792.3529 2.60906e-18 1.61137e-18
9793.4389 6.61801e-19 1.69507e-18
9794.5249 7.58661e-19 1.65236e-18
9795.6109 1.02075e-18 1.40330e-18
9796.6968 -3.96108e-19 -7.27273e-19
9797.7828 2.14256e-19 4.42830e-19
9798.8688 -5.64271e-19 -4.77397e-19
9799.9548 -5.24937e-19 -7.01488e-19
9801.0407 -3.97694e-20 -9.45322e-19
9802.1267 -7.25048e-19 -9.68185e-19
9803.2127 7.53080e-19 9.24391e-19
9804.2986 9.61766e-19 8.09122e-19
9805.3846 1.50414e-18 4.89912e-19
9806.4706 9.53134e-20 4.39362e-19
9807.5566 2.15518e-19 4.97523e-19
9808.6425 1.21360e-19 4.68439e-19
9809.7285 -1.55990e-19 -5.06511e-19
9810.8145 -2.49866e-19 -4.87402e-19
9811.9005 5.93485e-19 5.15979e-19
9812.9864 1.32297e-18 5.81365e-19
9814.0724 5.29151e-19 5.97917e-19
9815.1584 3.30865e-20 5.99159e-19
9816.2443 -3.10265e-19 -5.73035e-19
9817.3303 3.61926e-19 4.90452e-19
9818.4163 4.25414e-19 4.85677e-19
9819.5023 -1.42471e-19 -5.97532e-19
9820.5882 1.36173e-19 6.01626e-19
9821.6742 9.64883e-19 5.72279e-19
9822.7602 6.40051e-19 5.46177e-19
9823.8462 6.52426e-19 4.69758e-19
9824.9321 8.78668e-19 3.97836e-19
9826.0181 4.33464e-19 3.61105e-19
9827.1041 9.76253e-19 3.86929e-19
9828.1900 8.10709e-19 4.01124e-19
9829.2760 5.55348e-19 4.94900e-19
9830.3620 4.58935e-19 5.11972e-19
9831.4480 4.13010e-19 4.36411e-19
9832.5339 8.38156e-19 4.83438e-19
9833.6199 5.09177e-19 4.43213e-19
9834.7059 9.49525e-19 3.59205e-19
9835.7919 2.93676e-19 3.45648e-19
9836.8778 3.86670e-19 3.44369e-19
9837.9638 3.42503e-19 3.36212e-19
9839.0498 7.49886e-19 3.27621e-19
9840.1357 6.29932e-19 3.19906e-19
9841.2217 3.90566e-20 4.07141e-19
9842.3077 -3.37582e-20 -4.04075e-19
9843.3937 6.37541e-22 3.91134e-19
9844.4796 4.13131e-20 3.24346e-19
9845.5656 3.89409e-19 3.31720e-19
9846.6516 9.21359e-19 3.39042e-19
9847.7376 7.88950e-19 4.65015e-19
9848.8235 4.53084e-19 7.80414e-19
9849.9095 1.06646e-18 8.21100e-19
9850.9955 4.31257e-19 8.46093e-19
9852.0814 6.36954e-19 8.27844e-19
9853.1674 -6.93230e-19 -6.98019e-19
9854.2534 2.51432e-19 3.98738e-19
9855.3394 1.45150e-18 3.18005e-19
9856.4253 8.87158e-19 3.07815e-19
9857.5113 1.06360e-18 3.25569e-19
9858.5973 7.57361e-19 3.19807e-19
9859.6833 6.30201e-19 3.05077e-19
9860.7692 1.17246e-18 3.11448e-19
9861.8552 1.23538e-18 3.07084e-19
9862.9412 2.25079e-21 2.94378e-19
9864.0271 5.29683e-19 2.99204e-19
9865.1131 6.74564e-19 2.96573e-19
9866.1991 8.91657e-19 3.01415e-19
9867.2851 3.64490e-19 3.03973e-19
9868.3710 1.80084e-19 3.64427e-19
9869.4570 1.11525e-18 3.86530e-19
9870.5430 1.05542e-18 3.99596e-19
9871.6290 1.04065e-18 5.14790e-19
9872.7149 1.74519e-18 1.06751e-18
9873.8009 1.34395e-18 1.36692e-18
9874.8869 4.46235e-19 1.37044e-18
9875.9729 8.73643e-19 1.34927e-18
9877.0588 1.38731e-19 1.02272e-18
9878.1448 2.61425e-19 4.53642e-19
9879.2308 6.86291e-19 3.32232e-19
9880.3167 7.65493e-19 3.06140e-19
9881.4027 -1.86725e-19 -2.95547e-19
9882.4887 -1.29976e-19 -3.00402e-19
9883.5747 7.26721e-19 3.09092e-19
9884.6606 1.85699e-19 3.15608e-19
9885.7466 2.50970e-19 3.41151e-19
9886.8326 1.12654e-19 3.94668e-19
9887.9186 6.06328e-19 5.11372e-19
9889.0045 9.21256e-19 4.98812e-19
9890.0905 2.47119e-19 3.97409e-19
9891.1765 6.95975e-19 3.52285e-19
9892.2624 2.98248e-19 2.98153e-19
9893.3484 -2.08056e-19 -3.07703e-19
9894.4344 5.38733e-19 4.68754e-19
9895.5204 -1.53303e-19 -7.70174e-19
9896.6063 5.72202e-19 9.18863e-19
9897.6923 5.55287e-19 9.36227e-19
9898.7783 -2.56855e-19 -8.96814e-19
9899.8643 1.46195e-18 6.67547e-19
9900.9502 7.84849e-19 3.78966e-19
9902.0362 9.05053e-19 3.27788e-19
9903.1222 3.38720e-19 3.70020e-19
9904.2081 5.54373e-19 3.64553e-19
9905.2941 9.75287e-19 3.54776e-19
9906.3801 8.64862e-21 3.38647e-19
9907.4661 -2.09238e-19 -2.89635e-19
9908.5520 1.12714e-19 2.92426e-19
9909.6380 -7.46257e-20 -2.91682e-19
9910.7240 -8.33185e-20 -2.82813e-19
9911.8100 6.62786e-19 2.85955e-19
9912.8959 7.94749e-19 2.98998e-19
9913.9819 8.85172e-19 4.44655e-19
9915.0679 -4.90485e-20 -9.51297e-19
9916.1538 -1.17147e-18 -1.31521e-18
9917.2398 1.90930e-18 1.59070e-18
9918.3258 -1.17597e-19 -1.55133e-18
9919.4118 -2.67434e-19 -1.06653e-18
9920.4977 4.40475e-19 4.96574e-19
9921.5837 4.03219e-19 2.86654e-19
9922.6697 4.96506e-19 2.74083e-19
9923.7557 1.24154e-20 2.71312e-19
9924.8416 3.78381e-19 2.77021e-19
9925.9276 2.50983e-19 2.76736e-19
9927.0136 7.86414e-19 2.78818e-19
9928.0995 2.90455e-19 2.75121e-19
9929.1855 1.60595e-19 2.78969e-19
9930.2715 3.06333e-19 2.82794e-19
9931.3575 8.56253e-19 2.82447e-19
9932.4434 6.58927e-19 2.89148e-19
9933.5294 2.80278e-19 2.90576e-19
9934.6154 5.47419e-19 2.77804e-19
9935.7014 1.54825e-19 2.72661e-19
9936.7873 5.90689e-20 2.71434e-19
9937.8733 -9.40731e-20 -2.74255e-19
9938.9593 -3.13961e-19 -2.76709e-19
9940.0452 4.66358e-19 2.97542e-19
9941.1312 6.70884e-19 4.10116e-19
9942.2172 -7.28080e-20 -8.17839e-19
9943.3032 8.31264e-19 1.11993e-18
9944.3891 -1.83939e-20 -1.11751e-18
9945.4751 7.80711e-19 1.38498e-18
9946.5611 -2.04123e-19 -1.50095e-18
9947.6471 -2.07087e-19 -1.42245e-18
9948.7330 -9.85272e-21 -1.48426e-18
9949.8190 1.02927e-18 1.50532e-18
9950.9050 4.40788e-19 1.33043e-18
9951.9910 7.38073e-19 1.00797e-18
9953.0769 1.93504e-19 7.56082e-19
9954.1629 -1.43603e-19 -4.83068e-19
9955.2489 4.86354e-19 3.33748e-19
9956.3348 7.72457e-19 5.56554e-19
9957.4208 -3.38238e-19 -1.22712e-18
9958.5068 -9.75960e-19 -1.45503e-18
9959.5928 1.52094e-18 1.49260e-18
9960.6787 1.11344e-18 1.23229e-18
9961.7647 -7.38794e-20 -9.99417e-19
9962.8507 -2.19421e-20 -9.96055e-19
9963.9367 1.71800e-19 1.15695e-18
9965.0226 4.75229e-19 1.14430e-18
9966.1086 1.73178e-19 1.02827e-18
9967.1946 -2.31306e-19 -6.56941e-19
9968.2805 9.47038e-19 3.20102e-19
9969.3665 3.18963e-19 2.73409e-19
9970.4525 9.56130e-20 2.75667e-19
9971.5385 8.84432e-19 3.28687e-19
9972.6244 1.20822e-18 5.20513e-19
9973.7104 9.39920e-19 6.94268e-19
9974.7964 4.61764e-19 7.19754e-19
9975.8824 2.64589e-19 7.07308e-19
9976.9683 2.18925e-19 6.08471e-19
9978.0543 8.09171e-19 4.22184e-19
9979.1403 4.95461e-20 3.96209e-19
9980.2262 -2.26690e-19 -4.14797e-19
9981.3122 -1.38947e-20 -4.34233e-19
9982.3982 2.74356e-19 4.26660e-19
9983.4842 8.18180e-19 3.69723e-19
9984.5701 1.05645e-18 3.18775e-19
9985.6561 2.03738e-19 2.97807e-19
9986.7421 7.45267e-19 2.87666e-19
9987.8281 2.91599e-19 2.83777e-19
9988.9140 4.88197e-20 2.72693e-19
9990.0000 3.53784e-19 2.57315e-19
9991.0860 4.34020e-19 2.81607e-19
9992.1719 -4.69848e-19 -3.46835e-19
9993.2579 -9.25260e-21 -2.97082e-19
9994.3439 8.00794e-20 2.49510e-19
9995.4299 -1.94263e-19 -2.44513e-19
9996.5158 -2.79988e-19 -2.40478e-19
9997.6018 5.90288e-20 2.66458e-19
9998.6878 6.77596e-19 2.79735e-19
9999.7738 2.97487e-19 3.48872e-19
10000.8600 2.79180e-19 4.79533e-19
10001.9460 9.59731e-21 5.61746e-19
10003.0320 -2.68378e-19 -5.71968e-19
10004.1180 -3.45021e-19 -6.65225e-19
10005.2040 2.13743e-19 5.43317e-19
10006.2900 4.64892e-19 3.11978e-19
10007.3760 6.86297e-19 2.73252e-19
10008.4620 6.57480e-19 2.65721e-19
10009.5480 -2.11848e-19 -2.61903e-19
10010.6330 -3.53719e-20 -2.78476e-19
10011.7190 4.04411e-19 4.56421e-19
10012.8050 4.76342e-19 9.24050e-19
10013.8910 4.56096e-19 1.46356e-18
10014.9770 -2.44014e-19 -1.67383e-18
10016.0630 -2.05290e-18 -1.69527e-18
10017.1490 6.45813e-19 1.76246e-18
10018.2350 1.06660e-18 1.19279e-18
10019.3210 6.55882e-19 5.20554e-19
10020.4070 4.84224e-19 2.94344e-19
10021.4930 -4.03702e-19 -3.80954e-19
10022.5790 7.68645e-19 5.76198e-19
10023.6650 2.69771e-19 5.46258e-19
10024.7510 -8.60184e-19 -4.91031e-19
10025.8370 5.78062e-19 7.06878e-19
10026.9230 1.04571e-18 9.09786e-19
10028.0090 1.72878e-19 9.39239e-19
10029.0950 -2.93075e-19 -9.23165e-19
10030.1810 -3.76649e-19 -7.63301e-19
10031.2670 -2.81152e-19 -4.07776e-19
10032.3530 -2.87268e-19 -2.63088e-19
10033.4390 3.53062e-19 2.77509e-19
10034.5250 4.70952e-19 2.82004e-19
10035.6110 2.82541e-19 2.69338e-19
10036.6970 4.97064e-19 2.64649e-19
10037.7830 5.98671e-19 2.80584e-19
10038.8690 2.97448e-19 3.00156e-19
10039.9550 6.41650e-19 3.09738e-19
10041.0410 6.51183e-19 2.98022e-19
10042.1270 4.58670e-19 2.85316e-19
10043.2130 5.12733e-19 3.31515e-19
10044.2990 1.66292e-18 6.03770e-19
10045.3850 1.13666e-18 7.00328e-19
10046.4710 6.73701e-19 6.48847e-19
10047.5570 7.82771e-20 6.25075e-19
10048.6430 3.75665e-19 4.63979e-19
10049.7290 7.99998e-20 2.61311e-19
10050.8140 3.93544e-19 2.27139e-19
10051.9000 3.24052e-19 2.34651e-19
10052.9860 7.26991e-19 2.39633e-19
10054.0720 4.49228e-19 2.49472e-19
10055.1580 3.51722e-19 2.48783e-19
10056.2440 1.98726e-19 2.47750e-19
10057.3300 2.50188e-19 2.43602e-19
10058.4160 6.29445e-19 2.44392e-19
10059.5020 6.56440e-19 3.25935e-19
10060.5880 7.75559e-19 5.08960e-19
10061.6740 5.49339e-19 7.55968e-19
10062.7600 1.19415e-18 7.97843e-19
10063.8460 -3.22240e-20 -9.29293e-19
10064.9320 -8.47881e-19 -8.37090e-19
10066.0180 -2.26416e-19 -4.99979e-19
10067.1040 1.01206e-18 3.68013e-19
10068.1900 4.30478e-19 4.05588e-19
10069.2760 -2.25546e-19 -4.27365e-19
10070.3620 7.23141e-19 4.53944e-19
10071.4480 6.16389e-19 5.18746e-19
10072.5340 2.04968e-19 5.37956e-19
10073.6200 2.30119e-19 5.35137e-19
10074.7060 2.91964e-19 4.93629e-19
10075.7920 1.94520e-19 4.21900e-19
10076.8780 4.01056e-19 3.32780e-19
10077.9640 1.34028e-19 2.87924e-19
10079.0500 5.12337e-19 2.58759e-19
10080.1360 5.88386e-19 2.57895e-19
10081.2220 3.24192e-19 2.68595e-19
10082.3080 7.78009e-19 5.58520e-19
10083.3940 5.44647e-19 1.06963e-18
10084.4800 6.51699e-19 1.22231e-18
10085.5660 5.21185e-19 1.28119e-18
10086.6520 3.54416e-20 1.21633e-18
10087.7380 -8.05320e-20 -7.50007e-19
10088.8240 6.39866e-19 3.14157e-19
10089.9100 1.49466e-19 2.40907e-19
10090.9950 4.50021e-19 2.50482e-19
10092.0810 4.63037e-19 2.59721e-19
10093.1670 4.57564e-19 2.44498e-19
10094.2530 8.05373e-19 2.42922e-19
10095.3390 3.94256e-19 2.39985e-19
10096.4250 3.14686e-19 2.51690e-19
10097.5110 4.47038e-19 2.76510e-19
10098.5970 5.41060e-19 2.99244e-19
10099.6830 3.83523e-19 3.39835e-19
10100.7690 2.42707e-19 3.40044e-19
10101.8550 3.80755e-19 3.02874e-19
10102.9410 3.40998e-19 3.11863e-19
10104.0270 4.52103e-19 6.67091e-19
10105.1130 3.02698e-19 8.82889e-19
10106.1990 -1.95436e-19 -8.33744e-19
10107.2850 -1.37407e-19 -8.26800e-19
10108.3710 1.05471e-18 7.36693e-19
10109.4570 3.13068e-19 3.73927e-19
10110.5430 5.68792e-19 2.62218e-19
10111.6290 2.94149e-19 2.28996e-19
10112.7150 3.79044e-19 2.33091e-19
10113.8010 4.62970e-19 2.31737e-19
10114.8870 5.44386e-19 2.33064e-19
10115.9730 4.21073e-19 2.30208e-19
10117.0590 3.70993e-19 2.27029e-19
10118.1450 2.82789e-19 2.26396e-19
10119.2310 6.39511e-19 2.30416e-19
10120.3170 4.95577e-19 2.66624e-19
10121.4030 5.56641e-19 3.06231e-19
10122.4890 6.48696e-19 3.45545e-19
10123.5750 2.35121e-19 4.67383e-19
10124.6610 1.07740e-18 1.11524e-18
10125.7470 1.65815e-18 1.34686e-18
10126.8330 -1.10200e-19 -1.36463e-18
10127.9190 -4.45698e-19 -1.32243e-18
10129.0050 -5.19407e-19 -9.66530e-19
10130.0900 1.64161e-19 3.83055e-19
10131.1760 3.16219e-19 2.44439e-19
10132.2620 6.35430e-20 2.54443e-19
10133.3480 6.18274e-20 3.29411e-19
10134.4340 5.27489e-19 3.66879e-19
10135.5200 7.87414e-19 3.44635e-19
10136.6060 4.57883e-19 4.18205e-19
10137.6920 1.10018e-18 3.78729e-19
10138.7780 6.64596e-19 2.58987e-19
10139.8640 9.31194e-19 2.66517e-19
10140.9500 6.62724e-19 2.64561e-19
10142.0360 6.58349e-19 2.56348e-19
10143.1220 1.29934e-18 3.48504e-19
10144.2080 6.78313e-19 4.14823e-19
10145.2940 2.04408e-20 4.49676e-19
10146.3800 6.90081e-19 4.80215e-19
10147.4660 9.74455e-19 4.39680e-19
10148.5520 2.62388e-19 4.18353e-19
10149.6380 4.09483e-19 4.20830e-19
10150.7240 6.83482e-19 5.03510e-19
10151.8100 1.65646e-19 4.07745e-19
10152.8960 -7.58780e-19 -5.19479e-19
10153.9820 -1.35138e-19 -7.83517e-19
10155.0680 5.75479e-19 8.37910e-19
10156.1540 1.18368e-18 9.13273e-19
10157.2400 -4.07388e-20 -1.07452e-18
10158.3260 4.92591e-19 6.82596e-19
10159.4120 6.14010e-19 5.08480e-19
10160.4980 -6.26513e-19 -6.21280e-19
10161.5840 -5.22256e-19 -6.17270e-19
10162.6700 1.14331e-18 5.26163e-19
10163.7560 5.46521e-19 3.96978e-19
10164.8420 -6.60196e-20 -3.71711e-19
10165.9280 1.49210e-19 4.35379e-19
10167.0140 7.33872e-19 4.36251e-19
10168.1000 7.88923e-19 4.52299e-19
10169.1860 2.99982e-19 4.30911e-19
10170.2710 1.50445e-19 3.60962e-19
10171.3570 8.57342e-19 5.21400e-19
10172.4430 4.03012e-19 1.10517e-18
10173.5290 6.02857e-19 1.61230e-18
10174.6150 6.87721e-19 1.63946e-18
10175.7010 1.33016e-18 1.36627e-18
10176.7870 2.14697e-18 1.03293e-18
10177.8730 3.92943e-19 4.44781e-19
10178.9590 -8.20722e-20 -2.83683e-19
10180.0450 1.12409e-18 4.55355e-19
10181.1310 6.68599e-19 4.82372e-19
10182.2170 4.86742e-20 5.20560e-19
10183.3030 1.10346e-19 5.64919e-19
10184.3890 1.11101e-18 5.78321e-19
10185.4750 -4.46459e-21 -5.54516e-19
10186.5610 7.74946e-19 3.99511e-19
10187.6470 6.69681e-19 3.69387e-19
10188.7330 6.07984e-19 3.76669e-19
10189.8190 6.03781e-19 6.94684e-19
10190.9050 1.28593e-18 1.08981e-18
10191.9910 2.17678e-18 1.02967e-18
10193.0770 6.25958e-19 1.10562e-18
10194.1630 -2.75271e-19 -1.02761e-18
10195.2490 9.59652e-19 5.42144e-19
10196.3350 2.14422e-19 3.00633e-19
10197.4210 3.68393e-19 2.85670e-19
10198.5070 3.29455e-19 2.85521e-19
10199.5930 3.47469e-19 2.85707e-19
10200.6790 3.80580e-19 2.82350e-19
10201.7650 7.44990e-19 3.29309e-19
10202.8510 5.03456e-19 4.25770e-19
10203.9370 3.98147e-19 6.15233e-19
10205.0230 -1.49049e-19 -6.90977e-19
10206.1090 7.07471e-19 6.99289e-19
10207.1950 1.28982e-18 6.82158e-19
10208.2810 3.00138e-19 5.04511e-19
10209.3670 1.45564e-18 5.66475e-19
10210.4520 -2.16838e-19 -7.22894e-19
10211.5380 2.34467e-19 1.02303e-18
10212.6240 -9.50589e-19 -1.25926e-18
10213.7100 -8.10122e-19 -1.20491e-18
10214.7960 -5.10547e-19 -1.10825e-18
10215.8820 -3.33446e-20 -8.89993e-19
10216.9680 1.60036e-19 3.85092e-19
10218.0540 3.87127e-19 2.35870e-19
10219.1400 -9.80466e-20 -2.46046e-19
10220.2260 6.17733e-20 2.56789e-19
10221.3120 8.17987e-19 2.65775e-19
10222.3980 9.38060e-19 2.80617e-19
10223.4840 2.22190e-20 2.73938e-19
10224.5700 3.93095e-19 3.65976e-19
10225.6560 -1.85590e-20 -6.01414e-19
10226.7420 2.65593e-19 8.31247e-19
10227.8280 1.51550e-18 9.48253e-19
10228.9140 1.94408e-20 9.54941e-19
10230.0000 6.49531e-20 9.01091e-19
10231.0860 5.89338e-19 7.31122e-19
10232.1720 -3.69849e-20 -7.01848e-19
10233.2580 -5.93282e-19 -7.06994e-19
10234.3440 1.35743e-18 9.22308e-19
10235.4300 1.38148e-18 7.79230e-19
10236.5160 5.08808e-19 3.34480e-19
10237.6020 4.47950e-19 2.72541e-19
10238.6880 6.46362e-19 2.59854e-19
10239.7740 6.92927e-19 2.31494e-19
10240.8600 1.68623e-19 2.18618e-19
10241.9460 1.61121e-19 2.19140e-19
10243.0320 5.11356e-19 2.18917e-19
10244.1180 5.76613e-20 2.21269e-19
10245.2040 5.85374e-19 2.26215e-19
10246.2900 6.23071e-19 2.28431e-19
10247.3760 5.16873e-19 2.73746e-19
10248.4620 1.10883e-18 2.87354e-19
10249.5480 5.23744e-19 2.26855e-19
10250.6330 3.78933e-19 2.11931e-19
10251.7190 5.41439e-19 2.16039e-19
10252.8050 3.60340e-19 2.17673e-19
10253.8910 -1.64195e-19 -2.18795e-19
10254.9770 -1.27590e-20 -2.14911e-19
10256.0630 -7.39410e-20 -2.18737e-19
10257.1490 -9.90281e-21 -2.39550e-19
10258.2350 6.32420e-19 2.53835e-19
10259.3210 3.31926e-19 2.53965e-19
10260.4070 7.76329e-19 2.52914e-19
10261.4930 4.53945e-19 2.29091e-19
10262.5790 3.28123e-19 2.19680e-19
10263.6650 3.59792e-19 2.29800e-19
10264.7510 4.28390e-19 2.39346e-19
10265.8370 4.17745e-19 2.50043e-19
10266.9230 1.38295e-19 3.47573e-19
10268.0090 3.19362e-19 3.72563e-19
10269.0950 5.03825e-19 2.88138e-19
10270.1810 2.87301e-19 3.02470e-19
10271.2670 -3.77792e-19 -6.93111e-19
10272.3530 -6.56575e-21 -9.03382e-19
10273.4390 6.78329e-20 5.67388e-19
10274.5250 -1.56497e-20 -5.69914e-19
10275.6110 -2.89438e-19 -5.16758e-19
10276.6970 -4.27790e-20 -3.36105e-19
10277.7830 5.74475e-19 2.71087e-19
10278.8690 1.00397e-18 2.61377e-19
10279.9550 7.25916e-19 2.55818e-19
10281.0410 8.70611e-19 2.60563e-19
10282.1270 4.80555e-19 2.48896e-19
10283.2130 7.67068e-19 2.50777e-19
10284.2990 3.84192e-19 2.96619e-19
10285.3850 4.17313e-19 5.24607e-19
10286.4710 2.09452e-18 9.99854e-19
10287.5570 -8.78283e-19 -1.75960e-18
10288.6430 -2.56243e-18 -2.01343e-18
10289.7290 -1.19387e-18 -1.97861e-18
10290.8140 1.58016e-18 1.81431e-18
10291.9000 -7.72159e-19 -1.17337e-18
10292.9860 -2.95871e-19 -4.15987e-19
10294.0720 -2.38685e-19 -3.95374e-19
10295.1580 -1.20682e-19 -4.31185e-19
10296.2440 4.85365e-19 8.53768e-19
10297.3300 2.56731e-18 1.23327e-18
10298.4160 8.97592e-19 1.08553e-18
10299.5020 3.51358e-19 1.07108e-18
10300.5880 6.58766e-19 9.40129e-19
10301.6740 8.92377e-19 5.05847e-19
10302.7600 8.95927e-20 2.68490e-19
10303.8460 5.19720e-19 2.75425e-19
10304.9320 2.23563e-19 2.89977e-19
10306.0180 4.49134e-19 3.15622e-19
10307.1040 4.27574e-19 3.24447e-19
10308.1900 -2.14199e-19 -3.18440e-19
10309.2760 -9.63186e-21 -3.81172e-19
10310.3620 1.12942e-19 5.50062e-19
10311.4480 3.54287e-19 6.51533e-19
10312.5340 5.39678e-19 7.01584e-19
10313.6200 9.07474e-20 6.36025e-19
10314.7060 5.67514e-19 4.43514e-19
10315.7920 7.88003e-19 2.62166e-19
10316.8780 3.48487e-19 2.29636e-19
10317.9640 3.63793e-19 2.30144e-19
10319.0500 7.43239e-19 2.31483e-19
10320.1360 7.19624e-19 2.31136e-19
10321.2220 6.25262e-19 2.21541e-19
10322.3080 1.19113e-18 2.29009e-19
10323.3940 4.86228e-19 2.36848e-19
10324.4800 6.45379e-19 2.56081e-19
10325.5660 5.20240e-19 2.50528e-19
10326.6520 3.86889e-19 2.70658e-19
10327.7380 3.80701e-19 3.22840e-19
10328.8240 1.17135e-19 3.61907e-19
10329.9100 1.01762e-19 3.80284e-19
10330.9950 9.37356e-19 3.73103e-19
10332.0810 7.26047e-19 3.27623e-19
10333.1670 5.22275e-19 2.65854e-19
10334.2530 2.10096e-19 2.23681e-19
10335.3390 2.64757e-19 2.22651e-19
10336.4250 7.59391e-19 2.60552e-19
10337.5110 2.95725e-19 2.55095e-19
10338.5970 3.42773e-19 2.22245e-19
10339.6830 5.53325e-19 2.55637e-19
10340.7690 2.12023e-19 3.74371e-19
10341.8550 2.19821e-19 4.65958e-19
10342.9410 -6.85621e-20 -4.72412e-19
10344.0270 -1.64327e-19 -4.46229e-19
10345.1130 -5.36156e-21 -3.85351e-19
10346.1990 6.08920e-19 3.09415e-19
10347.2850 5.04932e-19 5.07482e-19
10348.3710 8.13854e-19 8.30477e-19
10349.4570 1.87706e-19 9.23165e-19
10350.5430 -8.69445e-19 -9.11545e-19
10351.6290 -4.89263e-19 -8.49849e-19
10352.7150 3.87863e-19 5.50253e-19
10353.8010 5.59838e-19 3.63398e-19
10354.8870 5.88846e-19 4.75173e-19
10355.9730 2.10667e-20 5.64858e-19
10357.0590 1.05752e-18 5.73545e-19
10358.1450 5.89349e-19 5.02518e-19
10359.2310 7.01564e-19 3.85232e-19
10360.3170 3.95818e-19 2.50713e-19
10361.4030 3.77538e-19 2.19085e-19
10362.4890 5.37751e-19 2.54672e-19
10363.5750 1.74518e-19 2.52613e-19
10364.6610 7.12596e-19 2.21661e-19
10365.7470 4.66605e-19 2.20403e-19
10366.8330 5.23962e-19 2.21395e-19
10367.9190 4.10682e-19 2.20511e-19
10369.0050 3.24884e-19 2.23904e-19
10370.0900 4.18793e-19 2.35152e-19
10371.1760 2.70658e-19 2.49993e-19
10372.2620 8.27666e-19 4.02627e-19
10373.3480 2.02132e-18 1.13175e-18
10374.4340 1.77750e-18 1.55394e-18
10375.5200 1.33559e-18 1.54791e-18
10376.6060 2.49865e-19 1.53423e-18
10377.6920 1.57068e-18 1.22620e-18
10378.7780 9.91389e-19 5.59680e-19
10379.8640 6.77220e-19 2.59884e-19
10380.9500 7.36732e-19 2.37932e-19
10382.0360 5.44003e-19 2.31200e-19
10383.1220 6.74770e-19 2.48860e-19
10384.2080 4.53033e-19 2.49972e-19
10385.2940 5.30598e-19 2.36449e-19
10386.3800 4.88465e-19 2.70521e-19
10387.4660 7.66460e-19 2.69794e-19
10388.5520 7.62102e-19 2.33608e-19
10389.6380 3.99772e-19 2.30377e-19
10390.7240 9.21524e-20 2.35354e-19
10391.8100 2.65492e-19 2.42225e-19
10392.8960 5.23123e-19 2.43423e-19
10393.9820 3.46475e-19 2.92249e-19
10395.0680 3.32655e-19 3.09269e-19
10396.1540 -1.12580e-20 -4.38570e-19
10397.2400 3.44919e-19 7.84179e-19
10398.3260 3.49558e-19 9.96543e-19
10399.4120 1.05399e-18 1.03807e-18
10400.4980 -3.96383e-20 -1.00429e-18
10401.5840 -6.59832e-19 -7.04539e-19
10402.6700 -1.59909e-20 -3.22661e-19
10403.7560 4.16833e-19 2.39247e-19
10404.8420 1.23738e-19 2.39329e-19
10405.9280 2.63578e-19 2.42063e-19
10407.0140 4.62723e-19 2.35388e-19
10408.1000 3.38720e-19 2.42887e-19
10409.1860 5.72724e-19 2.82937e-19
10410.2710 7.24992e-19 2.91478e-19
10411.3570 3.45284e-19 2.90381e-19
10412.4430 2.27048e-19 2.93608e-19
10413.5290 8.02413e-19 2.66380e-19
10414.6150 7.00497e-19 2.47253e-19
10415.7010 3.90818e-19 2.60086e-19
10416.7870 6.10926e-20 3.26951e-19
10417.8730 -2.67118e-19 -5.26887e-19
10418.9590 -2.14611e-19 -1.26433e-18
10420.0450 1.77382e-19 1.56328e-18
10421.1310 -9.71645e-19 -1.60400e-18
10422.2170 1.46641e-18 1.63796e-18
10423.3030 -4.47174e-20 -1.24440e-18
10424.3890 4.17816e-19 5.52666e-19
10425.4750 4.70799e-19 3.61707e-19
10426.5610 3.65787e-19 3.43988e-19
10427.6470 4.10484e-20 3.11139e-19
10428.7330 3.30771e-19 3.31025e-19
10429.8190 9.61008e-19 3.83636e-19
10430.9050 7.68954e-19 4.10100e-19
10431.9910 7.42768e-19 4.14619e-19
10433.0770 8.92194e-19 3.77225e-19
10434.1630 6.66174e-19 2.97409e-19
10435.2490 8.13715e-20 2.34376e-19
10436.3350 -6.71117e-20 -2.24844e-19
10437.4210 7.41622e-19 2.24118e-19
10438.5070 2.78678e-19 2.09816e-19
10439.5930 4.04712e-19 2.05662e-19
10440.6790 1.79398e-19 2.12848e-19
10441.7650 2.08526e-19 2.09077e-19
10442.8510 4.33175e-19 2.07450e-19
10443.9370 2.14187e-19 2.08933e-19
10445.0230 4.78297e-19 2.57201e-19
10446.1090 5.31787e-19 2.64140e-19
10447.1950 3.93783e-19 2.30061e-19
10448.2810 8.02640e-19 2.46105e-19
10449.3670 7.51783e-19 2.57863e-19
10450.4520 4.66801e-19 4.36085e-19
10451.5380 -5.54933e-19 -9.26453e-19
10452.6240 5.84932e-19 1.03648e-18
10453.7100 9.42286e-19 8.81994e-19
10454.7960 9.33341e-19 8.38402e-19
10455.8820 1.07837e-18 5.13175e-19
10456.9680 1.14522e-19 2.42023e-19
10458.0540 1.22956e-19 2.12718e-19
10459.1400 5.52405e-19 2.10246e-19
10460.2260 1.42638e-20 2.16137e-19
10461.3120 4.12185e-19 2.19312e-19
10462.3980 3.49191e-19 2.04886e-19
10463.4840 3.74538e-19 2.11387e-19
10464.5700 7.12193e-19 2.15772e-19
10465.6560 1.14994e-18 2.27126e-19
10466.7420 5.37496e-19 2.61200e-19
10467.8280 -2.78487e-19 -2.91387e-19
10468.9140 1.87163e-19 6.22840e-19
10470.0000 6.05713e-19 1.20111e-18
10471.0860 9.87312e-19 1.33846e-18
10472.1720 1.42457e-18 1.33631e-18
10473.2580 -1.63707e-18 -1.26490e-18
10474.3440 -6.04015e-19 -7.55633e-19
10475.4300 7.57569e-19 3.00961e-19
10476.5160 4.78130e-19 2.28065e-19
10477.6020 6.11213e-19 2.20854e-19
10478.6880 4.17022e-19 2.14363e-19
10479.7740 4.22241e-19 2.13539e-19
10480.8600 3.30669e-19 2.15615e-19
10481.9460 1.74076e-19 2.16029e-19
10483.0320 3.65347e-19 2.16568e-19
10484.1180 6.25248e-19 2.19209e-19
10485.2040 4.22027e-19 2.14046e-19
10486.2900 7.06298e-19 2.18226e-19
10487.3760 5.18980e-19 3.03680e-19
10488.4620 1.49374e-20 3.47655e-19
10489.5480 2.02415e-19 3.11829e-19
10490.6330 3.90636e-19 3.14057e-19
10491.7190 5.57671e-20 2.86678e-19
10492.8050 3.09656e-19 2.35982e-19
10493.8910 2.66149e-19 2.20194e-19
10494.9770 2.16512e-19 2.13172e-19
10496.0630 1.34914e-19 2.13240e-19
10497.1490 1.27667e-19 2.12923e-19
10498.2350 6.60734e-19 2.26407e-19
10499.3210 5.56129e-19 2.62878e-19
10500.4070 4.39630e-19 2.91171e-19
10501.4930 3.06832e-19 2.93607e-19
10502.5790 3.19948e-19 4.04755e-19
10503.6650 3.43326e-19 3.58240e-19
10504.7510 2.50497e-19 2.42414e-19
10505.8370 2.88709e-19 2.43517e-19
10506.9230 4.48800e-19 2.61275e-19
10508.0090 3.10835e-19 2.54658e-19
10509.0950 5.53364e-19 3.71933e-19
10510.1810 4.79592e-19 6.47370e-19
10511.2670 6.84931e-19 7.33303e-19
10512.3530 5.30571e-19 8.79513e-19
10513.4390 1.08456e-18 1.07698e-18
10514.5250 -1.87674e-19 -5.69999e-19
10515.6110 3.62274e-19 4.33849e-19
10516.6970 -3.33328e-19 -3.99249e-19
10517.7830 1.13511e-19 3.18568e-19
10518.8690 3.40363e-19 3.11295e-19
10519.9550 2.76454e-19 2.80535e-19
10521.0410 3.35821e-19 2.44211e-19
10522.1270 1.42122e-19 2.28505e-19
10523.2130 5.82376e-19 2.32374e-19
10524.2990 8.80936e-19 3.51061e-19
10525.3850 1.56366e-18 7.50692e-19
10526.4710 1.83829e-18 9.65992e-19
10527.5570 6.10606e-19 9.87183e-19
10528.6430 -4.26282e-19 -9.63985e-19
10529.7290 -1.58810e-19 -7.40428e-19
10530.8140 4.20941e-19 3.55486e-19
10531.9000 5.86512e-19 2.27656e-19
10532.9860 7.62417e-19 2.20763e-19
10534.0720 6.46400e-19 2.27445e-19
10535.1580 8.03843e-19 2.29199e-19
10536.2440 7.93619e-19 2.81221e-19
10537.3300 4.99352e-19 2.80209e-19
10538.4160 3.20442e-19 2.76396e-19
10539.5020 6.02129e-19 2.32819e-19
10540.5880 8.56274e-19 2.32996e-19
10541.6740 5.36269e-19 2.09456e-19
10542.7600 -1.35700e-19 -2.06570e-19
10543.8460 6.32726e-19 2.87412e-19
10544.9320 5.18343e-19 3.13742e-19
10546.0180 3.53598e-19 2.24982e-19
10547.1040 2.29591e-19 2.06159e-19
10548.1900 4.51713e-19 2.07808e-19
10549.2760 2.77118e-19 2.10157e-19
10550.3620 4.03690e-19 2.08551e-19
10551.4480 2.09238e-19 2.09521e-19
10552.5340 2.99263e-19 2.40303e-19
10553.6200 -6.21549e-20 -2.87381e-19
10554.7060 3.73834e-19 2.93271e-19
10555.7920 2.94192e-19 2.70149e-19
10556.8780 4.59360e-20 2.46365e-19
10557.9640 1.34050e-19 2.17109e-19
10559.0500 3.96743e-19 2.08800e-19
10560.1360 9.48944e-20 2.05861e-19
10561.2220 6.89985e-20 2.04838e-19
10562.3080 4.35758e-19 2.20904e-19
10563.3940 5.22490e-19 2.16625e-19
10564.4800 3.52736e-19 2.04585e-19
10565.5660 4.57798e-19 2.01283e-19
10566.6520 2.84747e-19 2.04182e-19
10567.7380 6.90340e-19 2.08894e-19
10568.8240 1.78255e-19 2.08016e-19
10569.9100 5.97800e-19 2.16104e-19
10570.9950 2.60468e-19 2.18605e-19
10572.0810 4.30374e-19 2.56493e-19
10573.1670 6.38415e-19 4.06638e-19
10574.2530 4.72722e-19 4.91966e-19
10575.3390 5.38779e-19 5.01324e-19
10576.4250 3.48115e-19 4.87164e-19
10577.5110 -3.08485e-19 -3.98133e-19
10578.5970 -2.91726e-19 -2.47157e-19
10579.6830 6.06225e-19 2.13894e-19
10580.7690 9.31473e-19 2.15209e-19
10581.8550 4.31073e-19 2.20779e-19
10582.9410 5.53215e-19 2.19800e-19
10584.0270 4.51705e-19 2.06112e-19
10585.1130 7.32153e-19 2.47808e-19
10586.1990 4.04484e-19 5.13485e-19
10587.2850 8.00442e-19 7.12612e-19
10588.3710 1.40694e-18 6.48341e-19
10589.4570 1.38683e-19 6.45106e-19
10590.5430 4.57695e-19 5.84163e-19
10591.6290 8.24830e-19 3.69855e-19
10592.7150 6.43884e-19 2.61975e-19
10593.8010 5.79979e-19 2.35318e-19
10594.8870 3.80289e-19 2.17918e-19
10595.9730 4.40031e-19 2.28235e-19
10597.0590 4.79197e-19 2.31680e-19
10598.1450 4.54662e-19 2.42151e-19
10599.2310 9.32733e-19 2.72326e-19
10600.3170 1.33171e-18 3.15655e-19
10601.4030 6.18367e-19 3.14294e-19
10602.4890 4.71790e-19 2.77400e-19
10603.5750 5.71536e-19 2.62755e-19
10604.6610 3.33794e-19 2.44249e-19
10605.7470 8.24060e-19 2.37002e-19
10606.8330 6.14061e-19 2.24731e-19
10607.9190 4.95348e-19 2.26407e-19
10609.0050 8.47236e-19 2.33162e-19
10610.0900 7.29835e-19 2.31875e-19
10611.1760 -2.89422e-20 -2.68097e-19
10612.2620 7.96546e-20 2.74392e-19
10613.3480 4.12942e-19 2.56732e-19
10614.4340 4.38057e-19 2.30546e-19
10615.5200 4.73543e-19 2.27403e-19
10616.6060 4.32488e-19 2.19488e-19
10617.6920 9.62611e-19 2.12317e-19
10618.7780 8.44681e-19 2.14861e-19
10619.8640 5.29471e-19 2.11007e-19
10620.9500 5.09639e-19 2.08444e-19
10622.0360 7.29768e-19 2.11806e-19
10623.1220 3.94010e-19 2.12311e-19
10624.2080 1.45568e-19 2.17411e-19
10625.2940 4.84391e-19 2.55498e-19
10626.3800 6.62145e-19 2.59614e-19
10627.4660 1.39044e-19 2.19051e-19
10628.5520 2.48914e-19 2.17198e-19
10629.6380 4.99918e-19 2.13576e-19
10630.7240 5.75567e-19 2.11653e-19
10631.8100 5.49195e-19 2.03801e-19
10632.8960 5.81223e-19 2.00185e-19
10633.9820 5.54376e-19 1.95884e-19
10635.0680 3.80027e-19 1.93252e-19
10636.1540 6.02506e-19 1.94370e-19
10637.2400 1.99852e-19 1.94615e-19
10638.3260 2.86653e-19 2.07629e-19
10639.4120 9.67906e-19 2.20751e-19
10640.4980 3.02728e-18 3.04924e-19
10641.5840 5.67903e-18 4.81944e-19
10642.6700 6.89638e-18 5.65365e-19
10643.7560 5.28331e-18 4.92062e-19
10644.8420 2.32492e-18 3.76764e-19
10645.9280 1.14191e-18 2.89320e-19
10647.0140 4.97127e-19 2.12968e-19
10648.1000 5.81980e-19 2.00046e-19
10649.1860 5.52256e-19 1.96402e-19
10650.2710 3.69962e-19 1.95499e-19
10651.3570 1.87298e-19 2.14205e-19
10652.4430 6.19651e-20 3.01918e-19
10653.5290 2.48425e-19 3.89939e-19
10654.6150 4.77686e-19 4.19864e-19
10655.7010 4.32824e-19 4.38279e-19
10656.7870 3.13915e-20 4.66167e-19
10657.8730 4.86746e-19 3.24749e-19
10658.9590 2.57046e-19 2.05650e-19
10660.0450 5.95984e-19 2.00034e-19
10661.1310 7.17690e-19 2.02400e-19
10662.2170 4.38689e-19 1.96349e-19
10663.3030 3.86698e-19 1.96164e-19
10664.3890 3.74194e-19 1.97995e-19
10665.4750 4.93327e-19 1.97953e-19
10666.5610 3.67055e-19 2.10203e-19
10667.6470 3.58948e-19 2.27623e-19
10668.7330 4.87718e-19 2.32175e-19
10669.8190 7.48319e-19 2.36996e-19
10670.9050 5.42554e-19 2.24100e-19
10671.9910 2.48499e-19 2.03407e-19
10673.0770 7.50244e-20 2.00269e-19
10674.1630 4.92089e-19 2.02251e-19
10675.2490 2.15526e-19 2.15564e-19
10676.3350 7.07186e-19 2.26571e-19
10677.4210 4.85042e-19 2.24901e-19
10678.5070 7.93012e-19 2.79616e-19
10679.5930 8.32137e-19 2.94463e-19
10680.6790 5.80399e-19 2.16102e-19
10681.7650 6.28492e-19 2.18571e-19
10682.8510 2.05316e-19 2.49876e-19
10683.9370 7.19719e-19 3.04767e-19
10685.0230 1.58644e-19 3.84154e-19
10686.1090 3.79315e-19 4.31898e-19
10687.1950 1.03056e-18 5.59721e-19
10688.2810 8.59291e-19 6.61795e-19
10689.3670 3.35424e-19 6.48152e-19
10690.4520 2.15643e-19 6.60027e-19
10691.5380 1.20496e-19 6.51187e-19
10692.6240 -2.49779e-19 -5.50477e-19
10693.7100 -6.63167e-19 -5.00933e-19
10694.7960 4.67839e-19 4.25643e-19
10695.8820 6.16310e-19 3.87494e-19
10696.9680 3.55303e-19 4.20998e-19
10698.0540 -1.51483e-19 -5.87953e-19
10699.1400 -1.43744e-20 -6.73112e-19
10700.2260 -1.43064e-19 -6.88649e-19
10701.3120 -5.28426e-19 -6.78735e-19
10702.3980 -5.16112e-19 -5.30942e-19
10703.4840 2.72414e-19 5.12194e-19
10704.5700 1.21070e-18 6.35832e-19
10705.6560 2.55514e-19 5.54778e-19
10706.7420 1.28620e-19 5.36724e-19
10707.8280 1.10687e-19 4.98966e-19
10708.9140 6.26164e-19 4.36017e-19
10710.0000 6.02541e-19 3.70721e-19
10711.0860 7.82419e-19 6.39119e-19
10712.1720 1.98045e-19 9.38292e-19
10713.2580 1.26212e-18 9.99332e-19
10714.3440 1.33651e-18 9.97239e-19
10715.4300 8.50394e-19 8.75209e-19
10716.5160 -1.68047e-19 -5.72972e-19
10717.6020 1.22479e-19 4.48096e-19
10718.6880 3.47954e-19 4.32212e-19
10719.7740 1.82589e-19 4.09042e-19
10720.8600 6.85634e-19 5.40770e-19
10721.9460 1.29484e-18 7.68013e-19
10723.0320 1.85203e-18 7.93860e-19
10724.1180 1.02965e-18 7.13091e-19
10725.2040 7.46228e-19 6.23441e-19
10726.2900 9.33889e-20 4.28730e-19
10727.3760 6.21495e-19 3.68302e-19
10728.4620 9.32007e-19 5.52140e-19
10729.5480 -3.39503e-20 -1.09108e-18
10730.6330 9.00387e-21 1.34372e-18
10731.7190 -1.80499e-19 -1.30020e-18
10732.8050 -1.09523e-18 -1.24948e-18
10733.8910 -4.29845e-19 -9.11975e-19
10734.9770 7.50411e-19 4.02838e-19
10736.0630 6.31854e-19 2.56588e-19
10737.1490 5.07585e-19 2.93449e-19
10738.2350 7.89847e-19 3.91384e-19
10739.3210 5.03617e-19 3.97395e-19
10740.4070 3.24703e-19 3.71180e-19
10741.4930 5.84427e-19 3.35740e-19
10742.5790 6.20461e-19 3.26037e-19
10743.6650 1.15279e-18 7.84328e-19
10744.7510 6.55855e-20 9.85370e-19
10745.8370 9.96204e-19 8.89984e-19
10746.9230 3.99858e-19 8.77659e-19
10748.0090 1.87388e-19 7.31303e-19
10749.0950 7.06310e-19 4.27813e-19
10750.1810 6.08582e-19 3.66515e-19
10751.2670 2.15986e-19 8.83504e-19
10752.3530 -2.30282e-19 -1.32658e-18
10753.4390 2.00092e-18 1.43693e-18
10754.5250 1.53231e-18 1.66182e-18
10755.6110 -1.12456e-18 -1.50064e-18
10756.6970 -3.35994e-19 -7.03800e-19
10757.7830 2.50124e-19 3.32801e-19
10758.8690 1.12714e-19 2.72710e-19
10759.9550 -2.65214e-19 -2.65218e-19
10761.0410 4.47895e-20 2.30510e-19
10762.1270 6.63659e-19 2.39158e-19
10763.2130 6.25065e-19 2.81159e-19
10764.2990 -1.49976e-19 -3.17523e-19
10765.3850 -7.91372e-19 -3.45365e-19
10766.4710 -3.65390e-21 -3.35337e-19
10767.5570 2.83040e-19 2.80861e-19
10768.6430 2.20380e-19 2.34865e-19
10769.7290 5.34535e-19 2.20960e-19
10770.8140 4.57076e-19 2.32640e-19
10771.9000 2.18055e-19 3.93017e-19
10772.9860 9.90729e-21 7.31339e-19
10774.0720 -1.45762e-19 -8.82729e-19
10775.1580 4.08211e-19 8.85496e-19
10776.2440 5.13260e-19 8.39788e-19
10777.3300 7.88338e-19 5.98619e-19
10778.4160 6.65953e-19 2.93726e-19
10779.5020 3.47856e-19 2.24976e-19
10780.5880 4.68746e-19 2.35114e-19
10781.6740 7.25560e-19 2.39734e-19
10782.7600 2.20216e-19 2.42654e-19
10783.8460 1.81172e-19 2.31425e-19
10784.9320 2.49327e-19 2.25277e-19
10786.0180 5.39881e-19 2.21889e-19
10787.1040 -1.81415e-19 -2.17643e-19
10788.1900 4.85519e-19 2.13324e-19
10789.2760 2.82838e-19 2.10725e-19
10790.3620 2.07341e-19 2.10141e-19
10791.4480 5.09582e-19 2.07658e-19
10792.5340 7.61656e-19 2.56002e-19
10793.6200 3.18378e-19 2.85850e-19
10794.7060 6.18384e-19 3.14506e-19
10795.7920 3.86317e-19 3.43056e-19
10796.8780 3.42600e-19 3.39605e-19
10797.9640 4.30447e-19 3.06919e-19
10799.0500 6.25292e-19 2.63395e-19
10800.1360 3.99852e-19 2.23039e-19
10801.2220 6.37804e-19 2.36939e-19
10802.3080 8.26538e-20 2.78317e-19
10803.3940 2.12783e-19 3.00286e-19
10804.4800 5.08344e-19 3.01566e-19
10805.5660 6.54659e-19 2.93946e-19
10806.6520 1.91951e-19 2.58596e-19
10807.7380 2.02292e-19 2.23668e-19
10808.8240 1.27152e-19 2.21238e-19
10809.9100 4.41875e-19 2.26554e-19
10810.9950 3.15174e-19 2.33569e-19
10812.0810 4.90665e-20 2.38356e-19
10813.1670 2.77762e-19 2.34645e-19
10814.2530 4.62375e-19 3.41381e-19
10815.3390 8.00301e-19 3.56657e-19
10816.4250 9.31068e-19 5.39339e-19
10817.5110 8.61197e-19 5.17049e-19
10818.5970 6.12559e-19 2.24741e-19
10819.6830 4.81530e-19 2.06941e-19
10820.7690 5.61325e-19 2.08434e-19
10821.8550 4.39517e-19 2.04930e-19
10822.9410 4.71419e-19 2.02733e-19
10824.0270 3.19185e-19 2.02429e-19
10825.1130 3.95523e-21 2.03901e-19
10826.1990 1.67567e-19 2.05946e-19
10827.2850 6.74735e-19 2.13893e-19
10828.3710 7.24425e-19 2.39229e-19
10829.4570 5.88730e-19 4.60209e-19
10830.5430 -5.64702e-19 -9.12099e-19
10831.6290 4.61048e-18 1.72880e-18
10832.7150 7.69302e-18 2.15247e-18
10833.8010 2.28055e-18 2.90474e-18
10834.8870 1.96265e-18 2.82857e-18
10835.9730 -9.22544e-19 -1.84019e-18
10837.0590 -3.44391e-19 -1.02580e-18
10838.1450 4.23137e-19 4.37435e-19
10839.2310 1.08323e-19 4.23353e-19
10840.3170 3.11373e-19 4.45465e-19
10841.4030 -6.88697e-19 -5.75838e-19
10842.4890 -4.31482e-19 -1.02022e-18
10843.5750 -7.34392e-20 -1.26089e-18
10844.6610 1.59564e-18 1.27983e-18
10845.7470 2.20963e-18 1.22643e-18
10846.8330 5.43281e-19 9.00105e-19
10847.9190 4.10223e-19 4.18969e-19
10849.0050 2.95859e-19 2.35867e-19
10850.0900 4.97187e-20 2.16123e-19
10851.1760 2.93511e-19 2.17073e-19
10852.2620 1.61394e-19 2.56952e-19
10853.3480 3.66206e-19 4.41423e-19
10854.4340 5.76389e-19 4.55128e-19
10855.5200 4.07978e-19 3.21465e-19
10856.6060 3.55700e-19 4.36412e-19
10857.6920 7.13593e-19 6.33314e-19
10858.7780 1.77220e-19 7.32109e-19
10859.8640 3.41464e-20 7.89558e-19
10860.9500 9.40851e-19 7.39209e-19
10862.0360 7.85736e-19 5.32368e-19
10863.1220 8.09968e-19 3.02831e-19
10864.2080 3.51524e-19 2.15846e-19
10865.2940 3.91172e-19 1.95471e-19
10866.3800 5.91776e-19 1.94756e-19
10867.4660 7.02353e-19 1.93494e-19
10868.5520 5.58498e-19 1.91177e-19
10869.6380 2.10912e-19 1.87479e-19
10870.7240 6.68656e-19 2.56470e-19
10871.8100 3.58106e-19 2.80679e-19
10872.8960 4.59892e-19 2.37262e-19
10873.9820 2.88421e-19 2.72755e-19
10875.0680 -2.58072e-19 -3.07278e-19
10876.1540 6.34242e-21 3.80898e-19
10877.2400 2.70309e-20 5.65254e-19
10878.3260 4.06370e-19 6.11721e-19
10879.4120 8.12941e-19 4.76181e-19
10880.4980 6.95253e-19 4.34456e-19
10881.5840 6.33009e-19 3.70641e-19
10882.6700 2.98930e-19 2.56445e-19
10883.7560 4.66291e-19 2.10449e-19
10884.8420 1.56511e-19 2.34764e-19
10885.9280 6.80123e-19 2.62598e-19
10887.0140 1.95360e-19 2.75944e-19
10888.1000 6.25172e-19 2.76928e-19
10889.1860 7.63411e-19 2.47583e-19
10890.2710 9.01120e-19 2.21516e-19
10891.3570 1.05823e-18 2.06652e-19
10892.4430 1.04437e-18 2.04391e-19
10893.5290 6.78508e-19 2.03042e-19
10894.6150 8.03572e-19 2.20907e-19
10895.7010 2.33141e-19 4.85259e-19
10896.7870 1.80246e-19 8.84802e-19
10897.8730 -5.72739e-19 -1.02023e-18
10898.9590 -6.27530e-19 -1.02912e-18
10900.0450 5.80049e-19 9.75045e-19
10901.1310 8.50327e-19 6.46703e-19
10902.2170 8.21853e-19 3.32570e-19
10903.3030 2.24996e-19 2.90431e-19
10904.3890 -1.02341e-19 -3.25708e-19
10905.4750 3.44040e-19 2.96380e-19
10906.5610 2.35163e-19 2.42253e-19
10907.6470 2.62881e-19 2.05961e-19
10908.7330 3.90996e-19 2.20663e-19
10909.8190 1.58207e-19 2.23094e-19
10910.9050 4.71323e-19 1.96995e-19
10911.9910 3.88321e-19 1.91182e-19
10913.0770 3.08141e-19 1.94289e-19
10914.1630 5.53562e-19 2.01109e-19
10915.2490 6.53684e-19 1.95480e-19
10916.3350 7.73427e-19 2.04622e-19
10917.4210 4.86325e-19 2.03120e-19
10918.5070 6.53160e-19 2.00962e-19
10919.5930 2.66730e-19 2.11048e-19
10920.6790 2.51462e-19 2.27230e-19
10921.7650 6.73068e-19 2.51536e-19
10922.8510 -1.85559e-19 -4.33296e-19
10923.9370 -1.28646e-18 -1.22264e-18
10925.0230 1.21434e-18 1.76742e-18
10926.1090 1.73845e-18 1.91329e-18
10927.1950 2.46388e-18 1.88217e-18
10928.2810 1.63434e-19 1.52469e-18
10929.3670 -2.29426e-19 -7.70048e-19
10930.4520 4.92042e-19 3.17832e-19
10931.5380 3.33303e-19 2.51310e-19
10932.6240 -1.37833e-19 -2.40320e-19
10933.7100 -6.98646e-20 -2.19255e-19
10934.7960 4.57408e-20 2.16944e-19
10935.8820 5.62037e-19 2.14926e-19
10936.9680 5.21489e-19 2.09062e-19
10938.0540 5.02670e-19 2.04769e-19
10939.1400 3.78391e-19 2.04915e-19
10940.2260 7.63004e-19 2.08033e-19
10941.3120 6.72962e-19 2.09395e-19
10942.3980 2.67661e-19 2.10052e-19
10943.4840 5.85511e-19 2.08034e-19
10944.5700 3.29455e-19 2.05566e-19
10945.6560 4.82656e-19 2.06418e-19
10946.7420 1.74153e-19 2.12506e-19
10947.8280 -3.56497e-19 -3.25446e-19
10948.9140 1.31563e-19 8.43885e-19
10950.0000 5.96396e-19 1.17027e-18
10951.0860 -3.75917e-19 -1.22118e-18
10952.1720 4.97309e-19 1.19446e-18
10953.2580 2.10585e-18 1.02952e-18
10954.3440 3.20926e-19 5.21503e-19
10955.4300 5.02857e-19 2.55975e-19
10956.5160 2.94749e-19 2.16331e-19
10957.6020 2.41491e-19 2.00072e-19
10958.6880 4.26090e-19 1.95663e-19
10959.7740 6.46370e-19 2.07364e-19
10960.8600 5.64004e-19 2.04914e-19
10961.9460 2.60197e-19 1.97066e-19
10963.0320 4.68168e-19 2.05364e-19
10964.1180 6.14205e-19 2.22902e-19
10965.2040 2.68023e-19 2.28569e-19
10966.2900 9.18184e-20 2.51756e-19
10967.3760 1.82002e-19 2.87513e-19
10968.4620 8.91113e-20 3.28994e-19
10969.5480 4.39853e-19 3.43601e-19
10970.6330 5.33144e-19 3.29574e-19
10971.7190 -4.82605e-19 -4.74154e-19
10972.8050 -7.18561e-19 -1.25752e-18
10973.8910 -9.21422e-19 -2.19900e-18
10974.9770 -5.34735e-19 -2.37988e-18
10976.0630 2.21095e-19 2.00482e-18
10977.1490 -1.30988e-18 -1.67456e-18
10978.2350 1.36091e-20 8.99422e-19
10979.3210 3.22371e-19 3.88240e-19
10980.4070 -1.80944e-19 -2.89290e-19
10981.4930 4.21946e-19 2.60997e-19
10982.5790 7.01229e-19 2.41295e-19
10983.6650 5.39940e-19 2.73498e-19
10984.7510 -2.91776e-19 -3.71726e-19
10985.8370 5.94381e-20 3.86019e-19
10986.9230 2.11511e-19 3.28297e-19
10988.0090 3.99599e-19 2.88478e-19
10989.0950 4.02630e-19 2.24188e-19
10990.1810 5.70264e-19 2.02946e-19
10991.2670 4.33169e-19 2.01277e-19
10992.3530 7.56692e-19 2.04825e-19
10993.4390 6.91975e-19 2.40069e-19
10994.5250 3.04499e-19 2.35725e-19
10995.6110 4.01990e-19 2.13994e-19
10996.6970 5.15411e-19 2.06151e-19
10997.7830 1.86121e-19 1.98558e-19
10998.8690 1.02542e-19 1.93376e-19
10999.9550 4.83921e-19 1.95911e-19
11001.0410 4.44177e-19 2.05020e-19
11002.1270 2.77525e-20 2.13124e-19
11003.2130 5.87657e-20 2.38300e-19
11004.2990 2.27928e-19 2.42240e-19
11005.3850 3.16682e-19 2.50375e-19
11006.4710 3.89869e-19 6.98844e-19
11007.5570 1.17087e-18 1.17446e-18
11008.6430 4.00856e-19 1.11688e-18
11009.7290 1.09815e-18 1.14537e-18
11010.8140 1.78232e-19 1.03486e-18
11011.9000 3.13180e-19 6.33970e-19
11012.9860 1.86207e-19 2.87431e-19
11014.0720 2.31381e-19 2.15975e-19
11015.1580 5.45987e-19 2.10962e-19
11016.2440 2.08885e-19 2.05485e-19
11017.3300 6.81668e-19 1.99584e-19
11018.4160 6.83248e-19 1.95795e-19
11019.5020 2.44089e-19 1.93032e-19
11020.5880 9.90973e-19 2.38852e-19
11021.6740 7.49014e-19 2.40663e-19
11022.7600 4.89375e-19 1.97654e-19
11023.8460 2.32492e-19 1.99445e-19
11024.9320 4.17873e-19 2.16730e-19
11026.0180 -6.62528e-19 -3.42714e-19
11027.1040 -1.59102e-18 -9.80241e-19
11028.1900 -1.04216e-18 -1.51143e-18
11029.2760 -1.01683e-19 -1.76469e-18
11030.3620 -6.41241e-19 -1.87166e-18
11031.4480 7.57385e-19 1.62695e-18
11032.5340 -6.67708e-20 -8.85388e-19
11033.6200 7.92121e-19 3.58693e-19
11034.7060 5.35799e-19 2.25618e-19
11035.7920 3.92054e-19 2.10341e-19
11036.8780 5.15258e-19 2.17404e-19
11037.9640 2.50900e-19 2.22568e-19
11039.0500 2.83956e-19 2.37778e-19
11040.1360 2.94444e-19 2.52983e-19
11041.2220 4.11581e-19 2.55371e-19
11042.3080 7.03554e-19 2.59844e-19
11043.3940 4.20779e-19 2.49957e-19
11044.4800 6.86019e-19 2.74729e-19
11045.5660 1.27112e-19 2.49260e-19
11046.6520 8.23600e-20 2.03245e-19
11047.7380 3.82420e-20 1.97291e-19
11048.8240 4.94037e-19 2.27852e-19
11049.9100 8.86606e-19 2.25008e-19
11050.9950 3.12805e-19 1.95517e-19
11052.0810 1.42007e-19 2.75722e-19
11053.1670 1.81475e-19 3.25916e-19
11054.2530 -2.14607e-19 -3.23828e-19
11055.3390 3.35401e-19 3.46949e-19
11056.4250 2.48566e-19 3.05280e-19
11057.5110 3.55975e-19 2.27952e-19
11058.5970 6.50829e-19 2.13549e-19
11059.6830 6.93733e-19 2.12904e-19
11060.7690 8.44998e-20 2.06377e-19
11061.8550 2.49661e-19 2.34885e-19
11062.9410 3.60490e-19 2.64021e-19
11064.0270 4.35288e-19 2.75463e-19
11065.1130 5.99521e-19 2.67211e-19
11066.1990 2.77582e-19 2.44785e-19
11067.2850 5.60426e-19 2.42872e-19
11068.3710 5.70940e-19 3.09827e-19
11069.4570 -2.70125e-19 -6.38361e-19
11070.5430 -3.49556e-19 -9.71762e-19
11071.6290 2.52369e-19 1.12570e-18
11072.7150 -1.01189e-18 -8.81868e-19
11073.8010 1.14977e-19 8.16982e-19
11074.8870 -1.55647e-20 -5.66132e-19
11075.9730 2.18794e-19 2.70667e-19
11077.0590 4.78234e-19 1.96750e-19
11078.1450 2.97545e-19 1.89736e-19
11079.2310 3.69250e-19 1.91979e-19
11080.3170 3.88000e-19 1.96818e-19
11081.4030 9.09298e-19 2.48013e-19
11082.4890 4.44591e-19 3.00459e-19
11083.5750 2.99218e-19 3.26268e-19
11084.6610 2.06177e-19 3.30878e-19
11085.7470 3.64711e-19 3.25673e-19
11086.8330 2.36596e-19 5.37250e-19
11087.9190 1.11635e-18 9.94655e-19
11089.0050 2.33896e-18 1.22844e-18
11090.0900 1.35890e-18 1.23193e-18
11091.1760 -2.23748e-19 -1.16875e-18
11092.2620 8.62333e-20 8.78215e-19
11093.3480 4.83122e-19 4.35385e-19
11094.4340 4.98337e-19 2.24655e-19
11095.5200 7.13024e-19 1.98840e-19
11096.6060 6.65306e-19 1.94020e-19
11097.6920 2.84744e-19 1.86267e-19
11098.7780 1.93441e-19 1.87454e-19
11099.8640 1.84237e-19 1.87505e-19
11100.9500 4.06034e-19 1.85765e-19
11102.0360 1.77163e-19 1.85471e-19
11103.1220 6.14244e-19 2.20597e-19
11104.2080 4.32634e-19 2.24081e-19
11105.2940 4.84356e-19 2.04787e-19
11106.3800 5.58167e-20 2.13651e-19
11107.4660 3.54843e-19 2.16404e-19
11108.5520 6.40972e-19 2.26886e-19
11109.6380 5.11810e-19 2.63100e-19
11110.7240 1.46738e-19 2.45335e-19
11111.8100 4.73673e-19 2.79199e-19
11112.8960 4.09756e-19 2.51341e-19
11113.9820 2.53011e-19 2.04605e-19
11115.0680 5.56580e-19 2.51673e-19
11116.1540 6.59668e-19 2.33208e-19
11117.2400 5.21768e-19 1.90568e-19
11118.3260 5.73256e-19 1.86720e-19
11119.4120 4.83149e-19 1.86245e-19
11120.4980 7.36082e-19 1.99673e-19
11121.5840 7.52299e-19 2.38380e-19
11122.6700 2.43806e-19 2.61801e-19
11123.7560 3.10232e-20 2.67913e-19
11124.8420 5.91171e-19 2.63474e-19
11125.9280 3.85525e-19 2.30546e-19
11127.0140 6.37157e-19 2.06674e-19
11128.1000 1.77411e-19 1.95843e-19
11129.1860 -1.08766e-20 -1.95958e-19
11130.2710 2.11274e-19 2.01488e-19
11131.3570 6.11388e-19 2.03746e-19
11132.4430 5.33231e-19 2.04788e-19
11133.5290 2.10047e-19 1.97403e-19
11134.6150 2.50686e-19 1.87961e-19
11135.7010 -1.91299e-20 -1.91613e-19
11136.7870 -3.19482e-20 -2.12801e-19
11137.8730 -9.58187e-20 -3.52697e-19
11138.9590 1.86358e-19 5.87787e-19
11140.0450 7.38275e-19 6.64977e-19
11141.1310 2.80281e-19 6.47170e-19
11142.2170 1.63115e-19 6.02607e-19
11143.3030 -3.92004e-19 -4.42357e-19
11144.3890 6.93187e-19 2.83514e-19
11145.4750 2.15091e-19 2.33671e-19
11146.5610 8.54384e-20 2.00279e-19
11147.6470 3.24662e-19 2.00529e-19
11148.7330 2.71042e-19 2.02399e-19
11149.8190 1.53344e-19 2.26542e-19
11150.9050 7.99649e-20 2.55402e-19
11151.9910 3.99777e-19 3.02118e-19
11153.0770 -4.93491e-19 -5.21914e-19
11154.1630 1.57605e-19 8.03776e-19
11155.2490 1.43792e-19 9.14857e-19
11156.3350 5.96934e-20 8.89679e-19
11157.4210 -4.76699e-20 -8.21144e-19
11158.5070 1.03397e-18 5.93129e-19
11159.5930 8.27844e-19 3.10982e-19
11160.6790 3.37368e-19 2.36035e-19
11161.7650 -7.06601e-20 -2.55778e-19
11162.8510 -1.91025e-19 -3.33266e-19
11163.9370 6.45202e-20 4.08374e-19
11165.0230 -4.34763e-19 -4.66214e-19
11166.1090 6.53247e-19 4.69006e-19
11167.1950 1.42477e-19 5.04508e-19
11168.2810 1.60416e-19 4.66238e-19
11169.3670 3.24781e-19 3.67802e-19
11170.4520 7.45073e-19 3.60248e-19
11171.5380 1.10903e-18 3.79784e-19
11172.6240 6.28348e-19 3.60613e-19
11173.7100 7.57275e-19 3.13466e-19
11174.7960 4.33086e-19 2.67898e-19
11175.8820 -1.37151e-19 -2.21405e-19
11176.9680 4.64922e-19 2.04863e-19
11178.0540 3.52425e-19 1.98553e-19
11179.1400 4.68478e-20 2.05815e-19
11180.2260 3.38503e-19 2.44407e-19
11181.3120 5.91000e-19 2.60017e-19
11182.3980 4.86838e-19 2.69274e-19
11183.4840 7.35238e-19 2.92035e-19
11184.5700 1.08982e-19 2.54476e-19
11185.6560 5.89193e-19 2.25155e-19
11186.7420 3.95180e-19 2.24956e-19
11187.8280 6.13312e-19 2.58573e-19
11188.9140 -7.49646e-20 -2.89138e-19
11190.0000 7.58895e-19 2.99923e-19
11191.0860 1.07178e-19 2.88140e-19
11192.1720 4.50921e-19 2.93602e-19
11193.2580 1.50583e-18 3.21904e-19
11194.3440 1.08402e-18 2.71165e-19
11195.4300 3.77323e-19 2.30027e-19
11196.5160 2.69561e-20 2.18253e-19
11197.6020 3.68698e-19 2.29633e-19
11198.6880 4.24889e-19 2.56282e-19
11199.7740 4.82249e-19 2.75343e-19
11200.8600 3.03194e-19 2.61588e-19
11201.9460 1.55813e-19 2.78330e-19
11203.0320 -2.83546e-19 -3.32076e-19
11204.1180 1.78158e-19 3.10439e-19
11205.2040 5.64194e-19 2.52404e-19
11206.2900 2.43856e-19 2.48710e-19
11207.3760 3.04353e-19 2.66281e-19
11208.4620 3.12421e-19 2.85381e-19
11209.5480 2.00182e-19 3.01453e-19
11210.6330 -1.29060e-19 -3.24170e-19
11211.7190 4.17274e-19 4.09412e-19
11212.8050 1.07290e-18 7.28890e-19
11213.8910 -8.89024e-19 -8.19986e-19
11214.9770 -4.67907e-19 -5.58821e-19
11216.0630 2.46100e-19 5.00808e-19
11217.1490 -4.36126e-19 -4.57436e-19
11218.2350 2.46632e-20 4.07151e-19
11219.3210 6.64694e-19 4.28674e-19
11220.4070 6.15222e-19 3.59385e-19
11221.4930 2.54321e-19 3.27397e-19
11222.5790 9.97738e-19 3.91350e-19
11223.6650 8.46322e-19 4.85576e-19
11224.7510 -2.26648e-19 -6.16563e-19
11225.8370 3.77660e-20 8.87149e-19
11226.9230 2.55666e-18 1.05225e-18
11228.0090 6.51282e-19 8.87037e-19
11229.0950 7.78446e-19 6.81528e-19
11230.1810 -1.63781e-19 -5.08882e-19
11231.2670 8.72985e-19 3.58420e-19
11232.3530 9.28958e-19 3.03259e-19
11233.4390 4.56156e-19 3.15322e-19
11234.5250 2.20889e-19 3.85642e-19
11235.6110 3.48675e-19 5.30013e-19
11236.6970 4.40083e-19 6.14415e-19
11237.7830 7.92469e-19 4.79115e-19
