lambda flux fluxErr
9752.1719 -2.29069e-19 -3.55030e-19
9753.2579 1.13388e-19 3.26344e-19
9754.3439 1.12524e-18 3.44041e-19
9755.4299 1.46684e-18 3.45456e-19
9756.5158 1.26654e-19 3.51372e-19
9757.6018 2.93574e-19 3.64991e-19
9758.6878 1.29428e-18 3.71758e-19
9759.7738 1.56743e-18 3.74629e-19
9760.8597 6.60494e-19 3.51033e-19
9761.9457 6.74365e-19 3.21494e-19
9763.0317 3.25067e-19 3.09698e-19
9764.1176 -7.12837e-20 -3.10528e-19
9765.2036 4.64340e-19 3.04915e-19
9766.2896 6.70763e-19 3.06455e-19
9767.3756 1.05006e-18 3.09327e-19
9768.4615 4.27207e-19 2.98799e-19
9769.5475 -2.18777e-19 -2.97158e-19
9770.6335 1.16542e-19 2.97512e-19
9771.7195 1.47441e-19 2.85735e-19
9772.8054 3.47200e-20 2.76995e-19
9773.8914 3.06773e-19 2.76085e-19
9774.9774 4.01105e-19 2.88606e-19
9776.0633 3.96182e-19 2.89906e-19
9777.1493 -9.27304e-20 -2.97074e-19
9778.2353 3.10442e-20 2.91443e-19
9779.3213 -2.98168e-19 -2.94881e-19
9780.4072 -7.93556e-20 -2.93825e-19
9781.4932 3.42345e-19 3.07693e-19
9782.5792 3.14315e-20 3.05820e-19
9783.6652 5.26527e-19 2.97643e-19
9784.7511 -3.23617e-19 -2.94637e-19
9785.8371 1.47223e-19 2.86019e-19
9786.9231 7.32974e-19 2.91533e-19
9788.0090 6.03280e-19 3.02259e-19
9789.0950 5.72024e-19 3.81931e-19
9790.1810 8.35125e-19 5.87220e-19
9791.2670 1.40693e-18 1.05068e-18
9792.3529 7.45999e-19 1.46212e-18
9793.4389 -6.54972e-20 -1.58772e-18
9794.5249 1.91515e-18 1.54956e-18
9795.6109 1.16744e-18 1.25889e-18
9796.6968 3.28215e-19 7.01961e-19
9797.7828 2.32236e-19 4.13876e-19
9798.8688 6.27021e-19 4.23246e-19
9799.9548 5.40361e-19 6.46390e-19
9801.0407 3.77453e-19 8.34354e-19
9802.1267 1.30940e-18 8.80732e-19
9803.2127 1.29095e-18 8.75067e-19
9804.2986 7.92573e-19 7.30229e-19
9805.3846 5.27868e-19 4.50011e-19
9806.4706 4.99185e-19 2.98753e-19
9807.5566 4.26986e-19 3.42431e-19
9808.6425 7.04445e-19 4.18140e-19
9809.7285 1.50035e-19 4.57821e-19
9810.8145 -1.97250e-19 -4.46983e-19
9811.9005 1.50679e-19 4.72475e-19
9812.9864 5.00357e-19 5.19567e-19
9814.0724 6.65009e-20 5.44835e-19
9815.1584 4.12274e-19 5.46838e-19
9816.2443 1.09830e-18 5.18375e-19
9817.3303 3.75244e-19 4.36886e-19
9818.4163 -6.83599e-20 -4.67659e-19
9819.5023 -1.54893e-19 -4.96787e-19
9820.5882 1.44511e-19 4.53678e-19
9821.6742 1.16421e-19 4.42775e-19
9822.7602 2.54903e-19 3.73283e-19
9823.8462 7.19573e-19 3.02753e-19
9824.9321 2.49873e-19 2.82308e-19
9826.0181 2.08127e-20 2.85793e-19
9827.1041 -7.75732e-20 -2.97751e-19
9828.1900 -7.38894e-20 -3.34617e-19
9829.2760 8.56174e-20 3.70443e-19
9830.3620 1.45616e-20 3.80045e-19
9831.4480 2.82464e-20 3.80096e-19
9832.5339 6.17892e-20 3.61303e-19
9833.6199 1.02716e-19 3.23817e-19
9834.7059 2.32176e-19 2.98658e-19
9835.7919 3.55649e-19 2.90296e-19
9836.8778 -3.16612e-20 -3.13164e-19
9837.9638 -3.13070e-19 -3.12324e-19
9839.0498 -2.10880e-19 -2.96938e-19
9840.1357 -4.03070e-20 -2.91037e-19
9841.2217 1.61218e-19 2.60439e-19
9842.3077 4.53800e-19 2.54002e-19
9843.3937 2.74452e-19 2.52563e-19
9844.4796 9.16151e-20 2.73276e-19
9845.5656 2.68461e-19 2.78380e-19
9846.6516 2.87222e-19 2.67231e-19
9847.7376 -2.15330e-20 -3.22399e-19
9848.8235 6.78175e-19 5.36624e-19
9849.9095 -6.62018e-19 -7.34083e-19
9850.9955 -8.10975e-19 -7.74747e-19
9852.0814 2.29894e-19 7.46179e-19
9853.1674 1.50389e-19 6.11620e-19
9854.2534 5.11441e-19 3.57904e-19
9855.3394 4.67468e-19 2.58058e-19
9856.4253 1.51442e-18 5.37766e-19
9857.5113 5.10393e-19 5.26692e-19
9858.5973 -1.90027e-19 -3.79386e-19
9859.6833 3.95645e-19 2.53165e-19
9860.7692 -2.98392e-19 -2.56308e-19
9861.8552 -3.65807e-19 -2.64833e-19
9862.9412 -2.19195e-19 -2.63237e-19
9864.0271 1.01624e-19 2.41193e-19
9865.1131 4.51432e-19 2.64236e-19
9866.1991 -3.39105e-19 -4.49862e-19
9867.2851 5.51028e-19 3.81791e-19
9868.3710 3.93997e-19 3.94134e-19
9869.4570 -4.39095e-20 -2.69934e-19
9870.5430 -2.26062e-19 -3.05703e-19
9871.6290 2.27463e-19 4.82933e-19
9872.7149 -1.41439e-19 -9.19905e-19
9873.8009 -5.87988e-19 -1.24459e-18
9874.8869 2.66874e-19 1.25713e-18
9875.9729 5.89270e-19 1.20442e-18
9877.0588 1.63773e-18 9.18189e-19
9878.1448 7.11055e-19 4.07179e-19
9879.2308 1.36903e-19 2.75653e-19
9880.3167 1.07699e-20 2.47507e-19
9881.4027 3.41675e-20 2.50233e-19
9882.4887 1.14919e-19 2.51391e-19
9883.5747 2.26846e-19 2.55272e-19
9884.6606 1.98881e-19 2.63597e-19
9885.7466 2.63795e-19 2.89291e-19
9886.8326 4.60782e-19 3.39728e-19
9887.9186 4.90427e-19 3.86219e-19
9889.0045 6.66796e-20 3.64455e-19
9890.0905 3.89901e-19 3.39652e-19
9891.1765 1.28594e-19 2.97371e-19
9892.2624 2.26311e-19 2.47226e-19
9893.3484 -1.69558e-20 -2.52526e-19
9894.4344 1.77494e-19 3.77447e-19
9895.5204 8.13502e-20 6.68171e-19
9896.6063 2.88608e-19 8.33867e-19
9897.6923 5.99996e-19 8.48366e-19
9898.7783 6.81855e-19 8.03183e-19
9899.8643 9.52666e-19 5.87361e-19
9900.9502 -1.58652e-19 -3.19171e-19
9902.0362 -2.41438e-20 -2.72174e-19
9903.1222 3.85056e-19 2.70390e-19
9904.2081 2.38790e-19 2.61546e-19
9905.2941 5.29000e-19 2.51543e-19
9906.3801 7.29331e-20 2.36423e-19
9907.4661 3.85316e-19 2.35246e-19
9908.5520 1.08816e-19 2.30924e-19
9909.6380 2.54995e-19 2.29454e-19
9910.7240 5.38482e-19 2.37399e-19
9911.8100 8.20313e-19 2.47810e-19
9912.8959 2.16513e-19 2.63100e-19
9913.9819 7.39174e-19 4.03546e-19
9915.0679 -1.75492e-19 -8.28571e-19
9916.1538 -4.75490e-21 -1.20682e-18
9917.2398 1.96628e-18 1.23706e-18
9918.3258 -5.03289e-19 -1.18975e-18
9919.4118 6.68743e-20 9.54082e-19
9920.4977 1.04292e-18 6.51233e-19
9921.5837 5.73794e-20 3.61984e-19
9922.6697 5.86906e-19 3.54232e-19
9923.7557 2.72189e-19 2.52114e-19
9924.8416 -5.05914e-20 -2.31677e-19
9925.9276 8.85661e-20 2.30631e-19
9927.0136 6.43309e-19 2.33553e-19
9928.0995 1.62035e-19 2.26970e-19
9929.1855 4.54923e-20 2.25896e-19
9930.2715 4.00841e-20 2.26266e-19
9931.3575 1.66839e-19 2.17278e-19
9932.4434 -2.60587e-19 -2.23826e-19
9933.5294 8.57016e-19 2.28914e-19
9934.6154 3.59214e-19 2.27100e-19
9935.7014 4.32692e-19 2.19289e-19
9936.7873 3.54137e-19 2.52566e-19
9937.8733 9.02389e-20 2.47178e-19
9938.9593 8.88521e-20 2.53238e-19
9940.0452 4.77721e-19 2.56900e-19
9941.1312 1.00003e-18 5.66465e-19
9942.2172 -5.29681e-19 -1.17749e-18
9943.3032 7.73558e-19 9.80303e-19
9944.3891 -5.26512e-19 -1.01995e-18
9945.4751 4.90394e-19 1.08556e-18
9946.5611 5.52774e-20 1.15399e-18
9947.6471 -5.31022e-19 -1.27714e-18
9948.7330 -1.14686e-18 -1.35216e-18
9949.8190 1.08746e-18 1.36951e-18
9950.9050 -4.34986e-19 -1.21059e-18
9951.9910 6.14106e-19 8.36336e-19
9953.0769 3.45270e-19 5.69890e-19
9954.1629 6.37120e-19 3.87416e-19
9955.2489 9.34610e-20 5.02089e-19
9956.3348 4.01076e-19 7.65762e-19
9957.4208 -1.59905e-19 -9.40667e-19
9958.5068 -5.43526e-19 -1.13515e-18
9959.5928 1.12412e-18 1.15375e-18
9960.6787 -1.27268e-19 -1.11496e-18
9961.7647 -1.78578e-19 -8.38322e-19
9962.8507 -6.97945e-19 -8.91325e-19
9963.9367 -7.70350e-19 -1.00058e-18
9965.0226 -7.06989e-19 -9.81057e-19
9966.1086 1.53863e-18 8.92930e-19
9967.1946 1.13848e-18 5.55447e-19
9968.2805 2.57895e-19 2.53376e-19
9969.3665 5.27290e-19 2.50128e-19
9970.4525 7.88156e-19 2.54863e-19
9971.5385 5.51909e-19 2.76244e-19
9972.6244 -1.58322e-19 -4.25135e-19
9973.7104 8.13733e-19 6.17415e-19
9974.7964 1.43577e-18 6.51145e-19
9975.8824 5.71022e-19 6.39704e-19
9976.9683 -4.54132e-19 -5.50077e-19
9978.0543 5.63335e-19 4.42575e-19
9979.1403 1.53467e-19 4.34982e-19
9980.2262 1.01456e-19 3.67694e-19
9981.3122 3.08540e-19 3.85212e-19
9982.3982 2.76996e-19 3.77852e-19
9983.4842 5.66904e-19 3.46061e-19
9984.5701 1.54938e-19 2.83214e-19
9985.6561 5.24187e-19 2.20969e-19
9986.7421 3.87870e-19 2.09471e-19
9987.8281 -4.22773e-19 -3.61529e-19
9988.9140 1.40016e-19 3.56856e-19
9990.0000 -1.74220e-21 -2.10061e-19
9991.0860 1.89977e-19 2.11978e-19
9992.1719 4.80370e-19 2.15410e-19
9993.2579 1.65577e-19 2.18193e-19
9994.3439 4.14636e-19 2.18049e-19
9995.4299 2.65977e-20 2.05355e-19
9996.5158 3.88307e-19 2.35892e-19
9997.6018 -5.53166e-19 -2.33197e-19
9998.6878 1.42584e-19 2.09389e-19
9999.7738 1.82322e-19 2.54414e-19
10000.8600 3.56587e-19 4.26026e-19
10001.9460 1.06769e-18 5.09129e-19
10003.0320 6.75996e-19 5.14842e-19
10004.1180 7.59313e-19 5.12750e-19
10005.2040 1.35890e-19 3.76491e-19
10006.2900 1.31176e-19 2.77524e-19
10007.3760 4.18563e-20 2.47005e-19
10008.4620 6.83903e-20 2.04843e-19
10009.5480 2.80556e-19 2.06985e-19
10010.6330 6.87441e-20 2.37732e-19
10011.7190 4.60946e-19 3.99371e-19
10012.8050 1.94743e-19 7.56197e-19
10013.8910 5.20378e-19 1.32304e-18
10014.9770 -1.09704e-18 -1.53887e-18
10016.0630 1.43903e-18 2.62187e-18
10017.1490 1.17810e-18 2.34971e-18
10018.2350 1.05561e-18 9.37958e-19
10019.3210 8.51443e-19 4.75313e-19
10020.4070 1.41113e-18 2.62041e-19
10021.4930 2.88159e-18 3.20513e-19
10022.5790 6.03878e-18 4.96938e-19
10023.6650 6.23957e-18 5.19992e-19
10024.7510 3.45843e-18 4.21646e-19
10025.8370 1.53834e-18 6.16114e-19
10026.9230 3.96271e-19 8.21212e-19
10028.0090 -7.28643e-19 -8.53094e-19
10029.0950 -2.49880e-19 -8.33314e-19
10030.1810 5.45876e-19 6.82568e-19
10031.2670 4.09467e-19 3.26037e-19
10032.3530 5.30556e-19 2.22862e-19
10033.4390 -6.13626e-20 -2.25708e-19
10034.5250 5.29952e-19 2.27104e-19
10035.6110 1.16104e-19 2.18551e-19
10036.6970 2.77379e-19 2.21051e-19
10037.7830 2.97995e-19 2.31069e-19
10038.8690 -1.21728e-19 -2.54005e-19
10039.9550 5.83236e-20 2.63343e-19
10041.0410 2.49059e-19 2.53882e-19
10042.1270 1.24597e-20 2.45174e-19
10043.2130 3.78528e-19 2.62807e-19
10044.2990 1.27236e-19 4.55995e-19
10045.3850 -4.68313e-19 -8.10251e-19
10046.4710 7.76597e-19 8.24578e-19
10047.5570 3.84725e-19 5.35058e-19
10048.6430 -1.64036e-19 -3.82042e-19
10049.7290 -3.20098e-20 -2.38207e-19
10050.8140 4.23852e-20 2.35876e-19
10051.9000 3.90170e-19 2.46057e-19
10052.9860 3.05445e-19 2.50737e-19
10054.0720 4.50952e-19 2.07107e-19
10055.1580 9.00791e-19 2.02616e-19
10056.2440 3.08688e-19 1.88786e-19
10057.3300 4.31779e-19 1.91965e-19
10058.4160 2.51129e-19 1.99162e-19
10059.5020 2.56930e-19 2.78006e-19
10060.5880 4.34874e-19 4.06187e-19
10061.6740 5.77444e-19 6.46724e-19
10062.7600 -3.39679e-19 -7.13888e-19
10063.8460 6.02575e-19 7.06990e-19
10064.9320 4.14167e-19 6.39995e-19
10066.0180 5.33433e-20 4.24767e-19
10067.1040 -7.94741e-20 -3.14072e-19
10068.1900 6.72219e-19 3.53596e-19
10069.2760 5.36363e-19 3.76951e-19
10070.3620 5.56648e-19 5.87082e-19
10071.4480 6.30845e-19 6.78474e-19
10072.5340 2.86048e-20 4.76838e-19
10073.6200 2.03155e-19 4.83599e-19
10074.7060 7.92811e-20 4.40323e-19
10075.7920 5.24374e-19 3.83274e-19
10076.8780 4.12202e-19 5.55208e-19
10077.9640 9.44015e-19 4.40975e-19
10079.0500 2.83409e-19 4.48518e-19
10080.1360 1.69131e-19 2.25906e-19
10081.2220 4.18230e-19 2.43005e-19
10082.3080 -3.44395e-19 -4.85049e-19
10083.3940 1.62837e-18 1.20587e-18
10084.4800 2.54568e-18 1.39343e-18
10085.5660 4.22175e-19 1.11002e-18
10086.6520 5.25541e-19 1.04936e-18
10087.7380 3.47130e-19 6.30347e-19
10088.8240 -2.43423e-20 -2.67866e-19
10089.9100 7.92130e-20 2.17594e-19
10090.9950 4.62736e-19 2.28238e-19
10092.0810 7.05505e-19 2.17920e-19
10093.1670 1.94178e-19 2.21909e-19
10094.2530 9.53646e-20 2.18609e-19
10095.3390 -5.63251e-20 -2.15622e-19
10096.4250 -1.91293e-19 -2.15755e-19
10097.5110 -6.58284e-20 -4.38301e-19
10098.5970 7.81631e-20 4.47597e-19
10099.6830 -3.08997e-19 -3.06939e-19
10100.7690 8.28628e-20 2.61508e-19
10101.8550 1.34071e-19 2.57953e-19
10102.9410 2.01337e-20 2.57061e-19
10104.0270 1.25077e-20 5.23453e-19
10105.1130 -2.79661e-19 -7.24178e-19
10106.1990 -4.33804e-19 -7.50050e-19
10107.2850 -6.38791e-19 -7.51152e-19
10108.3710 -5.72166e-20 -6.36500e-19
10109.4570 1.20261e-19 3.12639e-19
10110.5430 3.74752e-19 1.91766e-19
10111.6290 3.70926e-19 1.87603e-19
10112.7150 -6.67346e-20 -1.90146e-19
10113.8010 7.71841e-20 1.86235e-19
10114.8870 -6.03118e-20 -1.82674e-19
10115.9730 4.99413e-19 1.85258e-19
10117.0590 1.00607e-19 1.81757e-19
10118.1450 3.78575e-19 1.85069e-19
10119.2310 3.77778e-19 1.87251e-19
10120.3170 8.36057e-20 1.89704e-19
10121.4030 2.58941e-20 2.13347e-19
10122.4890 8.30698e-20 2.49926e-19
10123.5750 -4.21157e-19 -3.82005e-19
10124.6610 -9.56361e-19 -9.35209e-19
10125.7470 -8.67822e-19 -1.20277e-18
10126.8330 6.64971e-19 1.23378e-18
10127.9190 5.38872e-19 1.18012e-18
10129.0050 -5.11339e-20 -8.26789e-19
10130.0900 4.21844e-19 3.51088e-19
10131.1760 -1.61820e-19 -2.02258e-19
10132.2620 1.91106e-19 2.11959e-19
10133.3480 6.21327e-21 2.53346e-19
10134.4340 -7.37189e-19 -4.91156e-19
10135.5200 3.07158e-19 4.99808e-19
10136.6060 -1.96761e-19 -4.85608e-19
10137.6920 4.99711e-19 2.51938e-19
10138.7780 -1.98163e-19 -2.36043e-19
10139.8640 2.38368e-19 2.12488e-19
10140.9500 2.25892e-19 2.41183e-19
10142.0360 2.27690e-19 2.49479e-19
10143.1220 2.94747e-19 2.28628e-19
10144.2080 6.59850e-19 2.77398e-19
10145.2940 2.86959e-19 3.34956e-19
10146.3800 -1.80737e-20 -3.52886e-19
10147.4660 6.90163e-19 3.77177e-19
10148.5520 1.62761e-19 3.60228e-19
10149.6380 4.09984e-19 3.58781e-19
10150.7240 6.37782e-19 3.78356e-19
10151.8100 5.99710e-19 3.57699e-19
10152.8960 4.95370e-19 4.43878e-19
10153.9820 -1.39718e-19 -6.83622e-19
10155.0680 1.11820e-18 7.57957e-19
10156.1540 1.66934e-18 1.29049e-18
10157.2400 -1.97147e-18 -1.21887e-18
10158.3260 -8.57274e-19 -4.75611e-19
10159.4120 -1.60575e-19 -4.49374e-19
10160.4980 -4.49706e-20 -4.72092e-19
10161.5840 3.09375e-21 4.73379e-19
10162.6700 6.45020e-20 4.61026e-19
10163.7560 2.63581e-19 3.37730e-19
10164.8420 3.12039e-19 3.26082e-19
10165.9280 3.15806e-19 3.76775e-19
10167.0140 3.06059e-19 3.81698e-19
10168.1000 2.14060e-19 3.95977e-19
10169.1860 8.09657e-19 4.59473e-19
10170.2710 2.95904e-20 4.08178e-19
10171.3570 5.65364e-19 4.44590e-19
10172.4430 -3.80971e-19 -9.60332e-19
10173.5290 1.36005e-18 1.22861e-18
10174.6150 9.33229e-19 1.27148e-18
10175.7010 -7.74146e-20 -1.22036e-18
10176.7870 -2.68532e-19 -8.75973e-19
10177.8730 -4.35727e-19 -3.80717e-19
10178.9590 -1.22182e-19 -2.03912e-19
10180.0450 5.23254e-20 1.96912e-19
10181.1310 2.65571e-19 2.96328e-19
10182.2170 5.36527e-19 4.64843e-19
10183.3030 6.85207e-19 5.03661e-19
10184.3890 4.24760e-19 5.11759e-19
10185.4750 4.19830e-19 4.79101e-19
10186.5610 3.23055e-19 3.38185e-19
10187.6470 1.25211e-19 2.68544e-19
10188.7330 2.91428e-19 2.79053e-19
10189.8190 1.08372e-19 5.47498e-19
10190.9050 6.27215e-19 9.04442e-19
10191.9910 6.00314e-19 9.26900e-19
10193.0770 1.16838e-18 9.24926e-19
10194.1630 -1.58581e-19 -8.26629e-19
10195.2490 -7.55898e-19 -5.14519e-19
10196.3350 -3.33743e-20 -2.72851e-19
10197.4210 3.53300e-19 2.40332e-19
10198.5070 3.39119e-19 2.40837e-19
10199.5930 6.36142e-19 2.37661e-19
10200.6790 2.93200e-19 2.34088e-19
10201.7650 1.95873e-19 2.39326e-19
10202.8510 2.54373e-20 3.02894e-19
10203.9370 -4.48391e-19 -5.38531e-19
10205.0230 7.03243e-20 6.18807e-19
10206.1090 -1.43128e-19 -6.34278e-19
10207.1950 4.07242e-19 9.07612e-19
10208.2810 -8.59066e-19 -6.20544e-19
10209.3670 1.66126e-18 8.42290e-19
10210.4520 -3.19399e-19 -1.08461e-18
10211.5380 2.19375e-19 9.10387e-19
10212.6240 3.39612e-19 1.11536e-18
10213.7100 8.02846e-19 1.06910e-18
10214.7960 1.25901e-18 1.00601e-18
10215.8820 9.88231e-19 7.58503e-19
10216.9680 3.58087e-19 3.48563e-19
10218.0540 4.77447e-19 3.32444e-19
10219.1400 4.24947e-19 3.10122e-19
10220.2260 -4.42555e-20 -1.89262e-19
10221.3120 6.87099e-20 2.13779e-19
10222.3980 1.09315e-19 2.31511e-19
10223.4840 5.73229e-20 2.35284e-19
10224.5700 2.53286e-19 2.44094e-19
10225.6560 -1.34508e-20 -3.89019e-19
10226.7420 -5.92688e-19 -7.33165e-19
10227.8280 5.00333e-19 8.49392e-19
10228.9140 9.53931e-19 8.65972e-19
10230.0000 -2.87726e-19 -8.01329e-19
10231.0860 -1.39362e-19 -6.28206e-19
10232.1720 3.77238e-19 6.21597e-19
10233.2580 3.34037e-19 6.37060e-19
10234.3440 -9.44484e-20 -6.38287e-19
10235.4300 7.09637e-20 5.10702e-19
10236.5160 1.26860e-19 2.91103e-19
10237.6020 1.24427e-19 2.25613e-19
10238.6880 4.62158e-21 2.08715e-19
10239.7740 4.31628e-19 1.84775e-19
10240.8600 3.45856e-19 1.83157e-19
10241.9460 7.44116e-20 1.85743e-19
10243.0320 2.68283e-19 1.85103e-19
10244.1180 4.91046e-19 2.03928e-19
10245.2040 9.57266e-20 1.99232e-19
10246.2900 -1.20778e-19 -1.77263e-19
10247.3760 -8.86637e-20 -1.73437e-19
10248.4620 2.03792e-19 1.73463e-19
10249.5480 1.28818e-20 1.87440e-19
10250.6330 -1.28304e-19 -1.83581e-19
10251.7190 3.52401e-19 1.72732e-19
10252.8050 4.99465e-19 1.73204e-19
10253.8910 3.93476e-19 1.75429e-19
10254.9770 6.61319e-20 1.71034e-19
10256.0630 4.33972e-19 1.80904e-19
10257.1490 1.09869e-18 2.30587e-19
10258.2350 1.18363e-18 2.44420e-19
10259.3210 4.87922e-19 2.16842e-19
10260.4070 4.33953e-19 2.12586e-19
10261.4930 -1.31008e-19 -1.94185e-19
10262.5790 5.57931e-19 1.88339e-19
10263.6650 3.28485e-19 1.90844e-19
10264.7510 1.86395e-19 1.97120e-19
10265.8370 2.25362e-19 2.07735e-19
10266.9230 3.26421e-19 2.27637e-19
10268.0090 1.33167e-19 2.41699e-19
10269.0950 2.07093e-19 2.48518e-19
10270.1810 5.06203e-19 2.61613e-19
10271.2670 -2.67498e-19 -3.56045e-19
10272.3530 -5.98603e-19 -4.78583e-19
10273.4390 7.74830e-19 5.05583e-19
10274.5250 5.22748e-19 5.08984e-19
10275.6110 7.13655e-19 4.56437e-19
10276.6970 4.57381e-19 2.88097e-19
10277.7830 4.45510e-19 2.32176e-19
10278.8690 9.37267e-19 2.22905e-19
10279.9550 8.27574e-19 2.15002e-19
10281.0410 6.74475e-19 2.17528e-19
10282.1270 6.42848e-19 2.13497e-19
10283.2130 1.42079e-19 2.12676e-19
10284.2990 1.92796e-19 2.47215e-19
10285.3850 2.42902e-19 4.71198e-19
10286.4710 1.30008e-18 8.33613e-19
10287.5570 -8.69096e-19 -1.58141e-18
10288.6430 -4.59503e-19 -1.79952e-18
10289.7290 -4.51769e-19 -1.77450e-18
10290.8140 1.63619e-18 1.62919e-18
10291.9000 5.57862e-19 9.54400e-19
10292.9860 2.84904e-19 3.85813e-19
10294.0720 -1.25604e-22 -3.45550e-19
10295.1580 -1.06615e-19 -3.72454e-19
10296.2440 2.03094e-19 6.22353e-19
10297.3300 5.50382e-19 9.39475e-19
10298.4160 -1.26424e-20 -9.81520e-19
10299.5020 -5.92154e-19 -9.69558e-19
10300.5880 -1.32202e-19 -8.23474e-19
10301.6740 3.96994e-19 4.12083e-19
10302.7600 -4.27771e-19 -2.30619e-19
10303.8460 -1.56943e-19 -2.54050e-19
10304.9320 5.14607e-20 2.65891e-19
10306.0180 1.46974e-19 2.68367e-19
10307.1040 -3.54417e-20 -2.81507e-19
10308.1900 3.28884e-19 2.74543e-19
10309.2760 1.45254e-19 3.21366e-19
10310.3620 -4.24320e-19 -4.82155e-19
10311.4480 1.42696e-19 5.76753e-19
10312.5340 -3.71599e-19 -5.93273e-19
10313.6200 1.06811e-19 5.35080e-19
10314.7060 4.20587e-19 3.69133e-19
10315.7920 -8.21188e-21 -3.57186e-19
10316.8780 7.59698e-19 3.31587e-19
10317.9640 -5.26351e-20 -1.93295e-19
10319.0500 -7.86605e-20 -1.90817e-19
10320.1360 -1.22065e-19 -1.86813e-19
10321.2220 6.62649e-20 1.76640e-19
10322.3080 2.91592e-19 1.77595e-19
10323.3940 1.47440e-19 1.89706e-19
10324.4800 -2.62005e-19 -3.54394e-19
10325.5660 1.58086e-19 3.59190e-19
10326.6520 8.27738e-20 3.78937e-19
10327.7380 2.04419e-19 2.83507e-19
10328.8240 -1.54890e-19 -3.18614e-19
10329.9100 -9.72261e-20 -3.35337e-19
10330.9950 1.56714e-19 3.26088e-19
10332.0810 1.94388e-19 2.79841e-19
10333.1670 5.14044e-19 2.22150e-19
10334.2530 6.73634e-19 1.96475e-19
10335.3390 4.89373e-19 1.93614e-19
10336.4250 2.21517e-19 1.86684e-19
10337.5110 5.72418e-20 1.81590e-19
10338.5970 1.45231e-19 1.82576e-19
10339.6830 3.05269e-19 1.96589e-19
10340.7690 4.16639e-19 3.22990e-19
10341.8550 -1.38384e-19 -3.93483e-19
10342.9410 -3.09647e-19 -4.03928e-19
10344.0270 -5.51163e-20 -4.00120e-19
10345.1130 5.79466e-19 3.08623e-19
10346.1990 2.29654e-19 2.45176e-19
10347.2850 2.74458e-19 3.87551e-19
10348.3710 1.03859e-18 1.09638e-18
10349.4570 4.33377e-20 1.20606e-18
10350.5430 -1.29700e-19 -8.17182e-19
10351.6290 -8.41649e-19 -7.65278e-19
10352.7150 1.79541e-20 4.24586e-19
10353.8010 -4.48201e-19 -3.01582e-19
10354.8870 7.23764e-19 4.16560e-19
10355.9730 3.23359e-19 4.86101e-19
10357.0590 2.14315e-19 4.85988e-19
10358.1450 5.94838e-19 4.48045e-19
10359.2310 2.33858e-19 3.45034e-19
10360.3170 1.27422e-19 2.17488e-19
10361.4030 5.46401e-19 1.87999e-19
10362.4890 1.00363e-19 1.83396e-19
10363.5750 3.06417e-19 1.80590e-19
10364.6610 1.18193e-19 1.83273e-19
10365.7470 2.31419e-19 1.82092e-19
10366.8330 2.29984e-20 1.77476e-19
10367.9190 9.45635e-20 1.79334e-19
10369.0050 2.64700e-19 1.83386e-19
10370.0900 2.25002e-19 1.90779e-19
10371.1760 3.72737e-19 2.40568e-19
10372.2620 -4.63469e-20 -5.72703e-19
10373.3480 5.23719e-19 9.14834e-19
10374.4340 4.40051e-19 1.33514e-18
10375.5200 4.81095e-19 1.37740e-18
10376.6060 2.03811e-20 1.37976e-18
10377.6920 -2.46263e-18 -1.07816e-18
10378.7780 2.80250e-19 3.80203e-19
10379.8640 4.51897e-19 2.06043e-19
10380.9500 -6.99962e-20 -1.90548e-19
10382.0360 3.50488e-19 1.93800e-19
10383.1220 4.57163e-19 1.89067e-19
10384.2080 2.13726e-19 1.91915e-19
10385.2940 2.02419e-19 1.87932e-19
10386.3800 2.31375e-19 1.84381e-19
10387.4660 5.97497e-19 1.85681e-19
10388.5520 1.22837e-19 1.89973e-19
10389.6380 7.53240e-20 1.88507e-19
10390.7240 4.64414e-19 1.97631e-19
10391.8100 2.48567e-19 2.01796e-19
10392.8960 2.62699e-19 1.99091e-19
10393.9820 9.40585e-20 2.12014e-19
10395.0680 2.89351e-19 2.16452e-19
10396.1540 4.40597e-20 2.82293e-19
10397.2400 7.30727e-19 6.77599e-19
10398.3260 5.45002e-19 8.79881e-19
10399.4120 1.18824e-18 9.12804e-19
10400.4980 8.06914e-19 9.52387e-19
10401.5840 1.21367e-18 6.50554e-19
10402.6700 6.57930e-19 2.37378e-19
10403.7560 3.53148e-19 1.93902e-19
10404.8420 4.30646e-19 1.98076e-19
10405.9280 3.22790e-19 2.01258e-19
10407.0140 8.81003e-20 1.96911e-19
10408.1000 3.62083e-19 1.95090e-19
10409.1860 5.61503e-19 2.17818e-19
10410.2710 4.35480e-19 2.52992e-19
10411.3570 5.87469e-19 2.62872e-19
10412.4430 3.69958e-19 2.42410e-19
10413.5290 3.83192e-20 2.18420e-19
10414.6150 3.89327e-19 2.03180e-19
10415.7010 1.07901e-19 2.01188e-19
10416.7870 -1.74181e-19 -3.10154e-19
10417.8730 2.26182e-19 4.43863e-19
10418.9590 6.80768e-19 1.02062e-18
10420.0450 -1.31548e-19 -1.39176e-18
10421.1310 -5.41424e-19 -1.40866e-18
10422.2170 -1.35980e-19 -1.38454e-18
10423.3030 8.40476e-21 1.03005e-18
10424.3890 -8.83002e-20 -3.73996e-19
10425.4750 1.72837e-19 2.87654e-19
10426.5610 -2.77868e-19 -2.84177e-19
10427.6470 2.70516e-19 2.57384e-19
10428.7330 4.82298e-19 2.70664e-19
10429.8190 2.38505e-19 3.20493e-19
10430.9050 5.63653e-19 3.55366e-19
10431.9910 2.38866e-20 3.85904e-19
10433.0770 1.21884e-19 3.43019e-19
10434.1630 1.84404e-19 2.61378e-19
10435.2490 7.93646e-20 1.89223e-19
10436.3350 1.48752e-19 1.78194e-19
10437.4210 6.36599e-20 1.72760e-19
10438.5070 -7.33919e-20 -1.71617e-19
10439.5930 1.72192e-19 1.67660e-19
10440.6790 2.67734e-19 1.85519e-19
10441.7650 3.58031e-19 1.86635e-19
10442.8510 2.77075e-19 1.77208e-19
10443.9370 -5.50086e-20 -1.96042e-19
10445.0230 4.08951e-19 2.01960e-19
10446.1090 1.97322e-19 1.81019e-19
10447.1950 3.40333e-19 1.89340e-19
10448.2810 2.74158e-19 2.02506e-19
10449.3670 1.29101e-19 2.12065e-19
10450.4520 3.28417e-19 3.39270e-19
10451.5380 7.10404e-19 6.91271e-19
10452.6240 4.46866e-19 7.69682e-19
10453.7100 -1.08905e-19 -7.64086e-19
10454.7960 9.24403e-19 7.28058e-19
10455.8820 -6.76778e-19 -4.23578e-19
10456.9680 -3.25562e-20 -1.90212e-19
10458.0540 3.71497e-19 1.75295e-19
10459.1400 4.09603e-20 1.71121e-19
10460.2260 3.21784e-19 1.69541e-19
10461.3120 3.01104e-20 1.68834e-19
10462.3980 9.68332e-20 1.71966e-19
10463.4840 2.24306e-19 1.73091e-19
10464.5700 -9.09449e-21 -1.75970e-19
10465.6560 -5.68791e-20 -1.75046e-19
10466.7420 2.07096e-19 1.84266e-19
10467.8280 5.32895e-20 2.36350e-19
10468.9140 -9.82996e-20 -5.29737e-19
10470.0000 5.39135e-19 1.02385e-18
10471.0860 1.81473e-18 1.17648e-18
10472.1720 6.88457e-19 1.17004e-18
10473.2580 1.77333e-18 1.10130e-18
10474.3440 -1.09940e-18 -6.28202e-19
10475.4300 7.82238e-20 2.16192e-19
10476.5160 2.12713e-19 1.88363e-19
10477.6020 1.49152e-19 1.84570e-19
10478.6880 2.36469e-19 1.74353e-19
10479.7740 -1.00380e-19 -1.78461e-19
10480.8600 2.29423e-19 1.80994e-19
10481.9460 6.72738e-20 1.81888e-19
10483.0320 4.92015e-19 1.79938e-19
10484.1180 4.34012e-19 1.77578e-19
10485.2040 1.99352e-19 1.77059e-19
10486.2900 5.85411e-19 1.80081e-19
10487.3760 3.99693e-19 2.13619e-19
10488.4620 1.78444e-19 2.56283e-19
10489.5480 8.87244e-20 2.62349e-19
10490.6330 3.75780e-19 2.66929e-19
10491.7190 4.55743e-19 2.45752e-19
10492.8050 1.05284e-19 1.89830e-19
10493.8910 2.86825e-19 1.82781e-19
10494.9770 1.36719e-19 3.03722e-19
10496.0630 4.64635e-19 2.96537e-19
10497.1490 2.72667e-19 1.77653e-19
10498.2350 2.45056e-19 1.79771e-19
10499.3210 1.02665e-19 2.12135e-19
10500.4070 -8.87554e-20 -2.41926e-19
10501.4930 6.86581e-19 2.49219e-19
10502.5790 2.86216e-19 2.41122e-19
10503.6650 2.29036e-19 2.12687e-19
10504.7510 2.56229e-19 1.88394e-19
10505.8370 5.96505e-19 2.05255e-19
10506.9230 5.53906e-19 2.16991e-19
10508.0090 9.94929e-20 2.20512e-19
10509.0950 1.13482e-19 3.27787e-19
10510.1810 -5.46810e-19 -5.94329e-19
10511.2670 1.75500e-20 6.36573e-19
10512.3530 3.69878e-19 6.41983e-19
10513.4390 9.47457e-20 6.08102e-19
10514.5250 1.77468e-19 5.28055e-19
10515.6110 -2.24646e-19 -3.81051e-19
10516.6970 1.17834e-19 3.46881e-19
10517.7830 3.43213e-20 2.69389e-19
10518.8690 4.31410e-19 2.65975e-19
10519.9550 3.47758e-19 2.40638e-19
10521.0410 4.21966e-19 2.04803e-19
10522.1270 3.80739e-21 1.90950e-19
10523.2130 2.05965e-19 1.94130e-19
10524.2990 2.66183e-19 3.02254e-19
10525.3850 7.02928e-19 6.16818e-19
10526.4710 5.52799e-19 8.34589e-19
10527.5570 3.26763e-19 8.61372e-19
10528.6430 9.28450e-19 8.31998e-19
10529.7290 7.64324e-19 6.30660e-19
10530.8140 -2.02121e-19 -2.76357e-19
10531.9000 1.36673e-19 1.77795e-19
10532.9860 4.48220e-19 1.74840e-19
10534.0720 2.26013e-20 1.70363e-19
10535.1580 1.16174e-19 1.69001e-19
10536.2440 2.71993e-19 1.70521e-19
10537.3300 2.35163e-19 1.73739e-19
10538.4160 4.48353e-19 1.77963e-19
10539.5020 4.01920e-19 1.73744e-19
10540.5880 3.27251e-19 1.71836e-19
10541.6740 2.93836e-19 1.72375e-19
10542.7600 3.69281e-19 1.72551e-19
10543.8460 1.64421e-19 1.68299e-19
10544.9320 8.15910e-20 1.68998e-19
10546.0180 1.65939e-19 1.83375e-19
10547.1040 4.10909e-19 1.84444e-19
10548.1900 6.24301e-19 1.79087e-19
10549.2760 7.83497e-22 1.76128e-19
10550.3620 7.39728e-20 1.73391e-19
10551.4480 4.65210e-19 1.76456e-19
10552.5340 1.12028e-19 2.37777e-19
10553.6200 6.79574e-20 2.63522e-19
10554.7060 -2.50945e-19 -2.21768e-19
10555.7920 1.59901e-19 2.20112e-19
10556.8780 1.08204e-19 2.19955e-19
10557.9640 1.77565e-19 1.91674e-19
10559.0500 3.08609e-19 1.72555e-19
10560.1360 6.76671e-19 1.78040e-19
10561.2220 4.97201e-19 1.73726e-19
10562.3080 4.41544e-20 1.71816e-19
10563.3940 2.49054e-19 1.68715e-19
10564.4800 1.31897e-19 1.90917e-19
10565.5660 4.00072e-20 1.87452e-19
10566.6520 2.86950e-19 1.66357e-19
10567.7380 1.74321e-19 1.91365e-19
10568.8240 9.16920e-20 1.98685e-19
10569.9100 2.28059e-19 1.76799e-19
10570.9950 3.03657e-19 1.78355e-19
10572.0810 4.93872e-19 2.14974e-19
10573.1670 5.19164e-19 3.31113e-19
10574.2530 6.69163e-19 4.22128e-19
10575.3390 3.91570e-19 4.28519e-19
10576.4250 2.09323e-20 4.09197e-19
10577.5110 1.55376e-19 3.20187e-19
10578.5970 2.77873e-19 1.89705e-19
10579.6830 1.79048e-19 1.70549e-19
10580.7690 2.06276e-19 2.57801e-19
10581.8550 5.18746e-19 2.58320e-19
10582.9410 4.87565e-20 1.70686e-19
10584.0270 -3.56492e-20 -1.65675e-19
10585.1130 2.64682e-19 2.08387e-19
10586.1990 4.06604e-19 3.67313e-19
10587.2850 3.73323e-19 5.14226e-19
10588.3710 6.39099e-20 5.54327e-19
10589.4570 -1.68163e-19 -5.51892e-19
10590.5430 -1.43002e-19 -4.69259e-19
10591.6290 4.49158e-19 3.00838e-19
10592.7150 3.74662e-19 2.08987e-19
10593.8010 4.40055e-19 1.93424e-19
10594.8870 7.47335e-20 1.83408e-19
10595.9730 1.77900e-19 1.87831e-19
10597.0590 7.20919e-20 1.90197e-19
10598.1450 2.23152e-19 1.98999e-19
10599.2310 5.48823e-19 2.12770e-19
10600.3170 3.60962e-19 2.16966e-19
10601.4030 8.68366e-20 2.26372e-19
10602.4890 3.10167e-19 2.31824e-19
10603.5750 3.74050e-19 2.14479e-19
10604.6610 1.86728e-19 1.97540e-19
10605.7470 2.40516e-20 1.89147e-19
10606.8330 1.35823e-19 1.80590e-19
10607.9190 4.08403e-19 1.84338e-19
10609.0050 3.75353e-20 2.73324e-19
10610.0900 5.51442e-21 2.73725e-19
10611.1760 2.77395e-19 1.83765e-19
10612.2620 3.35018e-19 1.86837e-19
10613.3480 3.43426e-20 1.88705e-19
10614.4340 -1.10392e-19 -1.79337e-19
10615.5200 1.37767e-19 1.76012e-19
10616.6060 -1.56793e-20 -1.71639e-19
10617.6920 1.37832e-20 1.70307e-19
10618.7780 5.52200e-20 1.85529e-19
10619.8640 3.49096e-19 1.86403e-19
10620.9500 5.37456e-19 1.70826e-19
10622.0360 4.09857e-19 1.73268e-19
10623.1220 3.95925e-19 1.80947e-19
10624.2080 3.35062e-19 1.83312e-19
10625.2940 1.81484e-19 1.81553e-19
10626.3800 4.22190e-19 1.83672e-19
10627.4660 4.63723e-19 1.81925e-19
10628.5520 3.82131e-19 1.76774e-19
10629.6380 2.14155e-19 1.74105e-19
10630.7240 1.80558e-19 1.71101e-19
10631.8100 3.52637e-19 1.65472e-19
10632.8960 2.39924e-19 1.60370e-19
10633.9820 2.13642e-19 1.59820e-19
10635.0680 1.44695e-19 1.57525e-19
10636.1540 1.65544e-19 1.56908e-19
10637.2400 3.24305e-19 1.60647e-19
10638.3260 2.08733e-19 1.64018e-19
10639.4120 4.47495e-19 1.69272e-19
10640.4980 3.28551e-19 1.93853e-19
10641.5840 2.22442e-20 2.60157e-19
10642.6700 -8.51611e-20 -3.00457e-19
10643.7560 -8.14472e-21 -3.04386e-19
10644.8420 4.07934e-19 2.87116e-19
10645.9280 3.52172e-19 2.28612e-19
10647.0140 2.73889e-19 1.69721e-19
10648.1000 1.31521e-20 1.58699e-19
10649.1860 7.41037e-20 1.71021e-19
10650.2710 3.79091e-20 1.68867e-19
10651.3570 2.59380e-19 1.74450e-19
10652.4430 2.42259e-19 2.73965e-19
10653.5290 1.97939e-20 3.56455e-19
10654.6150 -1.19745e-19 -3.61581e-19
10655.7010 1.12450e-19 3.61100e-19
10656.7870 1.16398e-19 3.17300e-19
10657.8730 -3.95865e-19 -2.29440e-19
10658.9590 -1.49551e-19 -1.68094e-19
10660.0450 1.60585e-19 1.60917e-19
10661.1310 -3.35938e-20 -1.62465e-19
10662.2170 -2.32384e-19 -1.64260e-19
10663.3030 1.25332e-19 1.62352e-19
10664.3890 -5.09334e-21 -1.59371e-19
10665.4750 2.84593e-20 1.57957e-19
10666.5610 -3.26836e-19 -1.73506e-19
10667.6470 -1.82210e-19 -1.85831e-19
10668.7330 2.68148e-19 1.93288e-19
10669.8190 3.37078e-19 1.96535e-19
10670.9050 1.29472e-19 1.81093e-19
10671.9910 1.08071e-19 1.70249e-19
10673.0770 2.10527e-19 1.67430e-19
10674.1630 2.81574e-19 1.63143e-19
10675.2490 -1.74516e-20 -1.59689e-19
10676.3350 -6.55331e-20 -1.62849e-19
10677.4210 3.53380e-19 1.64870e-19
10678.5070 1.67280e-19 1.65198e-19
10679.5930 2.19379e-19 1.64542e-19
10680.6790 1.95072e-19 1.65422e-19
10681.7650 4.01899e-19 1.78976e-19
10682.8510 2.69808e-19 2.03920e-19
10683.9370 4.25718e-19 2.50571e-19
10685.0230 -3.95196e-20 -3.21640e-19
10686.1090 1.54401e-19 3.67001e-19
10687.1950 4.25118e-19 4.15070e-19
10688.2810 4.44281e-19 6.67589e-19
10689.3670 2.72574e-19 7.01268e-19
10690.4520 -1.00941e-19 -4.84348e-19
10691.5380 -1.34343e-19 -4.68254e-19
10692.6240 -3.17400e-19 -4.47873e-19
10693.7100 -4.66442e-19 -4.04220e-19
10694.7960 1.39549e-19 3.59752e-19
10695.8820 1.10195e-19 3.31288e-19
10696.9680 5.63755e-20 3.44242e-19
10698.0540 -7.43063e-19 -5.03087e-19
10699.1400 4.98889e-19 5.84452e-19
10700.2260 1.74852e-18 6.05024e-19
10701.3120 8.27224e-19 5.83415e-19
10702.3980 6.37319e-20 4.40798e-19
10703.4840 -2.41703e-20 -3.65607e-19
10704.5700 -6.63100e-20 -4.55922e-19
10705.6560 1.00730e-19 4.77508e-19
10706.7420 -1.20027e-19 -4.63800e-19
10707.8280 -1.30971e-19 -4.25226e-19
10708.9140 7.01007e-20 3.02913e-19
10710.0000 9.36746e-20 2.36013e-19
10711.0860 -1.58251e-19 -5.45728e-19
10712.1720 3.09264e-19 8.06021e-19
10713.2580 -4.79632e-19 -8.63764e-19
10714.3440 -6.21482e-19 -8.65159e-19
10715.4300 -1.22144e-19 -7.34307e-19
10716.5160 1.30872e-19 4.80011e-19
10717.6020 -8.17874e-20 -3.78276e-19
10718.6880 -5.31191e-20 -3.65901e-19
10719.7740 6.51019e-21 3.35200e-19
10720.8600 -1.28848e-20 -4.57461e-19
10721.9460 -2.91453e-19 -6.04256e-19
10723.0320 9.06467e-20 6.25681e-19
10724.1180 6.76226e-19 6.19801e-19
10725.2040 -5.77902e-19 -7.84681e-19
10726.2900 9.67363e-19 5.58539e-19
10727.3760 -4.98316e-20 -3.66727e-19
10728.4620 1.09035e-19 4.90522e-19
10729.5480 1.47293e-18 9.88175e-19
10730.6330 4.46254e-20 1.12341e-18
10731.7190 -1.09735e-19 -1.12795e-18
10732.8050 -2.93538e-19 -1.08495e-18
10733.8910 3.42992e-20 7.46735e-19
10734.9770 1.78069e-19 3.32492e-19
10736.0630 2.39596e-19 2.05738e-19
10737.1490 7.28286e-20 2.45289e-19
10738.2350 -7.31277e-20 -2.83360e-19
10739.3210 4.85070e-19 2.94992e-19
10740.4070 3.14508e-19 2.91611e-19
10741.4930 1.12539e-19 2.55647e-19
10742.5790 -1.49470e-20 -2.34344e-19
10743.6650 -3.60967e-19 -5.26405e-19
10744.7510 3.93833e-19 7.26047e-19
10745.8370 -2.88655e-19 -7.68678e-19
10746.9230 5.56089e-19 7.60981e-19
10748.0090 4.44307e-19 7.05846e-19
10749.0950 1.67159e-19 3.95094e-19
10750.1810 -6.46804e-20 -2.71550e-19
10751.2670 1.40560e-18 7.88506e-19
10752.3530 -8.83806e-20 -1.24381e-18
10753.4390 1.46213e-18 1.23776e-18
10754.5250 1.35788e-20 1.22773e-18
10755.6110 -6.54137e-19 -1.01805e-18
10756.6970 1.71961e-20 5.01071e-19
10757.7830 -5.36094e-20 -2.22355e-19
10758.8690 7.85024e-20 1.93808e-19
10759.9550 6.16646e-20 1.89591e-19
10761.0410 4.34956e-20 1.89252e-19
10762.1270 -1.27525e-19 -1.88496e-19
10763.2130 8.98672e-20 2.31730e-19
10764.2990 3.89383e-19 2.66787e-19
10765.3850 4.67581e-19 2.76045e-19
10766.4710 3.46773e-19 2.69837e-19
10767.5570 1.55269e-19 2.33978e-19
10768.6430 2.61427e-19 1.90291e-19
10769.7290 3.35066e-19 1.81516e-19
10770.8140 6.66147e-19 1.94856e-19
10771.9000 2.10095e-19 2.85606e-19
10772.9860 -5.07806e-19 -6.37978e-19
10774.0720 -1.58279e-20 -7.60211e-19
10775.1580 1.02646e-19 7.63357e-19
10776.2440 1.97410e-19 7.29301e-19
10777.3300 2.55988e-19 4.75290e-19
10778.4160 1.99693e-19 2.31686e-19
10779.5020 2.59017e-19 1.81482e-19
10780.5880 3.47501e-19 1.82040e-19
10781.6740 2.28378e-19 1.83646e-19
10782.7600 3.78429e-19 1.99151e-19
10783.8460 2.92219e-19 1.95198e-19
10784.9320 3.54781e-19 1.88622e-19
10786.0180 4.73076e-19 1.83030e-19
10787.1040 9.37678e-21 1.79888e-19
10788.1900 1.73996e-19 1.75801e-19
10789.2760 1.43485e-19 1.74342e-19
10790.3620 5.04835e-19 1.72218e-19
10791.4480 5.64018e-19 1.73314e-19
10792.5340 2.23872e-19 1.83494e-19
10793.6200 2.46712e-19 2.23554e-19
10794.7060 -1.06655e-19 -2.66505e-19
10795.7920 -1.53525e-19 -2.95312e-19
10796.8780 -1.19882e-19 -2.87789e-19
10797.9640 -8.43896e-21 -2.57508e-19
10799.0500 -2.65117e-19 -2.14682e-19
10800.1360 2.20489e-19 1.79919e-19
10801.2220 3.26154e-19 1.94724e-19
10802.3080 -1.87573e-19 -2.29553e-19
10803.3940 4.23866e-19 2.73626e-19
10804.4800 7.25810e-19 2.85316e-19
10805.5660 2.06753e-19 2.47518e-19
10806.6520 2.93095e-19 2.15577e-19
10807.7380 4.17581e-19 1.86163e-19
10808.8240 3.10790e-19 1.85040e-19
10809.9100 2.75638e-19 1.88947e-19
10810.9950 3.72557e-19 1.94494e-19
10812.0810 1.97698e-19 1.99678e-19
10813.1670 2.58455e-19 1.97371e-19
10814.2530 1.09061e-19 1.92916e-19
10815.3390 1.19282e-19 1.92627e-19
10816.4250 9.64792e-20 3.23819e-19
10817.5110 6.65323e-20 3.12157e-19
10818.5970 1.67350e-19 1.81232e-19
10819.6830 2.71977e-19 1.76229e-19
10820.7690 -1.76103e-19 -1.68731e-19
10821.8550 2.32319e-19 1.66732e-19
10822.9410 -2.77337e-20 -1.66367e-19
10824.0270 1.80130e-19 1.64800e-19
10825.1130 3.94002e-19 1.69879e-19
10826.1990 8.32162e-20 1.73587e-19
10827.2850 6.01978e-20 1.77004e-19
10828.3710 9.96387e-20 1.88016e-19
10829.4570 5.22973e-19 3.53056e-19
10830.5430 1.42681e-19 6.46861e-19
10831.6290 1.37824e-18 2.05988e-18
10832.7150 -5.22309e-18 -3.16296e-18
10833.8010 6.11712e-19 1.95924e-18
10834.8870 -2.44789e-18 -1.91670e-18
10835.9730 -2.93106e-19 -1.61908e-18
10837.0590 -4.25459e-19 -6.77820e-19
10838.1450 1.40357e-19 3.09592e-19
10839.2310 4.80597e-20 3.68757e-19
10840.3170 1.97968e-19 3.81770e-19
10841.4030 2.27705e-19 4.72791e-19
10842.4890 -3.15077e-19 -9.66659e-19
10843.5750 -1.30208e-18 -1.10723e-18
10844.6610 3.92029e-19 1.11109e-18
10845.7470 1.05907e-18 1.06428e-18
10846.8330 1.11507e-18 7.51059e-19
10847.9190 5.89527e-19 2.88097e-19
10849.0050 1.96151e-19 1.88478e-19
10850.0900 4.79987e-19 1.82776e-19
10851.1760 4.02661e-19 1.80701e-19
10852.2620 4.21030e-19 2.11458e-19
10853.3480 2.87401e-19 2.51231e-19
10854.4340 1.39897e-19 2.57018e-19
10855.5200 5.18892e-19 2.64251e-19
10856.6060 1.16744e-19 3.40330e-19
10857.6920 4.81080e-19 5.44955e-19
10858.7780 2.37142e-19 6.38257e-19
10859.8640 -3.05402e-19 -6.85533e-19
10860.9500 -2.73858e-19 -6.39345e-19
10862.0360 5.96152e-19 4.17673e-19
10863.1220 1.76587e-19 2.15173e-19
10864.2080 4.62213e-19 1.80927e-19
10865.2940 2.83571e-19 1.64031e-19
10866.3800 2.50358e-19 1.59426e-19
10867.4660 3.71547e-20 1.81326e-19
10868.5520 4.60792e-19 1.86489e-19
10869.6380 1.75389e-19 1.61127e-19
10870.7240 1.18744e-19 1.58819e-19
10871.8100 2.83688e-19 1.81994e-19
10872.8960 -3.05621e-19 -2.02662e-19
10873.9820 2.23230e-19 2.19641e-19
10875.0680 -4.07307e-20 -2.43892e-19
10876.1540 4.33985e-19 3.16967e-19
10877.2400 1.11944e-19 3.79603e-19
10878.3260 -7.21836e-19 -4.29127e-19
10879.4120 4.67069e-20 4.06455e-19
10880.4980 8.50123e-19 4.06779e-19
10881.5840 3.74910e-19 3.18524e-19
10882.6700 2.13239e-19 1.93619e-19
10883.7560 1.11459e-19 1.68624e-19
10884.8420 8.16923e-20 1.94743e-19
10885.9280 3.80799e-19 2.20090e-19
10887.0140 2.47976e-19 2.35983e-19
10888.1000 -9.31522e-20 -2.34164e-19
10889.1860 2.21517e-19 2.08528e-19
10890.2710 5.89267e-19 1.82848e-19
10891.3570 -7.32770e-20 -1.64571e-19
10892.4430 1.52758e-19 1.64975e-19
10893.5290 -1.06512e-19 -1.65778e-19
10894.6150 9.19416e-20 1.85305e-19
10895.7010 7.51851e-21 3.63769e-19
10896.7870 -1.17459e-18 -7.86371e-19
10897.8730 -1.87307e-19 -8.91996e-19
10898.9590 6.74652e-19 8.98112e-19
10900.0450 6.57172e-19 8.46478e-19
10901.1310 -2.87916e-19 -5.13785e-19
10902.2170 5.43407e-19 2.59656e-19
10903.3030 -2.60004e-20 -2.40764e-19
10904.3890 4.31587e-19 2.31786e-19
10905.4750 -8.07467e-22 -2.10940e-19
10906.5610 3.54795e-20 1.99501e-19
10907.6470 6.74569e-20 1.71140e-19
10908.7330 -7.11759e-20 -1.63875e-19
10909.8190 4.39447e-19 1.65636e-19
10910.9050 3.33462e-19 1.65695e-19
10911.9910 2.11810e-19 1.63385e-19
10913.0770 1.13932e-19 1.60395e-19
10914.1630 -1.81363e-20 -1.60392e-19
10915.2490 -1.64773e-19 -1.64788e-19
10916.3350 -1.57034e-19 -1.68318e-19
10917.4210 2.33785e-19 1.70300e-19
10918.5070 3.77705e-19 1.68796e-19
10919.5930 1.26241e-19 1.83469e-19
10920.6790 3.16133e-19 1.95524e-19
10921.7650 -3.55699e-19 -2.13081e-19
10922.8510 -1.74802e-19 -3.68102e-19
10923.9370 1.55673e-19 9.91868e-19
10925.0230 1.13895e-18 1.56021e-18
10926.1090 5.69873e-18 2.51107e-18
10927.1950 1.89715e-18 2.41572e-18
10928.2810 -8.66522e-19 -1.31632e-18
10929.3670 -7.16520e-19 -5.35609e-19
10930.4520 -1.73496e-19 -2.35392e-19
10931.5380 1.12170e-20 1.96254e-19
10932.6240 3.69272e-19 1.93074e-19
10933.7100 5.03292e-19 1.89924e-19
10934.7960 4.63555e-19 1.86113e-19
10935.8820 1.48526e-19 1.80847e-19
10936.9680 -9.49218e-20 -1.77048e-19
10938.0540 1.63515e-19 1.68382e-19
10939.1400 1.64088e-19 1.69319e-19
10940.2260 4.92866e-19 1.76901e-19
10941.3120 3.77083e-19 1.77635e-19
10942.3980 1.23047e-19 1.86904e-19
10943.4840 5.33340e-19 3.04286e-19
10944.5700 3.48216e-19 3.32204e-19
10945.6560 1.13016e-19 2.14488e-19
10946.7420 4.55720e-19 1.78703e-19
10947.8280 5.89104e-19 2.88230e-19
10948.9140 1.05645e-18 6.90461e-19
10950.0000 2.74014e-19 1.03158e-18
10951.0860 3.32735e-19 1.06613e-18
10952.1720 1.38293e-19 1.04036e-18
10953.2580 1.48371e-19 8.49240e-19
10954.3440 3.02305e-19 3.61744e-19
10955.4300 7.16660e-20 2.02768e-19
10956.5160 3.03567e-19 1.80357e-19
10957.6020 1.57248e-19 1.69533e-19
10958.6880 2.66933e-19 1.67299e-19
10959.7740 -2.43320e-20 -1.66135e-19
10960.8600 7.64173e-20 1.61451e-19
10961.9460 2.27581e-19 1.63275e-19
10963.0320 3.09185e-19 1.74952e-19
10964.1180 3.91074e-19 1.93790e-19
10965.2040 9.12316e-20 1.97336e-19
10966.2900 -4.14812e-19 -2.14367e-19
10967.3760 1.00550e-19 2.40974e-19
10968.4620 4.57732e-19 2.66763e-19
10969.5480 4.01242e-19 3.05404e-19
10970.6330 -3.32230e-19 -4.31046e-19
10971.7190 6.58197e-19 6.54858e-19
10972.8050 -1.13740e-20 -1.02428e-18
10973.8910 -1.18024e-18 -1.64363e-18
10974.9770 -1.22932e-18 -1.77421e-18
10976.0630 -1.18504e-18 -1.74038e-18
10977.1490 2.10887e-19 1.43099e-18
10978.2350 -3.73288e-19 -6.72793e-19
10979.3210 4.35228e-19 3.02380e-19
10980.4070 3.41302e-20 2.38394e-19
10981.4930 -1.05781e-19 -2.21522e-19
10982.5790 4.38699e-20 2.06365e-19
10983.6650 3.58562e-19 2.31848e-19
10984.7510 1.71991e-19 3.18727e-19
10985.8370 1.52371e-19 3.24721e-19
10986.9230 3.97808e-19 2.76871e-19
10988.0090 1.79699e-19 2.61353e-19
10989.0950 -1.89650e-19 -1.97143e-19
10990.1810 1.15576e-19 1.85518e-19
10991.2670 3.00600e-19 1.69938e-19
10992.3530 1.48080e-19 1.82628e-19
10993.4390 8.25158e-20 1.81293e-19
10994.5250 2.99029e-19 1.69937e-19
10995.6110 3.96616e-19 1.72722e-19
10996.6970 4.44226e-19 1.71074e-19
10997.7830 6.73096e-22 1.64449e-19
10998.8690 -1.22072e-19 -1.64013e-19
10999.9550 -5.61051e-20 -1.61238e-19
11001.0410 2.20646e-19 1.83416e-19
11002.1270 2.32899e-19 1.95721e-19
11003.2130 2.89709e-19 3.16731e-19
11004.2990 1.77739e-19 3.20230e-19
11005.3850 -1.31030e-19 -2.16164e-19
11006.4710 4.07715e-19 4.85279e-19
11007.5570 9.25146e-19 8.53890e-19
11008.6430 1.01862e-18 9.68829e-19
11009.7290 -2.80622e-19 -1.13642e-18
11010.8140 6.03142e-19 1.01972e-18
11011.9000 -9.37993e-20 -5.15791e-19
11012.9860 4.35116e-19 2.26153e-19
11014.0720 6.33788e-19 1.83350e-19
11015.1580 3.81186e-19 1.74608e-19
11016.2440 2.38363e-19 1.69385e-19
11017.3300 2.66121e-19 1.61785e-19
11018.4160 3.34984e-19 1.65635e-19
11019.5020 3.53197e-19 1.64480e-19
11020.5880 8.17001e-19 2.94542e-19
11021.6740 1.58761e-19 2.98787e-19
11022.7600 -9.47128e-20 -1.67633e-19
11023.8460 1.63621e-19 1.72230e-19
11024.9320 2.12644e-19 1.85500e-19
11026.0180 7.87650e-19 3.09768e-19
11027.1040 1.69842e-18 8.10152e-19
11028.1900 1.57235e-18 1.30626e-18
11029.2760 -1.94833e-19 -1.45553e-18
11030.3620 1.35322e-18 1.46959e-18
11031.4480 2.52931e-18 1.88799e-18
11032.5340 2.37249e-19 1.07750e-18
11033.6200 -1.93286e-19 -2.76527e-19
11034.7060 -1.30758e-19 -1.83320e-19
11035.7920 2.29257e-19 1.79795e-19
11036.8780 4.95893e-19 1.87559e-19
11037.9640 3.02475e-19 1.91488e-19
11039.0500 3.27699e-19 2.05265e-19
11040.1360 2.24981e-19 2.18710e-19
11041.2220 -2.89479e-20 -2.17946e-19
11042.3080 4.85953e-19 2.36290e-19
11043.3940 6.85337e-19 2.28225e-19
11044.4800 3.06754e-19 1.92947e-19
11045.5660 1.07862e-19 1.81172e-19
11046.6520 1.03827e-19 1.70843e-19
11047.7380 1.42794e-19 1.62294e-19
11048.8240 4.24513e-20 1.56618e-19
11049.9100 -6.41337e-20 -1.56879e-19
11050.9950 2.20349e-19 1.70772e-19
11052.0810 1.74213e-19 2.19317e-19
11053.1670 5.47481e-19 2.69568e-19
11054.2530 4.01221e-19 2.82124e-19
11055.3390 4.70886e-19 2.78407e-19
11056.4250 -1.21592e-19 -2.43399e-19
11057.5110 -2.48133e-19 -1.86417e-19
11058.5970 -4.11569e-20 -1.75477e-19
11059.6830 8.70612e-20 1.72633e-19
11060.7690 1.69700e-19 1.84935e-19
11061.8550 4.53425e-19 2.13189e-19
11062.9410 3.31585e-19 2.38267e-19
11064.0270 5.59224e-19 2.37850e-19
11065.1130 3.05740e-19 2.28378e-19
11066.1990 -8.14114e-20 -2.06859e-19
11067.2850 1.96574e-19 2.02168e-19
11068.3710 4.09595e-19 2.23210e-19
11069.4570 4.42378e-19 3.73763e-19
11070.5430 5.26396e-19 6.32781e-19
11071.6290 5.75036e-19 7.47193e-19
11072.7150 1.13886e-18 7.51051e-19
11073.8010 5.95353e-19 6.81811e-19
11074.8870 -3.74625e-19 -4.64696e-19
11075.9730 -3.81736e-20 -2.14706e-19
11077.0590 5.30604e-20 1.65399e-19
11078.1450 4.41210e-19 1.63627e-19
11079.2310 2.39813e-19 1.57576e-19
11080.3170 2.66102e-19 1.64430e-19
11081.4030 2.19606e-19 2.02358e-19
11082.4890 -5.03707e-20 -2.54081e-19
11083.5750 2.58787e-20 2.72749e-19
11084.6610 3.13279e-20 2.76598e-19
11085.7470 1.09900e-19 2.70935e-19
11086.8330 -1.46020e-19 -4.44722e-19
11087.9190 6.49656e-19 8.24425e-19
11089.0050 3.36521e-19 1.03103e-18
11090.0900 -2.06984e-19 -1.04193e-18
11091.1760 8.56420e-19 9.76926e-19
11092.2620 1.77528e-18 7.37895e-19
11093.3480 2.94703e-20 3.44122e-19
11094.4340 -2.60879e-19 -2.05666e-19
11095.5200 2.47716e-19 1.72471e-19
11096.6060 3.84908e-19 1.69485e-19
11097.6920 2.37963e-19 1.55152e-19
11098.7780 6.52156e-20 1.57495e-19
11099.8640 -1.00293e-19 -1.55064e-19
11100.9500 6.61289e-20 1.53313e-19
11102.0360 1.67182e-19 1.60007e-19
11103.1220 5.74110e-20 1.61196e-19
11104.2080 -4.24408e-20 -1.66086e-19
11105.2940 2.32598e-19 1.71776e-19
11106.3800 5.16801e-19 1.86561e-19
11107.4660 5.30417e-19 1.90406e-19
11108.5520 3.61852e-19 1.90874e-19
11109.6380 9.24748e-20 1.87822e-19
11110.7240 1.95226e-19 1.77153e-19
11111.8100 -2.70050e-20 -1.74530e-19
11112.8960 1.68709e-19 1.68065e-19
11113.9820 2.34761e-19 1.64265e-19
11115.0680 -1.37953e-19 -1.65946e-19
11116.1540 1.16532e-19 1.64113e-19
11117.2400 1.81604e-19 1.60329e-19
11118.3260 6.92193e-20 1.58020e-19
11119.4120 2.68402e-19 1.57491e-19
11120.4980 5.79060e-20 1.68069e-19
11121.5840 -2.40971e-19 -2.15984e-19
11122.6700 3.86578e-19 2.40352e-19
11123.7560 3.05241e-19 2.30126e-19
11124.8420 3.40726e-19 2.22688e-19
11125.9280 1.60489e-19 1.94647e-19
11127.0140 3.14350e-19 1.67414e-19
11128.1000 1.86606e-19 1.61463e-19
11129.1860 1.03702e-20 1.67238e-19
11130.2710 1.46590e-19 1.70921e-19
11131.3570 2.55109e-19 2.56490e-19
11132.4430 5.09441e-19 2.66175e-19
11133.5290 1.69481e-19 2.56367e-19
11134.6150 1.32328e-20 1.62936e-19
11135.7010 1.48571e-19 1.66241e-19
11136.7870 2.48821e-19 1.79772e-19
11137.8730 4.02786e-19 2.96708e-19
11138.9590 2.81388e-19 4.86034e-19
11140.0450 -8.67214e-19 -5.62235e-19
11141.1310 3.39604e-20 5.45286e-19
11142.2170 1.14405e-20 5.04626e-19
11143.3030 -3.06704e-19 -3.67754e-19
11144.3890 4.69820e-19 2.08551e-19
11145.4750 4.48256e-19 1.74606e-19
11146.5610 4.36322e-19 1.73943e-19
11147.6470 4.08902e-19 1.73484e-19
11148.7330 1.35676e-20 1.72380e-19
11149.8190 -7.22215e-20 -1.85415e-19
11150.9050 -9.39124e-20 -2.10374e-19
11151.9910 -1.97060e-19 -2.52159e-19
11153.0770 1.74737e-19 4.27418e-19
11154.1630 2.10556e-19 6.58013e-19
11155.2490 3.22468e-19 7.62191e-19
11156.3350 1.23811e-18 7.47688e-19
11157.4210 1.22235e-18 6.82903e-19
11158.5070 2.36133e-19 4.80306e-19
11159.5930 2.39077e-19 2.60129e-19
11160.6790 1.66054e-19 2.01484e-19
11161.7650 1.75930e-19 2.18776e-19
11162.8510 -4.24004e-20 -2.83252e-19
11163.9370 -7.56208e-20 -3.52684e-19
11165.0230 -4.71495e-19 -4.00284e-19
11166.1090 -8.35334e-20 -3.93997e-19
11167.1950 8.18563e-20 3.63162e-19
11168.2810 -5.36531e-20 -3.31565e-19
11169.3670 1.28874e-19 6.36134e-19
11170.4520 3.08312e-19 6.64611e-19
11171.5380 -2.66494e-19 -3.33743e-19
11172.6240 -6.32517e-21 -3.00199e-19
11173.7100 1.23570e-19 2.69571e-19
11174.7960 -1.50807e-19 -2.40040e-19
11175.8820 1.55637e-19 1.93424e-19
11176.9680 9.46501e-20 1.76135e-19
11178.0540 1.80864e-19 1.76274e-19
11179.1400 6.62946e-20 1.81217e-19
11180.2260 1.84163e-19 1.94051e-19
11181.3120 3.95363e-19 2.01665e-19
11182.3980 -2.02743e-20 -2.25879e-19
11183.4840 3.14762e-19 2.49631e-19
11184.5700 2.62964e-19 2.16942e-19
11185.6560 3.42043e-20 3.22345e-19
11186.7420 -4.20216e-19 -4.07447e-19
11187.8280 1.81705e-19 3.25410e-19
11188.9140 -3.75926e-19 -3.70503e-19
11190.0000 1.02139e-19 2.46235e-19
11191.0860 3.31514e-19 2.33534e-19
11192.1720 2.17054e-19 2.45744e-19
11193.2580 3.11675e-19 2.57167e-19
11194.3440 2.59275e-19 2.33802e-19
11195.4300 4.37995e-20 2.07467e-19
11196.5160 2.63938e-19 2.08884e-19
11197.6020 5.15067e-19 2.14758e-19
11198.6880 3.96986e-19 2.17074e-19
11199.7740 5.14326e-19 2.30234e-19
11200.8600 4.43701e-19 2.14860e-19
11201.9460 6.54976e-19 2.35543e-19
11203.0320 1.28975e-18 2.89526e-19
11204.1180 7.14043e-19 2.65614e-19
11205.2040 3.96064e-20 2.20314e-19
11206.2900 1.50501e-19 2.13761e-19
11207.3760 -1.83800e-20 -2.25187e-19
11208.4620 -6.05666e-20 -2.43304e-19
11209.5480 3.30342e-19 2.59065e-19
11210.6330 3.27079e-19 3.26925e-19
11211.7190 -7.09025e-19 -4.15936e-19
11212.8050 -1.75424e-19 -5.78113e-19
11213.8910 2.44330e-19 6.44024e-19
11214.9770 1.14574e-19 4.50962e-19
11216.0630 -2.44119e-19 -4.02336e-19
11217.1490 -7.09495e-20 -3.68375e-19
11218.2350 7.11422e-20 3.54203e-19
11219.3210 -5.19606e-21 -3.98535e-19
11220.4070 2.29431e-19 3.34661e-19
11221.4930 -2.49791e-19 -2.98512e-19
11222.5790 -8.06558e-20 -3.68709e-19
11223.6650 -2.30885e-19 -4.61250e-19
11224.7510 -4.09436e-19 -5.13923e-19
11225.8370 2.80227e-21 1.17950e-18
11226.9230 -4.97290e-19 -1.43719e-18
11228.0090 -7.89986e-21 -7.06480e-19
11229.0950 3.94025e-19 5.39563e-19
11230.1810 2.55538e-19 4.06944e-19
11231.2670 2.81138e-19 2.97886e-19
11232.3530 3.99899e-19 2.58533e-19
11233.4390 2.63962e-19 2.65055e-19
11234.5250 9.79099e-19 3.16630e-19
11235.6110 7.87570e-19 4.27320e-19
11236.6970 -2.54644e-19 -4.83976e-19
11237.7830 -2.17293e-19 -3.85211e-19
