lambda flux fluxErr
9752.1719 1.25978e-18 3.41895e-19
9753.2579 1.34459e-18 3.14059e-19
9754.3439 6.59677e-19 2.95905e-19
9755.4299 8.17754e-19 2.93950e-19
9756.5158 1.82800e-18 3.24528e-19
9757.6018 1.00104e-18 3.24429e-19
9758.6878 7.55734e-19 3.27799e-19
9759.7738 6.95482e-19 3.16340e-19
9760.8597 1.60590e-19 3.12346e-19
9761.9457 1.52302e-18 3.11882e-19
9763.0317 8.62050e-19 3.57940e-19
9764.1176 6.21164e-19 3.51112e-19
9765.2036 8.99912e-19 2.80626e-19
9766.2896 8.97213e-19 2.82706e-19
9767.3756 5.40607e-19 2.70548e-19
9768.4615 8.97067e-19 2.79774e-19
9769.5475 1.17025e-18 3.17924e-19
9770.6335 8.71195e-19 3.11017e-19
9771.7195 8.32777e-19 2.69246e-19
9772.8054 5.29309e-19 2.53862e-19
9773.8914 6.48815e-19 2.79211e-19
9774.9774 1.30375e-18 2.78367e-19
9776.0633 1.06576e-18 2.69649e-19
9777.1493 5.86541e-19 2.54963e-19
9778.2353 4.65196e-19 2.60232e-19
9779.3213 7.35214e-19 2.63674e-19
9780.4072 1.27873e-18 2.74761e-19
9781.4932 6.52164e-19 3.13532e-19
9782.5792 1.09471e-18 3.27543e-19
9783.6652 1.26603e-18 2.92930e-19
9784.7511 8.37190e-19 2.77631e-19
9785.8371 9.66479e-19 2.74562e-19
9786.9231 9.72546e-19 2.70651e-19
9788.0090 6.28014e-19 2.77167e-19
9789.0950 1.06367e-18 3.53109e-19
9790.1810 8.86141e-19 5.46054e-19
9791.2670 -5.30732e-19 -9.48252e-19
9792.3529 1.49369e-19 1.37260e-18
9793.4389 -1.99179e-19 -1.47033e-18
9794.5249 -7.63745e-19 -1.43823e-18
9795.6109 3.42513e-18 1.24126e-18
9796.6968 1.46382e-18 8.36100e-19
9797.7828 4.76318e-19 7.15072e-19
9798.8688 1.43838e-18 7.05863e-19
9799.9548 4.35682e-19 5.85315e-19
9801.0407 2.02836e-19 7.78418e-19
9802.1267 5.13166e-19 8.09376e-19
9803.2127 -7.88800e-19 -8.05813e-19
9804.2986 1.02751e-18 7.08060e-19
9805.3846 1.19321e-18 4.22646e-19
9806.4706 6.99995e-19 2.82313e-19
9807.5566 1.21251e-18 3.23692e-19
9808.6425 1.19911e-18 3.94378e-19
9809.7285 1.35560e-19 4.24837e-19
9810.8145 -4.96357e-20 -4.08649e-19
9811.9005 5.14965e-19 4.36301e-19
9812.9864 -2.75751e-20 -4.83715e-19
9814.0724 8.39588e-19 5.21770e-19
9815.1584 1.29153e-18 5.26241e-19
9816.2443 5.71866e-19 4.86910e-19
9817.3303 1.20555e-18 4.14761e-19
9818.4163 9.43723e-19 4.06208e-19
9819.5023 1.27984e-18 4.30666e-19
9820.5882 5.17452e-19 4.19936e-19
9821.6742 1.61477e-18 3.94465e-19
9822.7602 9.61474e-19 3.31840e-19
9823.8462 -8.20766e-20 -2.74697e-19
9824.9321 1.73573e-19 2.58749e-19
9826.0181 1.60166e-19 2.60601e-19
9827.1041 -4.24995e-20 -4.43292e-19
9828.1900 1.33526e-18 5.06947e-19
9829.2760 -1.95977e-19 -5.44559e-19
9830.3620 1.29493e-19 3.57739e-19
9831.4480 1.37648e-18 3.70016e-19
9832.5339 7.11447e-19 3.37859e-19
9833.6199 7.88878e-19 3.14258e-19
9834.7059 7.99551e-19 2.83411e-19
9835.7919 5.34006e-19 2.71942e-19
9836.8778 9.45615e-19 2.74566e-19
9837.9638 6.98273e-19 2.66555e-19
9839.0498 3.11780e-19 2.52406e-19
9840.1357 6.48146e-19 2.56645e-19
9841.2217 5.03610e-19 2.38737e-19
9842.3077 5.43497e-19 5.02792e-19
9843.3937 1.11003e-18 4.98855e-19
9844.4796 1.05865e-18 3.42908e-19
9845.5656 1.22218e-18 2.55689e-19
9846.6516 1.72529e-18 2.79377e-19
9847.7376 1.70076e-18 3.13410e-19
9848.8235 1.35014e-19 5.22362e-19
9849.9095 -2.77756e-19 -7.17745e-19
9850.9955 -2.36412e-19 -7.29589e-19
9852.0814 1.80197e-19 7.13941e-19
9853.1674 2.05911e-19 5.89727e-19
9854.2534 6.24619e-19 3.27226e-19
9855.3394 7.71819e-19 2.38648e-19
9856.4253 7.33879e-19 2.34820e-19
9857.5113 6.26385e-19 2.42213e-19
9858.5973 7.02428e-19 2.44308e-19
9859.6833 7.44606e-19 2.42441e-19
9860.7692 9.55715e-19 2.47800e-19
9861.8552 7.43976e-19 2.30685e-19
9862.9412 1.05902e-18 2.41439e-19
9864.0271 1.20130e-18 2.44944e-19
9865.1131 1.32769e-18 2.46178e-19
9866.1991 6.20871e-19 2.35703e-19
9867.2851 6.17510e-19 2.31360e-19
9868.3710 1.07116e-18 2.55571e-19
9869.4570 7.24318e-19 2.60246e-19
9870.5430 1.08866e-18 2.89192e-19
9871.6290 1.00807e-18 4.24117e-19
9872.7149 1.23273e-18 9.15323e-19
9873.8009 4.15411e-19 1.17946e-18
9874.8869 -1.29150e-18 -1.19622e-18
9875.9729 -1.32573e-18 -1.16497e-18
9877.0588 3.32085e-19 8.65925e-19
9878.1448 7.65612e-19 4.11199e-19
9879.2308 -2.16706e-19 -2.61170e-19
9880.3167 2.64578e-19 2.32058e-19
9881.4027 5.91414e-19 2.34401e-19
9882.4887 8.09011e-19 2.39548e-19
9883.5747 4.56469e-19 2.41836e-19
9884.6606 4.90755e-19 2.47338e-19
9885.7466 2.47201e-19 2.71952e-19
9886.8326 1.46294e-18 3.31892e-19
9887.9186 3.06413e-19 3.56073e-19
9889.0045 9.13963e-19 3.41815e-19
9890.0905 6.34687e-19 3.21740e-19
9891.1765 1.17289e-18 2.88946e-19
9892.2624 1.32989e-18 2.54353e-19
9893.3484 1.32060e-18 2.47964e-19
9894.4344 7.81927e-19 3.54056e-19
9895.5204 1.87181e-19 6.56197e-19
9896.6063 2.46899e-19 7.89900e-19
9897.6923 4.10326e-19 8.08034e-19
9898.7783 2.29624e-18 7.80461e-19
9899.8643 3.18070e-19 5.51532e-19
9900.9502 1.18176e-18 3.33775e-19
9902.0362 9.45046e-19 2.79977e-19
9903.1222 3.01617e-19 2.65089e-19
9904.2081 2.82358e-19 2.61805e-19
9905.2941 6.33020e-19 2.40457e-19
9906.3801 1.09222e-18 2.36055e-19
9907.4661 8.99623e-19 2.26222e-19
9908.5520 9.44175e-19 2.23840e-19
9909.6380 7.05771e-19 2.21763e-19
9910.7240 8.97927e-19 2.32505e-19
9911.8100 4.12951e-19 2.29430e-19
9912.8959 7.97690e-19 2.58918e-19
9913.9819 4.62764e-19 3.75212e-19
9915.0679 -7.57900e-19 -8.33833e-19
9916.1538 -4.57576e-19 -1.13701e-18
9917.2398 6.85216e-19 1.17550e-18
9918.3258 1.57360e-18 1.14625e-18
9919.4118 1.89762e-18 9.12713e-19
9920.4977 2.39180e-18 5.10639e-19
9921.5837 6.80809e-18 5.12734e-19
9922.6697 1.13476e-17 7.54857e-19
9923.7557 1.32017e-17 8.61910e-19
9924.8416 1.02976e-17 6.89603e-19
9925.9276 5.43095e-18 4.11078e-19
9927.0136 2.31728e-18 2.97509e-19
9928.0995 9.01160e-19 2.57871e-19
9929.1855 7.30565e-19 2.44740e-19
9930.2715 6.85086e-19 2.21841e-19
9931.3575 5.30206e-19 2.19022e-19
9932.4434 5.75120e-19 2.18576e-19
9933.5294 7.06532e-19 2.15472e-19
9934.6154 9.95763e-19 2.20782e-19
9935.7014 3.84226e-19 2.11224e-19
9936.7873 5.66458e-19 2.25821e-19
9937.8733 3.82082e-19 2.21105e-19
9938.9593 8.01040e-19 2.29837e-19
9940.0452 1.03591e-18 2.51999e-19
9941.1312 1.22967e-18 3.32655e-19
9942.2172 1.46909e-18 6.73911e-19
9943.3032 4.57070e-19 9.09819e-19
9944.3891 -6.51545e-19 -9.69960e-19
9945.4751 2.00439e-19 1.03223e-18
9946.5611 -1.12028e-18 -1.10728e-18
9947.6471 -1.08223e-19 -1.22778e-18
9948.7330 2.64043e-18 1.29818e-18
9949.8190 1.57681e-19 1.37548e-18
9950.9050 -3.47861e-19 -1.21647e-18
9951.9910 1.17783e-18 8.34928e-19
9953.0769 1.93965e-18 5.75933e-19
9954.1629 1.70782e-18 3.96162e-19
9955.2489 1.77128e-18 3.10803e-19
9956.3348 1.41965e-18 4.74897e-19
9957.4208 2.27980e-18 9.12886e-19
9958.5068 8.21874e-19 1.07241e-18
9959.5928 1.93642e-18 1.09527e-18
9960.6787 1.48405e-18 1.05316e-18
9961.7647 1.13997e-18 8.42069e-19
9962.8507 8.76586e-19 8.61667e-19
9963.9367 6.42767e-19 9.43781e-19
9965.0226 -1.43871e-19 -9.54072e-19
9966.1086 1.36874e-19 8.50312e-19
9967.1946 1.69068e-18 5.49314e-19
9968.2805 6.95678e-19 2.67028e-19
9969.3665 7.14518e-20 2.18676e-19
9970.4525 2.16253e-19 2.20100e-19
9971.5385 4.39613e-19 2.64500e-19
9972.6244 2.49077e-20 6.12826e-19
9973.7104 2.01594e-18 8.52242e-19
9974.7964 4.88204e-19 6.16657e-19
9975.8824 9.08580e-19 6.08577e-19
9976.9683 5.10532e-19 5.14380e-19
9978.0543 -1.14596e-19 -3.50288e-19
9979.1403 5.10686e-19 3.48718e-19
9980.2262 6.63311e-19 3.74440e-19
9981.3122 9.55905e-19 3.69464e-19
9982.3982 4.70865e-19 3.53041e-19
9983.4842 6.10000e-19 3.01819e-19
9984.5701 7.74457e-19 2.56452e-19
9985.6561 5.20664e-19 2.13619e-19
9986.7421 6.41709e-19 1.96955e-19
9987.8281 6.90003e-19 2.03398e-19
9988.9140 3.45771e-19 2.12128e-19
9990.0000 3.77815e-19 2.15377e-19
9991.0860 3.82527e-19 1.96901e-19
9992.1719 3.27709e-19 2.01392e-19
9993.2579 8.80123e-19 2.13006e-19
9994.3439 6.08984e-19 2.06265e-19
9995.4299 5.35414e-19 2.07692e-19
9996.5158 5.24711e-19 2.02394e-19
9997.6018 4.91815e-19 1.97594e-19
9998.6878 1.23559e-19 2.00762e-19
9999.7738 5.19808e-19 2.63825e-19
10000.8600 9.66250e-19 4.07971e-19
10001.9460 9.93334e-19 4.79763e-19
10003.0320 3.66020e-19 4.87890e-19
10004.1180 7.49845e-19 4.78406e-19
10005.2040 9.45248e-19 3.73774e-19
10006.2900 5.07581e-19 2.52888e-19
10007.3760 2.63565e-19 2.14334e-19
10008.4620 4.55408e-19 2.01167e-19
10009.5480 5.23645e-19 2.06503e-19
10010.6330 6.61126e-19 2.44822e-19
10011.7190 5.82561e-19 4.02787e-19
10012.8050 -1.37494e-19 -7.97017e-19
10013.8910 -1.56137e-18 -1.26001e-18
10014.9770 -2.66663e-18 -1.45726e-18
10016.0630 -8.03046e-21 -1.49395e-18
10017.1490 8.90292e-19 1.33310e-18
10018.2350 9.02306e-19 8.83304e-19
10019.3210 1.12798e-18 4.46985e-19
10020.4070 8.63349e-19 2.38712e-19
10021.4930 -2.25576e-20 -2.36437e-19
10022.5790 1.49231e-19 2.90185e-19
10023.6650 1.47356e-19 3.14464e-19
10024.7510 1.41730e-19 3.62982e-19
10025.8370 -5.32214e-19 -7.61052e-19
10026.9230 -1.63690e-19 -9.87214e-19
10028.0090 4.12306e-19 8.10096e-19
10029.0950 1.36693e-18 7.92659e-19
10030.1810 7.98738e-19 6.48927e-19
10031.2670 4.57417e-19 3.48530e-19
10032.3530 6.64658e-20 2.08291e-19
10033.4390 6.24019e-19 2.11779e-19
10034.5250 3.65086e-19 2.10392e-19
10035.6110 3.27604e-19 2.05766e-19
10036.6970 1.28356e-19 2.09979e-19
10037.7830 4.23623e-19 2.21139e-19
10038.8690 5.57943e-19 2.43404e-19
10039.9550 3.13176e-19 2.54849e-19
10041.0410 8.76474e-19 2.54516e-19
10042.1270 4.33554e-19 2.42592e-19
10043.2130 2.41312e-19 3.48656e-19
10044.2990 1.89351e-19 5.42575e-19
10045.3850 2.03235e-19 5.15889e-19
10046.4710 6.35989e-19 5.24381e-19
10047.5570 3.94731e-19 4.96039e-19
10048.6430 4.02732e-19 3.71184e-19
10049.7290 2.74209e-19 2.12652e-19
10050.8140 7.29469e-19 1.83992e-19
10051.9000 6.54425e-19 3.16927e-19
10052.9860 4.76190e-19 3.16312e-19
10054.0720 5.90029e-19 1.97320e-19
10055.1580 4.83689e-19 1.95220e-19
10056.2440 3.36778e-19 2.96869e-19
10057.3300 -6.43786e-21 -2.94521e-19
10058.4160 5.16877e-19 1.97105e-19
10059.5020 4.53535e-19 2.83479e-19
10060.5880 5.53600e-19 4.35950e-19
10061.6740 -2.74508e-19 -6.16903e-19
10062.7600 3.70980e-19 6.82618e-19
10063.8460 6.95911e-19 6.77049e-19
10064.9320 -3.17819e-20 -6.03852e-19
10066.0180 -9.50954e-20 -4.29571e-19
10067.1040 3.52637e-19 3.04415e-19
10068.1900 4.15367e-19 3.41718e-19
10069.2760 4.65498e-19 3.63773e-19
10070.3620 -3.44584e-20 -3.84137e-19
10071.4480 -6.44270e-21 -4.38722e-19
10072.5340 5.12417e-19 4.60039e-19
10073.6200 7.18414e-19 4.58384e-19
10074.7060 9.17650e-19 4.21598e-19
10075.7920 9.27427e-19 3.44534e-19
10076.8780 6.02594e-19 2.40208e-19
10077.9640 1.00474e-18 2.06276e-19
10079.0500 9.78398e-19 2.08651e-19
10080.1360 4.04557e-19 2.16561e-19
10081.2220 4.61019e-19 2.43094e-19
10082.3080 1.16009e-18 5.02369e-19
10083.3940 -4.31823e-20 -9.13996e-19
10084.4800 1.03571e-18 1.06218e-18
10085.5660 1.89607e-18 1.07456e-18
10086.6520 1.31251e-18 9.98076e-19
10087.7380 4.81052e-19 6.62909e-19
10088.8240 5.02347e-19 2.68458e-19
10089.9100 7.67862e-19 2.05343e-19
10090.9950 5.91321e-19 1.97398e-19
10092.0810 4.39556e-19 2.02335e-19
10093.1670 5.38930e-19 1.94443e-19
10094.2530 1.95098e-19 1.87733e-19
10095.3390 4.21182e-19 1.87223e-19
10096.4250 9.93619e-19 2.09766e-19
10097.5110 6.08204e-19 2.23847e-19
10098.5970 5.82660e-19 2.49925e-19
10099.6830 6.64741e-19 2.61354e-19
10100.7690 4.99246e-19 2.55767e-19
10101.8550 2.93984e-19 2.47860e-19
10102.9410 4.26731e-19 2.75420e-19
10104.0270 -2.41548e-19 -5.02788e-19
10105.1130 -9.28383e-20 -6.88795e-19
10106.1990 6.15928e-19 7.17813e-19
10107.2850 3.02919e-21 7.07210e-19
10108.3710 4.35071e-19 5.74361e-19
10109.4570 6.98378e-19 3.01442e-19
10110.5430 4.00955e-19 1.85040e-19
10111.6290 3.31416e-19 1.81384e-19
10112.7150 5.08388e-19 1.77419e-19
10113.8010 2.41556e-19 1.75985e-19
10114.8870 2.72523e-19 2.71160e-19
10115.9730 7.18605e-19 2.79627e-19
10117.0590 4.83259e-19 1.72096e-19
10118.1450 5.59427e-19 1.74567e-19
10119.2310 7.36818e-19 1.80379e-19
10120.3170 6.07200e-19 1.82059e-19
10121.4030 5.59256e-19 1.91028e-19
10122.4890 -9.34271e-20 -2.34190e-19
10123.5750 7.49025e-19 4.50830e-19
10124.6610 5.73326e-19 8.88238e-19
10125.7470 1.73043e-18 1.15570e-18
10126.8330 4.61666e-19 1.17930e-18
10127.9190 1.34947e-18 1.12252e-18
10129.0050 1.55163e-18 8.34352e-19
10130.0900 2.57622e-19 3.41426e-19
10131.1760 7.29352e-19 1.99413e-19
10132.2620 4.04028e-19 2.02372e-19
10133.3480 9.50996e-20 2.41909e-19
10134.4340 1.67500e-19 2.74805e-19
10135.5200 4.38427e-19 2.77219e-19
10136.6060 6.27317e-19 2.69598e-19
10137.6920 4.95820e-19 2.37855e-19
10138.7780 6.43318e-19 2.05471e-19
10139.8640 7.60444e-19 2.01417e-19
10140.9500 5.21516e-19 2.22185e-19
10142.0360 4.37360e-19 2.92716e-19
10143.1220 5.80664e-19 3.23382e-19
10144.2080 7.88000e-19 3.34209e-19
10145.2940 6.21971e-19 3.15042e-19
10146.3800 1.03817e-19 3.44317e-19
10147.4660 2.75376e-19 3.66625e-19
10148.5520 2.67409e-19 3.49144e-19
10149.6380 3.29034e-19 3.45402e-19
10150.7240 4.48876e-19 3.66717e-19
10151.8100 8.33217e-19 3.56288e-19
10152.8960 2.01408e-18 4.68366e-19
10153.9820 2.03627e-18 6.63342e-19
10155.0680 2.83527e-18 7.84551e-19
10156.1540 2.98241e-18 9.45661e-19
10157.2400 2.25526e-18 8.87577e-19
10158.3260 1.14652e-18 4.82936e-19
10159.4120 1.27044e-18 4.25927e-19
10160.4980 1.09824e-18 4.52921e-19
10161.5840 2.75705e-19 4.71616e-19
10162.6700 7.14145e-19 4.55194e-19
10163.7560 7.93901e-19 3.40343e-19
10164.8420 6.13670e-19 3.10007e-19
10165.9280 8.10552e-19 3.63456e-19
10167.0140 4.88058e-20 3.65288e-19
10168.1000 3.71580e-19 3.75119e-19
10169.1860 2.91814e-19 3.58427e-19
10170.2710 4.07232e-19 3.17249e-19
10171.3570 1.86383e-19 5.08035e-19
10172.4430 -4.69513e-20 -9.75965e-19
10173.5290 -3.47856e-19 -1.78915e-18
10174.6150 1.22401e-18 1.82441e-18
10175.7010 1.04975e-18 1.15177e-18
10176.7870 2.01184e-18 8.72507e-19
10177.8730 2.46953e-18 4.05520e-19
10178.9590 1.69735e-18 2.22522e-19
10180.0450 1.16350e-18 2.05943e-19
10181.1310 1.02982e-18 2.95860e-19
10182.2170 1.05751e-18 4.35684e-19
10183.3030 4.47565e-19 4.76747e-19
10184.3890 7.00266e-19 4.85880e-19
10185.4750 4.88707e-19 4.54317e-19
10186.5610 4.11851e-19 3.31547e-19
10187.6470 8.69473e-19 2.63140e-19
10188.7330 1.28955e-19 3.91166e-19
10189.8190 5.47389e-19 7.42112e-19
10190.9050 1.21800e-19 7.95927e-19
10191.9910 1.57777e-19 8.77018e-19
10193.0770 9.22084e-19 8.75106e-19
10194.1630 1.32703e-18 7.89143e-19
10195.2490 8.91134e-19 4.82802e-19
10196.3350 6.63562e-19 2.45647e-19
10197.4210 6.18883e-19 2.32501e-19
10198.5070 8.00597e-19 2.31916e-19
10199.5930 7.60705e-19 2.31908e-19
10200.6790 3.48523e-19 2.27712e-19
10201.7650 3.73088e-19 2.36301e-19
10202.8510 -7.06268e-20 -3.19412e-19
10203.9370 6.30288e-19 5.10320e-19
10205.0230 9.68700e-19 5.90542e-19
10206.1090 3.41486e-19 5.95124e-19
10207.1950 1.17928e-18 5.75195e-19
10208.2810 1.03050e-18 4.43021e-19
10209.3670 5.82475e-19 4.70932e-19
10210.4520 -1.71441e-19 -6.23650e-19
10211.5380 1.75752e-19 8.71048e-19
10212.6240 -5.99197e-19 -1.06752e-18
10213.7100 1.02815e-18 1.03038e-18
10214.7960 1.13485e-18 9.46119e-19
10215.8820 9.20566e-19 7.42978e-19
10216.9680 1.00019e-18 3.46471e-19
10218.0540 4.01863e-19 1.82348e-19
10219.1400 2.80558e-19 1.70195e-19
10220.2260 5.77787e-19 1.85129e-19
10221.3120 5.30703e-19 2.07324e-19
10222.3980 5.20373e-19 2.20069e-19
10223.4840 5.58917e-20 2.23900e-19
10224.5700 2.16433e-19 2.37398e-19
10225.6560 1.72944e-18 1.04175e-18
10226.7420 9.51511e-19 1.78506e-18
10227.8280 6.49376e-19 8.08412e-19
10228.9140 1.92415e-19 8.18553e-19
10230.0000 -1.89095e-19 -7.64240e-19
10231.0860 1.30940e-18 6.32703e-19
10232.1720 2.29623e-19 5.94734e-19
10233.2580 3.29045e-19 6.02038e-19
10234.3440 7.83476e-19 5.99519e-19
10235.4300 9.49601e-19 5.01471e-19
10236.5160 4.49015e-19 2.88526e-19
10237.6020 5.84714e-19 2.18452e-19
10238.6880 6.80137e-19 2.28012e-19
10239.7740 9.01106e-19 2.05861e-19
10240.8600 2.44358e-19 2.07019e-19
10241.9460 6.26143e-19 2.11593e-19
10243.0320 4.50946e-19 1.73928e-19
10244.1180 5.37618e-19 1.75547e-19
10245.2040 1.92802e-19 1.72215e-19
10246.2900 3.00009e-19 1.69172e-19
10247.3760 5.81349e-19 1.70439e-19
10248.4620 4.31434e-19 1.68862e-19
10249.5480 9.13666e-19 1.72611e-19
10250.6330 5.57787e-19 1.59894e-19
10251.7190 5.97036e-19 1.58345e-19
10252.8050 6.37021e-19 1.60811e-19
10253.8910 6.47043e-19 1.63228e-19
10254.9770 3.02525e-19 1.73949e-19
10256.0630 6.51870e-19 2.09264e-19
10257.1490 6.38948e-19 2.19894e-19
10258.2350 7.90414e-19 2.03246e-19
10259.3210 1.07265e-18 2.12804e-19
10260.4070 5.58000e-19 1.98939e-19
10261.4930 1.71275e-19 1.78202e-19
10262.5790 1.16842e-19 1.68028e-19
10263.6650 3.82554e-19 1.83270e-19
10264.7510 8.00621e-19 1.98736e-19
10265.8370 1.06601e-18 2.13885e-19
10266.9230 6.98456e-19 2.20480e-19
10268.0090 7.77479e-19 2.35835e-19
10269.0950 5.28510e-19 2.36111e-19
10270.1810 6.19097e-19 2.50849e-19
10271.2670 9.82934e-19 3.48820e-19
10272.3530 1.40710e-18 4.61446e-19
10273.4390 1.06900e-18 4.87197e-19
10274.5250 2.26580e-19 4.80436e-19
10275.6110 8.46530e-19 4.32594e-19
10276.6970 1.08960e-18 3.18753e-19
10277.7830 7.07264e-19 2.41787e-19
10278.8690 6.41154e-19 2.10853e-19
10279.9550 5.18347e-19 1.99368e-19
10281.0410 4.39133e-19 2.01349e-19
10282.1270 1.51953e-19 1.93766e-19
10283.2130 5.78947e-19 2.07917e-19
10284.2990 5.90676e-19 2.69257e-19
10285.3850 4.95161e-19 4.67201e-19
10286.4710 7.90281e-19 8.94825e-19
10287.5570 1.95176e-18 1.49677e-18
10288.6430 2.52103e-18 1.72907e-18
10289.7290 2.33267e-18 1.70549e-18
10290.8140 1.62841e-19 1.53133e-18
10291.9000 3.20524e-19 1.01768e-18
10292.9860 4.50381e-19 3.73652e-19
10294.0720 8.92380e-19 3.39524e-19
10295.1580 6.76159e-19 3.73745e-19
10296.2440 6.61144e-19 6.14281e-19
10297.3300 1.41309e-18 8.90622e-19
10298.4160 1.44781e-18 9.33196e-19
10299.5020 2.31610e-18 9.20385e-19
10300.5880 1.71628e-18 7.91577e-19
10301.6740 1.11794e-19 4.34962e-19
10302.7600 7.76378e-19 2.22001e-19
10303.8460 8.61334e-19 2.27668e-19
10304.9320 6.74338e-19 2.40469e-19
10306.0180 8.59008e-19 2.61696e-19
10307.1040 5.59757e-19 2.69978e-19
10308.1900 4.13821e-19 2.69151e-19
10309.2760 9.27538e-19 5.54199e-19
10310.3620 1.22448e-19 9.50744e-19
10311.4480 5.09710e-19 5.85721e-19
10312.5340 4.89829e-19 5.64386e-19
10313.6200 -2.47039e-19 -5.22278e-19
10314.7060 1.25009e-19 3.79014e-19
10315.7920 6.98698e-19 2.15500e-19
10316.8780 3.02468e-19 1.84301e-19
10317.9640 5.41723e-19 1.84842e-19
10319.0500 7.74806e-19 1.86453e-19
10320.1360 7.93877e-19 1.81972e-19
10321.2220 1.60661e-19 1.69460e-19
10322.3080 1.91106e-19 1.65609e-19
10323.3940 6.37432e-19 1.81509e-19
10324.4800 4.79784e-19 1.93805e-19
10325.5660 3.41079e-19 1.97111e-19
10326.6520 4.59576e-19 2.21427e-19
10327.7380 5.43801e-19 2.64457e-19
10328.8240 3.96740e-19 2.98921e-19
10329.9100 1.94097e-19 3.17357e-19
10330.9950 2.61762e-19 3.07001e-19
10332.0810 3.83346e-19 2.68808e-19
10333.1670 3.12451e-19 2.12416e-19
10334.2530 1.01562e-18 1.84316e-19
10335.3390 8.87978e-19 1.87198e-19
10336.4250 4.03868e-19 1.84313e-19
10337.5110 6.00921e-19 1.89876e-19
10338.5970 6.83015e-19 1.86728e-19
10339.6830 6.85560e-19 2.15574e-19
10340.7690 8.65180e-19 4.01753e-19
10341.8550 4.89756e-19 4.79537e-19
10342.9410 1.07647e-19 3.82844e-19
10344.0270 3.68109e-19 3.73179e-19
10345.1130 6.96287e-19 3.07907e-19
10346.1990 7.43638e-19 2.42985e-19
10347.2850 1.25537e-18 4.23191e-19
10348.3710 7.11885e-19 6.83069e-19
10349.4570 -1.91598e-19 -7.71237e-19
10350.5430 7.15469e-19 7.75390e-19
10351.6290 1.22550e-18 7.14350e-19
10352.7150 6.23469e-19 4.58801e-19
10353.8010 2.25501e-19 2.93871e-19
10354.8870 -4.59020e-19 -3.92509e-19
10355.9730 -3.72668e-19 -4.51345e-19
10357.0590 -2.90996e-19 -4.53189e-19
10358.1450 4.25875e-19 4.18979e-19
10359.2310 8.28536e-19 3.15217e-19
10360.3170 4.07410e-19 2.01137e-19
10361.4030 2.81173e-19 1.68349e-19
10362.4890 -6.13168e-21 -1.64846e-19
10363.5750 2.75382e-19 1.63472e-19
10364.6610 5.44437e-19 2.39592e-19
10365.7470 5.17431e-19 2.43255e-19
10366.8330 2.92293e-19 2.39545e-19
10367.9190 3.30804e-19 1.70707e-19
10369.0050 6.12829e-19 2.79237e-19
10370.0900 3.27814e-19 2.94437e-19
10371.1760 6.37393e-19 2.13669e-19
10372.2620 7.92825e-19 3.69986e-19
10373.3480 -1.95328e-19 -9.03375e-19
10374.4340 -6.94357e-19 -1.26505e-18
10375.5200 -7.88579e-19 -1.31500e-18
10376.6060 1.12061e-18 1.29444e-18
10377.6920 1.46325e-18 1.03065e-18
10378.7780 9.47697e-19 4.68113e-19
10379.8640 5.88738e-19 2.02323e-19
10380.9500 5.67476e-19 1.85226e-19
10382.0360 8.22337e-19 1.81161e-19
10383.1220 4.74280e-19 1.77506e-19
10384.2080 2.27375e-19 1.77955e-19
10385.2940 4.28437e-19 1.96019e-19
10386.3800 7.74183e-19 1.94600e-19
10387.4660 5.48352e-19 1.90364e-19
10388.5520 6.02359e-19 1.81683e-19
10389.6380 6.72399e-19 1.84427e-19
10390.7240 5.79021e-19 1.86744e-19
10391.8100 6.80343e-19 1.91729e-19
10392.8960 5.53407e-19 1.90026e-19
10393.9820 6.42972e-19 2.02165e-19
10395.0680 5.75633e-19 2.12307e-19
10396.1540 8.79003e-19 3.31676e-19
10397.2400 6.43588e-19 6.41258e-19
10398.3260 3.76217e-19 8.34072e-19
10399.4120 -2.92585e-19 -8.82881e-19
10400.4980 4.15500e-19 8.42887e-19
10401.5840 2.61528e-19 5.93482e-19
10402.6700 8.56489e-19 2.64073e-19
10403.7560 7.26388e-19 1.86263e-19
10404.8420 3.38537e-19 1.82938e-19
10405.9280 3.07943e-19 1.85090e-19
10407.0140 5.14618e-19 1.83692e-19
10408.1000 7.50080e-19 1.89144e-19
10409.1860 5.30607e-19 2.02548e-19
10410.2710 4.46908e-19 2.16718e-19
10411.3570 5.52541e-19 2.26449e-19
10412.4430 1.26786e-19 2.24832e-19
10413.5290 2.91429e-19 2.07470e-19
10414.6150 3.58729e-19 1.89630e-19
10415.7010 3.98489e-19 2.05738e-19
10416.7870 5.71756e-19 2.73788e-19
10417.8730 5.00822e-19 4.72526e-19
10418.9590 2.71592e-20 9.95718e-19
10420.0450 9.84815e-19 1.31270e-18
10421.1310 3.41172e-19 1.34482e-18
10422.2170 1.31649e-18 1.30821e-18
10423.3030 7.79982e-19 9.98534e-19
10424.3890 9.09535e-19 4.78330e-19
10425.4750 8.97950e-19 2.86267e-19
10426.5610 8.24735e-19 2.67393e-19
10427.6470 7.33561e-19 2.49868e-19
10428.7330 7.52673e-19 2.62760e-19
10429.8190 5.22808e-19 3.03712e-19
10430.9050 4.06027e-19 3.33232e-19
10431.9910 4.02609e-19 3.35560e-19
10433.0770 3.99969e-19 3.03435e-19
10434.1630 4.40108e-19 2.36260e-19
10435.2490 6.51585e-19 1.87279e-19
10436.3350 9.07621e-19 2.06494e-19
10437.4210 9.28128e-19 2.21621e-19
10438.5070 3.02194e-19 1.59328e-19
10439.5930 2.84071e-19 1.57176e-19
10440.6790 4.44620e-19 1.61683e-19
10441.7650 4.04100e-19 1.62482e-19
10442.8510 5.94605e-19 1.60462e-19
10443.9370 5.57714e-19 1.61120e-19
10445.0230 5.57487e-19 1.65120e-19
10446.1090 8.32607e-19 1.76255e-19
10447.1950 5.14600e-19 1.81413e-19
10448.2810 4.75485e-19 1.92725e-19
10449.3670 5.85125e-19 2.13462e-19
10450.4520 9.16007e-19 3.84220e-19
10451.5380 1.22481e-18 6.47708e-19
10452.6240 7.77685e-19 7.36852e-19
10453.7100 7.30105e-19 7.39767e-19
10454.7960 1.07683e-18 6.81838e-19
10455.8820 3.31459e-19 4.38934e-19
10456.9680 4.49519e-19 1.93224e-19
10458.0540 6.51644e-19 1.67917e-19
10459.1400 3.25456e-19 1.59092e-19
10460.2260 7.29735e-19 1.63624e-19
10461.3120 5.46035e-19 1.64453e-19
10462.3980 2.33406e-19 1.65725e-19
10463.4840 5.20246e-19 1.67265e-19
10464.5700 6.98393e-19 1.71032e-19
10465.6560 8.67922e-19 1.79334e-19
10466.7420 1.67845e-19 1.80820e-19
10467.8280 4.37566e-19 2.22780e-19
10468.9140 2.07207e-19 5.50589e-19
10470.0000 8.18328e-19 9.76723e-19
10471.0860 -1.43661e-19 -1.11049e-18
10472.1720 4.98902e-19 1.11026e-18
10473.2580 -2.97001e-19 -1.01802e-18
10474.3440 -8.36644e-20 -6.51549e-19
10475.4300 6.70419e-19 2.53397e-19
10476.5160 7.88718e-19 1.84717e-19
10477.6020 6.86687e-19 1.75328e-19
10478.6880 4.87640e-19 1.90429e-19
10479.7740 4.50999e-19 1.89795e-19
10480.8600 5.33083e-19 1.70315e-19
10481.9460 7.82594e-19 1.70564e-19
10483.0320 6.93826e-19 1.68180e-19
10484.1180 6.83337e-19 1.95337e-19
10485.2040 8.30590e-19 3.14680e-19
10486.2900 6.25916e-19 3.07098e-19
10487.3760 5.16257e-19 3.58847e-19
10488.4620 7.19326e-19 3.69755e-19
10489.5480 -3.14693e-19 -3.76003e-19
10490.6330 2.37882e-19 2.57538e-19
10491.7190 1.25536e-19 2.73311e-19
10492.8050 5.02815e-19 2.24224e-19
10493.8910 4.63563e-19 1.66131e-19
10494.9770 6.47390e-19 1.65182e-19
10496.0630 5.55082e-19 1.64332e-19
10497.1490 5.28186e-19 1.66158e-19
10498.2350 4.90481e-19 1.73727e-19
10499.3210 5.11741e-19 2.05801e-19
10500.4070 6.76888e-19 2.31357e-19
10501.4930 2.98252e-19 2.32804e-19
10502.5790 2.70383e-19 2.26769e-19
10503.6650 1.63294e-19 2.01676e-19
10504.7510 4.16961e-19 1.80776e-19
10505.8370 3.48916e-19 1.88140e-19
10506.9230 5.85768e-19 2.07911e-19
10508.0090 5.14929e-19 2.09917e-19
10509.0950 7.18050e-19 3.19946e-19
10510.1810 5.63372e-19 5.20481e-19
10511.2670 1.25583e-18 6.09501e-19
10512.3530 8.85758e-19 6.16726e-19
10513.4390 7.40774e-19 5.75460e-19
10514.5250 5.94079e-19 4.10823e-19
10515.6110 1.80122e-19 2.94189e-19
10516.6970 1.76705e-19 2.73449e-19
10517.7830 3.73161e-19 2.58638e-19
10518.8690 2.46990e-19 2.49594e-19
10519.9550 2.60341e-19 2.27942e-19
10521.0410 5.19100e-19 2.00876e-19
10522.1270 6.05399e-19 2.37217e-19
10523.2130 7.90062e-19 2.35168e-19
10524.2990 3.64237e-19 3.78571e-19
10525.3850 3.70984e-19 6.05855e-19
10526.4710 2.09363e-18 7.97315e-19
10527.5570 2.68468e-18 8.37950e-19
10528.6430 1.22074e-18 7.98877e-19
10529.7290 7.12871e-19 6.04233e-19
10530.8140 2.55779e-19 3.05098e-19
10531.9000 3.05480e-19 1.75768e-19
10532.9860 3.04400e-19 1.64294e-19
10534.0720 4.33156e-19 1.61101e-19
10535.1580 5.68842e-19 1.62897e-19
10536.2440 5.65560e-19 1.65388e-19
10537.3300 7.84768e-19 1.72261e-19
10538.4160 8.09836e-19 1.70028e-19
10539.5020 7.12658e-19 1.67702e-19
10540.5880 8.07971e-19 1.63272e-19
10541.6740 4.62430e-19 1.60355e-19
10542.7600 3.77926e-19 1.60583e-19
10543.8460 2.00058e-19 1.58249e-19
10544.9320 3.27499e-19 1.57386e-19
10546.0180 5.21909e-19 1.60194e-19
10547.1040 7.74084e-19 1.64987e-19
10548.1900 4.05473e-19 1.62127e-19
10549.2760 5.60539e-19 1.62738e-19
10550.3620 4.56321e-19 1.62927e-19
10551.4480 3.23637e-19 1.66406e-19
10552.5340 4.23646e-19 1.82678e-19
10553.6200 4.28220e-19 2.03483e-19
10554.7060 5.74034e-19 2.12886e-19
10555.7920 2.32937e-19 2.10073e-19
10556.8780 3.74695e-19 1.95124e-19
10557.9640 6.88275e-19 1.73918e-19
10559.0500 7.02064e-19 1.64330e-19
10560.1360 4.57346e-19 1.59515e-19
10561.2220 3.85100e-19 1.58867e-19
10562.3080 5.94246e-19 1.81626e-19
10563.3940 2.00381e-18 5.72634e-19
10564.4800 1.02774e-18 2.87832e-19
10565.5660 4.08269e-19 1.58026e-19
10566.6520 2.83192e-19 1.57946e-19
10567.7380 2.24079e-19 1.68328e-19
10568.8240 5.68155e-19 3.30442e-19
10569.9100 2.07192e-19 3.29290e-19
10570.9950 9.24433e-19 1.83816e-19
10572.0810 4.37811e-19 2.05566e-19
10573.1670 5.75831e-19 3.24918e-19
10574.2530 1.33644e-19 3.99024e-19
10575.3390 6.72674e-19 4.18660e-19
10576.4250 8.75012e-19 4.06185e-19
10577.5110 5.91669e-19 3.06443e-19
10578.5970 3.20846e-19 2.32183e-19
10579.6830 6.39134e-19 2.04658e-19
10580.7690 5.77861e-19 1.64925e-19
10581.8550 6.57231e-19 1.65882e-19
10582.9410 5.52843e-19 1.62369e-19
10584.0270 4.03704e-19 1.62262e-19
10585.1130 5.97554e-19 2.02280e-19
10586.1990 -1.98665e-19 -3.53275e-19
10587.2850 1.08057e-19 4.87497e-19
10588.3710 8.14928e-19 5.29666e-19
10589.4570 6.87745e-19 5.31395e-19
10590.5430 1.77995e-19 4.52014e-19
10591.6290 2.56903e-19 2.89816e-19
10592.7150 2.83784e-19 2.05248e-19
10593.8010 1.39874e-19 1.81350e-19
10594.8870 5.15043e-19 1.71397e-19
10595.9730 4.43632e-19 1.77847e-19
10597.0590 3.93351e-19 1.80979e-19
10598.1450 5.54770e-19 1.89452e-19
10599.2310 5.12647e-19 2.00132e-19
10600.3170 3.48663e-19 2.06086e-19
10601.4030 2.79897e-19 2.20813e-19
10602.4890 3.11448e-19 2.23799e-19
10603.5750 2.18650e-19 2.02918e-19
10604.6610 2.11316e-19 2.01423e-19
10605.7470 3.30333e-19 1.89903e-19
10606.8330 3.20325e-19 1.69359e-19
10607.9190 3.40767e-19 1.71988e-19
10609.0050 2.73722e-19 1.75064e-19
10610.0900 -3.05550e-20 -1.73924e-19
10611.1760 -1.85615e-19 -1.73888e-19
10612.2620 -1.33880e-19 -2.82769e-19
10613.3480 1.68909e-19 2.90401e-19
10614.4340 4.22863e-19 1.74528e-19
10615.5200 5.55823e-19 1.70921e-19
10616.6060 3.57055e-19 1.61575e-19
10617.6920 1.19382e-19 1.59929e-19
10618.7780 4.24193e-19 1.61945e-19
10619.8640 9.29015e-19 1.69670e-19
10620.9500 5.11427e-19 1.63493e-19
10622.0360 2.27984e-19 1.59790e-19
10623.1220 3.16888e-19 1.63900e-19
10624.2080 4.50646e-19 1.72230e-19
10625.2940 4.28127e-19 1.79924e-19
10626.3800 6.89910e-19 1.83722e-19
10627.4660 5.86466e-19 2.75075e-19
10628.5520 6.36393e-19 3.05774e-19
10629.6380 3.45752e-19 3.01903e-19
10630.7240 4.71721e-19 1.64024e-19
10631.8100 4.23159e-19 1.53105e-19
10632.8960 4.88693e-19 1.51294e-19
10633.9820 2.10129e-19 1.47820e-19
10635.0680 2.94480e-19 1.46898e-19
10636.1540 3.52955e-19 1.48820e-19
10637.2400 6.33797e-19 1.54941e-19
10638.3260 3.50283e-19 1.56464e-19
10639.4120 1.17192e-19 1.53693e-19
10640.4980 1.40789e-20 2.18739e-19
10641.5840 6.18454e-19 3.04714e-19
10642.6700 8.20397e-19 2.91828e-19
10643.7560 4.35770e-19 2.92931e-19
10644.8420 1.78652e-19 2.77638e-19
10645.9280 5.70557e-19 2.22325e-19
10647.0140 4.75408e-19 1.65762e-19
10648.1000 6.99550e-19 1.57504e-19
10649.1860 5.70896e-19 1.50281e-19
10650.2710 4.36673e-19 1.48850e-19
10651.3570 4.78348e-19 1.65950e-19
10652.4430 6.62175e-19 2.42327e-19
10653.5290 6.11981e-19 3.16763e-19
10654.6150 6.38836e-19 3.45664e-19
10655.7010 6.99459e-19 3.49555e-19
10656.7870 8.50675e-19 3.11254e-19
10657.8730 8.44145e-19 2.25036e-19
10658.9590 5.29389e-19 1.61380e-19
10660.0450 6.81141e-19 1.53495e-19
10661.1310 9.13153e-19 1.59145e-19
10662.2170 7.45863e-19 1.58947e-19
10663.3030 4.15825e-19 1.52598e-19
10664.3890 5.36497e-19 1.55848e-19
10665.4750 4.70411e-19 1.55086e-19
10666.5610 6.52497e-19 1.69125e-19
10667.6470 3.70521e-19 1.79912e-19
10668.7330 -9.77095e-21 -1.82299e-19
10669.8190 1.31598e-19 1.85687e-19
10670.9050 3.21305e-19 1.73948e-19
10671.9910 3.51631e-19 1.59141e-19
10673.0770 4.28336e-19 1.57743e-19
10674.1630 5.42582e-19 1.55353e-19
10675.2490 3.88934e-19 1.52133e-19
10676.3350 6.62368e-19 1.55840e-19
10677.4210 5.15149e-19 1.54941e-19
10678.5070 3.86061e-19 1.54258e-19
10679.5930 8.43368e-19 1.59000e-19
10680.6790 3.93649e-19 1.51907e-19
10681.7650 4.17870e-19 1.67654e-19
10682.8510 5.57101e-19 1.99064e-19
10683.9370 2.32420e-19 2.40503e-19
10685.0230 6.86501e-19 3.13127e-19
10686.1090 2.07459e-19 3.53507e-19
10687.1950 1.56250e-19 3.84257e-19
10688.2810 -3.16837e-19 -6.73915e-19
10689.3670 8.59495e-19 9.71701e-19
10690.4520 1.34285e-18 9.90743e-19
10691.5380 1.11028e-18 1.01592e-18
10692.6240 -1.31368e-19 -4.36788e-19
10693.7100 7.86836e-19 3.89895e-19
10694.7960 2.08100e-19 3.44933e-19
10695.8820 5.10139e-19 3.14369e-19
10696.9680 4.27192e-19 3.31410e-19
10698.0540 2.96875e-19 4.81278e-19
10699.1400 3.78284e-19 5.55684e-19
10700.2260 5.81959e-20 5.83574e-19
10701.3120 1.52849e-19 5.71624e-19
10702.3980 -1.48066e-19 -4.29358e-19
10703.4840 2.73258e-19 3.56307e-19
10704.5700 5.09521e-19 5.00919e-19
10705.6560 5.41515e-19 6.86967e-19
10706.7420 -1.31197e-19 -6.66164e-19
10707.8280 7.57687e-19 4.10416e-19
10708.9140 8.85978e-19 2.99103e-19
10710.0000 9.21846e-19 2.47416e-19
10711.0860 1.10315e-18 5.21517e-19
10712.1720 7.33003e-19 7.67325e-19
10713.2580 6.07517e-19 8.24339e-19
10714.3440 9.20896e-19 8.21900e-19
10715.4300 7.79621e-19 7.14507e-19
10716.5160 9.25804e-19 4.71528e-19
10717.6020 7.08551e-19 3.67261e-19
10718.6880 1.50897e-19 3.52322e-19
10719.7740 4.50692e-20 3.26592e-19
10720.8600 4.00174e-19 4.39478e-19
10721.9460 1.45173e-18 6.18999e-19
10723.0320 8.34728e-19 6.37526e-19
10724.1180 2.28864e-19 5.88732e-19
10725.2040 7.77444e-19 5.12933e-19
10726.2900 8.54135e-19 3.52257e-19
10727.3760 5.94144e-19 3.00775e-19
10728.4620 6.63053e-19 4.34661e-19
10729.5480 -2.38165e-19 -1.08094e-18
10730.6330 6.28963e-19 1.34049e-18
10731.7190 5.17864e-20 1.07306e-18
10732.8050 -2.17283e-19 -1.02878e-18
10733.8910 6.63545e-19 7.41734e-19
10734.9770 6.86276e-19 3.27253e-19
10736.0630 5.77976e-19 1.97818e-19
10737.1490 8.75327e-19 2.48693e-19
10738.2350 6.98456e-19 2.79872e-19
10739.3210 6.45448e-19 2.77421e-19
10740.4070 3.81045e-19 2.79029e-19
10741.4930 7.83092e-19 2.51862e-19
10742.5790 5.03447e-19 2.45514e-19
10743.6650 4.27462e-19 5.01975e-19
10744.7510 8.13371e-19 6.99220e-19
10745.8370 1.67576e-19 7.37895e-19
10746.9230 -1.09503e-19 -7.23833e-19
10748.0090 1.02336e-18 6.01406e-19
10749.0950 1.09287e-18 3.53391e-19
10750.1810 6.35153e-19 2.96666e-19
10751.2670 1.12100e-18 7.30434e-19
10752.3530 4.71567e-19 1.10546e-18
10753.4390 -7.41244e-19 -1.18766e-18
10754.5250 9.94312e-19 1.18530e-18
10755.6110 1.05125e-18 1.00065e-18
10756.6970 6.80964e-19 5.38402e-19
10757.7830 8.98003e-19 2.20040e-19
10758.8690 5.09978e-19 1.84786e-19
10759.9550 6.08444e-19 1.81392e-19
10761.0410 1.95848e-19 1.78744e-19
10762.1270 6.48494e-19 1.86041e-19
10763.2130 5.25930e-19 2.24586e-19
10764.2990 4.68286e-19 2.55660e-19
10765.3850 8.12239e-19 3.27688e-19
10766.4710 3.03874e-19 3.19631e-19
10767.5570 3.57271e-19 2.24222e-19
10768.6430 1.71097e-19 1.79938e-19
10769.7290 6.76801e-19 1.74890e-19
10770.8140 6.36878e-19 1.91226e-19
10771.9000 1.83929e-19 3.12784e-19
10772.9860 -1.87491e-19 -6.08832e-19
10774.0720 6.89509e-19 7.34828e-19
10775.1580 6.23685e-19 7.36276e-19
10776.2440 -6.83012e-19 -6.94318e-19
10777.3300 3.56624e-19 4.82335e-19
10778.4160 6.87669e-19 2.34861e-19
10779.5020 4.48536e-19 1.75639e-19
10780.5880 7.95543e-19 1.86586e-19
10781.6740 3.72635e-19 1.87557e-19
10782.7600 6.81892e-19 1.93771e-19
10783.8460 8.74179e-19 1.96067e-19
10784.9320 8.67375e-19 1.85651e-19
10786.0180 9.11419e-19 1.83478e-19
10787.1040 6.49819e-19 1.73602e-19
10788.1900 4.62552e-19 1.67622e-19
10789.2760 7.62646e-19 1.66978e-19
10790.3620 8.29830e-19 1.67452e-19
10791.4480 7.14756e-19 1.63739e-19
10792.5340 1.15807e-19 1.74976e-19
10793.6200 5.02095e-19 2.12977e-19
10794.7060 5.91654e-19 2.56610e-19
10795.7920 4.87910e-19 2.79394e-19
10796.8780 5.67026e-19 2.73036e-19
10797.9640 7.66582e-19 2.49322e-19
10799.0500 7.61744e-19 2.11664e-19
10800.1360 9.54299e-19 1.83504e-19
10801.2220 3.38307e-19 1.89243e-19
10802.3080 2.48449e-19 2.20268e-19
10803.3940 4.69874e-19 2.44852e-19
10804.4800 6.73089e-19 2.48461e-19
10805.5660 6.57522e-19 2.36027e-19
10806.6520 6.51467e-19 2.08243e-19
10807.7380 9.35237e-19 1.85489e-19
10808.8240 6.48148e-19 1.78652e-19
10809.9100 4.05148e-19 1.78064e-19
10810.9950 3.81255e-19 1.83985e-19
10812.0810 3.41640e-19 1.93240e-19
10813.1670 2.74462e-19 2.17075e-19
10814.2530 3.24188e-19 2.23710e-19
10815.3390 2.73905e-19 1.91552e-19
10816.4250 6.17436e-19 1.82667e-19
10817.5110 8.10026e-19 1.80576e-19
10818.5970 7.57830e-19 1.74604e-19
10819.6830 6.36968e-19 1.64457e-19
10820.7690 5.40375e-19 1.59859e-19
10821.8550 5.60594e-19 1.68068e-19
10822.9410 4.04271e-19 1.63473e-19
10824.0270 2.10585e-19 1.56497e-19
10825.1130 3.72715e-19 1.62035e-19
10826.1990 7.72281e-19 1.70567e-19
10827.2850 6.92973e-19 1.73571e-19
10828.3710 4.13270e-19 1.91574e-19
10829.4570 1.53767e-18 3.83877e-19
10830.5430 1.06626e-18 6.45570e-19
10831.6290 -6.30351e-18 -1.28115e-18
10832.7150 -7.86240e-18 -1.85636e-18
10833.8010 7.93153e-19 1.91031e-18
10834.8870 1.93099e-18 1.81202e-18
10835.9730 1.12142e-18 1.51355e-18
10837.0590 4.21509e-19 7.92059e-19
10838.1450 5.60489e-19 3.19339e-19
10839.2310 5.35083e-19 3.48926e-19
10840.3170 7.65296e-19 3.69734e-19
10841.4030 4.53891e-19 4.71705e-19
10842.4890 1.26460e-19 8.46538e-19
10843.5750 1.73125e-19 1.04654e-18
10844.6610 -9.87971e-20 -1.05614e-18
10845.7470 -2.94598e-19 -1.25546e-18
10846.8330 9.48296e-19 9.25043e-19
10847.9190 5.68421e-19 3.78204e-19
10849.0050 3.18408e-19 2.10000e-19
10850.0900 2.97813e-19 1.72915e-19
10851.1760 3.01779e-19 1.73773e-19
10852.2620 3.43302e-19 2.04626e-19
10853.3480 2.53506e-19 2.37162e-19
10854.4340 1.45539e-19 2.42912e-19
10855.5200 2.30311e-19 2.53684e-19
10856.6060 2.06613e-19 3.49898e-19
10857.6920 6.91336e-19 5.24852e-19
10858.7780 1.46943e-18 6.19718e-19
10859.8640 1.10338e-18 6.64085e-19
10860.9500 1.81694e-18 6.19527e-19
10862.0360 5.78602e-19 4.14702e-19
10863.1220 -7.99668e-20 -2.26335e-19
10864.2080 3.52268e-19 1.70456e-19
10865.2940 5.64202e-19 1.56345e-19
10866.3800 6.50109e-19 1.54610e-19
10867.4660 5.78859e-19 1.52120e-19
10868.5520 5.50225e-19 1.51392e-19
10869.6380 6.03823e-19 1.49974e-19
10870.7240 5.47554e-19 1.53916e-19
10871.8100 4.45191e-19 1.75247e-19
10872.8960 4.29193e-19 1.91271e-19
10873.9820 3.18418e-20 2.06707e-19
10875.0680 5.32332e-19 2.37902e-19
10876.1540 6.95615e-19 3.11333e-19
10877.2400 2.09519e-19 3.70247e-19
10878.3260 5.27121e-19 4.05250e-19
10879.4120 5.12671e-19 3.93602e-19
10880.4980 8.12662e-19 3.59915e-19
10881.5840 5.57662e-19 2.87376e-19
10882.6700 6.20806e-19 1.97240e-19
10883.7560 7.28909e-19 1.69956e-19
10884.8420 5.23768e-19 1.88877e-19
10885.9280 6.00677e-19 2.12761e-19
10887.0140 5.03856e-19 2.24204e-19
10888.1000 1.04810e-18 2.28515e-19
10889.1860 4.23345e-19 1.97233e-19
10890.2710 3.87284e-19 1.70149e-19
10891.3570 6.96256e-19 1.58612e-19
10892.4430 6.85866e-19 1.55927e-19
10893.5290 2.07149e-19 1.60136e-19
10894.6150 -1.52311e-20 -3.02782e-19
10895.7010 2.81353e-19 6.45429e-19
10896.7870 7.16371e-19 7.55431e-19
10897.8730 1.19245e-18 8.75045e-19
10898.9590 -8.58768e-20 -8.54401e-19
10900.0450 4.57495e-19 7.96540e-19
10901.1310 3.42946e-19 5.18481e-19
10902.2170 5.98413e-19 2.56104e-19
10903.3030 7.47628e-19 2.32101e-19
10904.3890 8.24878e-19 2.26039e-19
10905.4750 6.31402e-19 2.01858e-19
10906.5610 6.58502e-19 1.86080e-19
10907.6470 6.12742e-19 1.61230e-19
10908.7330 6.17759e-19 1.51429e-19
10909.8190 5.16090e-19 1.47284e-19
10910.9050 6.53596e-19 1.70870e-19
10911.9910 6.55692e-19 1.72743e-19
10913.0770 5.91046e-19 1.51294e-19
10914.1630 3.79627e-19 1.49008e-19
10915.2490 4.52397e-19 1.46568e-19
10916.3350 4.90700e-19 1.52948e-19
10917.4210 5.42617e-19 1.55268e-19
10918.5070 6.73457e-19 1.59463e-19
10919.5930 7.53200e-19 1.73675e-19
10920.6790 5.64172e-19 1.84468e-19
10921.7650 9.12739e-19 2.35767e-19
10922.8510 1.29351e-19 4.07367e-19
10923.9370 1.83960e-18 1.29856e-18
10925.0230 2.78122e-18 1.85190e-18
10926.1090 3.70872e-18 1.99682e-18
10927.1950 1.51344e-18 1.55059e-18
10928.2810 1.85334e-18 1.25228e-18
10929.3670 7.95357e-19 6.18594e-19
10930.4520 7.53999e-19 2.31686e-19
10931.5380 4.97691e-19 1.88938e-19
10932.6240 3.12926e-19 1.78405e-19
10933.7100 2.30961e-19 1.72937e-19
10934.7960 3.73918e-19 1.69002e-19
10935.8820 4.55358e-19 1.68895e-19
10936.9680 5.04275e-19 1.65506e-19
10938.0540 7.62216e-19 1.61368e-19
10939.1400 5.65178e-19 1.56704e-19
10940.2260 5.34317e-19 1.58409e-19
10941.3120 5.84686e-19 1.84880e-19
10942.3980 6.09567e-19 1.83199e-19
10943.4840 5.12526e-19 1.56788e-19
10944.5700 4.84270e-19 1.55154e-19
10945.6560 5.11540e-19 1.58996e-19
10946.7420 5.32819e-19 1.66416e-19
10947.8280 1.59234e-19 2.77420e-19
10948.9140 5.54091e-19 7.21829e-19
10950.0000 4.75900e-19 1.00300e-18
10951.0860 3.26443e-19 1.01504e-18
10952.1720 3.18881e-19 9.89300e-19
10953.2580 9.30295e-19 8.00453e-19
10954.3440 7.76073e-19 4.05638e-19
10955.4300 5.76647e-19 1.90200e-19
10956.5160 6.78207e-19 1.71606e-19
10957.6020 4.70609e-19 1.59309e-19
10958.6880 3.83468e-19 1.56532e-19
10959.7740 5.98333e-19 1.53932e-19
10960.8600 2.69141e-19 1.50359e-19
10961.9460 5.76302e-20 1.47207e-19
10963.0320 4.40736e-19 1.61217e-19
10964.1180 2.93869e-19 1.79684e-19
10965.2040 4.09116e-19 1.84163e-19
10966.2900 1.00951e-18 2.08591e-19
10967.3760 7.69153e-19 2.36046e-19
10968.4620 3.17534e-19 2.58181e-19
10969.5480 2.03086e-19 2.64335e-19
10970.6330 4.13530e-19 2.69103e-19
10971.7190 7.21123e-19 4.03968e-19
10972.8050 5.04692e-19 1.04445e-18
10973.8910 7.59760e-19 1.55716e-18
10974.9770 1.33009e-18 1.67899e-18
10976.0630 -2.43319e-19 -1.88246e-18
10977.1490 2.37825e-19 1.54507e-18
10978.2350 1.26495e-18 7.28604e-19
10979.3210 4.28919e-19 2.81463e-19
10980.4070 6.86617e-19 2.30954e-19
10981.4930 5.21705e-19 2.09462e-19
10982.5790 4.06650e-19 1.88844e-19
10983.6650 8.59126e-19 2.21576e-19
10984.7510 8.61832e-19 2.61325e-19
10985.8370 1.02228e-18 2.71044e-19
10986.9230 7.25048e-19 2.64383e-19
10988.0090 8.57171e-19 2.33052e-19
10989.0950 6.67841e-19 1.78136e-19
10990.1810 4.54916e-19 1.59418e-19
10991.2670 5.17644e-19 1.57697e-19
10992.3530 2.69814e-19 1.54243e-19
10993.4390 5.35980e-19 1.58529e-19
10994.5250 7.19403e-19 1.61366e-19
10995.6110 6.43503e-19 1.62809e-19
10996.6970 6.51386e-19 1.62403e-19
10997.7830 7.64270e-19 1.60574e-19
10998.8690 4.85876e-19 1.50995e-19
10999.9550 2.91600e-19 1.47612e-19
11001.0410 3.46015e-19 1.57358e-19
11002.1270 3.67309e-19 1.65418e-19
11003.2130 2.89423e-19 1.69259e-19
11004.2990 5.16243e-19 1.80720e-19
11005.3850 5.33939e-19 2.05237e-19
11006.4710 2.77636e-19 4.80843e-19
11007.5570 2.97959e-19 8.03113e-19
11008.6430 -5.62595e-19 -9.20241e-19
11009.7290 6.05554e-19 9.35547e-19
11010.8140 2.05247e-18 1.20941e-18
11011.9000 1.47984e-18 7.19515e-19
11012.9860 4.50263e-19 2.08841e-19
11014.0720 4.26964e-19 1.69929e-19
11015.1580 2.88526e-19 1.63010e-19
11016.2440 8.17378e-20 1.57442e-19
11017.3300 3.70864e-19 1.51986e-19
11018.4160 4.03319e-19 1.49574e-19
11019.5020 5.08471e-19 1.47791e-19
11020.5880 6.70989e-19 1.52573e-19
11021.6740 4.98626e-19 1.54438e-19
11022.7600 2.85822e-19 1.50537e-19
11023.8460 3.38524e-19 1.56303e-19
11024.9320 3.52877e-19 1.71370e-19
11026.0180 6.08213e-20 3.84483e-19
11027.1040 -3.23864e-19 -1.12798e-18
11028.1900 -6.28895e-19 -1.23673e-18
11029.2760 -3.30982e-19 -1.38150e-18
11030.3620 3.14015e-19 1.38772e-18
11031.4480 2.97683e-19 1.20986e-18
11032.5340 6.42262e-20 7.09527e-19
11033.6200 3.79235e-19 2.46318e-19
11034.7060 3.95293e-19 1.70958e-19
11035.7920 3.47913e-19 1.64581e-19
11036.8780 2.32299e-19 1.68177e-19
11037.9640 7.29391e-19 1.80543e-19
11039.0500 8.31289e-19 1.95462e-19
11040.1360 4.99435e-19 2.01501e-19
11041.2220 6.23776e-19 2.03112e-19
11042.3080 6.73799e-19 2.03167e-19
11043.3940 2.27023e-19 1.92767e-19
11044.4800 2.18171e-19 1.76300e-19
11045.5660 3.52839e-19 1.64542e-19
11046.6520 5.34609e-19 1.58280e-19
11047.7380 6.80267e-19 1.57362e-19
11048.8240 6.35126e-19 1.49384e-19
11049.9100 4.32278e-19 1.43830e-19
11050.9950 5.77692e-19 1.56729e-19
11052.0810 3.93202e-19 2.06737e-19
11053.1670 4.37760e-19 2.49420e-19
11054.2530 3.87282e-20 4.16240e-19
11055.3390 1.80835e-19 4.17783e-19
11056.4250 4.48425e-19 2.31350e-19
11057.5110 3.18071e-19 1.78393e-19
11058.5970 5.24320e-19 1.63488e-19
11059.6830 5.79309e-19 2.05628e-19
11060.7690 7.76246e-19 2.10646e-19
11061.8550 9.71826e-19 1.91779e-19
11062.9410 5.56399e-19 2.08544e-19
11064.0270 6.19237e-19 2.19331e-19
11065.1130 5.24638e-19 2.11284e-19
11066.1990 3.35690e-19 1.92208e-19
11067.2850 4.48223e-19 1.90388e-19
11068.3710 6.34952e-19 2.12342e-19
11069.4570 5.57398e-19 3.47980e-19
11070.5430 5.14189e-19 5.95232e-19
11071.6290 2.30947e-19 7.09089e-19
11072.7150 8.30333e-19 7.06363e-19
11073.8010 1.22840e-18 6.79892e-19
11074.8870 3.93196e-20 4.67821e-19
11075.9730 4.33714e-19 1.93439e-19
11077.0590 1.03668e-19 1.45086e-19
11078.1450 1.50719e-19 1.48468e-19
11079.2310 3.21418e-19 1.46740e-19
11080.3170 6.58740e-19 1.52634e-19
11081.4030 8.48193e-19 1.96018e-19
11082.4890 5.24474e-19 2.39943e-19
11083.5750 7.74125e-19 2.57551e-19
11084.6610 7.73980e-19 2.61840e-19
11085.7470 7.08609e-19 2.58741e-19
11086.8330 3.27708e-19 4.11455e-19
11087.9190 -4.04395e-19 -7.78349e-19
11089.0050 8.60932e-19 9.80377e-19
11090.0900 5.55738e-19 9.82694e-19
11091.1760 2.75644e-19 9.28427e-19
11092.2620 -3.82827e-19 -6.94695e-19
11093.3480 6.14196e-19 3.24828e-19
11094.4340 4.43479e-19 1.65546e-19
11095.5200 4.66404e-19 1.52014e-19
11096.6060 7.08527e-19 1.47854e-19
11097.6920 4.92538e-19 1.41889e-19
11098.7780 4.00678e-19 1.40501e-19
11099.8640 4.51880e-19 1.40317e-19
11100.9500 4.49511e-19 1.41889e-19
11102.0360 4.41532e-19 1.43295e-19
11103.1220 6.02206e-19 1.44475e-19
11104.2080 4.80172e-19 1.44094e-19
11105.2940 4.17212e-19 1.50917e-19
11106.3800 8.09563e-19 1.70075e-19
11107.4660 8.20615e-19 1.79453e-19
11108.5520 3.66856e-19 1.80979e-19
11109.6380 1.54946e-19 1.90870e-19
11110.7240 4.81891e-19 2.81307e-19
11111.8100 3.16151e-19 3.06525e-19
11112.8960 3.23052e-19 1.96892e-19
11113.9820 4.42420e-19 1.48475e-19
11115.0680 4.64567e-19 1.50297e-19
11116.1540 2.78301e-19 1.48544e-19
11117.2400 4.38418e-19 1.42143e-19
11118.3260 2.83010e-19 1.40890e-19
11119.4120 2.71992e-19 1.38743e-19
11120.4980 4.32726e-19 1.47806e-19
11121.5840 5.52338e-19 1.80634e-19
11122.6700 6.02885e-19 2.05847e-19
11123.7560 6.28744e-19 2.11204e-19
11124.8420 4.01133e-19 2.01224e-19
11125.9280 6.14603e-19 1.76726e-19
11127.0140 4.29232e-19 1.46036e-19
11128.1000 4.07665e-19 1.43108e-19
11129.1860 3.31810e-19 1.48556e-19
11130.2710 2.09077e-19 1.51377e-19
11131.3570 2.12974e-19 1.84756e-19
11132.4430 5.93349e-19 3.15351e-19
11133.5290 3.55842e-19 3.21561e-19
11134.6150 3.38045e-19 1.73771e-19
11135.7010 5.38585e-19 1.47041e-19
11136.7870 1.92972e-20 1.62305e-19
11137.8730 1.52844e-19 2.61425e-19
11138.9590 9.17321e-19 5.12001e-19
11140.0450 8.14670e-19 5.93540e-19
11141.1310 8.03584e-19 5.07355e-19
11142.2170 8.57863e-19 4.75491e-19
11143.3030 2.65615e-19 3.38506e-19
11144.3890 3.97113e-19 1.73273e-19
11145.4750 3.77606e-19 1.53464e-19
11146.5610 5.00387e-19 1.57951e-19
11147.6470 4.75168e-19 1.58950e-19
11148.7330 4.32911e-19 1.58807e-19
11149.8190 4.57332e-19 1.66908e-19
11150.9050 4.65837e-19 1.88585e-19
11151.9910 4.30238e-19 2.19681e-19
11153.0770 2.24949e-19 3.73684e-19
11154.1630 6.47331e-20 6.11348e-19
11155.2490 5.83957e-19 7.14449e-19
11156.3350 6.23236e-19 6.93287e-19
11157.4210 8.67782e-20 6.39996e-19
11158.5070 7.34624e-19 4.55501e-19
11159.5930 4.90446e-19 2.18887e-19
11160.6790 2.87444e-19 1.75060e-19
11161.7650 4.95161e-19 1.96663e-19
11162.8510 2.51043e-19 2.66820e-19
11163.9370 7.25171e-19 3.33070e-19
11165.0230 9.64031e-19 3.75388e-19
11166.1090 7.12171e-19 3.73466e-19
11167.1950 1.65710e-19 3.37129e-19
11168.2810 1.33735e-19 2.99153e-19
11169.3670 4.84431e-19 2.79390e-19
11170.4520 9.14862e-20 2.70688e-19
11171.5380 6.14458e-19 2.84003e-19
11172.6240 3.42649e-19 2.70188e-19
11173.7100 -2.01145e-19 -2.30988e-19
11174.7960 1.97780e-20 2.04551e-19
11175.8820 6.10388e-19 1.63370e-19
11176.9680 3.57560e-20 1.44661e-19
11178.0540 4.44783e-19 1.50454e-19
11179.1400 2.89921e-19 1.56889e-19
11180.2260 6.73760e-20 1.68699e-19
11181.3120 2.77575e-19 1.75624e-19
11182.3980 5.42300e-19 2.73904e-19
11183.4840 4.54222e-20 2.95306e-19
11184.5700 4.65234e-20 1.86438e-19
11185.6560 3.34142e-19 1.82938e-19
11186.7420 7.17651e-19 2.59912e-19
11187.8280 2.79272e-19 1.99041e-19
11188.9140 6.45209e-19 2.07677e-19
11190.0000 1.02834e-18 2.11837e-19
11191.0860 1.10376e-18 1.97682e-19
11192.1720 8.01220e-19 2.08219e-19
11193.2580 1.14120e-18 2.30962e-19
11194.3440 4.43172e-19 2.00017e-19
11195.4300 1.06028e-18 1.87436e-19
11196.5160 3.56602e-19 1.77602e-19
11197.6020 4.92032e-19 4.29184e-19
11198.6880 5.30798e-19 5.07751e-19
11199.7740 5.19223e-19 2.82139e-19
11200.8600 -7.53337e-20 -2.22654e-19
11201.9460 4.62434e-19 2.00484e-19
11203.0320 2.10798e-19 2.46203e-19
11204.1180 9.09493e-19 2.35285e-19
11205.2040 7.10394e-19 1.87972e-19
11206.2900 1.12986e-19 1.92108e-19
11207.3760 6.23923e-19 1.99832e-19
11208.4620 7.73421e-19 2.17035e-19
11209.5480 7.31317e-19 2.31672e-19
11210.6330 1.20533e-18 2.69508e-19
11211.7190 8.10447e-19 3.21411e-19
11212.8050 -3.30967e-20 -4.55393e-19
11213.8910 4.96988e-20 5.10279e-19
11214.9770 -7.17395e-20 -3.90962e-19
11216.0630 3.61439e-19 3.55393e-19
11217.1490 1.51876e-18 3.29905e-19
11218.2350 1.12728e-18 2.84805e-19
11219.3210 -1.33563e-20 -3.07510e-19
11220.4070 -5.95544e-19 -2.57629e-19
11221.4930 -2.82979e-19 -2.28028e-19
11222.5790 1.18512e-18 2.99589e-19
11223.6650 1.57392e-18 3.75294e-19
11224.7510 9.18881e-19 4.21451e-19
11225.8370 2.35096e-18 6.42673e-19
11226.9230 1.54561e-18 7.79446e-19
11228.0090 1.96558e-19 6.46250e-19
11229.0950 -6.93297e-19 -4.92565e-19
11230.1810 3.30549e-19 3.47632e-19
11231.2670 2.99928e-19 2.43487e-19
11232.3530 7.96598e-19 2.11125e-19
11233.4390 3.31809e-19 2.18619e-19
11234.5250 3.87451e-19 2.71863e-19
11235.6110 1.23978e-19 4.02867e-19
11236.6970 4.69101e-19 4.20058e-19
11237.7830 -3.05340e-19 -3.19790e-19
