lambda flux fluxErr
9752.1719 3.25349e-17 2.07962e-18
9753.2579 3.29298e-17 2.09870e-18
9754.3439 3.33106e-17 2.11600e-18
9755.4299 3.37994e-17 2.14768e-18
9756.5158 3.64017e-17 2.30948e-18
9757.6018 4.02349e-17 2.54983e-18
9758.6878 3.99356e-17 2.52944e-18
9759.7738 3.99877e-17 2.53280e-18
9760.8597 3.98877e-17 2.52574e-18
9761.9457 3.97880e-17 2.51440e-18
9763.0317 3.84511e-17 2.42765e-18
9764.1176 3.87132e-17 2.44751e-18
9765.2036 3.79283e-17 2.39912e-18
9766.2896 3.69369e-17 2.33846e-18
9767.3756 3.67704e-17 2.32733e-18
9768.4615 3.62637e-17 2.29420e-18
9769.5475 3.65394e-17 2.31073e-18
9770.6335 3.61151e-17 2.28296e-18
9771.7195 3.55611e-17 2.24916e-18
9772.8054 3.34078e-17 2.11512e-18
9773.8914 3.29537e-17 2.08643e-18
9774.9774 3.43961e-17 2.17582e-18
9776.0633 3.51593e-17 2.22384e-18
9777.1493 3.53576e-17 2.23558e-18
9778.2353 3.45078e-17 2.18310e-18
9779.3213 3.56344e-17 2.25325e-18
9780.4072 3.36374e-17 2.17835e-18
9781.4932 3.46804e-17 2.25006e-18
9782.5792 3.54552e-17 2.29267e-18
9783.6652 3.45748e-17 2.18733e-18
9784.7511 3.27538e-17 2.07627e-18
9785.8371 3.03465e-17 1.92728e-18
9786.9231 2.99998e-17 1.90455e-18
9788.0090 3.03211e-17 1.97835e-18
9789.0950 3.11057e-17 2.04036e-18
9790.1810 3.21767e-17 2.07844e-18
9791.2670 3.59238e-17 3.31006e-18
9792.3529 3.64899e-17 5.06253e-18
9793.4389 3.48761e-17 3.19096e-18
9794.5249 3.48515e-17 2.54463e-18
9795.6109 3.42880e-17 2.41366e-18
9796.6968 3.26775e-17 2.13285e-18
9797.7828 3.29376e-17 2.09623e-18
9798.8688 3.29333e-17 2.09897e-18
9799.9548 3.36569e-17 2.17923e-18
9801.0407 3.30956e-17 2.19434e-18
9802.1267 3.52759e-17 2.39522e-18
9803.2127 3.60659e-17 2.43774e-18
9804.2986 3.61878e-17 2.40707e-18
9805.3846 3.49246e-17 2.22468e-18
9806.4706 3.31519e-17 2.09739e-18
9807.5566 3.39707e-17 2.15146e-18
9808.6425 3.39624e-17 2.16175e-18
9809.7285 3.43438e-17 2.19037e-18
9810.8145 3.34057e-17 2.13153e-18
9811.9005 3.29658e-17 2.10800e-18
9812.9864 3.28761e-17 2.11532e-18
9814.0724 3.27727e-17 2.11500e-18
9815.1584 3.36158e-17 2.16023e-18
9816.2443 3.41503e-17 2.18806e-18
9817.3303 3.31211e-17 2.11246e-18
9818.4163 3.33203e-17 2.12290e-18
9819.5023 3.40018e-17 2.19830e-18
9820.5882 3.46163e-17 2.23420e-18
9821.6742 3.36475e-17 2.14535e-18
9822.7602 3.37189e-17 2.13580e-18
9823.8462 3.39947e-17 2.14877e-18
9824.9321 3.34805e-17 2.11564e-18
9826.0181 3.30186e-17 2.08747e-18
9827.1041 3.38795e-17 2.14254e-18
9828.1900 3.45488e-17 2.18762e-18
9829.2760 3.37256e-17 2.15687e-18
9830.3620 3.39618e-17 2.17431e-18
9831.4480 3.43901e-17 2.18239e-18
9832.5339 3.39230e-17 2.15050e-18
9833.6199 3.39264e-17 2.20657e-18
9834.7059 3.45612e-17 2.23365e-18
9835.7919 3.34525e-17 2.11379e-18
9836.8778 3.36764e-17 2.12791e-18
9837.9638 3.32005e-17 2.09769e-18
9839.0498 3.40256e-17 2.14714e-18
9840.1357 3.44590e-17 2.17393e-18
9841.2217 3.42747e-17 2.16285e-18
9842.3077 3.40518e-17 2.14793e-18
9843.3937 3.41115e-17 2.15178e-18
9844.4796 3.34075e-17 2.10829e-18
9845.5656 3.33379e-17 2.10452e-18
9846.6516 3.39840e-17 2.14442e-18
9847.7376 3.39586e-17 2.14666e-18
9848.8235 3.36023e-17 2.15567e-18
9849.9095 3.46474e-17 2.26133e-18
9850.9955 3.52530e-17 2.30511e-18
9852.0814 3.48039e-17 2.27524e-18
9853.1674 3.48948e-17 2.25324e-18
9854.2534 3.66948e-17 2.37903e-18
9855.3394 3.57493e-17 2.29531e-18
9856.4253 3.48664e-17 2.19769e-18
9857.5113 3.49918e-17 2.20529e-18
9858.5973 3.45320e-17 2.17666e-18
9859.6833 3.52813e-17 2.22426e-18
9860.7692 3.52969e-17 2.22388e-18
9861.8552 3.53001e-17 2.22263e-18
9862.9412 3.47138e-17 2.18616e-18
9864.0271 3.50932e-17 2.24658e-18
9865.1131 3.49862e-17 2.23927e-18
9866.1991 3.46543e-17 2.18337e-18
9867.2851 3.47037e-17 2.18581e-18
9868.3710 3.51367e-17 2.21399e-18
9869.4570 3.42084e-17 2.15778e-18
9870.5430 3.43483e-17 2.16790e-18
9871.6290 3.46472e-17 2.20335e-18
9872.7149 3.38097e-17 2.26303e-18
9873.8009 3.58973e-17 2.48763e-18
9874.8869 3.55839e-17 2.47811e-18
9875.9729 3.61945e-17 2.92320e-18
9877.0588 3.63205e-17 2.67449e-18
9878.1448 3.73462e-17 2.36898e-18
9879.2308 3.69817e-17 2.33150e-18
9880.3167 3.50590e-17 2.20896e-18
9881.4027 3.55401e-17 2.23798e-18
9882.4887 3.53842e-17 2.23189e-18
9883.5747 3.51660e-17 2.22017e-18
9884.6606 3.43497e-17 2.16992e-18
9885.7466 3.55306e-17 2.24064e-18
9886.8326 3.55545e-17 2.24715e-18
9887.9186 3.62384e-17 2.29350e-18
9889.0045 3.59284e-17 2.27368e-18
9890.0905 3.50195e-17 2.21495e-18
9891.1765 3.51079e-17 2.21465e-18
9892.2624 3.50413e-17 2.20549e-18
9893.3484 3.38575e-17 2.13232e-18
9894.4344 3.37933e-17 2.14064e-18
9895.5204 3.53281e-17 2.28826e-18
9896.6063 3.58011e-17 2.35545e-18
9897.6923 3.56676e-17 2.36024e-18
9898.7783 3.56888e-17 2.35051e-18
9899.8643 3.49152e-17 2.24604e-18
9900.9502 3.46574e-17 2.18984e-18
9902.0362 3.65295e-17 2.34386e-18
9903.1222 3.62969e-17 2.32956e-18
9904.2081 3.50132e-17 2.20624e-18
9905.2941 3.43191e-17 2.16443e-18
9906.3801 3.44618e-17 2.17171e-18
9907.4661 3.34119e-17 2.10366e-18
9908.5520 3.26103e-17 2.05412e-18
9909.6380 3.23902e-17 2.04029e-18
9910.7240 3.29855e-17 2.07805e-18
9911.8100 3.35442e-17 2.11186e-18
9912.8959 3.39895e-17 2.14042e-18
9913.9819 3.32144e-17 2.10654e-18
9915.0679 3.24403e-17 2.15881e-18
9916.1538 3.23438e-17 2.27685e-18
9917.2398 3.17705e-17 2.26499e-18
9918.3258 3.23240e-17 2.28439e-18
9919.4118 3.21203e-17 2.18432e-18
9920.4977 3.28987e-17 2.09880e-18
9921.5837 3.27055e-17 2.05976e-18
9922.6697 3.33031e-17 2.09695e-18
9923.7557 3.36915e-17 2.11996e-18
9924.8416 3.39169e-17 2.13331e-18
9925.9276 3.30256e-17 2.07882e-18
9927.0136 3.31736e-17 2.10135e-18
9928.0995 3.38402e-17 2.14777e-18
9929.1855 3.34320e-17 2.10658e-18
9930.2715 3.34191e-17 2.10365e-18
9931.3575 3.27752e-17 2.06319e-18
9932.4434 3.28942e-17 2.07068e-18
9933.5294 3.37402e-17 2.12305e-18
9934.6154 3.39457e-17 2.13487e-18
9935.7014 3.35133e-17 2.10764e-18
9936.7873 3.27975e-17 2.06446e-18
9937.8733 3.33403e-17 2.09797e-18
9938.9593 3.41648e-17 2.14914e-18
9940.0452 3.55293e-17 2.23512e-18
9941.1312 3.52085e-17 2.22362e-18
9942.2172 3.42651e-17 2.22553e-18
9943.3032 3.36820e-17 2.27198e-18
9944.3891 3.47043e-17 2.34822e-18
9945.4751 3.46024e-17 2.36332e-18
9946.5611 3.46398e-17 2.38927e-18
9947.6471 3.31933e-17 2.45949e-18
9948.7330 3.24641e-17 2.45316e-18
9949.8190 3.53068e-17 2.61270e-18
9950.9050 3.51396e-17 2.43895e-18
9951.9910 3.45781e-17 2.29300e-18
9953.0769 3.40174e-17 2.19241e-18
9954.1629 3.43933e-17 2.20325e-18
9955.2489 3.39590e-17 2.15518e-18
9956.3348 3.42871e-17 2.20915e-18
9957.4208 3.42533e-17 2.29473e-18
9958.5068 3.39646e-17 2.34664e-18
9959.5928 3.49252e-17 2.40586e-18
9960.6787 3.47161e-17 2.38080e-18
9961.7647 3.33063e-17 2.21929e-18
9962.8507 3.42911e-17 2.34985e-18
9963.9367 3.45000e-17 2.43277e-18
9965.0226 3.35655e-17 2.37583e-18
9966.1086 3.33821e-17 2.32089e-18
9967.1946 3.44001e-17 2.24635e-18
9968.2805 3.42588e-17 2.17029e-18
9969.3665 3.41218e-17 2.14412e-18
9970.4525 3.37352e-17 2.12105e-18
9971.5385 3.40326e-17 2.14329e-18
9972.6244 3.22308e-17 2.07178e-18
9973.7104 3.21733e-17 2.11426e-18
9974.7964 3.32388e-17 2.15858e-18
9975.8824 3.36792e-17 2.18283e-18
9976.9683 3.36651e-17 2.16150e-18
9978.0543 3.37665e-17 2.13759e-18
9979.1403 3.41190e-17 2.21821e-18
9980.2262 3.47792e-17 2.26295e-18
9981.3122 3.48024e-17 2.27046e-18
9982.3982 3.35244e-17 2.12427e-18
9983.4842 3.33680e-17 2.10726e-18
9984.5701 3.42500e-17 2.15599e-18
9985.6561 3.39930e-17 2.13607e-18
9986.7421 3.29294e-17 2.06964e-18
9987.8281 3.35496e-17 2.10878e-18
9988.9140 3.37171e-17 2.11805e-18
9990.0000 3.40226e-17 2.13615e-18
9991.0860 3.41508e-17 2.14390e-18
9992.1719 3.38874e-17 2.12864e-18
9993.2579 3.31904e-17 2.09840e-18
9994.3439 3.33879e-17 2.10933e-18
9995.4299 3.42164e-17 2.14814e-18
9996.5158 3.37237e-17 2.11983e-18
9997.6018 3.34344e-17 2.10235e-18
9998.6878 3.29787e-17 2.07381e-18
9999.7738 3.30114e-17 2.08104e-18
10000.8600 3.30871e-17 2.10282e-18
10001.9460 3.39915e-17 2.17256e-18
10003.0320 3.44847e-17 2.20485e-18
10004.1180 3.47639e-17 2.22097e-18
10005.2040 3.37341e-17 2.13879e-18
10006.2900 3.32869e-17 2.09584e-18
10007.3760 3.34995e-17 2.10825e-18
10008.4620 3.30840e-17 2.08103e-18
10009.5480 3.36615e-17 2.11636e-18
10010.6330 3.37959e-17 2.12328e-18
10011.7190 3.33757e-17 2.11454e-18
10012.8050 3.40949e-17 2.24294e-18
10013.8910 3.38741e-17 2.41759e-18
10014.9770 3.33696e-17 2.48003e-18
10016.0630 3.38589e-17 2.51349e-18
10017.1490 3.47810e-17 2.49271e-18
10018.2350 3.53947e-17 2.35494e-18
10019.3210 3.62705e-17 2.30348e-18
10020.4070 3.39257e-17 2.17482e-18
10021.4930 3.33469e-17 2.14085e-18
10022.5790 3.38302e-17 2.13402e-18
10023.6650 3.32596e-17 2.10086e-18
10024.7510 3.50071e-17 2.21289e-18
10025.8370 3.46979e-17 2.23583e-18
10026.9230 3.39009e-17 2.24136e-18
10028.0090 3.49400e-17 2.31106e-18
10029.0950 3.46189e-17 2.28875e-18
10030.1810 3.38773e-17 2.20650e-18
10031.2670 3.35005e-17 2.11819e-18
10032.3530 3.38628e-17 2.12613e-18
10033.4390 3.45371e-17 2.16923e-18
10034.5250 3.46236e-17 2.17526e-18
10035.6110 3.31166e-17 2.08108e-18
10036.6970 3.20324e-17 2.07804e-18
10037.7830 3.24643e-17 2.10504e-18
10038.8690 3.26949e-17 2.05751e-18
10039.9550 3.24965e-17 2.04576e-18
10041.0410 3.34866e-17 2.10631e-18
10042.1270 3.38798e-17 2.13246e-18
10043.2130 3.36580e-17 2.12192e-18
10044.2990 3.46321e-17 2.28851e-18
10045.3850 3.41985e-17 2.30718e-18
10046.4710 3.32671e-17 2.13799e-18
10047.5570 3.43539e-17 2.19927e-18
10048.6430 3.58426e-17 2.33927e-18
10049.7290 3.44679e-17 2.20211e-18
10050.8140 3.33704e-17 2.09334e-18
10051.9000 3.50301e-17 2.22158e-18
10052.9860 3.51541e-17 2.23042e-18
10054.0720 3.45917e-17 2.17050e-18
10055.1580 3.46665e-17 2.17492e-18
10056.2440 3.36233e-17 2.10949e-18
10057.3300 3.31680e-17 2.08133e-18
10058.4160 3.32218e-17 2.08487e-18
10059.5020 3.32335e-17 2.09261e-18
10060.5880 3.30254e-17 2.09892e-18
10061.6740 3.35982e-17 2.17555e-18
10062.7600 3.36898e-17 2.25012e-18
10063.8460 3.37453e-17 2.25386e-18
10064.9320 3.16832e-17 2.28508e-18
10066.0180 3.23653e-17 2.18322e-18
10067.1040 3.28080e-17 2.08149e-18
10068.1900 3.24837e-17 2.06809e-18
10069.2760 3.35416e-17 2.12407e-18
10070.3620 3.37205e-17 2.13808e-18
10071.4480 3.35711e-17 2.13801e-18
10072.5340 3.38023e-17 2.15565e-18
10073.6200 3.46519e-17 2.20899e-18
10074.7060 3.38573e-17 2.15360e-18
10075.7920 3.34215e-17 2.11379e-18
10076.8780 3.38627e-17 2.12838e-18
10077.9640 3.39671e-17 2.13172e-18
10079.0500 3.39119e-17 2.12863e-18
10080.1360 3.37790e-17 2.12138e-18
10081.2220 3.37973e-17 2.12332e-18
10082.3080 3.32614e-17 2.12100e-18
10083.3940 3.47371e-17 2.32633e-18
10084.4800 3.52105e-17 2.40979e-18
10085.5660 3.42014e-17 2.35650e-18
10086.6520 3.41316e-17 2.32983e-18
10087.7380 3.35794e-17 2.18515e-18
10088.8240 3.44747e-17 2.16819e-18
10089.9100 3.36805e-17 2.11339e-18
10090.9950 3.42548e-17 2.14950e-18
10092.0810 3.47054e-17 2.17817e-18
10093.1670 3.29063e-17 2.06578e-18
10094.2530 3.28355e-17 2.06136e-18
10095.3390 3.31346e-17 2.07898e-18
10096.4250 3.33597e-17 2.09380e-18
10097.5110 3.32678e-17 2.09041e-18
10098.5970 3.41337e-17 2.14576e-18
10099.6830 3.32652e-17 2.09268e-18
10100.7690 3.44302e-17 2.16501e-18
10101.8550 3.53288e-17 2.22003e-18
10102.9410 3.46199e-17 2.17683e-18
10104.0270 3.38706e-17 2.16664e-18
10105.1130 3.39811e-17 2.21999e-18
10106.1990 3.44347e-17 2.25263e-18
10107.2850 3.42497e-17 2.23993e-18
10108.3710 3.40912e-17 2.19704e-18
10109.4570 3.43225e-17 2.16143e-18
10110.5430 3.34536e-17 2.09820e-18
10111.6290 3.38280e-17 2.12108e-18
10112.7150 3.38145e-17 2.12008e-18
10113.8010 3.40988e-17 2.13803e-18
10114.8870 3.38747e-17 2.12384e-18
10115.9730 3.30064e-17 2.07017e-18
10117.0590 3.28689e-17 2.06099e-18
10118.1450 3.33577e-17 2.09137e-18
10119.2310 3.28749e-17 2.06122e-18
10120.3170 3.29266e-17 2.06471e-18
10121.4030 3.28795e-17 2.06248e-18
10122.4890 3.32763e-17 2.08890e-18
10123.5750 3.36464e-17 2.13159e-18
10124.6610 3.34342e-17 2.24212e-18
10125.7470 3.30419e-17 2.32459e-18
10126.8330 3.51531e-17 2.45478e-18
10127.9190 3.42269e-17 2.38542e-18
10129.0050 3.46408e-17 2.55873e-18
10130.0900 3.32727e-17 2.15760e-18
10131.1760 3.35375e-17 2.10357e-18
10132.2620 3.32059e-17 2.08364e-18
10133.3480 3.29318e-17 2.10433e-18
10134.4340 3.32846e-17 2.15035e-18
10135.5200 3.39950e-17 2.14325e-18
10136.6060 3.26405e-17 2.05908e-18
10137.6920 3.27176e-17 2.05926e-18
10138.7780 3.30172e-17 2.07369e-18
10139.8640 3.22534e-17 2.02433e-18
10140.9500 3.26586e-17 2.04910e-18
10142.0360 3.22530e-17 2.02341e-18
10143.1220 3.30349e-17 2.07271e-18
10144.2080 3.32276e-17 2.09036e-18
10145.2940 3.33917e-17 2.10726e-18
10146.3800 3.33218e-17 2.11872e-18
10147.4660 3.27319e-17 2.08680e-18
10148.5520 3.22484e-17 2.04140e-18
10149.6380 3.26385e-17 2.06583e-18
10150.7240 3.30782e-17 2.09530e-18
10151.8100 3.29084e-17 2.08131e-18
10152.8960 3.37260e-17 2.14374e-18
10153.9820 3.39575e-17 2.20851e-18
10155.0680 3.37789e-17 2.21641e-18
10156.1540 3.29389e-17 2.16566e-18
10157.2400 3.31248e-17 2.16514e-18
10158.3260 3.41649e-17 2.17753e-18
10159.4120 3.28886e-17 2.09768e-18
10160.4980 3.32911e-17 2.12777e-18
10161.5840 3.29253e-17 2.09954e-18
10162.6700 3.32736e-17 2.21199e-18
10163.7560 3.37265e-17 2.43011e-18
10164.8420 3.26784e-17 2.12835e-18
10165.9280 3.26633e-17 2.13490e-18
10167.0140 3.28174e-17 2.07755e-18
10168.1000 3.24712e-17 2.05797e-18
10169.1860 3.27538e-17 2.07302e-18
10170.2710 3.25906e-17 2.05497e-18
10171.3570 3.34447e-17 2.12435e-18
10172.4430 3.27786e-17 2.21470e-18
10173.5290 3.49414e-17 2.44349e-18
10174.6150 3.37040e-17 2.38354e-18
10175.7010 3.25404e-17 2.29938e-18
10176.7870 3.27347e-17 2.21053e-18
10177.8730 3.33183e-17 2.10972e-18
10178.9590 3.31974e-17 2.08403e-18
10180.0450 3.25873e-17 2.04348e-18
10181.1310 3.25551e-17 2.04991e-18
10182.2170 3.24796e-17 2.06961e-18
10183.3030 3.33401e-17 2.12967e-18
10184.3890 3.36745e-17 2.15209e-18
10185.4750 3.40751e-17 2.17296e-18
10186.5610 3.30373e-17 2.08677e-18
10187.6470 3.15632e-17 1.98694e-18
10188.7330 3.17130e-17 1.99632e-18
10189.8190 3.27900e-17 2.09562e-18
10190.9050 3.23552e-17 2.15251e-18
10191.9910 3.49519e-17 2.38257e-18
10193.0770 3.37057e-17 2.31273e-18
10194.1630 3.10072e-17 2.07913e-18
10195.2490 3.38640e-17 2.15864e-18
10196.3350 3.23916e-17 2.03614e-18
10197.4210 3.19266e-17 2.00691e-18
10198.5070 3.25401e-17 2.04481e-18
10199.5930 3.20498e-17 2.02597e-18
10200.6790 3.31868e-17 2.09582e-18
10201.7650 3.28975e-17 2.06962e-18
10202.8510 3.38957e-17 2.13471e-18
10203.9370 3.28339e-17 2.10632e-18
10205.0230 3.32206e-17 2.14671e-18
10206.1090 3.33286e-17 2.15445e-18
10207.1950 3.32885e-17 2.14771e-18
10208.2810 3.26322e-17 2.09986e-18
10209.3670 3.24508e-17 2.10442e-18
10210.4520 3.16045e-17 2.06221e-18
10211.5380 3.28536e-17 2.20525e-18
10212.6240 3.25095e-17 2.26225e-18
10213.7100 3.26232e-17 2.25217e-18
10214.7960 3.40470e-17 2.30207e-18
10215.8820 3.33342e-17 2.19723e-18
10216.9680 3.23210e-17 2.04241e-18
10218.0540 3.18531e-17 1.99803e-18
10219.1400 3.17328e-17 2.01568e-18
10220.2260 3.23778e-17 2.05694e-18
10221.3120 3.21638e-17 2.01922e-18
10222.3980 3.15529e-17 1.98309e-18
10223.4840 3.18881e-17 2.00425e-18
10224.5700 3.18653e-17 2.00250e-18
10225.6560 3.20428e-17 2.03141e-18
10226.7420 3.29990e-17 2.15917e-18
10227.8280 3.26413e-17 2.17525e-18
10228.9140 3.45199e-17 3.02820e-18
10230.0000 3.36719e-17 2.90475e-18
10231.0860 3.18647e-17 2.10023e-18
10232.1720 3.31780e-17 2.17343e-18
10233.2580 3.30461e-17 2.14010e-18
10234.3440 3.28908e-17 2.12992e-18
10235.4300 3.15045e-17 2.11978e-18
10236.5160 3.22192e-17 2.06768e-18
10237.6020 3.15228e-17 1.98007e-18
10238.6880 3.26481e-17 2.04898e-18
10239.7740 3.20504e-17 2.01184e-18
10240.8600 3.20199e-17 2.01001e-18
10241.9460 3.20361e-17 2.00907e-18
10243.0320 3.27297e-17 2.05137e-18
10244.1180 3.26648e-17 2.04765e-18
10245.2040 3.26933e-17 2.04991e-18
10246.2900 3.26139e-17 2.04406e-18
10247.3760 3.22680e-17 2.02284e-18
10248.4620 3.21613e-17 2.01572e-18
10249.5480 3.21820e-17 2.01648e-18
10250.6330 3.28329e-17 2.05663e-18
10251.7190 3.26070e-17 2.04305e-18
10252.8050 3.24322e-17 2.03247e-18
10253.8910 3.27193e-17 2.05022e-18
10254.9770 3.20920e-17 2.01142e-18
10256.0630 3.24018e-17 2.03143e-18
10257.1490 3.18977e-17 2.00199e-18
10258.2350 3.20590e-17 2.01286e-18
10259.3210 3.25781e-17 2.04493e-18
10260.4070 3.22645e-17 2.02514e-18
10261.4930 3.22713e-17 2.02406e-18
10262.5790 3.16948e-17 1.98786e-18
10263.6650 3.22395e-17 2.02170e-18
10264.7510 3.16780e-17 1.98778e-18
10265.8370 3.24253e-17 2.03464e-18
10266.9230 3.24098e-17 2.03500e-18
10268.0090 3.27427e-17 2.05731e-18
10269.0950 3.28653e-17 2.06510e-18
10270.1810 3.26148e-17 2.05375e-18
10271.2670 3.53365e-17 2.23287e-18
10272.3530 3.27727e-17 2.09066e-18
10273.4390 3.23381e-17 2.06903e-18
10274.5250 3.31708e-17 2.12024e-18
10275.6110 3.38150e-17 2.14994e-18
10276.6970 3.28392e-17 2.06851e-18
10277.7830 3.20440e-17 2.01404e-18
10278.8690 3.22911e-17 2.02762e-18
10279.9550 3.23778e-17 2.03148e-18
10281.0410 3.27492e-17 2.05472e-18
10282.1270 3.22835e-17 2.02825e-18
10283.2130 3.15910e-17 2.02253e-18
10284.2990 3.17765e-17 2.02856e-18
10285.3850 3.17305e-17 2.02336e-18
10286.4710 3.34509e-17 2.22513e-18
10287.5570 3.31718e-17 2.48003e-18
10288.6430 3.47110e-17 2.68272e-18
10289.7290 3.28028e-17 2.58120e-18
10290.8140 3.40585e-17 2.56534e-18
10291.9000 3.46724e-17 2.35222e-18
10292.9860 3.43630e-17 2.49219e-18
10294.0720 3.36492e-17 2.40358e-18
10295.1580 3.37666e-17 2.44231e-18
10296.2440 3.33216e-17 2.15343e-18
10297.3300 3.34268e-17 2.24327e-18
10298.4160 3.38934e-17 2.28381e-18
10299.5020 3.34137e-17 2.25341e-18
10300.5880 3.38157e-17 2.23743e-18
10301.6740 3.35243e-17 2.13223e-18
10302.7600 3.33270e-17 2.09251e-18
10303.8460 3.31785e-17 2.08383e-18
10304.9320 3.35215e-17 2.10598e-18
10306.0180 3.31850e-17 2.08720e-18
10307.1040 3.37538e-17 2.12325e-18
10308.1900 3.43996e-17 2.16239e-18
10309.2760 3.36578e-17 2.12268e-18
10310.3620 3.37688e-17 2.15289e-18
10311.4480 3.47438e-17 2.25484e-18
10312.5340 3.41206e-17 2.22216e-18
10313.6200 3.25242e-17 2.08713e-18
10314.7060 3.31323e-17 2.09794e-18
10315.7920 3.26401e-17 2.04888e-18
10316.8780 3.26048e-17 2.04423e-18
10317.9640 3.28563e-17 2.05955e-18
10319.0500 3.29085e-17 2.06301e-18
10320.1360 3.28794e-17 2.06095e-18
10321.2220 3.30398e-17 2.07010e-18
10322.3080 3.34825e-17 2.09737e-18
10323.3940 3.28222e-17 2.05714e-18
10324.4800 3.33640e-17 2.09174e-18
10325.5660 3.29452e-17 2.06651e-18
10326.6520 3.28695e-17 2.06332e-18
10327.7380 3.31033e-17 2.08255e-18
10328.8240 3.33509e-17 2.10203e-18
10329.9100 3.30387e-17 2.08484e-18
10330.9950 3.30790e-17 2.08632e-18
10332.0810 3.30701e-17 2.08137e-18
10333.1670 3.33934e-17 2.09613e-18
10334.2530 3.34687e-17 2.09733e-18
10335.3390 3.30347e-17 2.07012e-18
10336.4250 3.29160e-17 2.06278e-18
10337.5110 3.30871e-17 2.07335e-18
10338.5970 3.33254e-17 2.08798e-18
10339.6830 3.25661e-17 2.04284e-18
10340.7690 3.26761e-17 2.06104e-18
10341.8550 3.24258e-17 2.05549e-18
10342.9410 3.26305e-17 2.06856e-18
10344.0270 3.12845e-17 1.98548e-18
10345.1130 3.02929e-17 1.91413e-18
10346.1990 2.78327e-17 1.75419e-18
10347.2850 2.67686e-17 1.71237e-18
10348.3710 2.90810e-17 1.92786e-18
10349.4570 3.16898e-17 2.10614e-18
10350.5430 3.22478e-17 2.13804e-18
10351.6290 3.27547e-17 2.15353e-18
10352.7150 3.27112e-17 2.08711e-18
10353.8010 3.23873e-17 2.04266e-18
10354.8870 3.21180e-17 2.03870e-18
10355.9730 3.27307e-17 2.11406e-18
10357.0590 3.32937e-17 2.14606e-18
10358.1450 3.22819e-17 2.05454e-18
10359.2310 3.28701e-17 2.07322e-18
10360.3170 3.27820e-17 2.05574e-18
10361.4030 3.25068e-17 2.03716e-18
10362.4890 3.26541e-17 2.04573e-18
10363.5750 3.34647e-17 2.09568e-18
10364.6610 3.34924e-17 2.09792e-18
10365.7470 3.28526e-17 2.05803e-18
10366.8330 3.28940e-17 2.06075e-18
10367.9190 3.25082e-17 2.03686e-18
10369.0050 3.30751e-17 2.07252e-18
10370.0900 3.33954e-17 2.09504e-18
10371.1760 3.37083e-17 2.11527e-18
10372.2620 3.22947e-17 2.03544e-18
10373.3480 3.55315e-17 2.60638e-18
10374.4340 3.71347e-17 3.08198e-18
10375.5200 3.33860e-17 2.41053e-18
10376.6060 3.39232e-17 2.58910e-18
10377.6920 3.38901e-17 2.42913e-18
10378.7780 3.34052e-17 2.12349e-18
10379.8640 3.28833e-17 2.06264e-18
10380.9500 3.30095e-17 2.06870e-18
10382.0360 3.13101e-17 1.96300e-18
10383.1220 3.15121e-17 1.97578e-18
10384.2080 3.21486e-17 2.01561e-18
10385.2940 3.25470e-17 2.04047e-18
10386.3800 3.28885e-17 2.06297e-18
10387.4660 3.22447e-17 2.02404e-18
10388.5520 3.30615e-17 2.07470e-18
10389.6380 3.21222e-17 2.01633e-18
10390.7240 3.28846e-17 2.06390e-18
10391.8100 3.65018e-17 2.38465e-18
10392.8960 3.48508e-17 2.27335e-18
10393.9820 3.19334e-17 2.00664e-18
10395.0680 3.21165e-17 2.01529e-18
10396.1540 3.19888e-17 2.01674e-18
10397.2400 3.14401e-17 2.05163e-18
10398.3260 3.20703e-17 2.20258e-18
10399.4120 3.10340e-17 2.15663e-18
10400.4980 2.96428e-17 2.00913e-18
10401.5840 3.16300e-17 2.05217e-18
10402.6700 3.29757e-17 2.10828e-18
10403.7560 3.29584e-17 2.09122e-18
10404.8420 3.20850e-17 2.01157e-18
10405.9280 3.20601e-17 2.01106e-18
10407.0140 3.24446e-17 2.03570e-18
10408.1000 3.24714e-17 2.03642e-18
10409.1860 3.22130e-17 2.02063e-18
10410.2710 3.20837e-17 2.01403e-18
10411.3570 3.24441e-17 2.03711e-18
10412.4430 3.16152e-17 1.98642e-18
10413.5290 3.17134e-17 1.99043e-18
10414.6150 3.17283e-17 1.98997e-18
10415.7010 3.19950e-17 2.00710e-18
10416.7870 3.14608e-17 1.98020e-18
10417.8730 3.15717e-17 2.01037e-18
10418.9590 3.13780e-17 2.15187e-18
10420.0450 3.30533e-17 2.39451e-18
10421.1310 3.27648e-17 2.39579e-18
10422.2170 3.27738e-17 2.38287e-18
10423.3030 3.45090e-17 2.34837e-18
10424.3890 3.24435e-17 2.06578e-18
10425.4750 3.19543e-17 2.01263e-18
10426.5610 3.17829e-17 2.00087e-18
10427.6470 3.23082e-17 2.03112e-18
10428.7330 3.19372e-17 2.00936e-18
10429.8190 3.10318e-17 1.95926e-18
10430.9050 3.17867e-17 2.00955e-18
10431.9910 3.19235e-17 2.01792e-18
10433.0770 3.26376e-17 2.05748e-18
10434.1630 3.18436e-17 2.00066e-18
10435.2490 3.16537e-17 1.98431e-18
10436.3350 3.26487e-17 2.04487e-18
10437.4210 3.19959e-17 2.00399e-18
10438.5070 3.45107e-17 2.25782e-18
10439.5930 3.39296e-17 2.22012e-18
10440.6790 3.35354e-17 2.09948e-18
10441.7650 3.28620e-17 2.05783e-18
10442.8510 3.18944e-17 1.99750e-18
10443.9370 3.19175e-17 1.99916e-18
10445.0230 3.26421e-17 2.04446e-18
10446.1090 3.20614e-17 2.00857e-18
10447.1950 3.19938e-17 2.00519e-18
10448.2810 3.20433e-17 2.00894e-18
10449.3670 3.21979e-17 2.01941e-18
10450.4520 3.30857e-17 2.09244e-18
10451.5380 3.31982e-17 2.15667e-18
10452.6240 3.26428e-17 2.14864e-18
10453.7100 3.20210e-17 2.11289e-18
10454.7960 3.27349e-17 2.13974e-18
10455.8820 3.23822e-17 2.06159e-18
10456.9680 3.19658e-17 2.00489e-18
10458.0540 3.22752e-17 2.02171e-18
10459.1400 3.34888e-17 2.11916e-18
10460.2260 3.29409e-17 2.08554e-18
10461.3120 3.22090e-17 2.01706e-18
10462.3980 3.22669e-17 2.02075e-18
10463.4840 3.16820e-17 1.98450e-18
10464.5700 3.15538e-17 1.97670e-18
10465.6560 3.26055e-17 2.04209e-18
10466.7420 3.30753e-17 2.07149e-18
10467.8280 3.28136e-17 2.05739e-18
10468.9140 3.16740e-17 2.03367e-18
10470.0000 3.16388e-17 2.16668e-18
10471.0860 3.32422e-17 2.31849e-18
10472.1720 3.26208e-17 2.28228e-18
10473.2580 3.32500e-17 2.28503e-18
10474.3440 3.24031e-17 2.10925e-18
10475.4300 3.26046e-17 2.04947e-18
10476.5160 3.29426e-17 2.06407e-18
10477.6020 3.29549e-17 2.06418e-18
10478.6880 3.26277e-17 2.04336e-18
10479.7740 3.26369e-17 2.04380e-18
10480.8600 3.26305e-17 2.04403e-18
10481.9460 3.21791e-17 2.01622e-18
10483.0320 3.22402e-17 2.01991e-18
10484.1180 3.20011e-17 2.00453e-18
10485.2040 3.22881e-17 2.02226e-18
10486.2900 3.25105e-17 2.03622e-18
10487.3760 3.25133e-17 2.03888e-18
10488.4620 3.29366e-17 2.06926e-18
10489.5480 3.28015e-17 2.06175e-18
10490.6330 3.28634e-17 2.06556e-18
10491.7190 3.31849e-17 2.08300e-18
10492.8050 3.29947e-17 2.06755e-18
10493.8910 3.20183e-17 2.00593e-18
10494.9770 3.22622e-17 2.02071e-18
10496.0630 3.26561e-17 2.04671e-18
10497.1490 3.22258e-17 2.02014e-18
10498.2350 3.12564e-17 1.95943e-18
10499.3210 3.13798e-17 1.99694e-18
10500.4070 3.22402e-17 2.05346e-18
10501.4930 3.24884e-17 2.04019e-18
10502.5790 3.27438e-17 2.05542e-18
10503.6650 3.18818e-17 1.99996e-18
10504.7510 3.21593e-17 2.01536e-18
10505.8370 3.34906e-17 2.09875e-18
10506.9230 3.51663e-17 2.20450e-18
10508.0090 3.37803e-17 2.11816e-18
10509.0950 3.30118e-17 2.08010e-18
10510.1810 3.25547e-17 2.09028e-18
10511.2670 3.23640e-17 2.09820e-18
10512.3530 3.15859e-17 2.05415e-18
10513.4390 3.24776e-17 2.09897e-18
10514.5250 3.26417e-17 2.07277e-18
10515.6110 3.27035e-17 2.06039e-18
10516.6970 3.25762e-17 2.04962e-18
10517.7830 3.18858e-17 2.00586e-18
10518.8690 3.21545e-17 2.02186e-18
10519.9550 3.27964e-17 2.05857e-18
10521.0410 3.19417e-17 2.00450e-18
10522.1270 3.32490e-17 2.08438e-18
10523.2130 3.23795e-17 2.02925e-18
10524.2990 3.27410e-17 2.06030e-18
10525.3850 3.23797e-17 2.09726e-18
10526.4710 3.34572e-17 2.21271e-18
10527.5570 3.39382e-17 2.25099e-18
10528.6430 3.41468e-17 2.25630e-18
10529.7290 3.28721e-17 2.12723e-18
10530.8140 3.25999e-17 2.05353e-18
10531.9000 3.29105e-17 2.06123e-18
10532.9860 3.30981e-17 2.07202e-18
10534.0720 3.25641e-17 2.03911e-18
10535.1580 3.24643e-17 2.03255e-18
10536.2440 3.18441e-17 1.99407e-18
10537.3300 3.24359e-17 2.03103e-18
10538.4160 3.25878e-17 2.04047e-18
10539.5020 3.24602e-17 2.03276e-18
10540.5880 3.21351e-17 2.01393e-18
10541.6740 3.23037e-17 2.02416e-18
10542.7600 3.25732e-17 2.03921e-18
10543.8460 3.30959e-17 2.07155e-18
10544.9320 3.28072e-17 2.05383e-18
10546.0180 3.29322e-17 2.06154e-18
10547.1040 3.30825e-17 2.07064e-18
10548.1900 3.28696e-17 2.05757e-18
10549.2760 3.25274e-17 2.03652e-18
10550.3620 3.23314e-17 2.02428e-18
10551.4480 3.25400e-17 2.03762e-18
10552.5340 3.21722e-17 2.01646e-18
10553.6200 3.18227e-17 1.99699e-18
10554.7060 3.26058e-17 2.04650e-18
10555.7920 3.23467e-17 2.03045e-18
10556.8780 3.26833e-17 2.04957e-18
10557.9640 3.21513e-17 2.01403e-18
10559.0500 3.23199e-17 2.02380e-18
10560.1360 3.16099e-17 1.98002e-18
10561.2220 3.18438e-17 1.99394e-18
10562.3080 3.21583e-17 2.01346e-18
10563.3940 3.14315e-17 1.96809e-18
10564.4800 3.13819e-17 1.96499e-18
10565.5660 3.14632e-17 1.97008e-18
10566.6520 3.16885e-17 1.98380e-18
10567.7380 3.24536e-17 2.05190e-18
10568.8240 3.20313e-17 2.03756e-18
10569.9100 3.13177e-17 1.96952e-18
10570.9950 3.16616e-17 1.99097e-18
10572.0810 3.21296e-17 2.02267e-18
10573.1670 3.11053e-17 2.02920e-18
10574.2530 3.15027e-17 2.09151e-18
10575.3390 3.12999e-17 1.99024e-18
10576.4250 3.07693e-17 1.95613e-18
10577.5110 3.11262e-17 1.96403e-18
10578.5970 3.13471e-17 1.96466e-18
10579.6830 3.20993e-17 2.00985e-18
10580.7690 3.21677e-17 2.01408e-18
10581.8550 3.16892e-17 1.98446e-18
10582.9410 3.10178e-17 1.94265e-18
10584.0270 3.16239e-17 1.98015e-18
10585.1130 3.22079e-17 2.01837e-18
10586.1990 3.16139e-17 1.99973e-18
10587.2850 2.97502e-17 1.91272e-18
10588.3710 2.86045e-17 1.85380e-18
10589.4570 2.91632e-17 1.88840e-18
10590.5430 3.05233e-17 1.95266e-18
10591.6290 3.06948e-17 1.93485e-18
10592.7150 3.19848e-17 2.00641e-18
10593.8010 3.13937e-17 1.96781e-18
10594.8870 3.14277e-17 1.96939e-18
10595.9730 3.16501e-17 1.98333e-18
10597.0590 3.10920e-17 1.94904e-18
10598.1450 3.10102e-17 1.94436e-18
10599.2310 3.07805e-17 1.93126e-18
10600.3170 3.15799e-17 1.98103e-18
10601.4030 3.14646e-17 1.97492e-18
10602.4890 3.13477e-17 1.97845e-18
10603.5750 3.05500e-17 1.92679e-18
10604.6610 3.05089e-17 1.91337e-18
10605.7470 3.09189e-17 1.93794e-18
10606.8330 3.08871e-17 1.93510e-18
10607.9190 3.03778e-17 1.90379e-18
10609.0050 3.03543e-17 1.90240e-18
10610.0900 3.06744e-17 1.92333e-18
10611.1760 2.95856e-17 1.85611e-18
10612.2620 3.02812e-17 1.89793e-18
10613.3480 3.02752e-17 1.89837e-18
10614.4340 3.02189e-17 1.90005e-18
10615.5200 3.06032e-17 1.92354e-18
10616.6060 3.06835e-17 1.92224e-18
10617.6920 3.06148e-17 1.91753e-18
10618.7780 3.07083e-17 1.92366e-18
10619.8640 3.08891e-17 1.93497e-18
10620.9500 3.09589e-17 1.93902e-18
10622.0360 3.17298e-17 1.98649e-18
10623.1220 3.08975e-17 1.93563e-18
10624.2080 3.14325e-17 1.96914e-18
10625.2940 3.19784e-17 2.00350e-18
10626.3800 3.12934e-17 1.96082e-18
10627.4660 3.06243e-17 1.91888e-18
10628.5520 3.05502e-17 1.91419e-18
10629.6380 3.06576e-17 1.92072e-18
10630.7240 3.10316e-17 1.94998e-18
10631.8100 3.12400e-17 1.96230e-18
10632.8960 3.10782e-17 1.94603e-18
10633.9820 3.10199e-17 1.94191e-18
10635.0680 3.08630e-17 1.93208e-18
10636.1540 3.09655e-17 1.95889e-18
10637.2400 3.12542e-17 1.97667e-18
10638.3260 3.07549e-17 1.92582e-18
10639.4120 3.06563e-17 1.91986e-18
10640.4980 3.06406e-17 1.92059e-18
10641.5840 3.07576e-17 1.93473e-18
10642.6700 3.09007e-17 1.99440e-18
10643.7560 3.10307e-17 2.00255e-18
10644.8420 3.14581e-17 2.02346e-18
10645.9280 3.13943e-17 2.00270e-18
10647.0140 3.08969e-17 1.93537e-18
10648.1000 3.05199e-17 1.91112e-18
10649.1860 3.06264e-17 1.91766e-18
10650.2710 3.06681e-17 1.92030e-18
10651.3570 3.07728e-17 1.92803e-18
10652.4430 3.10233e-17 1.94994e-18
10653.5290 3.02420e-17 1.91454e-18
10654.6150 3.06931e-17 1.94947e-18
10655.7010 3.02963e-17 1.92135e-18
10656.7870 3.05800e-17 1.93061e-18
10657.8730 3.10403e-17 1.97506e-18
10658.9590 3.08182e-17 1.94942e-18
10660.0450 3.13739e-17 1.96416e-18
10661.1310 3.08594e-17 1.93269e-18
10662.2170 3.08705e-17 1.93314e-18
10663.3030 2.98610e-17 1.87067e-18
10664.3890 2.94021e-17 1.84211e-18
10665.4750 2.86326e-17 1.79471e-18
10666.5610 2.96185e-17 1.85659e-18
10667.6470 3.00777e-17 1.88631e-18
10668.7330 3.11587e-17 1.95578e-18
10669.8190 3.15786e-17 1.98215e-18
10670.9050 3.12179e-17 1.95673e-18
10671.9910 3.13915e-17 1.96645e-18
10673.0770 3.14568e-17 1.97229e-18
10674.1630 3.14894e-17 1.97377e-18
10675.2490 3.14719e-17 1.97082e-18
10676.3350 3.14105e-17 1.96689e-18
10677.4210 3.11185e-17 1.94859e-18
10678.5070 3.12469e-17 1.95680e-18
10679.5930 3.03953e-17 1.90381e-18
10680.6790 3.04200e-17 1.90568e-18
10681.7650 3.06455e-17 1.92036e-18
10682.8510 3.12933e-17 1.96276e-18
10683.9370 3.21762e-17 2.02112e-18
10685.0230 3.19940e-17 2.01795e-18
10686.1090 3.17776e-17 2.02851e-18
10687.1950 3.08466e-17 1.98059e-18
10688.2810 3.05096e-17 1.94720e-18
10689.3670 3.12179e-17 1.99610e-18
10690.4520 3.24265e-17 2.06828e-18
10691.5380 3.25988e-17 2.07767e-18
10692.6240 3.18195e-17 2.02682e-18
10693.7100 3.17411e-17 2.02881e-18
10694.7960 3.21885e-17 2.04797e-18
10695.8820 3.24469e-17 2.04682e-18
10696.9680 3.27004e-17 2.06445e-18
10698.0540 3.22827e-17 2.06954e-18
10699.1400 3.14898e-17 2.03987e-18
10700.2260 3.16579e-17 2.04515e-18
10701.3120 3.20545e-17 2.09275e-18
10702.3980 3.21333e-17 2.06209e-18
10703.4840 3.20942e-17 2.03264e-18
10704.5700 3.19455e-17 2.04045e-18
10705.6560 3.33549e-17 2.12401e-18
10706.7420 3.23262e-17 2.05928e-18
10707.8280 3.24719e-17 2.06262e-18
10708.9140 3.24475e-17 2.04424e-18
10710.0000 3.14404e-17 1.97513e-18
10711.0860 3.16329e-17 2.02696e-18
10712.1720 3.16210e-17 2.09840e-18
10713.2580 3.21219e-17 2.14305e-18
10714.3440 3.18250e-17 2.12602e-18
10715.4300 3.13693e-17 2.06855e-18
10716.5160 3.27389e-17 2.08599e-18
10717.6020 3.28214e-17 2.07636e-18
10718.6880 3.35124e-17 2.11777e-18
10719.7740 3.26845e-17 2.06289e-18
10720.8600 3.28009e-17 2.08887e-18
10721.9460 3.36650e-17 2.17622e-18
10723.0320 3.33050e-17 2.15136e-18
10724.1180 3.13679e-17 2.05934e-18
10725.2040 3.14224e-17 2.04103e-18
10726.2900 3.18890e-17 2.01602e-18
10727.3760 3.22463e-17 2.03196e-18
10728.4620 3.15902e-17 2.00845e-18
10729.5480 3.08155e-17 2.07998e-18
10730.6330 2.97362e-17 2.10176e-18
10731.7190 3.03428e-17 2.13830e-18
10732.8050 3.26994e-17 2.25465e-18
10733.8910 3.19961e-17 2.12250e-18
10734.9770 3.11162e-17 1.96784e-18
10736.0630 3.16183e-17 1.98328e-18
10737.1490 3.19645e-17 2.00825e-18
10738.2350 3.21563e-17 2.02443e-18
10739.3210 3.28849e-17 2.06952e-18
10740.4070 3.29501e-17 2.07413e-18
10741.4930 3.41611e-17 2.14581e-18
10742.5790 3.41741e-17 2.14517e-18
10743.6650 3.39110e-17 2.16302e-18
10744.7510 3.20971e-17 2.10676e-18
10745.8370 3.25356e-17 2.18202e-18
10746.9230 3.23134e-17 2.16521e-18
10748.0090 3.24760e-17 2.10325e-18
10749.0950 3.29919e-17 2.08293e-18
10750.1810 3.30104e-17 2.07748e-18
10751.2670 3.23540e-17 2.11345e-18
10752.3530 3.40271e-17 2.35406e-18
10753.4390 3.21154e-17 2.27889e-18
10754.5250 3.11159e-17 2.22194e-18
10755.6110 3.07786e-17 2.13695e-18
10756.6970 3.19063e-17 2.04755e-18
10757.7830 3.26980e-17 2.05220e-18
10758.8690 3.25652e-17 2.04113e-18
10759.9550 3.27031e-17 2.04950e-18
10761.0410 3.29465e-17 2.06489e-18
10762.1270 3.21620e-17 2.02268e-18
10763.2130 3.14582e-17 1.98445e-18
10764.2990 3.18806e-17 2.01395e-18
10765.3850 3.28231e-17 2.06418e-18
10766.4710 3.26621e-17 2.05553e-18
10767.5570 3.27470e-17 2.05718e-18
10768.6430 3.25861e-17 2.04348e-18
10769.7290 3.19923e-17 2.00484e-18
10770.8140 3.24582e-17 2.03455e-18
10771.9000 3.21601e-17 2.02585e-18
10772.9860 3.16127e-17 2.07886e-18
10774.0720 3.24709e-17 2.35199e-18
10775.1580 3.23374e-17 2.30064e-18
10776.2440 3.19985e-17 2.09797e-18
10777.3300 3.18264e-17 2.03696e-18
10778.4160 3.15383e-17 1.98050e-18
10779.5020 3.05721e-17 1.91704e-18
10780.5880 3.12064e-17 1.95628e-18
10781.6740 3.18597e-17 1.99676e-18
10782.7600 3.21423e-17 2.01464e-18
10783.8460 3.15353e-17 1.97717e-18
10784.9320 3.11941e-17 1.95540e-18
10786.0180 3.18718e-17 2.00607e-18
10787.1040 3.20753e-17 2.01783e-18
10788.1900 3.15758e-17 1.98732e-18
10789.2760 3.09090e-17 1.94496e-18
10790.3620 3.23412e-17 2.02539e-18
10791.4480 3.14640e-17 1.97059e-18
10792.5340 3.09729e-17 1.94163e-18
10793.6200 3.19172e-17 2.00320e-18
10794.7060 3.13424e-17 1.97151e-18
10795.7920 3.07402e-17 1.93746e-18
10796.8780 3.10179e-17 1.95445e-18
10797.9640 3.06695e-17 1.92952e-18
10799.0500 3.08259e-17 1.93519e-18
10800.1360 3.11472e-17 1.95216e-18
10801.2220 3.08394e-17 1.93370e-18
10802.3080 3.13284e-17 1.96696e-18
10803.3940 3.07186e-17 1.93168e-18
10804.4800 3.06691e-17 1.92854e-18
10805.5660 3.08078e-17 1.93675e-18
10806.6520 3.07792e-17 1.93201e-18
10807.7380 3.04099e-17 1.90666e-18
10808.8240 3.10989e-17 1.94923e-18
10809.9100 3.08685e-17 1.93511e-18
10810.9950 3.08899e-17 1.93710e-18
10812.0810 3.11153e-17 1.95152e-18
10813.1670 2.94473e-17 1.84769e-18
10814.2530 2.89284e-17 1.81697e-18
10815.3390 2.91824e-17 1.83235e-18
10816.4250 3.05165e-17 1.91344e-18
10817.5110 3.07739e-17 1.92888e-18
10818.5970 2.98039e-17 1.86870e-18
10819.6830 2.98560e-17 1.87107e-18
10820.7690 3.09547e-17 1.93886e-18
10821.8550 3.02021e-17 1.89197e-18
10822.9410 2.99332e-17 1.87523e-18
10824.0270 3.02494e-17 1.89527e-18
10825.1130 2.94074e-17 1.84329e-18
10826.1990 2.96740e-17 1.86004e-18
10827.2850 2.95228e-17 1.88813e-18
10828.3710 3.00179e-17 1.92276e-18
10829.4570 2.99135e-17 1.89519e-18
10830.5430 2.98060e-17 1.94854e-18
10831.6290 3.08374e-17 2.19684e-18
10832.7150 3.67967e-17 2.79330e-18
10833.8010 3.17429e-17 2.61608e-18
10834.8870 3.11235e-17 2.55163e-18
10835.9730 3.06893e-17 2.37757e-18
10837.0590 3.04056e-17 2.02788e-18
10838.1450 2.96515e-17 1.87611e-18
10839.2310 2.97892e-17 1.88862e-18
10840.3170 3.02256e-17 1.91776e-18
10841.4030 2.98445e-17 1.91129e-18
10842.4890 2.98793e-17 2.01272e-18
10843.5750 2.94437e-17 2.07069e-18
10844.6610 3.02122e-17 2.12092e-18
10845.7470 3.00166e-17 2.08940e-18
10846.8330 2.89213e-17 1.93303e-18
10847.9190 2.93030e-17 1.85445e-18
10849.0050 2.96385e-17 1.85945e-18
10850.0900 2.93364e-17 1.83943e-18
10851.1760 2.90070e-17 1.81893e-18
10852.2620 2.91497e-17 1.83067e-18
10853.3480 2.93191e-17 1.84453e-18
10854.4340 2.89975e-17 1.82517e-18
10855.5200 2.96237e-17 1.86537e-18
10856.6060 2.99476e-17 1.95675e-18
10857.6920 3.00955e-17 2.06183e-18
10858.7780 3.05443e-17 1.98878e-18
10859.8640 3.22619e-17 2.11109e-18
10860.9500 3.16991e-17 2.06481e-18
10862.0360 3.06381e-17 1.95126e-18
10863.1220 2.97741e-17 1.87145e-18
10864.2080 2.98363e-17 1.87088e-18
10865.2940 2.92882e-17 1.83528e-18
10866.3800 2.91973e-17 1.83087e-18
10867.4660 2.91993e-17 1.83098e-18
10868.5520 2.89407e-17 1.81322e-18
10869.6380 2.90590e-17 1.82057e-18
10870.7240 2.93612e-17 1.83962e-18
10871.8100 2.89992e-17 1.81839e-18
10872.8960 2.90585e-17 1.82352e-18
10873.9820 2.92638e-17 1.83776e-18
10875.0680 2.92132e-17 1.83734e-18
10876.1540 3.14960e-17 1.98695e-18
10877.2400 3.03170e-17 1.92327e-18
10878.3260 2.87521e-17 1.83392e-18
10879.4120 2.89097e-17 1.84100e-18
10880.4980 2.95116e-17 1.87191e-18
10881.5840 2.98296e-17 1.88164e-18
10882.6700 2.93175e-17 1.84011e-18
10883.7560 2.89066e-17 1.81194e-18
10884.8420 2.88160e-17 1.80831e-18
10885.9280 2.87412e-17 1.81315e-18
10887.0140 2.92132e-17 1.84436e-18
10888.1000 2.95248e-17 1.85566e-18
10889.1860 2.88238e-17 1.81976e-18
10890.2710 2.92138e-17 1.84035e-18
10891.3570 2.95787e-17 1.87178e-18
10892.4430 2.91043e-17 1.84233e-18
10893.5290 2.89849e-17 1.83517e-18
10894.6150 2.88075e-17 1.80666e-18
10895.7010 2.92123e-17 1.85657e-18
10896.7870 2.97338e-17 1.97001e-18
10897.8730 3.01322e-17 2.03145e-18
10898.9590 3.00331e-17 2.02965e-18
10900.0450 2.89714e-17 1.94997e-18
10901.1310 2.86358e-17 1.85221e-18
10902.2170 2.95701e-17 1.86187e-18
10903.3030 2.94643e-17 1.85269e-18
10904.3890 2.94086e-17 1.84866e-18
10905.4750 2.95254e-17 1.85379e-18
10906.5610 3.03136e-17 1.90145e-18
10907.6470 2.97821e-17 1.86617e-18
10908.7330 2.93188e-17 1.83648e-18
10909.8190 2.88089e-17 1.80465e-18
10910.9050 2.88438e-17 1.80718e-18
10911.9910 2.85948e-17 1.79186e-18
10913.0770 2.95500e-17 1.85100e-18
10914.1630 2.95112e-17 1.85013e-18
10915.2490 2.91788e-17 1.82962e-18
10916.3350 3.04652e-17 1.90850e-18
10917.4210 2.99265e-17 1.87502e-18
10918.5070 2.87323e-17 1.80065e-18
10919.5930 2.86404e-17 1.79563e-18
10920.6790 2.91737e-17 1.82978e-18
10921.7650 2.95965e-17 1.85731e-18
10922.8510 2.89775e-17 1.83992e-18
10923.9370 2.92835e-17 2.02371e-18
10925.0230 3.04323e-17 2.31794e-18
10926.1090 3.08246e-17 2.40436e-18
10927.1950 2.97267e-17 2.33435e-18
10928.2810 2.96272e-17 2.18166e-18
10929.3670 2.93155e-17 1.91476e-18
10930.4520 2.87216e-17 1.80880e-18
10931.5380 2.98792e-17 1.87438e-18
10932.6240 2.95327e-17 1.85229e-18
10933.7100 3.02410e-17 1.89629e-18
10934.7960 3.07277e-17 1.93450e-18
10935.8820 3.05546e-17 1.92529e-18
10936.9680 3.04066e-17 1.90706e-18
10938.0540 3.03119e-17 1.89922e-18
10939.1400 3.10955e-17 1.94798e-18
10940.2260 3.13129e-17 1.96161e-18
10941.3120 3.22826e-17 2.02218e-18
10942.3980 3.22667e-17 2.02119e-18
10943.4840 3.21416e-17 2.01277e-18
10944.5700 3.16031e-17 1.97896e-18
10945.6560 3.08135e-17 1.93008e-18
10946.7420 3.01226e-17 1.88790e-18
10947.8280 3.07903e-17 1.93877e-18
10948.9140 3.10595e-17 2.03250e-18
10950.0000 3.18390e-17 2.17660e-18
10951.0860 3.09582e-17 2.14660e-18
10952.1720 2.95548e-17 2.05697e-18
10953.2580 2.93701e-17 1.97965e-18
10954.3440 2.93815e-17 1.87105e-18
10955.4300 2.90412e-17 1.82367e-18
10956.5160 3.00404e-17 1.88276e-18
10957.6020 2.94420e-17 1.84502e-18
10958.6880 2.97123e-17 1.86143e-18
10959.7740 2.92856e-17 1.83465e-18
10960.8600 2.90206e-17 1.81845e-18
10961.9460 2.90191e-17 1.81837e-18
10963.0320 2.97636e-17 1.86474e-18
10964.1180 2.97213e-17 1.86371e-18
10965.2040 2.96551e-17 1.86022e-18
10966.2900 2.98465e-17 1.87360e-18
10967.3760 2.99635e-17 1.88333e-18
10968.4620 2.92135e-17 1.83949e-18
10969.5480 2.86242e-17 1.80459e-18
10970.6330 2.94386e-17 1.85490e-18
10971.7190 2.95414e-17 1.90238e-18
10972.8050 3.00006e-17 2.17306e-18
10973.8910 3.11630e-17 2.39877e-18
10974.9770 3.12991e-17 2.48248e-18
10976.0630 3.09177e-17 2.45788e-18
10977.1490 3.06797e-17 2.30077e-18
10978.2350 3.07755e-17 2.03291e-18
10979.3210 3.04898e-17 1.92520e-18
10980.4070 3.05275e-17 1.92019e-18
10981.4930 3.03295e-17 1.90593e-18
10982.5790 3.01655e-17 1.89401e-18
10983.6650 3.00961e-17 1.89180e-18
10984.7510 3.05957e-17 1.92529e-18
10985.8370 3.13464e-17 1.98569e-18
10986.9230 3.16517e-17 2.00415e-18
10988.0090 3.09676e-17 1.94637e-18
10989.0950 3.07690e-17 1.93154e-18
10990.1810 3.20139e-17 2.03086e-18
10991.2670 3.08237e-17 1.95526e-18
10992.3530 3.04783e-17 1.91073e-18
10993.4390 3.00948e-17 1.88575e-18
10994.5250 3.05227e-17 1.91209e-18
10995.6110 3.00007e-17 1.87998e-18
10996.6970 3.00721e-17 1.88456e-18
10997.7830 3.01581e-17 1.88954e-18
10998.8690 3.05836e-17 1.93827e-18
10999.9550 3.08993e-17 1.95769e-18
11001.0410 3.06725e-17 1.92166e-18
11002.1270 3.05540e-17 1.91462e-18
11003.2130 2.99265e-17 1.87630e-18
11004.2990 3.02081e-17 1.89404e-18
11005.3850 3.05052e-17 1.91419e-18
11006.4710 3.02310e-17 1.93361e-18
11007.5570 2.91118e-17 1.96089e-18
11008.6430 2.99618e-17 2.05323e-18
11009.7290 3.12401e-17 2.14369e-18
11010.8140 3.13515e-17 2.11491e-18
11011.9000 2.99965e-17 1.93140e-18
11012.9860 3.03210e-17 1.90501e-18
11014.0720 3.05783e-17 1.91663e-18
11015.1580 3.05277e-17 1.91298e-18
11016.2440 3.03563e-17 1.90203e-18
11017.3300 3.04767e-17 1.90887e-18
11018.4160 3.01379e-17 1.88794e-18
11019.5020 3.00523e-17 1.88235e-18
11020.5880 3.00517e-17 1.88250e-18
11021.6740 3.12076e-17 1.95443e-18
11022.7600 2.93667e-17 1.84016e-18
11023.8460 2.97531e-17 1.86409e-18
11024.9320 3.00642e-17 1.88446e-18
11026.0180 3.02293e-17 1.90547e-18
11027.1040 3.07056e-17 2.03893e-18
11028.1900 2.95519e-17 2.16414e-18
11029.2760 2.94644e-17 2.24074e-18
11030.3620 2.94486e-17 2.24822e-18
11031.4480 3.06072e-17 2.22919e-18
11032.5340 2.98396e-17 1.97665e-18
11033.6200 2.97405e-17 1.87533e-18
11034.7060 3.01498e-17 1.89012e-18
11035.7920 3.02428e-17 1.89547e-18
11036.8780 2.95171e-17 1.85065e-18
11037.9640 2.94624e-17 1.84768e-18
11039.0500 2.88648e-17 1.81203e-18
11040.1360 2.92013e-17 1.83429e-18
11041.2220 2.95781e-17 1.85841e-18
11042.3080 2.92980e-17 1.84128e-18
11043.3940 2.95522e-17 1.85557e-18
11044.4800 2.96678e-17 1.86125e-18
11045.5660 2.94928e-17 1.84948e-18
11046.6520 3.00251e-17 1.90366e-18
11047.7380 3.00472e-17 1.90343e-18
11048.8240 2.98174e-17 1.86733e-18
11049.9100 2.99998e-17 1.87852e-18
11050.9950 2.96740e-17 1.85856e-18
11052.0810 3.00314e-17 1.88525e-18
11053.1670 3.04881e-17 1.97947e-18
11054.2530 3.02292e-17 1.96463e-18
11055.3390 2.97090e-17 1.87456e-18
11056.4250 2.91307e-17 1.83500e-18
11057.5110 2.95860e-17 1.85723e-18
11058.5970 2.87116e-17 1.80029e-18
11059.6830 2.90347e-17 1.82185e-18
11060.7690 2.91319e-17 1.82795e-18
11061.8550 2.97194e-17 1.86456e-18
11062.9410 2.97693e-17 1.86979e-18
11064.0270 2.99033e-17 1.87911e-18
11065.1130 2.88046e-17 1.81022e-18
11066.1990 2.91292e-17 1.82860e-18
11067.2850 2.92368e-17 1.83492e-18
11068.3710 2.93195e-17 1.84161e-18
11069.4570 2.89219e-17 1.84652e-18
11070.5430 2.96319e-17 1.96418e-18
11071.6290 2.85364e-17 1.90011e-18
11072.7150 2.87307e-17 1.91151e-18
11073.8010 2.97126e-17 1.95298e-18
11074.8870 2.89327e-17 1.85427e-18
11075.9730 2.92870e-17 1.83940e-18
11077.0590 2.90438e-17 1.81946e-18
11078.1450 2.94542e-17 1.84485e-18
11079.2310 2.90198e-17 1.81795e-18
11080.3170 2.92962e-17 1.83559e-18
11081.4030 2.93626e-17 1.84250e-18
11082.4890 2.93815e-17 1.84882e-18
11083.5750 2.94601e-17 1.85614e-18
11084.6610 2.97609e-17 1.87500e-18
11085.7470 3.01977e-17 1.90182e-18
11086.8330 2.98980e-17 1.90404e-18
11087.9190 3.05543e-17 2.04216e-18
11089.0050 3.04078e-17 2.10841e-18
11090.0900 2.94781e-17 2.06084e-18
11091.1760 2.86977e-17 2.06791e-18
11092.2620 2.90911e-17 1.97693e-18
11093.3480 2.97867e-17 1.88595e-18
11094.4340 2.91480e-17 1.82818e-18
11095.5200 2.95918e-17 1.85379e-18
11096.6060 2.97556e-17 1.86404e-18
11097.6920 2.95864e-17 1.85317e-18
11098.7780 2.92171e-17 1.83021e-18
11099.8640 2.96481e-17 1.85722e-18
11100.9500 2.92877e-17 1.83423e-18
11102.0360 2.89311e-17 1.81228e-18
11103.1220 2.95169e-17 1.84850e-18
11104.2080 3.04707e-17 1.92844e-18
11105.2940 2.94822e-17 1.87129e-18
11106.3800 2.89298e-17 1.81483e-18
11107.4660 2.81355e-17 1.76575e-18
11108.5520 2.89742e-17 1.81788e-18
11109.6380 2.86973e-17 1.80051e-18
11110.7240 2.88208e-17 1.80694e-18
11111.8100 3.03115e-17 1.89996e-18
11112.8960 2.90085e-17 1.81889e-18
11113.9820 2.84229e-17 1.78197e-18
11115.0680 2.91216e-17 1.84931e-18
11116.1540 2.86983e-17 1.82156e-18
11117.2400 2.86633e-17 1.79573e-18
11118.3260 2.85844e-17 1.79097e-18
11119.4120 2.91490e-17 1.82730e-18
11120.4980 2.90754e-17 1.82331e-18
11121.5840 2.87564e-17 1.80481e-18
11122.6700 2.80742e-17 1.76535e-18
11123.7560 2.81864e-17 1.77311e-18
11124.8420 2.84649e-17 1.78952e-18
11125.9280 2.81178e-17 1.76530e-18
11127.0140 2.85377e-17 1.78927e-18
11128.1000 2.94490e-17 1.84524e-18
11129.1860 2.95220e-17 1.85088e-18
11130.2710 2.88934e-17 1.81265e-18
11131.3570 3.00616e-17 1.88540e-18
11132.4430 3.03563e-17 1.90370e-18
11133.5290 2.96511e-17 1.85923e-18
11134.6150 2.93299e-17 1.83824e-18
11135.7010 2.95039e-17 1.84984e-18
11136.7870 3.00728e-17 1.88659e-18
11137.8730 3.00505e-17 1.89439e-18
11138.9590 2.96760e-17 1.90659e-18
11140.0450 2.96154e-17 1.92639e-18
11141.1310 2.82599e-17 1.84124e-18
11142.2170 2.89637e-17 1.86997e-18
11143.3030 2.84267e-17 1.80624e-18
11144.3890 2.89337e-17 1.81688e-18
11145.4750 2.89350e-17 1.81375e-18
11146.5610 2.96130e-17 1.85629e-18
11147.6470 2.95458e-17 1.85269e-18
11148.7330 2.94012e-17 1.84425e-18
11149.8190 3.09613e-17 1.94264e-18
11150.9050 3.12641e-17 1.96579e-18
11151.9910 2.95994e-17 1.86651e-18
11153.0770 2.84441e-17 1.81789e-18
11154.1630 2.94129e-17 1.93499e-18
11155.2490 2.80090e-17 1.88691e-18
11156.3350 2.71194e-17 1.82862e-18
11157.4210 2.98555e-17 1.96969e-18
11158.5070 2.90471e-17 1.86813e-18
11159.5930 2.95932e-17 1.86345e-18
11160.6790 2.92034e-17 1.83429e-18
11161.7650 2.95163e-17 1.85635e-18
11162.8510 3.04194e-17 1.92068e-18
11163.9370 3.09698e-17 1.96348e-18
11165.0230 3.18609e-17 2.02678e-18
11166.1090 3.07486e-17 1.95795e-18
11167.1950 3.01798e-17 1.91844e-18
11168.2810 2.85044e-17 1.81126e-18
11169.3670 2.84677e-17 1.80327e-18
11170.4520 2.99669e-17 1.89448e-18
11171.5380 3.09369e-17 1.95655e-18
11172.6240 3.10339e-17 1.96123e-18
11173.7100 3.00535e-17 1.89768e-18
11174.7960 2.83278e-17 1.79681e-18
11175.8820 2.78843e-17 1.76096e-18
11176.9680 2.80962e-17 1.76336e-18
11178.0540 2.98412e-17 1.88017e-18
11179.1400 3.00792e-17 1.89658e-18
11180.2260 3.10018e-17 1.94630e-18
11181.3120 3.10827e-17 1.95312e-18
11182.3980 3.19563e-17 2.01066e-18
11183.4840 3.17530e-17 2.00149e-18
11184.5700 2.90785e-17 1.83109e-18
11185.6560 2.93975e-17 1.84684e-18
11186.7420 3.13814e-17 1.97008e-18
11187.8280 3.26527e-17 2.05335e-18
11188.9140 3.32994e-17 2.09865e-18
11190.0000 3.09470e-17 1.95229e-18
11191.0860 2.97941e-17 2.06291e-18
11192.1720 3.17933e-17 2.19358e-18
11193.2580 3.26950e-17 2.06273e-18
11194.3440 3.00545e-17 1.89522e-18
11195.4300 2.81449e-17 1.77195e-18
11196.5160 2.92559e-17 1.83885e-18
11197.6020 3.05167e-17 1.91782e-18
11198.6880 3.26852e-17 2.05608e-18
11199.7740 3.19846e-17 2.01497e-18
11200.8600 2.99495e-17 1.88706e-18
11201.9460 3.45145e-17 2.17305e-18
11203.0320 3.69386e-17 2.33157e-18
11204.1180 3.08733e-17 1.95383e-18
11205.2040 2.86190e-17 1.86835e-18
11206.2900 3.01701e-17 1.97407e-18
11207.3760 3.21534e-17 2.06379e-18
11208.4620 3.10937e-17 1.95883e-18
11209.5480 3.10884e-17 1.96009e-18
11210.6330 3.36024e-17 2.11846e-18
11211.7190 3.70727e-17 2.34157e-18
11212.8050 3.75151e-17 2.40164e-18
11213.8910 3.29142e-17 2.14104e-18
11214.9770 3.04320e-17 1.96194e-18
11216.0630 3.16879e-17 2.02838e-18
11217.1490 3.55422e-17 2.25838e-18
11218.2350 4.10252e-17 2.59528e-18
11219.3210 3.79273e-17 2.41022e-18
11220.4070 3.10848e-17 1.97679e-18
11221.4930 3.25468e-17 2.06078e-18
11222.5790 3.89023e-17 2.46511e-18
11223.6650 4.04802e-17 2.57714e-18
11224.7510 3.27401e-17 2.11356e-18
11225.8370 3.35737e-17 2.22359e-18
11226.9230 3.51712e-17 2.37458e-18
11228.0090 3.06463e-17 2.06079e-18
11229.0950 2.81330e-17 1.89546e-18
11230.1810 3.03995e-17 1.97495e-18
11231.2670 3.18222e-17 2.01877e-18
11232.3530 3.24480e-17 2.05099e-18
11233.4390 3.52109e-17 2.22448e-18
11234.5250 3.97658e-17 2.51863e-18
11235.6110 4.43584e-17 2.83115e-18
11236.6970 3.64629e-17 2.35398e-18
11237.7830 2.62345e-17 1.70470e-18
