lambda f_lambda fErr_lambda
9139.667900000377 1.736564292091946e-18 0.0
9140.753900000376 1.736564292091946e-18 0.0
9141.839900000376 1.736564292091946e-18 0.0
9142.925900000375 1.736564292091946e-18 0.0
9144.011900000374 1.736564292091946e-18 0.0
9145.097900000374 1.736564292091946e-18 0.0
9146.183900000373 1.736564292091946e-18 0.0
9147.269900000372 1.736564292091946e-18 0.0
9148.355900000372 1.736564292091946e-18 0.0
9149.44190000037 1.736564292091946e-18 0.0
9150.52790000037 1.736564292091946e-18 0.0
9151.61390000037 1.736564292091946e-18 0.0
9152.699900000369 1.736564292091946e-18 0.0
9153.785900000368 1.736564292091946e-18 0.0
9154.871900000368 1.736564292091946e-18 0.0
9155.957900000367 1.736564292091946e-18 0.0
9157.043900000366 1.736564292091946e-18 0.0
9158.129900000366 1.736564292091946e-18 0.0
9159.215900000365 1.736564292091946e-18 0.0
9160.301900000364 1.736564292091946e-18 0.0
9161.387900000364 1.736564292091946e-18 0.0
9162.473900000363 1.736564292091946e-18 0.0
9163.559900000362 1.736564292091946e-18 0.0
9164.645900000362 1.736564292091946e-18 0.0
9165.73190000036 1.736564292091946e-18 0.0
9166.81790000036 1.736564292091946e-18 0.0
9167.90390000036 1.736564292091946e-18 0.0
9168.989900000359 1.736564292091946e-18 0.0
9170.075900000358 1.736564292091946e-18 0.0
9171.161900000357 1.736564292091946e-18 0.0
9172.247900000357 1.736564292091946e-18 0.0
9173.333900000356 1.736564292091946e-18 0.0
9174.419900000355 1.736564292091946e-18 0.0
9175.505900000355 1.736564292091946e-18 0.0
9176.591900000354 1.736564292091946e-18 0.0
9177.677900000353 1.736564292091946e-18 0.0
9178.763900000353 1.736564292091946e-18 0.0
9179.849900000352 1.736564292091946e-18 0.0
9180.935900000351 1.736564292091946e-18 0.0
9182.02190000035 1.736564292091946e-18 0.0
9183.10790000035 1.736564292091946e-18 0.0
9184.19390000035 1.736564292091946e-18 0.0
9185.279900000349 1.736564292091946e-18 0.0
9186.365900000348 1.736564292091946e-18 0.0
9187.451900000347 1.736564292091946e-18 0.0
9188.537900000347 1.736564292091946e-18 0.0
9189.623900000346 1.736564292091946e-18 0.0
9190.709900000345 1.736564292091946e-18 0.0
9191.795900000345 1.736564292091946e-18 0.0
9192.881900000344 1.736564292091946e-18 0.0
9193.967900000343 1.736564292091946e-18 0.0
9195.053900000343 1.736564292091946e-18 0.0
9196.139900000342 1.736564292091946e-18 0.0
9197.225900000341 1.736564292091946e-18 0.0
9198.31190000034 1.736564292091946e-18 0.0
9199.39790000034 1.736564292091946e-18 0.0
9200.48390000034 1.736564292091946e-18 0.0
9201.569900000339 1.736564292091946e-18 0.0
9202.655900000338 1.736564292091946e-18 0.0
9203.741900000337 1.736564292091946e-18 0.0
9204.827900000337 1.736564292091946e-18 0.0
9205.913900000336 1.736564292091946e-18 0.0
9206.999900000335 1.736564292091946e-18 0.0
9208.085900000335 1.736564292091946e-18 0.0
9209.171900000334 1.736564292091946e-18 0.0
9210.257900000333 1.736564292091946e-18 0.0
9211.343900000333 1.736564292091946e-18 0.0
9212.429900000332 1.736564292091946e-18 0.0
9213.515900000331 1.736564292091946e-18 0.0
9214.60190000033 1.736564292091946e-18 0.0
9215.68790000033 1.736564292091946e-18 0.0
9216.77390000033 1.736564292091946e-18 0.0
9217.859900000329 1.736564292091946e-18 0.0
9218.945900000328 1.736564292091946e-18 0.0
9220.031900000327 1.736564292091946e-18 0.0
9221.117900000327 1.736564292091946e-18 0.0
9222.203900000326 1.736564292091946e-18 0.0
9223.289900000325 1.736564292091946e-18 0.0
9224.375900000325 1.736564292091946e-18 0.0
9225.461900000324 1.736564292091946e-18 0.0
9226.547900000323 1.736564292091946e-18 0.0
9227.633900000323 1.736564292091946e-18 0.0
9228.719900000322 1.736564292091946e-18 0.0
9229.805900000321 1.736564292091946e-18 0.0
9230.89190000032 1.736564292091946e-18 0.0
9231.97790000032 1.736564292091946e-18 0.0
9233.06390000032 1.736564292091946e-18 0.0
9234.149900000319 1.736564292091946e-18 0.0
9235.235900000318 1.736564292091946e-18 0.0
9236.321900000317 1.736564292091946e-18 0.0
9237.407900000317 1.736564292091946e-18 0.0
9238.493900000316 1.736564292091946e-18 0.0
9239.579900000315 1.736564292091946e-18 0.0
9240.665900000315 1.736564292091946e-18 0.0
9241.751900000314 1.736564292091946e-18 0.0
9242.837900000313 1.736564292091946e-18 0.0
9243.923900000313 1.736564292091946e-18 0.0
9245.009900000312 1.736564292091946e-18 0.0
9246.095900000311 1.736564292091946e-18 0.0
9247.18190000031 1.736564292091946e-18 0.0
9248.26790000031 1.736564292091946e-18 0.0
9249.35390000031 1.736564292091946e-18 0.0
9250.439900000309 1.736564292091946e-18 0.0
9251.525900000308 1.736564292091946e-18 0.0
9252.611900000307 1.736564292091946e-18 0.0
9253.697900000307 1.736564292091946e-18 0.0
9254.783900000306 1.736564292091946e-18 0.0
9255.869900000305 1.736564292091946e-18 0.0
9256.955900000305 1.736564292091946e-18 0.0
9258.041900000304 1.736564292091946e-18 0.0
9259.127900000303 1.736564292091946e-18 0.0
9260.213900000303 1.736564292091946e-18 0.0
9261.299900000302 1.736564292091946e-18 0.0
9262.385900000301 1.736564292091946e-18 0.0
9263.4719000003 1.736564292091946e-18 0.0
9264.5579000003 1.736564292091946e-18 0.0
9265.6439000003 1.736564292091946e-18 0.0
9266.729900000299 1.736564292091946e-18 0.0
9267.815900000298 1.736564292091946e-18 0.0
9268.901900000297 1.736564292091946e-18 0.0
9269.987900000297 1.736564292091946e-18 0.0
9271.073900000296 1.736564292091946e-18 0.0
9272.159900000295 1.736564292091946e-18 0.0
9273.245900000295 1.736564292091946e-18 0.0
9274.331900000294 1.736564292091946e-18 0.0
9275.417900000293 1.736564292091946e-18 0.0
9276.503900000293 1.736564292091946e-18 0.0
9277.589900000292 1.736564292091946e-18 0.0
9278.675900000291 1.736564292091946e-18 0.0
9279.76190000029 1.736564292091946e-18 0.0
9280.84790000029 1.736564292091946e-18 0.0
9281.93390000029 1.736564292091946e-18 0.0
9283.019900000289 1.736564292091946e-18 0.0
9284.105900000288 1.736564292091946e-18 0.0
9285.191900000287 1.736564292091946e-18 0.0
9286.277900000287 1.736564292091946e-18 0.0
9287.363900000286 1.736564292091946e-18 0.0
9288.449900000285 1.736564292091946e-18 0.0
9289.535900000285 1.736564292091946e-18 0.0
9290.621900000284 1.736564292091946e-18 0.0
9291.707900000283 1.736564292091946e-18 0.0
9292.793900000283 1.736564292091946e-18 0.0
9293.879900000282 1.736564292091946e-18 0.0
9294.965900000281 1.736564292091946e-18 0.0
9296.05190000028 1.736564292091946e-18 0.0
9297.13790000028 1.736564292091946e-18 0.0
9298.22390000028 1.736564292091946e-18 0.0
9299.309900000279 1.736564292091946e-18 0.0
9300.395900000278 1.736564292091946e-18 0.0
9301.481900000277 1.736564292091946e-18 0.0
9302.567900000276 1.736564292091946e-18 0.0
9303.653900000276 1.736564292091946e-18 0.0
9304.739900000275 1.736564292091946e-18 0.0
9305.825900000274 1.736564292091946e-18 0.0
9306.911900000274 1.736564292091946e-18 0.0
9307.997900000273 1.736564292091946e-18 0.0
9309.083900000272 1.736564292091946e-18 0.0
9310.169900000272 1.736564292091946e-18 0.0
9311.255900000271 1.736564292091946e-18 0.0
9312.34190000027 1.736564292091946e-18 0.0
9313.42790000027 1.736564292091946e-18 0.0
9314.51390000027 1.736564292091946e-18 0.0
9315.599900000268 1.736564292091946e-18 0.0
9316.685900000268 1.736564292091946e-18 0.0
9317.771900000267 1.736564292091946e-18 0.0
9318.857900000266 1.736564292091946e-18 0.0
9319.943900000266 1.736564292091946e-18 0.0
9321.029900000265 1.736564292091946e-18 0.0
9322.115900000264 1.736564292091946e-18 0.0
9323.201900000264 1.736564292091946e-18 0.0
9324.287900000263 1.736564292091946e-18 0.0
9325.373900000262 1.736564292091946e-18 0.0
9326.459900000262 1.736564292091946e-18 0.0
9327.545900000261 1.736564292091946e-18 0.0
9328.63190000026 1.736564292091946e-18 0.0
9329.71790000026 1.736564292091946e-18 0.0
9330.80390000026 1.736564292091946e-18 0.0
9331.889900000258 1.736564292091946e-18 0.0
9332.975900000258 1.736564292091946e-18 0.0
9334.061900000257 1.736564292091946e-18 0.0
9335.147900000256 1.736564292091946e-18 0.0
9336.233900000256 1.736564292091946e-18 0.0
9337.319900000255 1.736564292091946e-18 0.0
9338.405900000254 1.736564292091946e-18 0.0
9339.491900000254 1.736564292091946e-18 0.0
9340.577900000253 1.736564292091946e-18 0.0
9341.663900000252 1.736564292091946e-18 0.0
9342.749900000252 1.736564292091946e-18 0.0
9343.835900000251 1.736564292091946e-18 0.0
9344.92190000025 1.736564292091946e-18 0.0
9346.00790000025 1.736564292091946e-18 0.0
9347.093900000249 1.736564292091946e-18 0.0
9348.179900000248 1.736564292091946e-18 0.0
9349.265900000248 1.736564292091946e-18 0.0
9350.351900000247 1.736564292091946e-18 0.0
9351.437900000246 1.736564292091946e-18 0.0
9352.523900000246 1.736564292091946e-18 0.0
9353.609900000245 1.736564292091946e-18 0.0
9354.695900000244 1.736564292091946e-18 0.0
9355.781900000244 1.736564292091946e-18 0.0
9356.867900000243 1.736564292091946e-18 0.0
9357.953900000242 1.736564292091946e-18 0.0
9359.039900000242 1.736564292091946e-18 0.0
9360.125900000241 1.736564292091946e-18 0.0
9361.21190000024 1.736564292091946e-18 0.0
9362.29790000024 1.736564292091946e-18 0.0
9363.383900000239 1.736564292091946e-18 0.0
9364.469900000238 1.736564292091946e-18 0.0
9365.555900000238 1.736564292091946e-18 0.0
9366.641900000237 1.736564292091946e-18 0.0
9367.727900000236 1.736564292091946e-18 0.0
9368.813900000236 1.736564292091946e-18 0.0
9369.899900000235 1.736564292091946e-18 0.0
9370.985900000234 1.736564292091946e-18 0.0
9372.071900000234 1.736564292091946e-18 0.0
9373.157900000233 1.736564292091946e-18 0.0
9374.243900000232 1.736564292091946e-18 0.0
9375.329900000232 1.736564292091946e-18 0.0
9376.415900000231 1.736564292091946e-18 0.0
9377.50190000023 1.736564292091946e-18 0.0
9378.58790000023 1.736564292091946e-18 0.0
9379.673900000229 1.736564292091946e-18 0.0
9380.759900000228 1.736564292091946e-18 0.0
9381.845900000228 1.736564292091946e-18 0.0
9382.931900000227 1.736564292091946e-18 0.0
9384.017900000226 1.736564292091946e-18 0.0
9385.103900000226 1.736564292091946e-18 0.0
9386.189900000225 1.736564292091946e-18 0.0
9387.275900000224 1.736564292091946e-18 0.0
9388.361900000224 1.736564292091946e-18 0.0
9389.447900000223 1.736564292091946e-18 0.0
9390.533900000222 1.736564292091946e-18 0.0
9391.619900000222 1.736564292091946e-18 0.0
9392.705900000221 1.736564292091946e-18 0.0
9393.79190000022 1.736564292091946e-18 0.0
9394.87790000022 1.736564292091946e-18 0.0
9395.963900000219 1.736564292091946e-18 0.0
9397.049900000218 1.736564292091946e-18 0.0
9398.135900000218 1.736564292091946e-18 0.0
9399.221900000217 1.736564292091946e-18 0.0
9400.307900000216 1.736564292091946e-18 0.0
9401.393900000216 1.736564292091946e-18 0.0
9402.479900000215 1.736564292091946e-18 0.0
9403.565900000214 1.736564292091946e-18 0.0
9404.651900000214 1.736564292091946e-18 0.0
9405.737900000213 1.736564292091946e-18 0.0
9406.823900000212 1.736564292091946e-18 0.0
9407.909900000212 1.736564292091946e-18 0.0
9408.99590000021 1.736564292091946e-18 0.0
9410.08190000021 1.736564292091946e-18 0.0
9411.16790000021 1.736564292091946e-18 0.0
9412.253900000209 1.736564292091946e-18 0.0
9413.339900000208 1.736564292091946e-18 0.0
9414.425900000208 1.736564292091946e-18 0.0
9415.511900000207 1.736564292091946e-18 0.0
9416.597900000206 1.736564292091946e-18 0.0
9417.683900000206 1.736564292091946e-18 0.0
9418.769900000205 1.736564292091946e-18 0.0
9419.855900000204 1.736564292091946e-18 0.0
9420.941900000204 1.736564292091946e-18 0.0
9422.027900000203 1.736564292091946e-18 0.0
9423.113900000202 1.736564292091946e-18 0.0
9424.199900000202 1.736564292091946e-18 0.0
9425.2859000002 1.736564292091946e-18 0.0
9426.3719000002 1.736564292091946e-18 0.0
9427.4579000002 1.736564292091946e-18 0.0
9428.543900000199 1.736564292091946e-18 0.0
9429.629900000198 1.736564292091946e-18 0.0
9430.715900000198 1.736564292091946e-18 0.0
9431.801900000197 1.736564292091946e-18 0.0
9432.887900000196 1.736564292091946e-18 0.0
9433.973900000195 1.736564292091946e-18 0.0
9435.059900000195 1.736564292091946e-18 0.0
9436.145900000194 1.736564292091946e-18 0.0
9437.231900000193 1.736564292091946e-18 0.0
9438.317900000193 1.736564292091946e-18 0.0
9439.403900000192 1.736564292091946e-18 0.0
9440.489900000191 1.736564292091946e-18 0.0
9441.57590000019 1.736564292091946e-18 0.0
9442.66190000019 1.736564292091946e-18 0.0
9443.74790000019 1.736564292091946e-18 0.0
9444.833900000189 1.736564292091946e-18 0.0
9445.919900000188 1.736564292091946e-18 0.0
9447.005900000187 1.736564292091946e-18 0.0
9448.091900000187 1.736564292091946e-18 0.0
9449.177900000186 1.736564292091946e-18 0.0
9450.263900000185 1.736564292091946e-18 0.0
9451.349900000185 1.736564292091946e-18 0.0
9452.435900000184 1.736564292091946e-18 0.0
9453.521900000183 1.736564292091946e-18 0.0
9454.607900000183 1.736564292091946e-18 0.0
9455.693900000182 1.736564292091946e-18 0.0
9456.779900000181 1.736564292091946e-18 0.0
9457.86590000018 1.736564292091946e-18 0.0
9458.95190000018 1.736564292091946e-18 0.0
9460.03790000018 1.736564292091946e-18 0.0
9461.123900000179 1.736564292091946e-18 0.0
9462.209900000178 1.736564292091946e-18 0.0
9463.295900000177 1.736564292091946e-18 0.0
9464.381900000177 1.736564292091946e-18 0.0
9465.467900000176 1.736564292091946e-18 0.0
9466.553900000175 1.736564292091946e-18 0.0
9467.639900000175 1.736564292091946e-18 0.0
9468.725900000174 1.736564292091946e-18 0.0
9469.811900000173 1.736564292091946e-18 0.0
9470.897900000173 1.736564292091946e-18 0.0
9471.983900000172 1.736564292091946e-18 0.0
9473.069900000171 1.736564292091946e-18 0.0
9474.15590000017 1.736564292091946e-18 0.0
9475.24190000017 1.736564292091946e-18 0.0
9476.32790000017 1.736564292091946e-18 0.0
9477.413900000169 1.736564292091946e-18 0.0
9478.499900000168 1.736564292091946e-18 0.0
9479.585900000167 1.736564292091946e-18 0.0
9480.671900000167 1.736564292091946e-18 0.0
9481.757900000166 1.736564292091946e-18 0.0
9482.843900000165 1.736564292091946e-18 0.0
9483.929900000165 1.736564292091946e-18 0.0
9485.015900000164 1.736564292091946e-18 0.0
9486.101900000163 1.736564292091946e-18 0.0
9487.187900000163 1.736564292091946e-18 0.0
9488.273900000162 1.736564292091946e-18 0.0
9489.359900000161 1.736564292091946e-18 0.0
9490.44590000016 1.736564292091946e-18 0.0
9491.53190000016 1.736564292091946e-18 0.0
9492.61790000016 1.736564292091946e-18 0.0
9493.703900000159 1.736564292091946e-18 0.0
9494.789900000158 1.736564292091946e-18 0.0
9495.875900000157 1.736564292091946e-18 0.0
9496.961900000157 1.736564292091946e-18 0.0
9498.047900000156 1.736564292091946e-18 0.0
9499.133900000155 1.736564292091946e-18 0.0
9500.219900000155 1.736564292091946e-18 0.0
9501.305900000154 1.736564292091946e-18 0.0
9502.391900000153 1.736564292091946e-18 0.0
9503.477900000153 1.736564292091946e-18 0.0
9504.563900000152 1.736564292091946e-18 0.0
9505.649900000151 1.736564292091946e-18 0.0
9506.73590000015 1.736564292091946e-18 0.0
9507.82190000015 1.736564292091946e-18 0.0
9508.90790000015 1.736564292091946e-18 0.0
9509.993900000149 1.736564292091946e-18 0.0
9511.079900000148 1.736564292091946e-18 0.0
9512.165900000147 1.736564292091946e-18 0.0
9513.251900000147 1.736564292091946e-18 0.0
9514.337900000146 1.736564292091946e-18 0.0
9515.423900000145 1.736564292091946e-18 0.0
9516.509900000145 1.736564292091946e-18 0.0
9517.595900000144 1.736564292091946e-18 0.0
9518.681900000143 1.736564292091946e-18 0.0
9519.767900000143 1.736564292091946e-18 0.0
9520.853900000142 1.736564292091946e-18 0.0
9521.939900000141 1.736564292091946e-18 0.0
9523.02590000014 1.736564292091946e-18 0.0
9524.11190000014 1.736564292091946e-18 0.0
9525.19790000014 1.736564292091946e-18 0.0
9526.283900000139 1.736564292091946e-18 0.0
9527.369900000138 1.736564292091946e-18 0.0
9528.455900000137 1.736564292091946e-18 0.0
9529.541900000137 1.736564292091946e-18 0.0
9530.627900000136 1.736564292091946e-18 0.0
9531.713900000135 1.736564292091946e-18 0.0
9532.799900000135 1.736564292091946e-18 0.0
9533.885900000134 1.736564292091946e-18 0.0
9534.971900000133 1.736564292091946e-18 0.0
9536.057900000133 1.736564292091946e-18 0.0
9537.143900000132 1.736564292091946e-18 0.0
9538.229900000131 1.736564292091946e-18 0.0
9539.31590000013 1.736564292091946e-18 0.0
9540.40190000013 1.736564292091946e-18 0.0
9541.48790000013 1.736564292091946e-18 0.0
9542.573900000129 1.736564292091946e-18 0.0
9543.659900000128 1.736564292091946e-18 0.0
9544.745900000127 1.736564292091946e-18 0.0
9545.831900000127 1.736564292091946e-18 0.0
9546.917900000126 1.736564292091946e-18 0.0
9548.003900000125 1.736564292091946e-18 0.0
9549.089900000125 1.736564292091946e-18 0.0
9550.175900000124 1.736564292091946e-18 0.0
9551.261900000123 1.736564292091946e-18 0.0
9552.347900000123 1.736564292091946e-18 0.0
9553.433900000122 1.736564292091946e-18 0.0
9554.519900000121 1.736564292091946e-18 0.0
9555.60590000012 1.736564292091946e-18 0.0
9556.69190000012 1.736564292091946e-18 0.0
9557.77790000012 1.736564292091946e-18 0.0
9558.863900000119 1.736564292091946e-18 0.0
9559.949900000118 1.736564292091946e-18 0.0
9561.035900000117 1.736564292091946e-18 0.0
9562.121900000117 1.736564292091946e-18 0.0
9563.207900000116 1.736564292091946e-18 0.0
9564.293900000115 1.736564292091946e-18 0.0
9565.379900000115 1.736564292091946e-18 0.0
9566.465900000114 1.736564292091946e-18 0.0
9567.551900000113 1.736564292091946e-18 0.0
9568.637900000112 1.736564292091946e-18 0.0
9569.723900000112 1.736564292091946e-18 0.0
9570.809900000111 1.736564292091946e-18 0.0
9571.89590000011 1.736564292091946e-18 0.0
9572.98190000011 1.736564292091946e-18 0.0
9574.06790000011 1.736564292091946e-18 0.0
9575.153900000108 1.736564292091946e-18 0.0
9576.239900000108 1.736564292091946e-18 0.0
9577.325900000107 1.736564292091946e-18 0.0
9578.411900000106 1.736564292091946e-18 0.0
9579.497900000106 1.736564292091946e-18 0.0
9580.583900000105 1.736564292091946e-18 0.0
9581.669900000104 1.736564292091946e-18 0.0
9582.755900000104 1.736564292091946e-18 0.0
9583.841900000103 1.736564292091946e-18 0.0
9584.927900000102 1.736564292091946e-18 0.0
9586.013900000102 1.736564292091946e-18 0.0
9587.099900000101 1.736564292091946e-18 0.0
9588.1859000001 1.736564292091946e-18 0.0
9589.2719000001 1.736564292091946e-18 0.0
9590.3579000001 1.736564292091946e-18 0.0
9591.443900000098 1.736564292091946e-18 0.0
9592.529900000098 1.736564292091946e-18 0.0
9593.615900000097 1.736564292091946e-18 0.0
9594.701900000096 1.736564292091946e-18 0.0
9595.787900000096 1.736564292091946e-18 0.0
9596.873900000095 1.736564292091946e-18 0.0
9597.959900000094 1.736564292091946e-18 0.0
9599.045900000094 1.736564292091946e-18 0.0
9600.131900000093 1.736564292091946e-18 0.0
9601.217900000092 1.736564292091946e-18 0.0
9602.303900000092 1.736564292091946e-18 0.0
9603.389900000091 1.736564292091946e-18 0.0
9604.47590000009 1.736564292091946e-18 0.0
9605.56190000009 1.736564292091946e-18 0.0
9606.647900000089 1.736564292091946e-18 0.0
9607.733900000088 1.736564292091946e-18 0.0
9608.819900000088 1.736564292091946e-18 0.0
9609.905900000087 1.736564292091946e-18 0.0
9610.991900000086 1.736564292091946e-18 0.0
9612.077900000086 1.736564292091946e-18 0.0
9613.163900000085 1.736564292091946e-18 0.0
9614.249900000084 1.736564292091946e-18 0.0
9615.335900000084 1.736564292091946e-18 0.0
9616.421900000083 1.736564292091946e-18 0.0
9617.507900000082 1.736564292091946e-18 0.0
9618.593900000082 1.736564292091946e-18 0.0
9619.679900000081 1.736564292091946e-18 0.0
9620.76590000008 1.736564292091946e-18 0.0
9621.85190000008 1.736564292091946e-18 0.0
9622.937900000079 1.736564292091946e-18 0.0
9624.023900000078 1.736564292091946e-18 0.0
9625.109900000078 1.736564292091946e-18 0.0
9626.195900000077 1.736564292091946e-18 0.0
9627.281900000076 1.736564292091946e-18 0.0
9628.367900000076 1.736564292091946e-18 0.0
9629.453900000075 1.736564292091946e-18 0.0
9630.539900000074 1.736564292091946e-18 0.0
9631.625900000074 1.736564292091946e-18 0.0
9632.711900000073 1.736564292091946e-18 0.0
9633.797900000072 1.736564292091946e-18 0.0
9634.883900000072 1.736564292091946e-18 0.0
9635.969900000071 1.736564292091946e-18 0.0
9637.05590000007 1.736564292091946e-18 0.0
9638.14190000007 1.736564292091946e-18 0.0
9639.227900000069 1.736564292091946e-18 0.0
9640.313900000068 1.736564292091946e-18 0.0
9641.399900000068 1.736564292091946e-18 0.0
9642.485900000067 1.736564292091946e-18 0.0
9643.571900000066 1.736564292091946e-18 0.0
9644.657900000066 1.736564292091946e-18 0.0
9645.743900000065 1.736564292091946e-18 0.0
9646.829900000064 1.736564292091946e-18 0.0
9647.915900000064 1.736564292091946e-18 0.0
9649.001900000063 1.736564292091946e-18 0.0
9650.087900000062 1.736564292091946e-18 0.0
9651.173900000062 1.736564292091946e-18 0.0
9652.259900000061 1.736564292091946e-18 0.0
9653.34590000006 1.736564292091946e-18 0.0
9654.43190000006 1.736564292091946e-18 0.0
9655.517900000059 1.736564292091946e-18 0.0
9656.603900000058 1.736564292091946e-18 0.0
9657.689900000058 1.736564292091946e-18 0.0
9658.775900000057 1.736564292091946e-18 0.0
9659.861900000056 1.736564292091946e-18 0.0
9660.947900000056 1.736564292091946e-18 0.0
9662.033900000055 1.736564292091946e-18 0.0
9663.119900000054 1.736564292091946e-18 0.0
9664.205900000054 1.736564292091946e-18 0.0
9665.291900000053 1.736564292091946e-18 0.0
9666.377900000052 1.736564292091946e-18 0.0
9667.463900000052 1.736564292091946e-18 0.0
9668.549900000051 1.736564292091946e-18 0.0
9669.63590000005 1.736564292091946e-18 0.0
9670.72190000005 1.736564292091946e-18 0.0
9671.807900000049 1.736564292091946e-18 0.0
9672.893900000048 1.736564292091946e-18 0.0
9673.979900000048 1.736564292091946e-18 0.0
9675.065900000047 1.736564292091946e-18 0.0
9676.151900000046 1.736564292091946e-18 0.0
9677.237900000046 1.736564292091946e-18 0.0
9678.323900000045 1.736564292091946e-18 0.0
9679.409900000044 1.736564292091946e-18 0.0
9680.495900000044 1.736564292091946e-18 0.0
9681.581900000043 1.736564292091946e-18 0.0
9682.667900000042 1.736564292091946e-18 0.0
9683.753900000042 1.736564292091946e-18 0.0
9684.83990000004 1.736564292091946e-18 0.0
9685.92590000004 1.736564292091946e-18 0.0
9687.01190000004 1.736564292091946e-18 0.0
9688.097900000039 1.736564292091946e-18 0.0
9689.183900000038 1.736564292091946e-18 0.0
9690.269900000038 1.736564292091946e-18 0.0
9691.355900000037 1.736564292091946e-18 0.0
9692.441900000036 1.736564292091946e-18 0.0
9693.527900000036 1.736564292091946e-18 0.0
9694.613900000035 1.736564292091946e-18 0.0
9695.699900000034 1.736564292091946e-18 0.0
9696.785900000034 1.736564292091946e-18 0.0
9697.871900000033 1.736564292091946e-18 0.0
9698.957900000032 1.736564292091946e-18 0.0
9700.043900000031 1.736564292091946e-18 0.0
9701.12990000003 1.736564292091946e-18 0.0
9702.21590000003 1.736564292091946e-18 0.0
9703.30190000003 1.736564292091946e-18 0.0
9704.387900000029 1.736564292091946e-18 0.0
9705.473900000028 1.736564292091946e-18 0.0
9706.559900000027 1.736564292091946e-18 0.0
9707.645900000027 1.736564292091946e-18 0.0
9708.731900000026 1.736564292091946e-18 0.0
9709.817900000025 1.736564292091946e-18 0.0
9710.903900000025 1.736564292091946e-18 0.0
9711.989900000024 1.736564292091946e-18 0.0
9713.075900000023 1.736564292091946e-18 0.0
9714.161900000023 1.736564292091946e-18 0.0
9715.247900000022 1.736564292091946e-18 0.0
9716.333900000021 1.736564292091946e-18 0.0
9717.41990000002 1.736564292091946e-18 0.0
9718.50590000002 1.736564292091946e-18 0.0
9719.59190000002 1.736564292091946e-18 0.0
9720.677900000019 1.736564292091946e-18 0.0
9721.763900000018 1.736564292091946e-18 0.0
9722.849900000017 1.736564292091946e-18 0.0
9723.935900000017 1.736564292091946e-18 0.0
9725.021900000016 1.736564292091946e-18 0.0
9726.107900000015 1.736564292091946e-18 0.0
9727.193900000015 1.736564292091946e-18 0.0
9728.279900000014 1.736564292091946e-18 0.0
9729.365900000013 1.736564292091946e-18 0.0
9730.451900000013 1.736564292091946e-18 0.0
9731.537900000012 1.736564292091946e-18 0.0
9732.623900000011 1.736564292091946e-18 0.0
9733.70990000001 1.736564292091946e-18 0.0
9734.79590000001 1.736564292091946e-18 0.0
9735.88190000001 1.736564292091946e-18 0.0
9736.967900000009 1.736564292091946e-18 0.0
9738.053900000008 1.736564292091946e-18 0.0
9739.139900000007 1.736564292091946e-18 0.0
9740.225900000007 1.736564292091946e-18 0.0
9741.311900000006 1.736564292091946e-18 0.0
9742.397900000005 1.736564292091946e-18 0.0
9743.483900000005 1.736564292091946e-18 0.0
9744.569900000004 1.736564292091946e-18 0.0
9745.655900000003 1.736564292091946e-18 0.0
9746.741900000003 1.736564292091946e-18 0.0
9747.827900000002 1.736564292091946e-18 0.0
9748.913900000001 1.736564292091946e-18 0.0
9749.9999 1.736564292091946e-18 0.0
9751.0859 1.736564292091946e-18 0.0
9752.1719 1.6144740779948311e-18 3.6689285448635655e-19
9753.2579 2.3962114520285727e-18 3.4164749060110523e-19
9754.3439 2.875885657250691e-18 3.3693234571609417e-19
9755.4299 1.7827336191430707e-18 3.4380834779024335e-19
9756.5158 1.7861804335394237e-18 3.640293046469853e-19
9757.6018 2.2131124043430323e-18 3.6837937729629475e-19
9758.6878 2.1135262171781396e-18 3.6971020412014663e-19
9759.7738 1.74713200443642e-18 3.6728143683916464e-19
9760.8597 1.5302179080364382e-18 3.5493163610706044e-19
9761.9457 1.3457569060988806e-18 3.423776294144562e-19
9763.0317 1.3834269160034447e-18 3.278591288573349e-19
9764.1176 1.431368238680044e-18 3.266084167978521e-19
9765.2036 2.1943033611132563e-18 3.355996407906492e-19
9766.2896 2.4276630496507722e-18 3.2080409981125825e-19
9767.3756 1.9507461749195495e-18 3.1181350347882623e-19
9768.4615 1.2991220568466125e-18 3.189450386485505e-19
9769.5475 1.2380443932557085e-18 3.0906969234074925e-19
9770.6335 2.21875151018016e-18 3.157160141668224e-19
9771.7195 1.725996579747472e-18 3.22530356783042e-19
9772.8054 1.4950384296828627e-18 3.000412205055316e-19
9773.8914 2.0272311747864018e-18 2.9462167726506835e-19
9774.9774 1.9493136936880975e-18 4.3324563872468177e-19
9776.0633 1.4476484666182851e-18 4.421616186433309e-19
9777.1493 1.1875570832971616e-18 2.9021407453415084e-19
9778.2353 1.323815307161778e-18 2.944844203734656e-19
9779.3213 1.4872312513044426e-18 2.897475329272882e-19
9780.4072 1.798844066898795e-18 2.900973634587774e-19
9781.4932 1.7888334492872658e-18 3.1111715482406976e-19
9782.5792 1.4597977153145944e-18 3.0801354191685603e-19
9783.6652 1.354331995349996e-18 3.0295333534260508e-19
9784.7511 2.071864871199804e-18 2.9963494830895615e-19
9785.8371 1.6819916692853538e-18 2.9860316574360982e-19
9786.9231 1.9881339662390777e-18 3.0359519640212647e-19
9788.009 -6.838399574862537e-20 nan
9789.095 1.0975009189868299e-18 3.644565670656188e-19
9790.181 1.0420630922386377e-18 5.62593741509258e-19
9791.267 1.770796950588022e-18 1.0270297680088137e-18
9792.3529 1.198341790423692e-18 1.4086634546296505e-18
9793.4389 2.094249684531035e-18 1.518774547402248e-18
9794.5249 7.930996273378128e-19 1.4780800890324584e-18
9795.6109 1.4050279543157927e-18 1.2059593661869796e-18
9796.6968 2.469432580731668e-18 6.896434412721208e-19
9797.7828 1.7045793239283983e-18 4.022032861391345e-19
9798.8688 8.40945175368893e-19 5.301546535891801e-19
9799.9548 1.8658422703606724e-18 7.912635387532631e-19
9801.0407 2.6730989686187374e-18 9.975114816578843e-19
9802.1267 2.4965670607621173e-18 8.446117917812128e-19
9803.2127 2.368524022222176e-18 8.4425233062744e-19
9804.2986 1.8389485628683813e-18 7.0464884300092975e-19
9805.3846 1.87714707700463e-18 4.360061129499366e-19
9806.4706 2.5311517768664867e-18 3.0999925371791976e-19
9807.5566 1.7278865109667377e-18 3.4490045623895e-19
9808.6425 1.180088912408756e-18 4.115026714641804e-19
9809.7285 1.766837589083069e-18 4.359445107764373e-19
9810.8145 1.6077363814129618e-18 4.350248317533783e-19
9811.9005 1.2983706523960812e-18 4.591916941580144e-19
9812.9864 1.7693537566191873e-18 5.109973991630061e-19
9814.0724 2.4874633706226925e-18 6.612397699735212e-19
9815.1584 2.070025801712789e-18 6.673102330628178e-19
9816.2443 1.7191454823239106e-18 5.066325400703077e-19
9817.3303 9.287437076049908e-19 4.296896732335282e-19
9818.4163 1.3187344138453186e-18 4.337708063325833e-19
9819.5023 1.8314861639194976e-18 4.524229293733941e-19
9820.5882 1.6103513555666991e-18 4.421317286068052e-19
9821.6742 1.6080917568119885e-18 4.0652668187764016e-19
9822.7602 2.2852504415074387e-18 3.4784390783438854e-19
9823.8462 1.9240097495538408e-18 4.359812749962185e-19
9824.9321 1.6603419058729287e-18 4.2344901246396957e-19
9826.0181 1.7294654824970506e-18 3.0040794286490847e-19
9827.1041 1.969643257053335e-18 3.102463322957019e-19
9828.19 2.015155235992963e-18 3.4136603907117617e-19
9829.276 2.090389009017857e-18 3.6296624776822605e-19
9830.362 1.882975173670857e-18 3.779229171076742e-19
9831.448 1.6434039685464985e-18 4.549308454336643e-19
9832.5339 9.67771283011664e-19 4.473077460254466e-19
9833.6199 1.1129123175712446e-18 4.58180289832831e-19
9834.7059 1.8006140958946184e-18 3.3069722079592955e-19
9835.7919 1.4516606073246107e-18 3.009087823870452e-19
9836.8778 1.1860112268840137e-18 2.9509992345991284e-19
9837.9638 1.2426733300844335e-18 2.8635852753227044e-19
9839.0498 1.5772485854616562e-18 2.875057991506737e-19
9840.1357 1.4530588099715517e-18 2.832202098633809e-19
9841.2217 1.2632516605953648e-18 2.746181216687471e-19
9842.3077 1.8295711222747162e-18 2.64163042245573e-19
9843.3937 2.068940464812818e-18 2.5949253764873563e-19
9844.4796 1.8733236144769608e-18 2.6575692293018175e-19
9845.5656 1.66600490642958e-18 2.738301786398852e-19
9846.6516 1.216713432045826e-18 2.7709432389959603e-19
9847.7376 1.4785078567948e-18 3.1534529910104614e-19
9848.8235 1.736996437872402e-18 5.378144898391268e-19
9849.9095 1.3391749716347634e-18 7.161044607336279e-19
9850.9955 1.1155240611520251e-18 7.423794267708681e-19
9852.0814 1.1211289952573712e-18 7.281590547475997e-19
9853.1674 1.1952940432396001e-18 5.999445168911793e-19
9854.2534 1.4318783403608265e-18 3.7595880109670905e-19
9855.3394 1.5993951074257633e-18 2.734714463574749e-19
9856.4253 1.2664041574936515e-18 2.663903361489209e-19
9857.5113 1.456357397359175e-18 2.651031421524845e-19
9858.5973 1.7707336598128733e-18 2.6517505302639854e-19
9859.6833 1.9028662884899045e-18 2.6383059774722873e-19
9860.7692 1.5883310376032407e-18 2.6003640554141095e-19
9861.8552 1.2199435873387809e-18 2.61798829631422e-19
9862.9412 1.231676032848261e-18 2.6028713263272716e-19
9864.0271 1.5297074459470829e-18 2.6214050905758416e-19
9865.1131 1.615947568218115e-18 2.610312842531617e-19
9866.1991 1.4986753415951662e-18 2.609045970496733e-19
9867.2851 1.2759820438758e-18 2.6330272670406e-19
9868.371 1.1098444449340788e-18 2.679592929592659e-19
9869.457 1.2268823581386591e-18 2.760932923345584e-19
9870.543 1.5264273163489202e-18 2.9494642502278724e-19
9871.629 1.9064421627584526e-18 4.750125676066865e-19
9872.7149 2.2920749927195166e-18 1.2376240842641279e-18
9873.8009 2.6200257325599876e-18 1.6006261390418213e-18
9874.8869 1.8747140354269966e-18 1.2295143966059773e-18
9875.9729 1.2572101468825495e-18 1.185703255394291e-18
9877.0588 1.196746413338428e-18 8.910689042059256e-19
9878.1448 1.6927346983328396e-18 4.363214732622929e-19
9879.2308 1.1419379321650987e-18 2.8000472645649703e-19
9880.3167 1.4396055701247267e-18 2.633266749990759e-19
9881.4027 1.8135413400211148e-18 2.62462414462742e-19
9882.4887 2.0836882510233173e-18 2.655888706915255e-19
9883.5747 1.772103228045667e-18 2.699922560581485e-19
9884.6606 1.2063160913839306e-18 2.781498300527419e-19
9885.7466 1.5940001693780097e-18 3.032403617238052e-19
9886.8326 1.9471442774952397e-18 3.44057830890034e-19
9887.9186 1.726261354468359e-18 4.468413744115847e-19
9889.0045 1.6696215560470228e-18 4.356536330733163e-19
9890.0905 1.1987305405086682e-18 4.2168935195240206e-19
9891.1765 1.858511284391192e-18 3.096810792863026e-19
9892.2624 1.9234559724829914e-18 2.637721352223556e-19
9893.3484 1.3031540001919835e-18 2.6048510239546364e-19
9894.4344 1.6174289951962385e-18 4.0523252564819373e-19
9895.5204 1.8999218463177826e-18 6.688817189968869e-19
9896.6063 1.691353269438193e-18 8.158346439295879e-19
9897.6923 2.205457916627283e-18 8.347364016100766e-19
9898.7783 2.335984915947817e-18 7.911201193841577e-19
9899.8643 2.3170147934037612e-18 5.909454044785937e-19
9900.9502 1.8797555467436413e-18 3.37722148551707e-19
9902.0362 1.8730606637739867e-18 2.8385159910055586e-19
9903.1222 7.555124528046021e-19 4.0416428741388924e-19
9904.2081 9.969260874037866e-19 4.047063768251895e-19
9905.2941 1.6131288198720429e-18 2.6962233578326793e-19
9906.3801 1.402843495550971e-18 2.5582480113231376e-19
9907.4661 1.2450306866569785e-18 3.0603698947993397e-19
9908.552 7.585410643317232e-19 3.028719704989252e-19
9909.638 1.980613069673939e-18 2.49636795313165e-19
9910.724 1.8284244924107253e-18 2.505709094128075e-19
9911.81 1.6316146188016499e-18 2.4676005834169312e-19
9912.8959 1.6489070880786112e-18 2.667595576397651e-19
9913.9819 1.7116285017622266e-18 4.140390879673485e-19
9915.0679 8.004723852318164e-19 1.019599540379136e-18
9916.1538 -8.036573966585037e-20 1.4066460587009696e-18
9917.2398 1.0775737647543169e-18 1.2057880740650396e-18
9918.3258 1.0059887013336156e-18 1.1744896773360533e-18
9919.4118 1.5444253299803907e-18 1.003258209898986e-18
9920.4977 1.952250876294026e-18 4.98580001341177e-19
9921.5837 1.7120429364528249e-18 2.7197019804901953e-19
9922.6697 1.4749545329626669e-18 2.4644852352262975e-19
9923.7557 1.2125382039655802e-18 3.5032694975067e-19
9924.8416 1.6293288198864742e-18 3.5068179788799735e-19
9925.9276 1.6646347364825993e-18 2.4530850577488736e-19
9927.0136 1.315413502478032e-18 2.4447136739480857e-19
9928.0995 1.3337367493653056e-18 2.4319015164549615e-19
9929.1855 1.1572619157579013e-18 2.4550209069101783e-19
9930.2715 1.5186837026870134e-18 2.4725496190215834e-19
9931.3575 2.090402815794102e-18 3.4992915953875493e-19
9932.4434 1.8643091782892745e-18 3.4957114484509226e-19
9933.5294 1.8475557303952543e-18 4.11273239965626e-19
9934.6154 1.6767544594915311e-18 4.0838790310098447e-19
9935.7014 1.4496341357959905e-18 2.440111936698906e-19
9936.7873 1.4111099416536535e-18 2.517797498636911e-19
9937.8733 1.037612946297473e-18 2.506014812961943e-19
9938.9593 1.1482325234532645e-18 2.555871041695564e-19
9940.0452 1.4967372934821888e-18 2.665121297056672e-19
9941.1312 2.0660903036797296e-18 3.675325263722246e-19
9942.2172 2.012501968174948e-18 6.961230234695626e-19
9943.3032 1.013767189950972e-18 1.3733246731329415e-18
9944.3891 1.5119729267563638e-18 1.463972923085762e-18
9945.4751 6.278206116778874e-19 1.5501108356217517e-18
9946.5611 2.4044818992593984e-18 1.862259237879964e-18
9947.6471 2.7351986786237106e-18 1.994901377789331e-18
9948.733 1.6573850934204488e-18 1.355991375429157e-18
9949.819 -1.8126154823843232e-19 1.3649850601293514e-18
9950.905 1.3670975992419953e-18 1.1683627697608776e-18
9951.991 2.2752169049404007e-18 8.6213775953359395e-19
9953.0769 1.5205813687178034e-18 5.8563325421203145e-19
9954.1629 1.5874411020287767e-18 3.944183777319242e-19
9955.2489 1.773331864570745e-18 3.0676630955577924e-19
9956.3348 1.7773986209155613e-18 5.260447345567652e-19
9957.4208 1.504700184518164e-18 9.2092831887332e-19
9958.5068 1.879921321426792e-18 1.1239796554693e-18
9959.5928 2.7001498790969558e-18 1.1409465324262994e-18
9960.6787 1.123805660213181e-18 1.0819213002550523e-18
9961.7647 7.015512967802539e-19 9.084739289755272e-19
9962.8507 1.497918998767291e-18 9.38571417514227e-19
9963.9367 1.7391752526567238e-18 1.0588279674916905e-18
9965.0226 1.1509312093318693e-18 9.877847926712162e-19
9966.1086 1.2855718288830062e-18 8.769168825916905e-19
9967.1946 1.5929527206808484e-18 5.897894334644311e-19
9968.2805 1.4971087806090314e-18 2.806568850286957e-19
9969.3665 1.2582934116622696e-18 2.872143599495807e-19
9970.4525 1.4268209233942873e-18 2.938831685959504e-19
9971.5385 1.524279029425242e-18 2.884618454834136e-19
9972.6244 1.571888386601731e-18 4.524650838180052e-19
9973.7104 1.1991123998527648e-18 6.098891156975261e-19
9974.7964 1.7884145085733202e-18 6.460991024048402e-19
9975.8824 2.180684290011321e-18 6.387282656578806e-19
9976.9683 1.6714482230484914e-18 5.399578273690927e-19
9978.0543 1.8500840571528143e-18 3.749532107615985e-19
9979.1403 1.7256138439582605e-18 3.536357666501284e-19
9980.2262 1.3209010876070818e-18 3.77680293674935e-19
9981.3122 1.2838103903764945e-18 3.8765417218374056e-19
9982.3982 1.7769372084411944e-18 3.7719446211293886e-19
9983.4842 1.625874127802309e-18 3.2459699473152683e-19
9984.5701 1.621940766467112e-18 2.6998337710110313e-19
9985.6561 1.679261783740827e-18 2.424298329161395e-19
9986.7421 1.5030055536143302e-18 2.293012524411219e-19
9987.8281 1.8812358094763882e-18 2.286765464001015e-19
9988.914 1.2501466064829422e-18 2.192451937855973e-19
9990.0 1.507955268338525e-18 2.1600816387202514e-19
9991.086 1.4831752630114603e-18 2.1720868635626824e-19
9992.1719 1.3991171248403403e-18 2.209836295396873e-19
9993.2579 1.6029496200473184e-18 2.2716514285788647e-19
9994.3439 1.5720247337042779e-18 2.32275182931429e-19
9995.4299 1.616918510821312e-18 2.2341160584998e-19
9996.5158 1.5807315512209786e-18 2.1504607370786506e-19
9997.6018 1.2867478452979059e-18 2.1677005935011437e-19
9998.6878 1.5016467422551122e-18 2.222251237477137e-19
9999.7738 1.455900123443008e-18 2.8575362017489473e-19
10000.86 1.4304370142062349e-18 4.200097957020008e-19
10001.946 1.9198749236430075e-18 5.005643155295638e-19
10003.032 1.3291591139477226e-18 5.179415478048088e-19
10004.118 1.4523004967196925e-18 5.013542447942727e-19
10005.204 1.3709781660088577e-18 3.9608292173876264e-19
10006.29 1.2232211752967283e-18 2.708964823039322e-19
10007.376 1.6503139922960174e-18 2.379425189114814e-19
10008.462 1.7950001074762556e-18 2.234401459158065e-19
10009.548 1.9473979760909486e-18 2.220227505698593e-19
10010.633 1.8027340252265438e-18 2.525203690313243e-19
10011.719 1.5047287093117788e-18 4.115965708483694e-19
10012.805 1.667058545353519e-18 8.399181713295943e-19
10013.891 1.1715347566482706e-18 1.308807345787817e-18
10014.977 1.054694261749548e-18 1.535617678216158e-18
10016.063 1.7558800763232557e-18 1.549580917475799e-18
10017.149 6.50198694978553e-19 1.3557520554060775e-18
10018.235 1.2755909409626388e-18 9.291695913377053e-19
10019.321 1.7293977186875557e-18 4.415452369566653e-19
10020.407 1.5671137005191018e-18 2.496131033276509e-19
10021.493 1.447886270295077e-18 2.9281354665579614e-19
10022.579 1.2936039822765295e-18 3.4615359331364654e-19
10023.665 1.6866987497590499e-18 3.627294533806005e-19
10024.751 1.3586380596397736e-18 5.454625028418937e-19
10025.837 1.0613823707794702e-18 8.787014407651494e-19
10026.923 1.3090841268157441e-18 8.205903276567551e-19
10028.009 1.8665858773733808e-18 1.21307053508046e-18
10029.095 1.192676649830842e-18 1.1891666434135374e-18
10030.181 8.2259742850086725e-19 6.917618920699936e-19
10031.267 1.6145120744753794e-18 3.725350539794884e-19
10032.353 1.3484207937263554e-18 2.4818170539251804e-19
10033.439 1.040277325954475e-18 4.546981075808988e-19
10034.525 1.3855345636297494e-18 3.7512616237376155e-19
10035.611 1.9036150392272807e-18 3.714220656166326e-19
10036.697 1.613026167298008e-18 2.357646413011185e-19
10037.783 1.1386677421810575e-18 2.4579173234003164e-19
10038.869 1.658122215783656e-18 2.690189829921815e-19
10039.955 1.4779302007485492e-18 2.80433546939853e-19
10041.041 1.5094350286500962e-18 2.721045507173689e-19
10042.127 1.447998754873e-18 2.5748815009758687e-19
10043.213 1.5936765808932575e-18 3.049697126957481e-19
10044.299 1.7326624968930999e-18 4.537757738563929e-19
10045.385 1.570783867985667e-18 5.473569625693417e-19
10046.471 1.138457718769554e-18 5.566529606069247e-19
10047.557 1.4749159913933954e-18 5.316290043565739e-19
10048.643 1.5311965083529561e-18 4.89582823905373e-19
10049.729 1.27327145999316e-18 2.8125445139177116e-19
10050.814 1.250255097469893e-18 2.0364896160283078e-19
10051.9 1.3207075535904922e-18 2.051301416712529e-19
10052.986 1.529308774656896e-18 2.0589200440088778e-19
10054.072 1.7289219211391979e-18 2.0710535071550366e-19
10055.158 1.4378048316870588e-18 2.064176772611557e-19
10056.244 1.3688434613171772e-18 2.0146357593189187e-19
10057.33 1.5060457900994239e-18 1.9931538576994937e-19
10058.416 1.563870488534942e-18 2.118342945573372e-19
10059.502 1.2981627405349961e-18 3.397383490949022e-19
10060.588 1.3526858957459963e-18 5.341781904558702e-19
10061.674 1.1464781486148292e-18 7.874250673641703e-19
10062.76 1.691836672388714e-18 1.22607038516938e-18
10063.846 1.5073302907265383e-18 1.00361119691972e-18
10064.932 1.7704666630416722e-18 6.281980201603197e-19
10066.018 2.1932919373768596e-18 4.608867117217106e-19
10067.104 1.4666313330733385e-18 3.2185454724009374e-19
10068.19 1.4168129396364185e-18 3.5478977719306604e-19
10069.276 1.1495384480402461e-18 3.7658945927946423e-19
10070.362 5.287427240759937e-19 5.801744930010475e-19
10071.448 8.947306642104238e-19 6.650968278967204e-19
10072.534 2.130747069259857e-18 4.835847288642936e-19
10073.62 1.6484913810128281e-18 4.761693036909072e-19
10074.706 1.4371284586396994e-18 4.400090292030868e-19
10075.792 1.7795692520868057e-18 3.5764670237546882e-19
10076.878 2.1500722951707184e-18 3.7480370231254556e-19
10077.964 1.6186569251164648e-18 3.2121925082711547e-19
10079.05 1.4039452302005902e-18 2.2064957737364176e-19
10080.136 1.4008555818188666e-18 2.307424258711611e-19
10081.222 1.5471935288965233e-18 2.4656790638739346e-19
10082.308 2.532336854326292e-18 8.33891590027214e-19
10083.394 2.669698114477975e-18 1.478480147717599e-18
10084.48 1.5419782981468502e-18 1.3416739603330299e-18
10085.566 4.584154611383644e-19 1.352653112424988e-18
10086.652 1.3222149822510758e-18 1.0252585936807058e-18
10087.738 9.452114324597906e-19 6.971659284316177e-19
10088.824 1.2569003476806745e-18 2.6715260525368225e-19
10089.91 1.8790381370655145e-18 3.252890994391357e-19
10090.995 2.199141335927371e-18 3.2412990774094197e-19
10092.081 1.7072162735998464e-18 2.219815193181603e-19
10093.167 1.3529530340099737e-18 2.1490058519384084e-19
10094.253 1.3645653387176561e-18 2.1044252319405086e-19
10095.339 1.3600576351319227e-18 2.096651173647525e-19
10096.425 1.8184448690492244e-18 2.2595684615903317e-19
10097.511 2.4127954435061857e-18 2.457794534816303e-19
10098.597 2.3789889756118603e-18 2.6874264232090267e-19
10099.683 2.354545756000702e-18 4.058762369771842e-19
10100.769 2.2318835076800594e-18 3.966348391943744e-19
10101.855 1.9461508506264945e-18 2.6553621232156477e-19
10102.941 1.840449748262069e-18 2.8924481455282413e-19
10104.027 1.4813323003204218e-18 5.27124965805657e-19
10105.113 1.2568630091635238e-18 7.180244993718804e-19
10106.199 8.273032128338671e-19 7.475506932877105e-19
10107.285 2.1787519916668607e-18 7.311792371788686e-19
10108.371 2.698838001106016e-18 5.904313734371359e-19
10109.457 2.043225646234463e-18 3.2594323856052257e-19
10110.543 1.56276380241745e-18 2.0635936838483344e-19
10111.629 1.542217512870277e-18 1.9680133990357393e-19
10112.715 1.6597614227995463e-18 2.0136913485523878e-19
10113.801 1.490247787100934e-18 2.0089639602532851e-19
10114.887 1.419151247481942e-18 1.958943895251414e-19
10115.973 1.313068332788696e-18 1.9557724881167547e-19
10117.059 1.0912527647904843e-18 1.9060896429441659e-19
10118.145 1.121722068998642e-18 1.916201604373001e-19
10119.231 1.6257384910571256e-18 1.9602026471059943e-19
10120.317 1.774145127686871e-18 1.999125987488714e-19
10121.403 1.8108644891187217e-18 2.056298242190434e-19
10122.489 1.775656967060759e-18 2.3421609406456225e-19
10123.575 1.0074910826220385e-18 4.577059280454057e-19
10124.661 6.841280290398869e-19 9.086010108820489e-19
10125.747 1.579720753785368e-18 1.1789245422572554e-18
10126.833 2.47448382762408e-18 1.1904270702439762e-18
10127.919 1.2819868501781001e-18 1.1402099893148242e-18
10129.005 1.2473071816537164e-18 8.522061511800714e-19
10130.09 1.4161373076585267e-18 3.8543386363598374e-19
10131.176 1.5367684525974038e-18 2.6518023381089655e-19
10132.262 1.5467379010107861e-18 2.7831296551634198e-19
10133.348 1.3776975158927774e-18 2.6104412622973364e-19
10134.434 1.6365798056011577e-18 2.897633881195219e-19
10135.52 1.3576161393578692e-18 3.5597282154532595e-19
10136.606 1.181012034516009e-18 3.4698601597644483e-19
10137.692 1.6257375353654207e-18 2.590086519655584e-19
10138.778 1.6473239213112498e-18 2.24827574713625e-19
10139.864 1.2936988367168702e-18 2.1514925097655818e-19
10140.95 1.2920804789433568e-18 2.1271022960703315e-19
10142.036 1.2952782738173847e-18 2.157210090844567e-19
10143.122 1.4878846954321605e-18 2.355779785236891e-19
10144.208 1.6459939803646785e-18 2.794308725885768e-19
10145.294 1.5397447260653674e-18 3.292430099710051e-19
10146.38 1.4765905161680767e-18 3.5214365440024507e-19
10147.466 1.9478351314298532e-18 3.7435425249869073e-19
10148.552 1.2293781321664428e-18 3.665918547507866e-19
10149.638 1.4422542474325917e-18 3.669362837614404e-19
10150.724 1.6871516825156405e-18 3.770059325273141e-19
10151.81 1.5495297436309597e-18 3.6110790607008067e-19
10152.896 1.4466207990408372e-18 4.786265574290426e-19
10153.982 7.810252847583454e-19 6.662396043530742e-19
10155.068 1.1982451074701206e-18 7.401500046841047e-19
10156.154 1.4019897360918835e-18 7.49905579511094e-19
10157.24 2.5584834446370155e-18 6.931106352487772e-19
10158.326 1.4849858201925235e-18 5.10047593262741e-19
10159.412 1.5305553619861044e-18 4.37146180044523e-19
10160.498 1.9851715460716382e-18 4.678300855441673e-19
10161.584 1.9589957083405887e-18 4.694627499459485e-19
10162.67 1.28586044381478e-18 4.50531698462544e-19
10163.756 1.2435404055236965e-18 3.5188428477047913e-19
10164.842 1.4831027910574686e-18 3.2278504914628513e-19
10165.928 1.618682854439672e-18 3.729590119379975e-19
10167.014 1.9433848615139555e-18 3.773343706869969e-19
10168.1 1.8411372333374562e-18 4.1578542254129554e-19
10169.186 1.7462058269203877e-18 6.138942652986786e-19
10170.271 1.6976398501019063e-18 4.629955502616071e-19
10171.357 1.7694364798162633e-18 4.955411650268344e-19
10172.443 2.381375198556213e-18 9.5134837621043e-19
10173.529 2.2133255082560533e-18 1.2212851540219694e-18
10174.615 2.1876174824871605e-18 1.2516985981675372e-18
10175.701 2.1398961092047778e-18 1.1932992679416446e-18
10176.787 1.1687348755995215e-18 8.89197228671192e-19
10177.873 8.113655165287771e-19 4.1136968249159275e-19
10178.959 1.6238618282288712e-18 3.02149067734106e-19
10180.045 1.4271342140510973e-18 2.9207764851125916e-19
10181.131 1.455931857026503e-18 4.513311693212989e-19
10182.217 1.3859836693405985e-18 4.487952427776083e-19
10183.303 1.5122673038912914e-18 5.033616559094658e-19
10184.389 1.6532687565903152e-18 7.333142369151151e-19
10185.475 1.4208700804932901e-18 6.760645838880921e-19
10186.561 1.989398875867837e-18 3.521138833588548e-19
10187.647 1.978729420703397e-18 2.679046145218874e-19
10188.733 1.2794917627285754e-18 2.75503647200225e-19
10189.819 5.6707818922436e-19 5.396635099282835e-19
10190.905 1.3731796671023933e-18 8.183512174029444e-19
10191.991 1.3441131615892487e-18 9.10880842655226e-19
10193.077 1.2359172726191048e-18 9.109355483914942e-19
10194.163 2.0430709328183472e-18 8.090969455087331e-19
10195.249 1.667692019118532e-18 5.074046894419306e-19
10196.335 1.1097620595289255e-18 2.597795669143366e-19
10197.421 1.2877220306889032e-18 2.4825659758961624e-19
10198.507 1.8864631952015794e-18 2.966834669768021e-19
10199.593 1.839163118840194e-18 2.909213229919332e-19
10200.679 1.4547783522424024e-18 2.409697800764803e-19
10201.765 1.760904291716064e-18 2.491475694084647e-19
10202.851 1.364008596478401e-18 3.395677647354798e-19
10203.937 1.2040658969827007e-18 5.321660450237189e-19
10205.023 1.893829854440796e-18 6.142740720043915e-19
10206.109 1.8878089736559784e-18 6.19351293442214e-19
10207.195 1.6381143561261434e-18 5.862397697605975e-19
10208.281 1.5464053486856925e-18 4.530393130792519e-19
10209.367 1.2255234880580131e-18 5.079146315754533e-19
10210.452 2.532494356579159e-18 6.47725785060861e-19
10211.538 2.5893617801991913e-18 9.102344634012783e-19
10212.624 2.0388539430520505e-18 1.096123550872622e-18
10213.71 2.3805776202364736e-18 1.1417148851100706e-18
10214.796 9.351812085227985e-19 1.0683669357418229e-18
10215.882 1.2514974522382165e-18 8.070290024125318e-19
10216.968 1.3586547623903906e-18 3.839365228592897e-19
10218.054 1.1946934667732751e-18 2.0426950708357472e-19
10219.14 1.074880458255675e-18 1.9521063076777487e-19
10220.226 9.067079306937137e-19 2.441873868227082e-19
10221.312 1.489692416865203e-18 2.762410192977765e-19
10222.398 1.7187450963876302e-18 2.453098169422454e-19
10223.484 1.1638684314839061e-18 2.4538648268701825e-19
10224.57 1.3792742807050209e-18 2.5000187105267414e-19
10225.656 7.533066170693723e-19 4.31201679425342e-19
10226.742 1.7708257680838836e-18 7.232136178762938e-19
10227.828 1.1683281686317533e-18 8.426777754151567e-19
10228.914 -9.247423512676954e-19 8.55081092441026e-19
10230.0 1.291422593059895e-18 7.87658199874889e-19
10231.086 1.5821529984883414e-18 6.520935472734303e-19
10232.172 1.0207241828661106e-18 6.314849235645307e-19
10233.258 1.623291145010746e-18 6.395810253401384e-19
10234.344 1.4872997048252383e-18 6.2728818499939915e-19
10235.43 1.5387326487542973e-18 5.076816099931614e-19
10236.516 1.3212149634680835e-18 3.1674037977526886e-19
10237.602 1.551540952209946e-18 2.3482110110951743e-19
10238.688 1.3484725879152414e-18 2.164458952201509e-19
10239.774 1.3593723059603444e-18 1.978730114557686e-19
10240.86 1.4517498298608912e-18 1.9035944776323559e-19
10241.946 1.5707561547499854e-18 1.9177007737378424e-19
10243.032 1.5489117415180096e-18 1.9537681270899014e-19
10244.118 1.897821275862767e-18 4.848439274792915e-19
10245.204 1.7493884277171883e-18 4.839457316653352e-19
10246.29 1.3608209493831355e-18 1.947208630092503e-19
10247.376 9.035814414950384e-19 1.9333695170889742e-19
10248.462 1.326208573320682e-18 1.8847986200996097e-19
10249.548 1.6324950532936668e-18 1.8436774106029427e-19
10250.633 1.4526951725669439e-18 1.820941035472639e-19
10251.719 1.2354408978272708e-18 1.8298294060623537e-19
10252.805 1.373250811268639e-18 1.833708678081069e-19
10253.891 1.5035944739067225e-18 1.839028462305941e-19
10254.977 1.2775770927116464e-18 1.8676170324980896e-19
10256.063 1.236364151790937e-18 2.388063582770287e-19
10257.149 1.5288865498516249e-18 2.6600393045331876e-19
10258.235 1.5463658364386932e-18 2.387625818570786e-19
10259.321 1.3096870970023539e-18 2.238385996662213e-19
10260.407 1.3008270610996487e-18 2.1844221071785175e-19
10261.493 1.3778202337425511e-18 2.0305441728551817e-19
10262.579 1.4645237062234494e-18 1.9249224539333573e-19
10263.665 1.5267048893621005e-18 1.986362387378284e-19
10264.751 1.5156645343985898e-18 2.0897037932198943e-19
10265.837 1.647056345275512e-18 2.190603469604728e-19
10266.923 1.7204944604237802e-18 2.3637275898464906e-19
10268.009 1.6788899785281206e-18 2.4824958077729264e-19
10269.095 1.5269465054181128e-18 2.5184138562986474e-19
10270.181 1.8262768099529268e-18 2.717516130906879e-19
10271.267 3.120743527803111e-18 5.891093296267679e-19
10272.353 1.878044980262101e-18 7.55189163505973e-19
10273.439 1.4353724418299872e-18 5.111417430628943e-19
10274.525 1.2270086762122642e-18 5.206661079254336e-19
10275.611 1.3515432745474655e-18 4.513831990207256e-19
10276.697 1.3641472375928105e-18 3.0451488763911474e-19
10277.783 1.2052077328952005e-18 2.432411623241376e-19
10278.869 1.434056579454181e-18 2.2572509523099074e-19
10279.955 1.071862632722174e-18 2.185945132993568e-19
10281.041 1.1295293757509988e-18 2.221831347197885e-19
10282.127 1.484584438217963e-18 2.182602931925124e-19
10283.213 1.401643586261217e-18 2.187083308007745e-19
10284.299 1.4311081212368844e-18 2.7176555300427004e-19
10285.385 1.6064700983774367e-18 4.940210905337638e-19
10286.471 2.5157555734218982e-18 8.562022264406513e-19
10287.557 1.4677525056080255e-18 1.5442075756319392e-18
10288.643 2.682448766573918e-18 1.7582218540387127e-18
10289.729 1.830332272009134e-18 1.7454144179596906e-18
10290.814 1.50845203826877e-18 1.6342646448992701e-18
10291.9 2.970040022882248e-18 9.790829834332747e-19
10292.986 1.2732757045002676e-18 4.137619242970532e-19
10294.072 1.3425547585566741e-18 3.469619153639692e-19
10295.158 1.7317712717076684e-18 3.9092738362464237e-19
10296.244 4.3003375009211195e-19 6.853899028365193e-19
10297.33 7.952876833794501e-19 9.212205796102386e-19
10298.416 -7.037401224971087e-20 9.688913683735972e-19
10299.502 2.0255600847289846e-18 9.71450499216768e-19
10300.588 1.8179725179269136e-18 8.306038873161518e-19
10301.674 1.5519434716446663e-18 4.335363528768498e-19
10302.76 1.5671385392479231e-18 2.4088235810802253e-19
10303.846 1.6872295116629098e-18 2.4293146445033446e-19
10304.932 1.784509693204509e-18 2.536645554291417e-19
10306.018 1.221254181868294e-18 2.762764969358634e-19
10307.104 1.6817236837548106e-18 2.8988212525923923e-19
10308.19 1.8695685056520524e-18 2.808198339409057e-19
10309.276 1.9100454494808642e-18 3.342665892535827e-19
10310.362 1.8286429133798777e-18 4.852233163691607e-19
10311.448 1.7090229773341442e-18 5.751783983283363e-19
10312.534 1.2826488288088325e-18 6.238625619653829e-19
10313.62 1.721167216382263e-18 5.740897794225077e-19
10314.706 1.5579673195762499e-18 6.195521171317501e-19
10315.792 1.2760282699979697e-18 3.189781192419183e-19
10316.878 1.2052097074502395e-18 2.0427930347417249e-19
10317.964 1.321384432136802e-18 2.038791805521988e-19
10319.05 1.3266271016635588e-18 2.0245153525485473e-19
10320.136 1.5894211913988396e-18 2.03353873649485e-19
10321.222 1.6110332082543706e-18 1.9286640862249487e-19
10322.308 1.1544936280909638e-18 1.9459700376303415e-19
10323.394 1.7931999433190904e-18 2.0627568625341874e-19
10324.48 1.6308497958170832e-18 2.186242215143335e-19
10325.566 2.025496948178457e-18 2.2340090683815993e-19
10326.652 1.5194592889114348e-18 2.4269207843421504e-19
10327.738 1.4148114463098742e-18 2.859664273076202e-19
10328.824 2.16748416161273e-18 3.4405143233968e-19
10329.91 1.219124561031552e-18 3.621597206998166e-19
10330.995 1.7949012832112657e-18 3.289334870940775e-19
10332.081 1.2770991154774008e-18 2.879887732894024e-19
10333.167 1.692850823931045e-18 2.319205464918442e-19
10334.253 1.61677556988547e-18 1.9608828599966013e-19
10335.339 1.5297571745922305e-18 1.9475734621034858e-19
10336.425 1.360538198576632e-18 1.924675532463225e-19
10337.511 1.7511637847144824e-18 1.913209059947058e-19
10338.597 1.3239939782443025e-18 2.8243026198172763e-19
10339.683 1.3892185458585503e-18 3.0208511388876156e-19
10340.769 1.787597873954646e-18 3.3494470170722056e-19
10341.855 1.7965366747608387e-18 3.961863916936255e-19
10342.941 2.1533705582468367e-18 4.0325408846570754e-19
10344.027 1.5951983368755217e-18 4.101079624773517e-19
10345.113 1.5314008719015315e-18 3.2235874755800704e-19
10346.199 1.3991043500191852e-18 2.557067226764336e-19
10347.285 1.656829516979956e-18 3.943921479492492e-19
10348.371 2.321212204353556e-18 7.329872041507125e-19
10349.457 2.5954083968999043e-18 8.072724315880585e-19
10350.543 2.6215385922499766e-18 8.072818089507531e-19
10351.629 1.1826611361355784e-18 7.754438088121445e-19
10352.715 1.515975073130866e-18 4.461066276809254e-19
10353.801 1.069992906619819e-18 3.252692975404346e-19
10354.887 1.6046918626794889e-18 4.3315042789369376e-19
10355.973 8.187832082179482e-19 4.834853557320207e-19
10357.059 1.540535053105827e-18 4.794335921586215e-19
10358.145 1.2826326251851684e-18 4.499822355651015e-19
10359.231 1.8991143683849228e-18 5.30817429896794e-19
10360.317 2.5488788883824626e-18 4.394597657677538e-19
10361.403 1.584756786432746e-18 2.0704231638920089e-19
10362.489 1.6603703509597611e-18 2.0542701789266273e-19
10363.575 1.7702098849467745e-18 2.0655397280849403e-19
10364.661 1.906670250701658e-18 1.9256364097151095e-19
10365.747 1.4180544548300116e-18 1.9193768323323633e-19
10366.833 1.753268063486183e-18 1.9317776856582413e-19
10367.919 1.1226523024572372e-18 1.9686379544123677e-19
10369.005 1.4546794645036875e-18 1.994110675458753e-19
10370.09 1.701855476954991e-18 2.0864828813395337e-19
10371.176 1.5281108333313348e-18 2.1060787258762283e-19
10372.262 1.1827433625091752e-18 2.9862083540348023e-19
10373.348 1.738876377439269e-18 1.2998509431040604e-18
10374.434 1.4174527638820329e-18 1.8823602383344507e-18
10375.52 1.6422272509642334e-18 1.3633757355105562e-18
10376.606 1.5424586543217063e-18 1.3526422596153524e-18
10377.692 1.9656070154668855e-18 1.0712136659613587e-18
10378.778 1.4073706621270119e-18 3.743825394640721e-19
10379.864 1.4996969236723405e-18 2.580837523308019e-19
10380.95 1.3628804039458695e-18 2.4845238028160876e-19
10382.036 1.5144804112184785e-18 2.527230576197716e-19
10383.122 1.3869238434439366e-18 2.4146135628879605e-19
10384.208 1.325771235223706e-18 1.987064404817625e-19
10385.294 1.682696405627275e-18 2.0419221801261572e-19
10386.38 1.9425782741781328e-18 2.1259858348614908e-19
10387.466 1.2119812323623656e-18 2.1565345872839908e-19
10388.552 1.7583308752079e-18 2.0094422295586099e-19
10389.638 1.452857633964121e-18 2.0442175865436204e-19
10390.724 1.5624199100088234e-18 2.0401106085467114e-19
10391.81 1.6786725649990655e-18 2.138527178937952e-19
10392.896 1.339413987502206e-18 2.206552537160649e-19
10393.982 1.1463018702207639e-18 2.2012174294203607e-19
10395.068 1.2712685182448964e-18 2.291612499770328e-19
10396.154 2.049640852764422e-18 3.0766920794685806e-19
10397.24 1.684061350231115e-18 7.391273145685224e-19
10398.326 1.387805148954594e-18 8.782142444824274e-19
10399.412 1.6998780919345818e-18 8.899676138337581e-19
10400.498 1.98174509270452e-18 8.675587157549401e-19
10401.584 3.291991705540861e-19 6.0702387040947e-19
10402.67 1.4258284925078688e-18 2.405709550042545e-19
10403.756 1.8002836338711646e-18 2.0442463537523856e-19
10404.842 1.2321826882871522e-18 2.0782696556981313e-19
10405.928 1.4570790416602497e-18 2.1059689754259043e-19
10407.014 1.3307103784790816e-18 2.0755800651894728e-19
10408.1 1.3278696975710659e-18 2.2258744452917793e-19
10409.186 1.5312781603251287e-18 2.432542471910335e-19
10410.271 1.1572922962588238e-18 2.6217775725297154e-19
10411.357 1.5125430186262744e-18 2.483872228120551e-19
10412.443 1.5368643415872701e-18 2.491964902109804e-19
10413.529 1.383256848786176e-18 2.30477727930177e-19
10414.615 1.866069194868937e-18 2.119570224612533e-19
10415.701 1.6518102396125933e-18 2.1725615282827275e-19
10416.787 8.503063912642266e-19 2.844244303089615e-19
10417.873 1.8450958061582984e-18 4.3029341787685797e-19
10418.959 2.580246863765853e-18 1.0831792780609629e-18
10420.045 6.174717913121323e-19 1.4681528001945869e-18
10421.131 1.8579610128375147e-18 1.3865860859056186e-18
10422.217 1.928939159726191e-18 1.3564449480774966e-18
10423.303 2.388579174746543e-18 1.4894379284517666e-18
10424.389 1.930543051481864e-18 6.553768589346431e-19
10425.475 1.848340708589744e-18 3.1020965469245375e-19
10426.561 1.8401104697144433e-18 2.8287266724103564e-19
10427.647 1.3548965215528453e-18 2.654728605998267e-19
10428.733 1.99779716367229e-18 3.337293567132512e-19
10429.819 2.2020529530669445e-18 3.8912870896077206e-19
10430.905 1.5871684139323934e-18 3.7974225404321347e-19
10431.991 1.118153540989527e-18 3.762143253411647e-19
10433.077 1.7189722353876567e-18 3.2157972597666006e-19
10434.163 1.7600132444099956e-18 2.5398247075487886e-19
10435.249 1.6374573375187322e-18 2.0074314055287306e-19
10436.335 1.1705389913846119e-18 1.8702209113670994e-19
10437.421 1.4381772906300522e-18 1.8432461878054255e-19
10438.507 1.4362960674083046e-18 1.7976992183871735e-19
10439.593 1.6035285259936353e-18 2.634987174134728e-19
10440.679 2.3272879580363273e-18 4.718601813950312e-19
10441.765 1.8156061343635876e-18 2.219155714606457e-19
10442.851 1.613116996477637e-18 1.8273520924777163e-19
10443.937 1.8008585278352895e-18 1.8220473878839282e-19
10445.023 1.620841089029046e-18 1.84783662310925e-19
10446.109 1.2645682838832637e-18 1.90521370482276e-19
10447.195 1.0475611703351758e-18 2.002725208463588e-19
10448.281 1.5868837814039936e-18 2.0761248166454866e-19
10449.367 1.5978826998760898e-18 2.2445556270745354e-19
10450.452 1.4480374172640538e-18 3.7852769263314156e-19
10451.538 1.143227452833412e-18 6.900110743859307e-19
10452.624 1.252179815826642e-18 7.717960912279916e-19
10453.71 1.931111959989963e-18 7.66654686982675e-19
10454.796 1.6268293570912512e-18 7.142584636936918e-19
10455.882 1.548610054255322e-18 4.440656866862951e-19
10456.968 1.481466349220873e-18 2.0334358488327099e-19
10458.054 1.3488769401057254e-18 1.8530751725922328e-19
10459.14 1.5431202764864092e-18 1.9395390114571895e-19
10460.226 1.3401917996170725e-18 1.9253427093437482e-19
10461.312 1.4463277846778257e-18 1.7850140106222934e-19
10462.398 1.4396924186055191e-18 1.8096288186996974e-19
10463.484 1.1750770059880421e-18 1.8515117025697802e-19
10464.57 1.1078069243851531e-18 1.8711935990830874e-19
10465.656 1.6283545112023273e-18 1.8620360368681005e-19
10466.742 1.87045748683145e-18 1.911195785728797e-19
10467.828 1.4219280908614152e-18 2.2785512715776955e-19
10468.914 1.0363138511782299e-18 5.323397451143798e-19
10470.0 -3.040157303520183e-19 1.0010109538816717e-18
10471.086 -1.5657849835559837e-18 1.1482327094567266e-18
10472.172 2.81090994535288e-18 1.6419972813191806e-18
10473.258 2.5317485146771616e-18 1.5248477680369015e-18
10474.344 5.665879321204787e-19 6.547615221959884e-19
10475.43 1.2141926477996575e-18 2.4237331974460965e-19
10476.516 1.359525963437245e-18 1.972248426602889e-19
10477.602 1.4643607957712458e-18 1.8937840197368087e-19
10478.688 1.4995518236434147e-18 1.8536872568934702e-19
10479.774 1.4670711326776615e-18 1.867531220360439e-19
10480.86 1.174179762963593e-18 1.885414294768626e-19
10481.946 1.3652383976435166e-18 2.0100081053298344e-19
10483.032 1.6171653107691032e-18 2.056909775995052e-19
10484.118 1.822723977230492e-18 1.9355176141287965e-19
10485.204 1.541134069029485e-18 1.896981723051445e-19
10486.29 1.3550901889621459e-18 1.9181326380747058e-19
10487.376 1.5357512889779095e-18 2.200692644146822e-19
10488.462 1.740260824805703e-18 2.6027135059832e-19
10489.548 1.826431605869168e-18 2.699082560594457e-19
10490.633 1.4269853070388717e-18 3.8271558944794487e-19
10491.719 1.917316454667083e-18 3.477722564137521e-19
10492.805 1.757231311144627e-18 2.862760399124699e-19
10493.891 1.8984337468834894e-18 1.9008087661838912e-19
10494.977 2.1970330865523375e-18 1.8342423867009732e-19
10496.063 2.1972563557943132e-18 2.2828827686346475e-19
10497.149 2.2911646498110447e-18 2.3042149988347305e-19
10498.235 2.689619888284123e-18 1.9480055379828784e-19
10499.321 2.425623807530704e-18 2.258418995723872e-19
10500.407 2.4749369597886345e-18 2.503650866111667e-19
10501.493 2.599220033148166e-18 2.5396850125220713e-19
10502.579 2.0506503140573954e-18 2.461781728318484e-19
10503.665 1.9601293403995763e-18 2.207132495366014e-19
10504.751 2.1525456250251725e-18 2.0132618575132905e-19
10505.837 2.3365444001021495e-18 2.1114723904232815e-19
10506.923 2.336286775105551e-18 2.221456417742926e-19
10508.009 1.9322898125158417e-18 2.2117203543465736e-19
10509.095 1.4481406273626677e-18 3.3723929744961755e-19
10510.181 7.3399384519493585e-19 5.396180357307642e-19
10511.267 1.2413791227701038e-18 6.2993807736508085e-19
10512.353 2.498817079500751e-18 7.767957497293675e-19
10513.439 1.5792973640407422e-18 7.190837602411662e-19
10514.525 1.592164674173049e-18 4.376963003261946e-19
10515.611 2.0920123054364836e-18 3.078024071889265e-19
10516.697 4.0378323310314196e-18 2.9783103791767095e-19
10517.783 7.193535550999879e-18 2.92877263332372e-19
10518.869 8.549888324308484e-18 2.8586227723424836e-19
10519.955 9.706772256934665e-18 2.719603038180872e-19
10521.041 9.88132178138836e-18 2.406876173725657e-19
10522.127 9.51906589750398e-18 2.2574829890374646e-19
10523.213 9.487857776494043e-18 2.247035624964043e-19
10524.299 9.27245317447344e-18 3.411830176673224e-19
10525.385 8.364413492691703e-18 6.331107518274093e-19
10526.471 8.285375009113136e-18 8.264884468688629e-19
10527.557 9.091000496507144e-18 8.55115153468092e-19
10528.643 8.16579575998704e-18 8.80757417469636e-19
10529.729 6.974232224260468e-18 6.806032056812842e-19
10530.814 7.054918130414526e-18 3.288603842617038e-19
10531.9 4.237036419676392e-18 1.9940605834196046e-19
10532.986 2.5243388035362122e-18 2.6464943379245135e-19
10534.072 1.6044184422411589e-18 2.5770215421711704e-19
10535.158 1.5840213654692972e-18 1.8094846808557655e-19
10536.244 1.6004343709407604e-18 1.8197687679981863e-19
10537.33 1.5013014624549613e-18 1.8898957410567732e-19
10538.416 1.250152601796024e-18 1.888706558031016e-19
10539.502 1.0114820975362236e-18 1.8744091264907314e-19
10540.588 9.8234692028978e-19 1.8633943764165884e-19
10541.674 1.2876512859905813e-18 1.8742135367175158e-19
10542.76 1.5553713052875867e-18 1.8143306194685026e-19
10543.846 1.689327530196445e-18 1.7787954243097706e-19
10544.932 1.5550519967680009e-18 1.7701800805167687e-19
10546.018 1.5842495239456347e-18 1.7787713387830533e-19
10547.104 1.6931306988302919e-18 2.174087966747641e-19
10548.19 1.4941367952752104e-18 2.226812669166622e-19
10549.276 2.044484913870416e-18 1.8287761374089235e-19
10550.362 3.28256219333297e-18 2.2514961103578354e-19
10551.448 4.063328462897644e-18 2.3287810627897248e-19
10552.534 3.836724028534776e-18 2.111954201401926e-19
10553.62 4.320679528588713e-18 2.3161323241467584e-19
10554.706 4.3077472424200215e-18 2.4158221704769204e-19
10555.792 4.156579417002063e-18 3.430520174934575e-19
10556.878 4.181848321980979e-18 3.196926525791371e-19
10557.964 4.1170986279435454e-18 1.984540269862021e-19
10559.05 3.917551890751454e-18 1.922824049228486e-19
10560.136 3.893557791724486e-18 1.9102735577759762e-19
10561.222 3.0353057337812477e-18 2.5917432469862106e-19
10562.308 2.9757638773214205e-18 2.5689512732122295e-19
10563.394 3.267187144808956e-18 1.8135970111226592e-19
10564.48 2.5925769620601308e-18 1.7899649971000656e-19
10565.566 2.1768872703252478e-18 1.7926289031415955e-19
10566.652 1.7827694338869597e-18 1.7824523713576755e-19
10567.738 1.3286691879362372e-18 1.7550222095662742e-19
10568.824 1.3813868871827985e-18 2.204108820523304e-19
10569.91 1.3771987099714537e-18 2.270900102126299e-19
10570.995 1.115917259857279e-18 1.8929139076676006e-19
10572.081 1.3533560815689529e-18 2.235384697532807e-19
10573.167 1.3552836096669307e-18 3.4472568525029033e-19
10574.253 1.5962831924321195e-18 4.51655034057187e-19
10575.339 2.1228627764912205e-18 5.533796529609615e-19
10576.425 1.7992682794163622e-18 7.218164082655299e-19
10577.511 1.8645823189810443e-18 3.918230609808787e-19
10578.597 1.667333908960702e-18 2.1362732375352576e-19
10579.683 1.549334244751654e-18 1.8580286081984912e-19
10580.769 1.6153912214649252e-18 1.838122985658827e-19
10581.855 1.2780101097798873e-18 1.8359915853303976e-19
10582.941 1.5979436767830432e-18 2.204719742385103e-19
10584.027 1.814097707358731e-18 2.178907784341395e-19
10585.113 1.769929352296414e-18 2.512561680504034e-19
10586.199 1.683252310119603e-18 3.813148171975416e-19
10587.285 1.6428908759559374e-18 5.163918165612344e-19
10588.371 1.7753376878092875e-18 5.541728521696911e-19
10589.457 1.867513975377561e-18 5.511654921543761e-19
10590.543 1.4582608472103297e-18 4.662999341060709e-19
10591.629 1.5326202142764678e-18 3.111745655246715e-19
10592.715 1.6556012908859033e-18 2.277207763492237e-19
10593.801 1.6729398677560145e-18 2.0062617975965957e-19
10594.887 1.4696431707108489e-18 1.9092365527996762e-19
10595.973 1.5858860086349284e-18 1.956821412242958e-19
10597.059 2.0518034770976322e-18 2.904218887108002e-19
10598.145 1.9176291703232926e-18 3.0365234847648133e-19
10599.231 1.1629397807658885e-18 2.2103188693573504e-19
10600.317 1.3749668951547818e-18 2.2456530217716705e-19
10601.403 1.3276940971222974e-18 2.3574385957266856e-19
10602.489 1.3845449005206694e-18 2.5346116310040217e-19
10603.575 1.5916374205085759e-18 2.3972058092872736e-19
10604.661 1.4911361445592326e-18 2.2879978363306945e-19
10605.747 1.6070995391060414e-18 2.0224734911969064e-19
10606.833 1.624306499786042e-18 1.9658442157326025e-19
10607.919 1.4356312507674386e-18 2.3672031454510207e-19
10609.005 1.9737237238717298e-18 4.791917800212261e-19
10610.09 1.9031938885919657e-18 2.8527691482033755e-19
10611.176 1.7316369976775463e-18 1.9684190327086748e-19
10612.262 1.730897241257404e-18 1.9896850032124733e-19
10613.348 1.5136412764970563e-18 2.0121365932227557e-19
10614.434 1.8150297765696092e-18 1.9238542958763844e-19
10615.52 1.6896587482437118e-18 2.324303037615233e-19
10616.606 1.5060687081932055e-18 2.2551672012039073e-19
10617.692 1.6401049370564316e-18 1.8141850767273932e-19
10618.778 1.2764947403299373e-18 1.848292098976554e-19
10619.864 1.5881124914574026e-18 1.8651008853606594e-19
10620.95 1.791605027952877e-18 1.827432361703293e-19
10622.036 1.7094401834443465e-18 1.8198296681196983e-19
10623.122 1.5671274796600842e-18 1.8736375844860986e-19
10624.208 1.5824594832024489e-18 1.939579595028212e-19
10625.294 1.2804426057671418e-18 1.9256728715167663e-19
10626.38 1.3845770771142839e-18 1.963003771572696e-19
10627.466 1.7989455971874504e-18 2.377617011338327e-19
10628.552 1.6571396046107693e-18 2.27954637865143e-19
10629.638 1.3105038232920296e-18 2.64422662784244e-19
10630.724 1.8650076339544638e-18 2.5776957297401017e-19
10631.81 1.5471610234016415e-18 1.7503082871327798e-19
10632.896 1.1569779697897951e-18 1.7242832332994734e-19
10633.982 1.5153791256313528e-18 1.7036134228081763e-19
10635.068 1.3912544040876516e-18 1.7348592028407786e-19
10636.154 1.5703189819271387e-18 2.118484600041991e-19
10637.24 1.3794886576417123e-18 2.1301531880459153e-19
10638.326 1.197605673504536e-18 1.7802389589687863e-19
10639.412 1.49743168133073e-18 1.8628535587647251e-19
10640.498 1.4708937142778727e-18 2.0976523910940285e-19
10641.584 1.446955489918612e-18 2.798491937033786e-19
10642.67 1.9782247408527328e-18 3.090797363142168e-19
10643.756 1.6022052470844302e-18 3.1324859896252305e-19
10644.842 1.6624435728359637e-18 3.0167583211144385e-19
10645.928 1.4712867684879687e-18 2.398344507198075e-19
10647.014 1.761343094370533e-18 1.8809992522895536e-19
10648.1 1.5846586207929487e-18 2.144458363382372e-19
10649.186 1.5988615558167529e-18 2.1127242456077062e-19
10650.271 1.78466654439411e-18 1.8860837118749122e-19
10651.357 1.766130338996902e-18 1.9948406459040172e-19
10652.443 1.1276382736297191e-18 2.6526036169304313e-19
10653.529 1.7566072734483503e-18 3.4646071082933896e-19
10654.615 1.048742514126394e-18 3.682366517657911e-19
10655.701 1.1180108689259808e-18 3.697816410684763e-19
10656.787 1.2607327127301388e-18 3.286797668686203e-19
10657.873 1.7845744031053435e-18 2.4102141090937228e-19
10658.959 1.2289077736688903e-18 1.8570407827588952e-19
10660.045 1.812626050168219e-18 2.581308085262323e-19
10661.131 1.6399939800492175e-18 2.57978917339712e-19
10662.217 1.7340934609575116e-18 2.1502323453338803e-19
10663.303 1.2703851444360063e-18 2.1777344350552106e-19
10664.389 9.662036975700467e-19 1.7385244458064943e-19
10665.475 1.3762536264293973e-18 1.7553570462880402e-19
10666.561 1.4261127788895223e-18 1.867261754482213e-19
10667.647 1.5798621430155622e-18 2.0013622177623578e-19
10668.733 1.7687277017502487e-18 2.0651257019273254e-19
10669.819 1.841821548600238e-18 2.0422451472146965e-19
10670.905 1.6845768940294004e-18 1.9501047349682161e-19
10671.991 1.5229411639791517e-18 1.8025171391000715e-19
10673.077 1.2347283401510999e-18 1.793260393800195e-19
10674.163 1.5721274907784134e-18 1.7860991326255808e-19
10675.249 1.4694094027351947e-18 1.782868295599782e-19
10676.335 1.1574008738410005e-18 1.774813732376572e-19
10677.421 1.4920662882015747e-18 1.7797985961984824e-19
10678.507 1.8737217415712713e-18 2.546097701780431e-19
10679.593 1.6602588248487908e-18 2.529624972279614e-19
10680.679 1.8302815472356294e-18 1.8151197830868993e-19
10681.765 1.832805704590753e-18 1.913717972632654e-19
10682.851 1.0502660063084977e-18 2.226403591239034e-19
10683.937 1.2460839202523137e-18 2.647352213206733e-19
10685.023 1.1409764243373019e-18 3.419183276154674e-19
10686.109 1.3467742328602863e-18 5.59392419730629e-19
10687.195 1.093114593933367e-18 6.065831701205103e-19
10688.281 1.8329356491035724e-18 5.50302897994799e-19
10689.367 1.4451396801680747e-18 5.786327621406071e-19
10690.452 1.6916651973354251e-18 4.933588951868375e-19
10691.538 1.5720050385848536e-18 4.765821539352793e-19
10692.624 2.1322776715626025e-18 4.62766677912826e-19
10693.71 1.4142827693647982e-18 4.1213556445580427e-19
10694.796 1.0900186119775157e-18 3.70203706137228e-19
10695.882 1.392326527115174e-18 3.3820859568511177e-19
10696.968 2.1718927000225513e-18 3.42814305589556e-19
10698.054 1.7165983462915889e-18 5.59039944508139e-19
10699.14 9.434707297083925e-19 6.304613255931705e-19
10700.226 7.619526835175408e-19 6.007360800266661e-19
10701.312 1.6736473316596228e-18 6.074031711281419e-19
10702.398 1.966779790421852e-18 4.464333823338764e-19
10703.484 1.4101056732959355e-18 3.657418380740922e-19
10704.57 9.47491509289564e-19 4.81659485252105e-19
10705.656 6.2131044356073e-19 4.956263792503254e-19
10706.742 1.4504509617855e-18 4.7751186740724e-19
10707.828 1.1705682911721233e-18 4.421571143940522e-19
10708.914 1.1332140571597672e-18 2.996945233612087e-19
10710.0 1.1773853799438837e-18 2.4227380657404234e-19
10711.086 1.4588246808594886e-18 5.325388855055047e-19
10712.172 2.100411922311241e-18 8.877315940232396e-19
10713.258 2.6671856084808584e-18 9.549836489023747e-19
10714.344 -1.4639915566751075e-19 9.58141147062177e-19
10715.43 2.642381069005751e-18 7.956122716884244e-19
10716.516 2.0125288571026576e-18 4.6453833568580625e-19
10717.602 1.377200715664819e-18 3.879513638566157e-19
10718.688 1.6506448643869968e-18 3.8637828967271736e-19
10719.774 1.3187581513695319e-18 4.298265879130626e-19
10720.86 1.0293591955336711e-18 6.098167747754674e-19
10721.946 1.8717944695375914e-18 6.537502305058865e-19
10723.032 2.550580190551927e-18 6.329650531221988e-19
10724.118 1.274303630011206e-18 6.401999967502116e-19
10725.204 1.4424095892035806e-18 5.631308870359096e-19
10726.29 1.4101009461577684e-18 3.550248757525549e-19
10727.376 1.414055640810271e-18 3.4510552474039896e-19
10728.462 1.5804606638876692e-18 4.2728156541413503e-19
10729.548 2.212531402500678e-18 9.378686523715353e-19
10730.633 1.3289170298343297e-18 1.3838914691934073e-18
10731.719 1.0928227300595047e-18 1.3854897301065718e-18
10732.805 1.3681862323908515e-18 1.1153610277111816e-18
10733.891 1.2412928585634622e-18 8.35620896744138e-19
10734.977 1.5522064379829415e-18 4.199949859874336e-19
10736.063 1.3053689337972289e-18 2.181341497857976e-19
10737.149 1.618027681228067e-18 2.7541061790434152e-19
10738.235 1.916011784091963e-18 3.1683201062451296e-19
10739.321 1.8588663839178336e-18 3.0117284473981234e-19
10740.407 1.5614460865337695e-18 3.046472269321471e-19
10741.493 1.5920520018377544e-18 2.777531120748222e-19
10742.579 1.6446347516272745e-18 2.515087699992775e-19
10743.665 2.839667140061623e-18 5.209341460488654e-19
10744.751 1.3662077790116575e-18 7.590586911958995e-19
10745.837 1.879350972410106e-18 7.894796488003156e-19
10746.923 1.863241810264872e-18 9.513479059795527e-19
10748.009 2.6493250678872174e-18 7.94540675841055e-19
10749.095 1.3608701149977157e-18 5.391504644778534e-19
10750.181 1.6934449699582587e-18 4.672485727161732e-19
10751.267 2.204318179446133e-18 7.569031754326826e-19
10752.353 2.3859665263000556e-18 1.1888968031581878e-18
10753.439 1.8938030141143848e-18 1.2560822500658726e-18
10754.525 2.092689442405628e-18 1.2530443464364054e-18
10755.611 6.549695541388845e-19 1.0901437896292876e-18
10756.697 2.18126738365264e-18 4.927663409654563e-19
10757.783 1.5004569744709416e-18 2.346892314292784e-19
10758.869 1.3237312217903384e-18 3.0380932610217726e-19
10759.955 1.1464267612237758e-18 2.9752265339378765e-19
10761.041 9.54604084248162e-19 2.1024427946175322e-19
10762.127 1.871924617625271e-18 2.0959031602993387e-19
10763.213 1.9854938829651802e-18 2.6330768412031403e-19
10764.299 2.4496204532267113e-18 3.0405174993095054e-19
10765.385 3.171707495585713e-18 4.2216546365515274e-19
10766.471 3.0280234049417857e-18 4.966896081893322e-19
10767.557 4.208414323997724e-18 4.436406814169432e-19
10768.643 3.81732991434886e-18 4.073165378103713e-19
10769.729 3.241178211670382e-18 2.8788483722320634e-19
10770.814 3.695889940111114e-18 3.655162449811302e-19
10771.9 3.3336494844085754e-18 5.4121227782337e-19
10772.986 3.3262350024809605e-18 7.808208104832066e-19
10774.072 3.2192132608230467e-18 9.703185099933437e-19
10775.158 2.5902202703923356e-18 8.354127039608633e-19
10776.244 2.5002369865226635e-18 8.524307129094453e-19
10777.33 2.6267364366034306e-18 5.469318433996248e-19
10778.416 2.0057140771398057e-18 2.4320634831830455e-19
10779.502 1.715177490831657e-18 1.983800057741805e-19
10780.588 1.4639154059647174e-18 1.9883521114407947e-19
10781.674 1.7263103054444116e-18 2.0585231568149228e-19
10782.76 1.4402991422987266e-18 2.131999132513954e-19
10783.846 1.4863201779713002e-18 2.099607303888626e-19
10784.932 1.459724050596038e-18 2.083841509284774e-19
10786.018 1.938860233087802e-18 2.0636559415988947e-19
10787.104 2.473251345908035e-18 1.9863055785015126e-19
10788.19 2.7664122571141614e-18 1.9586664821031747e-19
10789.276 3.1131560217301682e-18 1.929090383688846e-19
10790.362 2.9934836583567677e-18 1.9156858582379617e-19
10791.448 2.6783084952587313e-18 1.8914604840440466e-19
10792.534 1.874499769074006e-18 2.035189868944649e-19
10793.62 2.622592625100723e-18 2.447064913147833e-19
10794.706 2.6190166051919814e-18 2.8656365238249314e-19
10795.792 2.9993851353157593e-18 3.0756497542644595e-19
10796.878 2.605158923891e-18 3.0487718964378495e-19
10797.964 2.0996101492774735e-18 2.7419694291441356e-19
10799.05 2.0722399577618817e-18 2.34813568873322e-19
10800.136 1.9671703212507625e-18 1.9953606638263776e-19
10801.222 2.3798497383232302e-18 2.110743213958264e-19
10802.308 2.2843114180778516e-18 3.472454394481819e-19
10803.394 2.04482131878843e-18 3.8510315379497326e-19
10804.48 1.4677940966527839e-18 2.657417638936112e-19
10805.566 1.707541071291745e-18 2.582865712591209e-19
10806.652 1.754321962694602e-18 2.2853898047910598e-19
10807.738 1.5511583837588139e-18 2.0096777255071105e-19
10808.824 1.3920432853006136e-18 1.9999091245028978e-19
10809.91 1.3401632964284496e-18 2.004886622691265e-19
10810.995 1.3417162420765129e-18 2.2705279704003427e-19
10812.081 1.49690644921272e-18 3.8234571745565283e-19
10813.167 1.5345594093243866e-18 3.680977214795744e-19
10814.253 1.4604124742106606e-18 2.579333127449666e-19
10815.339 1.6616539666481857e-18 2.0793835769898664e-19
10816.425 1.574959671888299e-18 2.0784661346690193e-19
10817.511 1.6854829135115408e-18 2.0199458589386502e-19
10818.597 1.2536093895492995e-18 1.997977755316426e-19
10819.683 1.203968518494993e-18 2.3687907010295616e-19
10820.769 1.5016910021126202e-18 2.3460957282814507e-19
10821.855 1.8007671160207597e-18 1.8773623095773174e-19
10822.941 1.6812274894749982e-18 1.8991889469442586e-19
10824.027 1.3750767013244675e-18 1.9234968436736258e-19
10825.113 1.528309879340285e-18 1.9204649880579668e-19
10826.199 1.3770391166175465e-18 1.9009060846673335e-19
10827.285 1.2326072314542089e-18 1.908172612874143e-19
10828.371 1.4496408631203037e-18 2.215082141020221e-19
10829.457 1.9248388096364268e-18 4.158321373989658e-19
10830.543 1.722524024262249e-18 7.637514469124587e-19
10831.629 7.817387292296812e-19 1.2623286951575964e-18
10832.715 9.289361444476321e-19 1.8841237599979124e-18
10833.801 3.3613045309633137e-18 1.9967907781862177e-18
10834.887 5.058474499950879e-18 2.0580842406512243e-18
10835.973 7.884617526843324e-19 1.7334882592608384e-18
10837.059 1.1281385390787555e-18 8.04156117020419e-19
10838.145 1.55707101965127e-18 3.7810786776056126e-19
10839.231 1.8794254660210576e-18 4.044384637101147e-19
10840.317 1.7171181405780391e-18 3.977003565883057e-19
10841.403 -3.618376877821647e-20 7.47396585878127e-19
10842.489 1.0606865025571184e-19 1.5020477935362526e-18
10843.575 1.7190494899708224e-19 1.1974252151205781e-18
10844.661 1.9244910990537824e-18 1.1396697838552312e-18
10845.747 4.643505389766387e-18 1.3502727075593677e-18
10846.833 2.0937187420411796e-18 1.0159543462629265e-18
10847.919 1.6877673652839362e-18 3.460922842127342e-19
10849.005 1.679354098506389e-18 2.1365750375584204e-19
10850.09 1.5750292818932888e-18 1.9861685021856703e-19
10851.176 1.5211219179278072e-18 2.0052582032664678e-19
10852.262 1.5850911415638288e-18 2.4532219068051096e-19
10853.348 1.5592712912744895e-18 2.8259793107287864e-19
10854.434 1.4206246878936053e-18 2.7356765060339385e-19
10855.52 1.5597489033593894e-18 2.8518338759459413e-19
10856.606 1.190366935148207e-18 3.783677951199505e-19
10857.692 1.25607881009828e-18 5.58097890708288e-19
10858.778 7.157561704603171e-19 6.980181977323294e-19
10859.864 1.5783067391821053e-18 7.055851944250294e-19
10860.95 9.351308661909492e-19 6.441380057774626e-19
10862.036 1.4477737756830321e-18 4.480612417784032e-19
10863.122 1.4479546319807653e-18 3.0028181598738913e-19
10864.208 1.664777377399667e-18 2.3937938978846417e-19
10865.294 1.800546471193388e-18 1.8067414238103518e-19
10866.38 1.758445828478082e-18 2.1246643173100232e-19
10867.466 1.3847244131519843e-18 2.1264089822125587e-19
10868.552 1.1555590880583169e-18 1.7475230726119226e-19
10869.638 1.5695564533203363e-18 2.104966170628296e-19
10870.724 1.6101161869808102e-18 2.148506609765199e-19
10871.81 1.5306212461421709e-18 1.960178746900037e-19
10872.896 1.6083806061328556e-18 2.1804261157220174e-19
10873.982 1.896783919666502e-18 3.3687672235290996e-19
10875.068 1.3322554813516945e-18 5.076404436573743e-19
10876.154 1.4202325272111923e-18 6.187046940942429e-19
10877.24 1.7224681824873632e-18 3.9202133218094243e-19
10878.326 1.9818057202292623e-18 4.3222198462044805e-19
10879.412 1.6827507252914946e-18 4.2350253363645e-19
10880.498 1.5066351099628655e-18 3.9198609406208853e-19
10881.584 1.2019180460072008e-18 3.1460847124329095e-19
10882.67 1.6253237453037453e-18 2.216991369517558e-19
10883.756 1.4913339082053188e-18 1.906800094496426e-19
10884.842 1.5994292956510411e-18 2.330398575743557e-19
10885.928 1.3040120975355773e-18 2.6214864961522297e-19
10887.014 1.300395125269476e-18 2.514713840047641e-19
10888.1 1.5223062780959991e-18 2.4685392596659575e-19
10889.186 1.3707664973073083e-18 2.25047093358189e-19
10890.271 1.839487420057965e-18 2.867591753589597e-19
10891.357 1.7225632055548575e-18 2.590377905452282e-19
10892.443 1.2223726661102217e-18 1.8109447719201342e-19
10893.529 1.1662038133864044e-18 1.8665212956552234e-19
10894.615 1.7221669654975649e-18 2.2379721929212017e-19
10895.701 2.4034193434203112e-18 4.821496215133643e-19
10896.787 2.5659183475488404e-18 7.747487826894456e-19
10897.873 1.204195076090509e-18 9.096416281343004e-19
10898.959 1.7453411645855533e-18 9.209384271980933e-19
10900.045 1.4365200191372709e-18 8.405181190172229e-19
10901.131 5.422381947805686e-19 6.988105676230339e-19
10902.217 1.998463454562516e-18 3.531814954359404e-19
10903.303 1.7036221602604322e-18 2.5406264957276693e-19
10904.389 1.614640636930918e-18 2.6232799220336036e-19
10905.475 1.4541088269677262e-18 2.4268258772089647e-19
10906.561 1.7814703871630955e-18 2.108380088902362e-19
10907.647 1.5421158764976436e-18 2.819030563409851e-19
10908.733 1.5178198921048888e-18 2.6637954809261617e-19
10909.819 1.718331409890777e-18 1.8273742405912113e-19
10910.905 1.4651127882279604e-18 1.8540679028053847e-19
10911.991 1.3871645205992223e-18 1.863886282429864e-19
10913.077 1.3915028358370878e-18 1.828394606374856e-19
10914.163 1.313037743737898e-18 1.8193951090086914e-19
10915.249 1.4480524701870764e-18 1.7738130226062966e-19
10916.335 1.3676644573170266e-18 1.7711044313874948e-19
10917.421 1.3883364411813072e-18 1.835763141332243e-19
10918.507 1.328797863838369e-18 1.8535696070705073e-19
10919.593 1.2778029089597713e-18 1.96869262310344e-19
10920.679 1.4815001191543274e-18 2.0761272655441723e-19
10921.765 1.4597150013155255e-18 2.449130312080892e-19
10922.851 1.8410275478465056e-18 4.856460462247986e-19
10923.937 1.4009213028053017e-18 1.077519296863388e-18
10925.023 1.0266784761967797e-18 1.585641107163848e-18
10926.109 1.0961890676352215e-19 1.7118175212717408e-18
10927.195 1.1967038057594587e-18 1.6462411644704088e-18
10928.281 2.9577544094385563e-18 1.3343042406012326e-18
10929.367 1.7122535140839392e-18 6.793761622982171e-19
10930.452 1.7817508583003153e-18 2.9422472418951166e-19
10931.538 1.7312524427483804e-18 2.201820307299418e-19
10932.624 1.3509890163541015e-18 2.0782029671702993e-19
10933.71 1.229071034827659e-18 2.033665587990391e-19
10934.796 1.3593883890942295e-18 2.1094157179006369e-19
10935.882 1.1833781400282044e-18 2.0764639233856267e-19
10936.968 1.0281319506027929e-18 2.734227665023925e-19
10938.054 1.2624870840552097e-18 2.6385879173725823e-19
10939.14 1.846443679398144e-18 1.8735726276110753e-19
10940.226 1.9033342866901456e-18 1.8981746282486392e-19
10941.312 1.9074933156154655e-18 1.9126673528907604e-19
10942.398 1.6738382467355654e-18 2.0532346880990762e-19
10943.484 1.652829382558893e-18 2.0340210873287184e-19
10944.57 1.5042566587002014e-18 2.630849034309005e-19
10945.656 1.2595882916754756e-18 2.6463227880492934e-19
10946.742 1.6902015502586858e-18 2.74131370897815e-19
10947.828 1.65458340129824e-18 3.25290508095238e-19
10948.914 1.7242286676719707e-18 7.3991294807893e-19
10950.0 1.565955097830709e-18 1.0330802428584148e-18
10951.086 8.719673425640061e-19 1.078683369200387e-18
10952.172 8.591576977346302e-19 1.049521842086149e-18
10953.258 7.814762316622465e-19 8.412723287182772e-19
10954.344 1.761955309300781e-18 4.405543039194238e-19
10955.43 1.94577853929647e-18 2.3425543152227935e-19
10956.516 1.871364007799573e-18 1.9417192361671073e-19
10957.602 1.4825694942771194e-18 1.8172754088966923e-19
10958.688 1.511281497080345e-18 1.8071181363643208e-19
10959.774 1.519934725161594e-18 2.614970832620605e-19
10960.86 1.333513421177145e-18 2.554809540017424e-19
10961.946 1.7168301277285217e-18 1.7783783000871712e-19
10963.032 1.7394665722771784e-18 1.849443855379778e-19
10964.118 1.5204622977074449e-18 1.9990115302177424e-19
10965.204 1.3867208301113026e-18 2.0956894977221632e-19
10966.29 1.4842817756925718e-18 2.2901836610210715e-19
10967.376 1.6998579810135058e-18 2.5641696684246667e-19
10968.462 1.5353768515680619e-18 2.7822530913241265e-19
10969.548 1.4099168656110414e-18 2.939834793604889e-19
10970.633 1.6682387246139945e-18 2.9558996011394493e-19
10971.719 1.9654750202731956e-18 4.66280395292461e-19
10972.805 5.675398972786382e-19 1.1270134294972006e-18
10973.891 7.747310524247331e-19 1.6496483388321788e-18
10974.977 1.0621717128437677e-18 1.777973948608245e-18
10976.063 -1.5101238032504485e-18 1.760974950228449e-18
10977.149 -8.238845121875665e-19 1.4304388260827836e-18
10978.235 1.526285292484636e-18 7.936216612687576e-19
10979.321 1.5086739808724208e-18 3.823363591358932e-19
10980.407 1.6025224869710862e-18 2.7966112592761853e-19
10981.493 1.5256944563196254e-18 2.3331668636983415e-19
10982.579 1.4478509351573452e-18 2.1788816879166843e-19
10983.665 1.3953070244794949e-18 2.45520457677108e-19
10984.751 1.4755539723852927e-18 2.837957949265139e-19
10985.837 1.5630016335433151e-18 2.9248508938451813e-19
10986.923 1.9581686351850692e-18 2.881717413191637e-19
10988.009 1.9681582191660523e-18 2.551800909501646e-19
10989.095 1.5962536318836646e-18 2.0237307641611138e-19
10990.181 1.5138755042320351e-18 1.8642077528934959e-19
10991.267 1.6228834601539884e-18 1.8453355986016964e-19
10992.353 1.6194593122355862e-18 1.8240612901243982e-19
10993.439 1.5272416795146282e-18 2.226443555676357e-19
10994.525 1.2045483933903205e-18 2.2415763053321475e-19
10995.611 1.5302502898870745e-18 1.849310457995699e-19
10996.697 1.6085768046029925e-18 1.8288187248588852e-19
10997.783 1.3933785820427505e-18 1.7828542289154775e-19
10998.869 1.1991963050657399e-18 1.8057378360050974e-19
10999.955 1.303363667679033e-18 1.8320858456532215e-19
11001.041 1.95017780739783e-18 2.8154425779633714e-19
11002.127 1.4788476103860877e-18 2.9029495869604336e-19
11003.213 1.380041468553156e-18 2.02296694307354e-19
11004.299 1.544373587659221e-18 2.0683655444632883e-19
11005.385 1.3284218191511521e-18 2.8584214760620775e-19
11006.471 2.3750120113535477e-18 6.687217008804388e-19
11007.557 2.9055805331306008e-18 1.0472439931595756e-18
11008.643 1.3433019711809153e-18 9.888798978991888e-19
11009.729 1.106787629372827e-18 1.0079043240815616e-18
11010.814 9.561382968537044e-19 8.810031996571124e-19
11011.9 1.4309035193180363e-18 5.591696627128793e-19
11012.986 1.3752159114243145e-18 2.6262626806148017e-19
11014.072 1.0981806967927157e-18 2.0118564761775137e-19
11015.158 1.3036864300945201e-18 1.9281726789535933e-19
11016.244 1.6272934695569256e-18 1.865958548842055e-19
11017.33 1.5677010974131676e-18 1.794656942335436e-19
11018.416 1.8053453625442e-18 1.794709579095811e-19
11019.502 1.555755469379866e-18 1.7879041063345792e-19
11020.588 1.320710910368077e-18 1.7727188125870135e-19
11021.674 1.4385079016599417e-18 1.7896288999338832e-19
11022.76 1.5039574059991845e-18 1.7990671250754579e-19
11023.846 1.7769831046963063e-18 1.8709789106117002e-19
11024.932 1.875842862613893e-18 2.184081096953184e-19
11026.018 1.796007484770878e-18 3.51790819857508e-19
11027.104 5.017577368786976e-19 8.813898316473889e-19
11028.19 -3.644407666244249e-19 1.319498119496475e-18
11029.276 1.4867340708367155e-18 1.4864469378953872e-18
11030.362 1.6874415587060447e-18 1.5034438804560755e-18
11031.448 1.4183232569079906e-18 1.2867032739393499e-18
11032.534 1.819566603603854e-18 7.77968731377798e-19
11033.62 1.331538708651921e-18 3.966855945188783e-19
11034.706 1.6892041016246136e-18 2.556310107973959e-19
11035.792 1.8890049268817045e-18 1.9423514547717276e-19
11036.878 1.995069356266341e-18 1.9688123598025134e-19
11037.964 1.6683615799575765e-18 2.028029417419899e-19
11039.05 1.5271721642675907e-18 2.1738668161785066e-19
11040.136 1.6848313235419475e-18 2.4319850247017916e-19
11041.222 1.6437699725145464e-18 2.451890207352207e-19
11042.308 1.7658576597043887e-18 2.3167274094076427e-19
11043.394 1.5048294623812853e-18 2.23536110367843e-19
11044.48 1.3526651856149777e-18 2.0728228498820379e-19
11045.566 1.5070175045199005e-18 1.938032615205922e-19
11046.652 1.3879685030682799e-18 1.86337056216855e-19
11047.738 1.3096043412675201e-18 1.81482780690424e-19
11048.824 1.6675567313868635e-18 1.7643028290689111e-19
11049.91 1.8318641344465125e-18 1.7211250753822182e-19
11050.995 1.4877114884420749e-18 1.7947585674179788e-19
11052.081 1.2852773928576555e-18 2.3205003964180773e-19
11053.167 1.4562606889169669e-18 2.73762245610462e-19
11054.253 1.7968990024367383e-18 2.8505642157012866e-19
11055.339 1.2676006082221742e-18 2.8944436066499945e-19
11056.425 1.3737724451712908e-18 2.589184082807986e-19
11057.511 1.4135571167761866e-18 2.0890131887737955e-19
11058.597 1.2551501153535862e-18 1.904829425643989e-19
11059.683 1.6165225495131981e-18 1.8588594950569004e-19
11060.769 1.7889893771534226e-18 1.88918180523189e-19
11061.855 1.8073046503641602e-18 2.1083463841313856e-19
11062.941 1.9124700948471668e-18 2.337520384185167e-19
11064.027 1.4046186420822486e-18 2.4375520935296006e-19
11065.113 1.0412689723004891e-18 2.3696522154248527e-19
11066.199 1.1929538556946867e-18 2.214578907713103e-19
11067.285 1.6636412992352483e-18 2.1799401008223826e-19
11068.371 1.7222652580146534e-18 2.3613908961344955e-19
11069.457 1.902404634127748e-18 4.0757511007250803e-19
11070.543 2.240504536494694e-18 6.545220873660585e-19
11071.629 2.1059887282197133e-18 7.656146061147719e-19
11072.715 1.225200544837053e-18 7.700689752418442e-19
11073.801 1.018142411057309e-18 7.008922285225664e-19
11074.887 1.4305518597700932e-18 4.872893157628195e-19
11075.973 1.381601270821115e-18 2.507163639243278e-19
11077.059 1.3197131486208568e-18 1.8661194462696744e-19
11078.145 1.6173387309001113e-18 1.7466133731397257e-19
11079.231 1.4076448525504467e-18 1.740531329084135e-19
11080.317 1.38144636788239e-18 1.8423962637943277e-19
11081.403 1.2261718444974421e-18 2.296179039915172e-19
11082.489 1.18795740241071e-18 2.713986149804678e-19
11083.575 1.4764136717199414e-18 2.8965256415768285e-19
11084.661 1.4606005512408323e-18 2.9256416405755476e-19
11085.747 1.402207335869459e-18 2.8389968961529893e-19
11086.833 2.035344261822952e-18 4.910778172064267e-19
11087.919 3.4139301253712924e-18 9.308613292588372e-19
11089.005 2.7320303905775987e-18 1.1329536429210013e-18
11090.09 1.1397492933178798e-18 1.0790134550427542e-18
11091.176 1.840102949458847e-18 1.0159990098873863e-18
11092.262 1.890408038364588e-18 7.548562566872039e-19
11093.348 1.8444788193806922e-18 3.941387657920824e-19
11094.434 1.7108477392559494e-18 2.140549428701832e-19
11095.52 1.5100175069626924e-18 1.791075597801342e-19
11096.606 1.4853635240923245e-18 1.7553387690983235e-19
11097.692 1.3383817123692483e-18 1.7449455422685058e-19
11098.778 1.372459565134096e-18 2.84583836987589e-19
11099.864 1.7494125836033865e-18 2.8493916904100544e-19
11100.95 1.3155014145469085e-18 2.519843922813358e-19
11102.036 1.3192513259043553e-18 1.75111102019695e-19
11103.122 1.4271896057759162e-18 1.7236591364277781e-19
11104.208 1.4464026492138021e-18 1.7546225692721428e-19
11105.294 1.2161924922888886e-18 1.8502510814799576e-19
11106.38 1.11178288138904e-18 1.9709461665960849e-19
11107.466 1.6750756673372403e-18 2.036525838506949e-19
11108.552 1.5659262554690413e-18 2.0875546997259812e-19
11109.638 1.37975383618023e-18 2.0428764814788898e-19
11110.724 1.6825220106300139e-18 4.736097438960451e-19
11111.81 1.6645571734370111e-18 6.857508949242463e-19
11112.896 1.3717328513325606e-18 2.1893976434674423e-19
11113.982 1.5173434379442204e-18 1.9390691543425556e-19
11115.068 1.6212851236056684e-18 2.2889576760319763e-19
11116.154 1.4534333068278489e-18 2.246719221167507e-19
11117.24 1.5917009372150334e-18 1.7436950930171956e-19
11118.326 1.6684873031057025e-18 1.7344758327938124e-19
11119.412 1.6708506855985315e-18 1.7254015092378687e-19
11120.498 1.3942055793710688e-18 1.9094222457043315e-19
11121.584 1.346283085569222e-18 2.2450599614410557e-19
11122.67 1.521807068832089e-18 2.9030507182602045e-19
11123.756 1.2976989622542203e-18 2.984603664798829e-19
11124.842 1.3074709900095705e-18 2.343469403575886e-19
11125.928 1.55246147521712e-18 2.0881175319573972e-19
11127.014 1.651132095710312e-18 1.827188585249798e-19
11128.1 1.523789484976591e-18 1.7522362235425532e-19
11129.186 1.7242639177917067e-18 1.7958148266998657e-19
11130.271 1.6934170528137965e-18 1.856468787066325e-19
11131.357 1.1745871248040324e-18 1.8550220298758955e-19
11132.443 1.217718920108559e-18 1.8377886670670318e-19
11133.529 1.3294595762381305e-18 1.9307493776225907e-19
11134.615 1.1246166664526148e-18 1.9359110845805621e-19
11135.701 1.3133742291445853e-18 1.8156017014659358e-19
11136.787 1.5144061090651506e-18 1.9473682781540704e-19
11137.873 1.3363264228467764e-18 3.233419301866306e-19
11138.959 1.6765375299692602e-18 5.140204842171268e-19
11140.045 1.1918708085484425e-18 5.765679815183624e-19
11141.131 8.84093907221693e-19 5.70609790151723e-19
11142.217 1.518048671166448e-18 5.28650118205911e-19
11143.303 1.5496587381340868e-18 3.820127321942686e-19
11144.389 1.1913240466478585e-18 2.264659279054115e-19
11145.475 1.4422038607241714e-18 1.926664765292765e-19
11146.561 1.24924312380322e-18 1.91954566198304e-19
11147.647 1.25088652404258e-18 1.8543029498555786e-19
11148.733 1.6877634744923397e-18 1.89051853716388e-19
11149.819 1.4739349395440577e-18 2.0442386095980297e-19
11150.905 1.2754591214279332e-18 2.309934194128627e-19
11151.991 1.6928127954371042e-18 2.744402642956496e-19
11153.077 1.3427952148508551e-18 4.722979159963496e-19
11154.163 1.783912063480602e-18 6.939021720783905e-19
11155.249 2.170854610635946e-18 7.949957742260867e-19
11156.335 1.3802853377329313e-18 7.875275437566096e-19
11157.421 1.0466123855480473e-18 7.158756041779588e-19
11158.507 1.4161401150144906e-18 5.120006501376528e-19
11159.593 1.2023022014612138e-18 2.9279895666567497e-19
11160.679 1.3121250093558322e-18 2.2299464746324175e-19
11161.765 1.5237578261400803e-18 2.4518144517687035e-19
11162.851 1.4125296634098703e-18 3.2797086111445905e-19
11163.937 1.347439427792632e-18 4.0114780438754636e-19
11165.023 1.4711506117492576e-18 6.188997121712545e-19
11166.109 1.0094856483920065e-18 5.961696886889612e-19
11167.195 1.2979189886190529e-18 3.870996327855288e-19
11168.281 1.2767282982345744e-18 3.5426598160296034e-19
11169.367 8.749790616595189e-19 3.2805621832911156e-19
11170.452 1.3621740613318282e-18 3.2274715560297755e-19
11171.538 1.7040524714764532e-18 3.3062907691410514e-19
11172.624 1.586718819613262e-18 3.2250513759920824e-19
11173.71 1.4690824285964075e-18 2.924010479152853e-19
11174.796 1.7397984133796715e-18 2.5058714433569123e-19
11175.882 1.2517489302860297e-18 2.0630830038131508e-19
11176.968 1.1695794252726289e-18 1.8441636914817374e-19
11178.054 1.3082893551240756e-18 1.8254671732015454e-19
11179.14 1.67600949704329e-18 1.875037787362245e-19
11180.226 1.7506050957521586e-18 1.9891080743462668e-19
11181.312 1.4226788553408354e-18 2.251001659172718e-19
11182.398 1.1516790327264176e-18 2.5443287647178175e-19
11183.484 1.3650092860540325e-18 2.6464820194419503e-19
11184.57 1.3708092287401063e-18 2.373039345537876e-19
11185.656 1.535339798199e-18 2.079065398707256e-19
11186.742 1.3195564228996889e-18 2.073664749657419e-19
11187.828 1.6219180692323182e-18 2.3472053057181755e-19
11188.914 1.6505181043950113e-18 2.6897206312264365e-19
11190.0 1.3775178877464183e-18 2.875177047124093e-19
11191.086 1.303616153933725e-18 2.715953099950636e-19
11192.172 1.3020065373127524e-18 2.659708314198924e-19
11193.258 1.3652513628507108e-18 2.7298544122512546e-19
11194.344 1.4581130782988515e-18 2.493775595830796e-19
11195.43 1.3365914802282142e-18 2.6531462716772436e-19
11196.516 1.4217816779975094e-18 2.4849164993522305e-19
11197.602 1.4921626165288316e-18 2.180918933644718e-19
11198.688 1.441981120246308e-18 2.5900067263251087e-19
11199.774 8.803738495022173e-19 5.012082050001755e-19
11200.86 9.264559978333748e-19 4.977740047721101e-19
11201.946 9.88198003606872e-19 2.8648147949224464e-19
11203.032 1.5442729078343587e-18 3.0988831240779346e-19
11204.118 1.2397188540007285e-18 2.9325448879352733e-19
11205.204 1.768869221845293e-18 2.4782339652764437e-19
11206.29 1.6143620109111723e-18 2.366577132569739e-19
11207.376 1.2850113559071704e-18 2.4453704978599624e-19
11208.462 1.1595658226111155e-18 3.15253869322156e-19
11209.548 1.3517348204992327e-18 3.285480005122597e-19
11210.633 1.563787137434564e-18 2.9295008182003116e-19
11211.719 1.8635901471553876e-18 3.709438722741228e-19
11212.805 1.748985123924494e-18 5.241916957064334e-19
11213.891 2.1517626431229637e-18 5.791416832984475e-19
11214.977 1.888326059424358e-18 4.915109559263685e-19
11216.063 1.8590094976152152e-18 4.440894822108113e-19
11217.149 2.136680027046978e-18 4.1668836416825376e-19
11218.235 1.4713295153110437e-18 3.9267380713483205e-19
11219.321 1.924518194857517e-18 4.761173115298644e-19
11220.407 2.4141062106966345e-18 4.0512292814422453e-19
11221.493 1.610117796721413e-18 3.0959856489748065e-19
11222.579 1.4468198046149307e-18 3.621903382257962e-19
11223.665 1.9964803660217378e-18 4.337352049440227e-19
11224.751 1.4293362795709483e-18 5.501542157325576e-19
11225.837 1.7636272652625462e-18 7.536499637209511e-19
11226.923 1.0121033360661343e-18 8.521160443688857e-19
11228.009 1.4631204371614237e-18 7.606563023718936e-19
11229.095 1.3859298993335692e-18 5.995779708824274e-19
11230.181 1.3717656527941565e-18 4.497106237086559e-19
11231.267 1.2491231444817334e-18 3.2976738870789994e-19
11232.353 1.2070340491836892e-18 2.8572536139731356e-19
11233.439 1.740420718216752e-18 2.9938859879936866e-19
11234.525 1.3844656894460381e-18 3.700027789647197e-19
11235.611 1.2288187187165233e-18 4.974849631080415e-19
11236.697 2.1847435895011134e-18 5.315486855397659e-19
11237.783 1.2628357099497275e-18 4.0098411536456225e-19
