lambda f_lambda fErr_lambda
9139.667900000377 5.754892993880709e-19 0.0
9140.753900000376 5.754892993880709e-19 0.0
9141.839900000376 5.754892993880709e-19 0.0
9142.925900000375 5.754892993880709e-19 0.0
9144.011900000374 5.754892993880709e-19 0.0
9145.097900000374 5.754892993880709e-19 0.0
9146.183900000373 5.754892993880709e-19 0.0
9147.269900000372 5.754892993880709e-19 0.0
9148.355900000372 5.754892993880709e-19 0.0
9149.44190000037 5.754892993880709e-19 0.0
9150.52790000037 5.754892993880709e-19 0.0
9151.61390000037 5.754892993880709e-19 0.0
9152.699900000369 5.754892993880709e-19 0.0
9153.785900000368 5.754892993880709e-19 0.0
9154.871900000368 5.754892993880709e-19 0.0
9155.957900000367 5.754892993880709e-19 0.0
9157.043900000366 5.754892993880709e-19 0.0
9158.129900000366 5.754892993880709e-19 0.0
9159.215900000365 5.754892993880709e-19 0.0
9160.301900000364 5.754892993880709e-19 0.0
9161.387900000364 5.754892993880709e-19 0.0
9162.473900000363 5.754892993880709e-19 0.0
9163.559900000362 5.754892993880709e-19 0.0
9164.645900000362 5.754892993880709e-19 0.0
9165.73190000036 5.754892993880709e-19 0.0
9166.81790000036 5.754892993880709e-19 0.0
9167.90390000036 5.754892993880709e-19 0.0
9168.989900000359 5.754892993880709e-19 0.0
9170.075900000358 5.754892993880709e-19 0.0
9171.161900000357 5.754892993880709e-19 0.0
9172.247900000357 5.754892993880709e-19 0.0
9173.333900000356 5.754892993880709e-19 0.0
9174.419900000355 5.754892993880709e-19 0.0
9175.505900000355 5.754892993880709e-19 0.0
9176.591900000354 5.754892993880709e-19 0.0
9177.677900000353 5.754892993880709e-19 0.0
9178.763900000353 5.754892993880709e-19 0.0
9179.849900000352 5.754892993880709e-19 0.0
9180.935900000351 5.754892993880709e-19 0.0
9182.02190000035 5.754892993880709e-19 0.0
9183.10790000035 5.754892993880709e-19 0.0
9184.19390000035 5.754892993880709e-19 0.0
9185.279900000349 5.754892993880709e-19 0.0
9186.365900000348 5.754892993880709e-19 0.0
9187.451900000347 5.754892993880709e-19 0.0
9188.537900000347 5.754892993880709e-19 0.0
9189.623900000346 5.754892993880709e-19 0.0
9190.709900000345 5.754892993880709e-19 0.0
9191.795900000345 5.754892993880709e-19 0.0
9192.881900000344 5.754892993880709e-19 0.0
9193.967900000343 5.754892993880709e-19 0.0
9195.053900000343 5.754892993880709e-19 0.0
9196.139900000342 5.754892993880709e-19 0.0
9197.225900000341 5.754892993880709e-19 0.0
9198.31190000034 5.754892993880709e-19 0.0
9199.39790000034 5.754892993880709e-19 0.0
9200.48390000034 5.754892993880709e-19 0.0
9201.569900000339 5.754892993880709e-19 0.0
9202.655900000338 5.754892993880709e-19 0.0
9203.741900000337 5.754892993880709e-19 0.0
9204.827900000337 5.754892993880709e-19 0.0
9205.913900000336 5.754892993880709e-19 0.0
9206.999900000335 5.754892993880709e-19 0.0
9208.085900000335 5.754892993880709e-19 0.0
9209.171900000334 5.754892993880709e-19 0.0
9210.257900000333 5.754892993880709e-19 0.0
9211.343900000333 5.754892993880709e-19 0.0
9212.429900000332 5.754892993880709e-19 0.0
9213.515900000331 5.754892993880709e-19 0.0
9214.60190000033 5.754892993880709e-19 0.0
9215.68790000033 5.754892993880709e-19 0.0
9216.77390000033 5.754892993880709e-19 0.0
9217.859900000329 5.754892993880709e-19 0.0
9218.945900000328 5.754892993880709e-19 0.0
9220.031900000327 5.754892993880709e-19 0.0
9221.117900000327 5.754892993880709e-19 0.0
9222.203900000326 5.754892993880709e-19 0.0
9223.289900000325 5.754892993880709e-19 0.0
9224.375900000325 5.754892993880709e-19 0.0
9225.461900000324 5.754892993880709e-19 0.0
9226.547900000323 5.754892993880709e-19 0.0
9227.633900000323 5.754892993880709e-19 0.0
9228.719900000322 5.754892993880709e-19 0.0
9229.805900000321 5.754892993880709e-19 0.0
9230.89190000032 5.754892993880709e-19 0.0
9231.97790000032 5.754892993880709e-19 0.0
9233.06390000032 5.754892993880709e-19 0.0
9234.149900000319 5.754892993880709e-19 0.0
9235.235900000318 5.754892993880709e-19 0.0
9236.321900000317 5.754892993880709e-19 0.0
9237.407900000317 5.754892993880709e-19 0.0
9238.493900000316 5.754892993880709e-19 0.0
9239.579900000315 5.754892993880709e-19 0.0
9240.665900000315 5.754892993880709e-19 0.0
9241.751900000314 5.754892993880709e-19 0.0
9242.837900000313 5.754892993880709e-19 0.0
9243.923900000313 5.754892993880709e-19 0.0
9245.009900000312 5.754892993880709e-19 0.0
9246.095900000311 5.754892993880709e-19 0.0
9247.18190000031 5.754892993880709e-19 0.0
9248.26790000031 5.754892993880709e-19 0.0
9249.35390000031 5.754892993880709e-19 0.0
9250.439900000309 5.754892993880709e-19 0.0
9251.525900000308 5.754892993880709e-19 0.0
9252.611900000307 5.754892993880709e-19 0.0
9253.697900000307 5.754892993880709e-19 0.0
9254.783900000306 5.754892993880709e-19 0.0
9255.869900000305 5.754892993880709e-19 0.0
9256.955900000305 5.754892993880709e-19 0.0
9258.041900000304 5.754892993880709e-19 0.0
9259.127900000303 5.754892993880709e-19 0.0
9260.213900000303 5.754892993880709e-19 0.0
9261.299900000302 5.754892993880709e-19 0.0
9262.385900000301 5.754892993880709e-19 0.0
9263.4719000003 5.754892993880709e-19 0.0
9264.5579000003 5.754892993880709e-19 0.0
9265.6439000003 5.754892993880709e-19 0.0
9266.729900000299 5.754892993880709e-19 0.0
9267.815900000298 5.754892993880709e-19 0.0
9268.901900000297 5.754892993880709e-19 0.0
9269.987900000297 5.754892993880709e-19 0.0
9271.073900000296 5.754892993880709e-19 0.0
9272.159900000295 5.754892993880709e-19 0.0
9273.245900000295 5.754892993880709e-19 0.0
9274.331900000294 5.754892993880709e-19 0.0
9275.417900000293 5.754892993880709e-19 0.0
9276.503900000293 5.754892993880709e-19 0.0
9277.589900000292 5.754892993880709e-19 0.0
9278.675900000291 5.754892993880709e-19 0.0
9279.76190000029 5.754892993880709e-19 0.0
9280.84790000029 5.754892993880709e-19 0.0
9281.93390000029 5.754892993880709e-19 0.0
9283.019900000289 5.754892993880709e-19 0.0
9284.105900000288 5.754892993880709e-19 0.0
9285.191900000287 5.754892993880709e-19 0.0
9286.277900000287 5.754892993880709e-19 0.0
9287.363900000286 5.754892993880709e-19 0.0
9288.449900000285 5.754892993880709e-19 0.0
9289.535900000285 5.754892993880709e-19 0.0
9290.621900000284 5.754892993880709e-19 0.0
9291.707900000283 5.754892993880709e-19 0.0
9292.793900000283 5.754892993880709e-19 0.0
9293.879900000282 5.754892993880709e-19 0.0
9294.965900000281 5.754892993880709e-19 0.0
9296.05190000028 5.754892993880709e-19 0.0
9297.13790000028 5.754892993880709e-19 0.0
9298.22390000028 5.754892993880709e-19 0.0
9299.309900000279 5.754892993880709e-19 0.0
9300.395900000278 5.754892993880709e-19 0.0
9301.481900000277 5.754892993880709e-19 0.0
9302.567900000276 5.754892993880709e-19 0.0
9303.653900000276 5.754892993880709e-19 0.0
9304.739900000275 5.754892993880709e-19 0.0
9305.825900000274 5.754892993880709e-19 0.0
9306.911900000274 5.754892993880709e-19 0.0
9307.997900000273 5.754892993880709e-19 0.0
9309.083900000272 5.754892993880709e-19 0.0
9310.169900000272 5.754892993880709e-19 0.0
9311.255900000271 5.754892993880709e-19 0.0
9312.34190000027 5.754892993880709e-19 0.0
9313.42790000027 5.754892993880709e-19 0.0
9314.51390000027 5.754892993880709e-19 0.0
9315.599900000268 5.754892993880709e-19 0.0
9316.685900000268 5.754892993880709e-19 0.0
9317.771900000267 5.754892993880709e-19 0.0
9318.857900000266 5.754892993880709e-19 0.0
9319.943900000266 5.754892993880709e-19 0.0
9321.029900000265 5.754892993880709e-19 0.0
9322.115900000264 5.754892993880709e-19 0.0
9323.201900000264 5.754892993880709e-19 0.0
9324.287900000263 5.754892993880709e-19 0.0
9325.373900000262 5.754892993880709e-19 0.0
9326.459900000262 5.754892993880709e-19 0.0
9327.545900000261 5.754892993880709e-19 0.0
9328.63190000026 5.754892993880709e-19 0.0
9329.71790000026 5.754892993880709e-19 0.0
9330.80390000026 5.754892993880709e-19 0.0
9331.889900000258 5.754892993880709e-19 0.0
9332.975900000258 5.754892993880709e-19 0.0
9334.061900000257 5.754892993880709e-19 0.0
9335.147900000256 5.754892993880709e-19 0.0
9336.233900000256 5.754892993880709e-19 0.0
9337.319900000255 5.754892993880709e-19 0.0
9338.405900000254 5.754892993880709e-19 0.0
9339.491900000254 5.754892993880709e-19 0.0
9340.577900000253 5.754892993880709e-19 0.0
9341.663900000252 5.754892993880709e-19 0.0
9342.749900000252 5.754892993880709e-19 0.0
9343.835900000251 5.754892993880709e-19 0.0
9344.92190000025 5.754892993880709e-19 0.0
9346.00790000025 5.754892993880709e-19 0.0
9347.093900000249 5.754892993880709e-19 0.0
9348.179900000248 5.754892993880709e-19 0.0
9349.265900000248 5.754892993880709e-19 0.0
9350.351900000247 5.754892993880709e-19 0.0
9351.437900000246 5.754892993880709e-19 0.0
9352.523900000246 5.754892993880709e-19 0.0
9353.609900000245 5.754892993880709e-19 0.0
9354.695900000244 5.754892993880709e-19 0.0
9355.781900000244 5.754892993880709e-19 0.0
9356.867900000243 5.754892993880709e-19 0.0
9357.953900000242 5.754892993880709e-19 0.0
9359.039900000242 5.754892993880709e-19 0.0
9360.125900000241 5.754892993880709e-19 0.0
9361.21190000024 5.754892993880709e-19 0.0
9362.29790000024 5.754892993880709e-19 0.0
9363.383900000239 5.754892993880709e-19 0.0
9364.469900000238 5.754892993880709e-19 0.0
9365.555900000238 5.754892993880709e-19 0.0
9366.641900000237 5.754892993880709e-19 0.0
9367.727900000236 5.754892993880709e-19 0.0
9368.813900000236 5.754892993880709e-19 0.0
9369.899900000235 5.754892993880709e-19 0.0
9370.985900000234 5.754892993880709e-19 0.0
9372.071900000234 5.754892993880709e-19 0.0
9373.157900000233 5.754892993880709e-19 0.0
9374.243900000232 5.754892993880709e-19 0.0
9375.329900000232 5.754892993880709e-19 0.0
9376.415900000231 5.754892993880709e-19 0.0
9377.50190000023 5.754892993880709e-19 0.0
9378.58790000023 5.754892993880709e-19 0.0
9379.673900000229 5.754892993880709e-19 0.0
9380.759900000228 5.754892993880709e-19 0.0
9381.845900000228 5.754892993880709e-19 0.0
9382.931900000227 5.754892993880709e-19 0.0
9384.017900000226 5.754892993880709e-19 0.0
9385.103900000226 5.754892993880709e-19 0.0
9386.189900000225 5.754892993880709e-19 0.0
9387.275900000224 5.754892993880709e-19 0.0
9388.361900000224 5.754892993880709e-19 0.0
9389.447900000223 5.754892993880709e-19 0.0
9390.533900000222 5.754892993880709e-19 0.0
9391.619900000222 5.754892993880709e-19 0.0
9392.705900000221 5.754892993880709e-19 0.0
9393.79190000022 5.754892993880709e-19 0.0
9394.87790000022 5.754892993880709e-19 0.0
9395.963900000219 5.754892993880709e-19 0.0
9397.049900000218 5.754892993880709e-19 0.0
9398.135900000218 5.754892993880709e-19 0.0
9399.221900000217 5.754892993880709e-19 0.0
9400.307900000216 5.754892993880709e-19 0.0
9401.393900000216 5.754892993880709e-19 0.0
9402.479900000215 5.754892993880709e-19 0.0
9403.565900000214 5.754892993880709e-19 0.0
9404.651900000214 5.754892993880709e-19 0.0
9405.737900000213 5.754892993880709e-19 0.0
9406.823900000212 5.754892993880709e-19 0.0
9407.909900000212 5.754892993880709e-19 0.0
9408.99590000021 5.754892993880709e-19 0.0
9410.08190000021 5.754892993880709e-19 0.0
9411.16790000021 5.754892993880709e-19 0.0
9412.253900000209 5.754892993880709e-19 0.0
9413.339900000208 5.754892993880709e-19 0.0
9414.425900000208 5.754892993880709e-19 0.0
9415.511900000207 5.754892993880709e-19 0.0
9416.597900000206 5.754892993880709e-19 0.0
9417.683900000206 5.754892993880709e-19 0.0
9418.769900000205 5.754892993880709e-19 0.0
9419.855900000204 5.754892993880709e-19 0.0
9420.941900000204 5.754892993880709e-19 0.0
9422.027900000203 5.754892993880709e-19 0.0
9423.113900000202 5.754892993880709e-19 0.0
9424.199900000202 5.754892993880709e-19 0.0
9425.2859000002 5.754892993880709e-19 0.0
9426.3719000002 5.754892993880709e-19 0.0
9427.4579000002 5.754892993880709e-19 0.0
9428.543900000199 5.754892993880709e-19 0.0
9429.629900000198 5.754892993880709e-19 0.0
9430.715900000198 5.754892993880709e-19 0.0
9431.801900000197 5.754892993880709e-19 0.0
9432.887900000196 5.754892993880709e-19 0.0
9433.973900000195 5.754892993880709e-19 0.0
9435.059900000195 5.754892993880709e-19 0.0
9436.145900000194 5.754892993880709e-19 0.0
9437.231900000193 5.754892993880709e-19 0.0
9438.317900000193 5.754892993880709e-19 0.0
9439.403900000192 5.754892993880709e-19 0.0
9440.489900000191 5.754892993880709e-19 0.0
9441.57590000019 5.754892993880709e-19 0.0
9442.66190000019 5.754892993880709e-19 0.0
9443.74790000019 5.754892993880709e-19 0.0
9444.833900000189 5.754892993880709e-19 0.0
9445.919900000188 5.754892993880709e-19 0.0
9447.005900000187 5.754892993880709e-19 0.0
9448.091900000187 5.754892993880709e-19 0.0
9449.177900000186 5.754892993880709e-19 0.0
9450.263900000185 5.754892993880709e-19 0.0
9451.349900000185 5.754892993880709e-19 0.0
9452.435900000184 5.754892993880709e-19 0.0
9453.521900000183 5.754892993880709e-19 0.0
9454.607900000183 5.754892993880709e-19 0.0
9455.693900000182 5.754892993880709e-19 0.0
9456.779900000181 5.754892993880709e-19 0.0
9457.86590000018 5.754892993880709e-19 0.0
9458.95190000018 5.754892993880709e-19 0.0
9460.03790000018 5.754892993880709e-19 0.0
9461.123900000179 5.754892993880709e-19 0.0
9462.209900000178 5.754892993880709e-19 0.0
9463.295900000177 5.754892993880709e-19 0.0
9464.381900000177 5.754892993880709e-19 0.0
9465.467900000176 5.754892993880709e-19 0.0
9466.553900000175 5.754892993880709e-19 0.0
9467.639900000175 5.754892993880709e-19 0.0
9468.725900000174 5.754892993880709e-19 0.0
9469.811900000173 5.754892993880709e-19 0.0
9470.897900000173 5.754892993880709e-19 0.0
9471.983900000172 5.754892993880709e-19 0.0
9473.069900000171 5.754892993880709e-19 0.0
9474.15590000017 5.754892993880709e-19 0.0
9475.24190000017 5.754892993880709e-19 0.0
9476.32790000017 5.754892993880709e-19 0.0
9477.413900000169 5.754892993880709e-19 0.0
9478.499900000168 5.754892993880709e-19 0.0
9479.585900000167 5.754892993880709e-19 0.0
9480.671900000167 5.754892993880709e-19 0.0
9481.757900000166 5.754892993880709e-19 0.0
9482.843900000165 5.754892993880709e-19 0.0
9483.929900000165 5.754892993880709e-19 0.0
9485.015900000164 5.754892993880709e-19 0.0
9486.101900000163 5.754892993880709e-19 0.0
9487.187900000163 5.754892993880709e-19 0.0
9488.273900000162 5.754892993880709e-19 0.0
9489.359900000161 5.754892993880709e-19 0.0
9490.44590000016 5.754892993880709e-19 0.0
9491.53190000016 5.754892993880709e-19 0.0
9492.61790000016 5.754892993880709e-19 0.0
9493.703900000159 5.754892993880709e-19 0.0
9494.789900000158 5.754892993880709e-19 0.0
9495.875900000157 5.754892993880709e-19 0.0
9496.961900000157 5.754892993880709e-19 0.0
9498.047900000156 5.754892993880709e-19 0.0
9499.133900000155 5.754892993880709e-19 0.0
9500.219900000155 5.754892993880709e-19 0.0
9501.305900000154 5.754892993880709e-19 0.0
9502.391900000153 5.754892993880709e-19 0.0
9503.477900000153 5.754892993880709e-19 0.0
9504.563900000152 5.754892993880709e-19 0.0
9505.649900000151 5.754892993880709e-19 0.0
9506.73590000015 5.754892993880709e-19 0.0
9507.82190000015 5.754892993880709e-19 0.0
9508.90790000015 5.754892993880709e-19 0.0
9509.993900000149 5.754892993880709e-19 0.0
9511.079900000148 5.754892993880709e-19 0.0
9512.165900000147 5.754892993880709e-19 0.0
9513.251900000147 5.754892993880709e-19 0.0
9514.337900000146 5.754892993880709e-19 0.0
9515.423900000145 5.754892993880709e-19 0.0
9516.509900000145 5.754892993880709e-19 0.0
9517.595900000144 5.754892993880709e-19 0.0
9518.681900000143 5.754892993880709e-19 0.0
9519.767900000143 5.754892993880709e-19 0.0
9520.853900000142 5.754892993880709e-19 0.0
9521.939900000141 5.754892993880709e-19 0.0
9523.02590000014 5.754892993880709e-19 0.0
9524.11190000014 5.754892993880709e-19 0.0
9525.19790000014 5.754892993880709e-19 0.0
9526.283900000139 5.754892993880709e-19 0.0
9527.369900000138 5.754892993880709e-19 0.0
9528.455900000137 5.754892993880709e-19 0.0
9529.541900000137 5.754892993880709e-19 0.0
9530.627900000136 5.754892993880709e-19 0.0
9531.713900000135 5.754892993880709e-19 0.0
9532.799900000135 5.754892993880709e-19 0.0
9533.885900000134 5.754892993880709e-19 0.0
9534.971900000133 5.754892993880709e-19 0.0
9536.057900000133 5.754892993880709e-19 0.0
9537.143900000132 5.754892993880709e-19 0.0
9538.229900000131 5.754892993880709e-19 0.0
9539.31590000013 5.754892993880709e-19 0.0
9540.40190000013 5.754892993880709e-19 0.0
9541.48790000013 5.754892993880709e-19 0.0
9542.573900000129 5.754892993880709e-19 0.0
9543.659900000128 5.754892993880709e-19 0.0
9544.745900000127 5.754892993880709e-19 0.0
9545.831900000127 5.754892993880709e-19 0.0
9546.917900000126 5.754892993880709e-19 0.0
9548.003900000125 5.754892993880709e-19 0.0
9549.089900000125 5.754892993880709e-19 0.0
9550.175900000124 5.754892993880709e-19 0.0
9551.261900000123 5.754892993880709e-19 0.0
9552.347900000123 5.754892993880709e-19 0.0
9553.433900000122 5.754892993880709e-19 0.0
9554.519900000121 5.754892993880709e-19 0.0
9555.60590000012 5.754892993880709e-19 0.0
9556.69190000012 5.754892993880709e-19 0.0
9557.77790000012 5.754892993880709e-19 0.0
9558.863900000119 5.754892993880709e-19 0.0
9559.949900000118 5.754892993880709e-19 0.0
9561.035900000117 5.754892993880709e-19 0.0
9562.121900000117 5.754892993880709e-19 0.0
9563.207900000116 5.754892993880709e-19 0.0
9564.293900000115 5.754892993880709e-19 0.0
9565.379900000115 5.754892993880709e-19 0.0
9566.465900000114 5.754892993880709e-19 0.0
9567.551900000113 5.754892993880709e-19 0.0
9568.637900000112 5.754892993880709e-19 0.0
9569.723900000112 5.754892993880709e-19 0.0
9570.809900000111 5.754892993880709e-19 0.0
9571.89590000011 5.754892993880709e-19 0.0
9572.98190000011 5.754892993880709e-19 0.0
9574.06790000011 5.754892993880709e-19 0.0
9575.153900000108 5.754892993880709e-19 0.0
9576.239900000108 5.754892993880709e-19 0.0
9577.325900000107 5.754892993880709e-19 0.0
9578.411900000106 5.754892993880709e-19 0.0
9579.497900000106 5.754892993880709e-19 0.0
9580.583900000105 5.754892993880709e-19 0.0
9581.669900000104 5.754892993880709e-19 0.0
9582.755900000104 5.754892993880709e-19 0.0
9583.841900000103 5.754892993880709e-19 0.0
9584.927900000102 5.754892993880709e-19 0.0
9586.013900000102 5.754892993880709e-19 0.0
9587.099900000101 5.754892993880709e-19 0.0
9588.1859000001 5.754892993880709e-19 0.0
9589.2719000001 5.754892993880709e-19 0.0
9590.3579000001 5.754892993880709e-19 0.0
9591.443900000098 5.754892993880709e-19 0.0
9592.529900000098 5.754892993880709e-19 0.0
9593.615900000097 5.754892993880709e-19 0.0
9594.701900000096 5.754892993880709e-19 0.0
9595.787900000096 5.754892993880709e-19 0.0
9596.873900000095 5.754892993880709e-19 0.0
9597.959900000094 5.754892993880709e-19 0.0
9599.045900000094 5.754892993880709e-19 0.0
9600.131900000093 5.754892993880709e-19 0.0
9601.217900000092 5.754892993880709e-19 0.0
9602.303900000092 5.754892993880709e-19 0.0
9603.389900000091 5.754892993880709e-19 0.0
9604.47590000009 5.754892993880709e-19 0.0
9605.56190000009 5.754892993880709e-19 0.0
9606.647900000089 5.754892993880709e-19 0.0
9607.733900000088 5.754892993880709e-19 0.0
9608.819900000088 5.754892993880709e-19 0.0
9609.905900000087 5.754892993880709e-19 0.0
9610.991900000086 5.754892993880709e-19 0.0
9612.077900000086 5.754892993880709e-19 0.0
9613.163900000085 5.754892993880709e-19 0.0
9614.249900000084 5.754892993880709e-19 0.0
9615.335900000084 5.754892993880709e-19 0.0
9616.421900000083 5.754892993880709e-19 0.0
9617.507900000082 5.754892993880709e-19 0.0
9618.593900000082 5.754892993880709e-19 0.0
9619.679900000081 5.754892993880709e-19 0.0
9620.76590000008 5.754892993880709e-19 0.0
9621.85190000008 5.754892993880709e-19 0.0
9622.937900000079 5.754892993880709e-19 0.0
9624.023900000078 5.754892993880709e-19 0.0
9625.109900000078 5.754892993880709e-19 0.0
9626.195900000077 5.754892993880709e-19 0.0
9627.281900000076 5.754892993880709e-19 0.0
9628.367900000076 5.754892993880709e-19 0.0
9629.453900000075 5.754892993880709e-19 0.0
9630.539900000074 5.754892993880709e-19 0.0
9631.625900000074 5.754892993880709e-19 0.0
9632.711900000073 5.754892993880709e-19 0.0
9633.797900000072 5.754892993880709e-19 0.0
9634.883900000072 5.754892993880709e-19 0.0
9635.969900000071 5.754892993880709e-19 0.0
9637.05590000007 5.754892993880709e-19 0.0
9638.14190000007 5.754892993880709e-19 0.0
9639.227900000069 5.754892993880709e-19 0.0
9640.313900000068 5.754892993880709e-19 0.0
9641.399900000068 5.754892993880709e-19 0.0
9642.485900000067 5.754892993880709e-19 0.0
9643.571900000066 5.754892993880709e-19 0.0
9644.657900000066 5.754892993880709e-19 0.0
9645.743900000065 5.754892993880709e-19 0.0
9646.829900000064 5.754892993880709e-19 0.0
9647.915900000064 5.754892993880709e-19 0.0
9649.001900000063 5.754892993880709e-19 0.0
9650.087900000062 5.754892993880709e-19 0.0
9651.173900000062 5.754892993880709e-19 0.0
9652.259900000061 5.754892993880709e-19 0.0
9653.34590000006 5.754892993880709e-19 0.0
9654.43190000006 5.754892993880709e-19 0.0
9655.517900000059 5.754892993880709e-19 0.0
9656.603900000058 5.754892993880709e-19 0.0
9657.689900000058 5.754892993880709e-19 0.0
9658.775900000057 5.754892993880709e-19 0.0
9659.861900000056 5.754892993880709e-19 0.0
9660.947900000056 5.754892993880709e-19 0.0
9662.033900000055 5.754892993880709e-19 0.0
9663.119900000054 5.754892993880709e-19 0.0
9664.205900000054 5.754892993880709e-19 0.0
9665.291900000053 5.754892993880709e-19 0.0
9666.377900000052 5.754892993880709e-19 0.0
9667.463900000052 5.754892993880709e-19 0.0
9668.549900000051 5.754892993880709e-19 0.0
9669.63590000005 5.754892993880709e-19 0.0
9670.72190000005 5.754892993880709e-19 0.0
9671.807900000049 5.754892993880709e-19 0.0
9672.893900000048 5.754892993880709e-19 0.0
9673.979900000048 5.754892993880709e-19 0.0
9675.065900000047 5.754892993880709e-19 0.0
9676.151900000046 5.754892993880709e-19 0.0
9677.237900000046 5.754892993880709e-19 0.0
9678.323900000045 5.754892993880709e-19 0.0
9679.409900000044 5.754892993880709e-19 0.0
9680.495900000044 5.754892993880709e-19 0.0
9681.581900000043 5.754892993880709e-19 0.0
9682.667900000042 5.754892993880709e-19 0.0
9683.753900000042 5.754892993880709e-19 0.0
9684.83990000004 5.754892993880709e-19 0.0
9685.92590000004 5.754892993880709e-19 0.0
9687.01190000004 5.754892993880709e-19 0.0
9688.097900000039 5.754892993880709e-19 0.0
9689.183900000038 5.754892993880709e-19 0.0
9690.269900000038 5.754892993880709e-19 0.0
9691.355900000037 5.754892993880709e-19 0.0
9692.441900000036 5.754892993880709e-19 0.0
9693.527900000036 5.754892993880709e-19 0.0
9694.613900000035 5.754892993880709e-19 0.0
9695.699900000034 5.754892993880709e-19 0.0
9696.785900000034 5.754892993880709e-19 0.0
9697.871900000033 5.754892993880709e-19 0.0
9698.957900000032 5.754892993880709e-19 0.0
9700.043900000031 5.754892993880709e-19 0.0
9701.12990000003 5.754892993880709e-19 0.0
9702.21590000003 5.754892993880709e-19 0.0
9703.30190000003 5.754892993880709e-19 0.0
9704.387900000029 5.754892993880709e-19 0.0
9705.473900000028 5.754892993880709e-19 0.0
9706.559900000027 5.754892993880709e-19 0.0
9707.645900000027 5.754892993880709e-19 0.0
9708.731900000026 5.754892993880709e-19 0.0
9709.817900000025 5.754892993880709e-19 0.0
9710.903900000025 5.754892993880709e-19 0.0
9711.989900000024 5.754892993880709e-19 0.0
9713.075900000023 5.754892993880709e-19 0.0
9714.161900000023 5.754892993880709e-19 0.0
9715.247900000022 5.754892993880709e-19 0.0
9716.333900000021 5.754892993880709e-19 0.0
9717.41990000002 5.754892993880709e-19 0.0
9718.50590000002 5.754892993880709e-19 0.0
9719.59190000002 5.754892993880709e-19 0.0
9720.677900000019 5.754892993880709e-19 0.0
9721.763900000018 5.754892993880709e-19 0.0
9722.849900000017 5.754892993880709e-19 0.0
9723.935900000017 5.754892993880709e-19 0.0
9725.021900000016 5.754892993880709e-19 0.0
9726.107900000015 5.754892993880709e-19 0.0
9727.193900000015 5.754892993880709e-19 0.0
9728.279900000014 5.754892993880709e-19 0.0
9729.365900000013 5.754892993880709e-19 0.0
9730.451900000013 5.754892993880709e-19 0.0
9731.537900000012 5.754892993880709e-19 0.0
9732.623900000011 5.754892993880709e-19 0.0
9733.70990000001 5.754892993880709e-19 0.0
9734.79590000001 5.754892993880709e-19 0.0
9735.88190000001 5.754892993880709e-19 0.0
9736.967900000009 5.754892993880709e-19 0.0
9738.053900000008 5.754892993880709e-19 0.0
9739.139900000007 5.754892993880709e-19 0.0
9740.225900000007 5.754892993880709e-19 0.0
9741.311900000006 5.754892993880709e-19 0.0
9742.397900000005 5.754892993880709e-19 0.0
9743.483900000005 5.754892993880709e-19 0.0
9744.569900000004 5.754892993880709e-19 0.0
9745.655900000003 5.754892993880709e-19 0.0
9746.741900000003 5.754892993880709e-19 0.0
9747.827900000002 5.754892993880709e-19 0.0
9748.913900000001 5.754892993880709e-19 0.0
9749.9999 5.754892993880709e-19 0.0
9751.0859 5.754892993880709e-19 0.0
9752.1719 1.0073600281134575e-18 3.6559338213262696e-19
9753.2579 7.318874073018766e-19 3.1601324502590914e-19
9754.3439 9.759202045416886e-19 3.0995920239176625e-19
9755.4299 1.6331335000799966e-18 3.1805015224675574e-19
9756.5158 8.194833153714667e-19 3.4560701871044135e-19
9757.6018 4.2504383738419335e-19 3.8411385091075903e-19
9758.6878 8.641879697976253e-19 3.726441014812166e-19
9759.7738 8.707139861112795e-19 4.495014145401542e-19
9760.8597 4.6197233155092785e-19 4.1157831071890695e-19
9761.9457 6.766769552146282e-19 3.166326582846232e-19
9763.0317 1.306845993143758e-18 3.1524857416110257e-19
9764.1176 5.7698914640748325e-19 3.140796601713557e-19
9765.2036 -8.769301215468443e-20 3.1375853833793367e-19
9766.2896 6.875421844676058e-19 2.9997935378179075e-19
9767.3756 5.611193090598999e-19 2.998574413868884e-19
9768.4615 7.015261561688528e-19 2.9635550710182563e-19
9769.5475 -1.0544676836904496e-19 2.9107381771257977e-19
9770.6335 9.059017597700545e-19 2.894522633639232e-19
9771.7195 3.0587602472799135e-19 2.915681957009475e-19
9772.8054 8.698738980308166e-19 2.8015865822688044e-19
9773.8914 1.2086841170011494e-18 2.8125260444021975e-19
9774.9774 1.2655387001926449e-18 2.8641257333192705e-19
9776.0633 1.853533195456584e-20 2.9055312017300844e-19
9777.1493 2.0386344178167796e-20 2.8900961541819166e-19
9778.2353 8.648215456571771e-19 2.764911749105431e-19
9779.3213 6.935716572883016e-19 2.7981229094151884e-19
9780.4072 3.36660742820313e-19 2.783177963636497e-19
9781.4932 5.551684390406961e-19 2.9301139679414573e-19
9782.5792 4.366652065492396e-19 2.8973905653504443e-19
9783.6652 3.205795618901902e-19 3.4601515833065467e-19
9784.7511 5.739894523686586e-19 3.5573389391699495e-19
9785.8371 1.1811534948491622e-19 2.9110745675152116e-19
9786.9231 2.5945513360651634e-19 2.8629908897954806e-19
9788.009 1.0157671593713413e-18 2.918146924851344e-19
9789.095 7.295245899397644e-19 3.602464158894537e-19
9790.181 7.688299969040299e-20 5.380888054480023e-19
9791.267 1.4877211404945874e-20 9.83378815484666e-19
9792.3529 -2.0446007738707606e-18 1.36434440976064e-18
9793.4389 -1.190374818012918e-18 1.4829900538515876e-18
9794.5249 -6.960078323014745e-19 1.4457845196893433e-18
9795.6109 3.980901336609831e-19 1.1593311924188903e-18
9796.6968 3.845343453339367e-19 6.442903963270747e-19
9797.7828 6.222968256336039e-19 3.831358966563253e-19
9798.8688 6.279958956694177e-19 4.066593657609244e-19
9799.9548 1.040279042948975e-18 6.083868076298497e-19
9801.0407 1.3725081089212068e-18 7.896588767247674e-19
9802.1267 3.258938234784108e-19 8.306604510881302e-19
9803.2127 5.893566779991744e-20 8.156304177031584e-19
9804.2986 2.7549312190028406e-19 6.707340036825909e-19
9805.3846 4.74086963214541e-19 4.024389995975659e-19
9806.4706 5.367421763498115e-19 2.899073175859107e-19
9807.5566 8.312005688700942e-19 3.303567024369047e-19
9808.6425 4.837418333627481e-19 4.0135292988232177e-19
9809.7285 6.382825415394023e-19 4.2963369901628235e-19
9810.8145 4.31815094745904e-19 4.242318442827938e-19
9811.9005 3.2959455497223205e-19 4.4212090394203825e-19
9812.9864 1.504407372538872e-19 4.8842586421538465e-19
9814.0724 4.898743452135492e-20 5.12808829348082e-19
9815.1584 3.5993290103819454e-19 5.225076555416576e-19
9816.2443 5.937614380371648e-19 4.955319452815259e-19
9817.3303 5.198157665627582e-19 4.25192321628133e-19
9818.4163 1.0396759752146197e-18 4.383758711855992e-19
9819.5023 7.074263610661614e-19 4.586072855602168e-19
9820.5882 1.60965837190548e-19 4.3002795368871625e-19
9821.6742 2.445817487257542e-19 3.8981176061092377e-19
9822.7602 3.40698711895953e-19 3.2588878053681743e-19
9823.8462 5.903412858131329e-19 2.791592169324806e-19
9824.9321 8.328151610232683e-19 2.7413277940136444e-19
9826.0181 8.501736922073937e-19 2.808549142572229e-19
9827.1041 6.522446085348721e-19 2.9491766600024574e-19
9828.19 1.1192704694258358e-18 3.1792398861598534e-19
9829.276 7.752921155341279e-19 3.478537174569789e-19
9830.362 4.1499671354772235e-19 3.6224810997786756e-19
9831.448 7.297573345976438e-20 3.626765909978395e-19
9832.5339 5.576991968137401e-19 3.476784395552049e-19
9833.6199 9.67474969136229e-19 3.1553323080135095e-19
9834.7059 5.527587339091106e-19 2.9262770955392775e-19
9835.7919 -2.4727212889881253e-20 2.8345471122380063e-19
9836.8778 3.06064420843463e-19 2.781834113400719e-19
9837.9638 5.20423340086434e-19 2.669738475460127e-19
9839.0498 3.129353439620144e-19 4.132067764804411e-19
9840.1357 4.569622871127483e-19 4.1738348500757043e-19
9841.2217 1.292551928708178e-20 3.1895886467791847e-19
9842.3077 4.301283048310503e-19 3.0073878503282455e-19
9843.3937 6.768851552931772e-19 2.4686350324664706e-19
9844.4796 5.842536011809176e-19 2.464947842249207e-19
9845.5656 6.116475044986817e-19 2.499566619241935e-19
9846.6516 4.111910069106404e-19 3.195462567184115e-19
9847.7376 7.432235274523866e-20 3.686250805852141e-19
9848.8235 -1.3395814929305114e-19 5.122620562143879e-19
9849.9095 5.028216490347433e-19 6.927773932759995e-19
9850.9955 4.704205317390221e-19 7.218588274989924e-19
9852.0814 6.062751701411044e-19 7.033249494713373e-19
9853.1674 7.855586595738071e-19 8.960885786513341e-19
9854.2534 5.149008219713333e-19 7.53658985738212e-19
9855.3394 9.12184530418412e-19 5.599212823693003e-19
9856.4253 7.198656718296622e-19 2.478409233711333e-19
9857.5113 5.457856528089525e-19 4.1240140114685337e-19
9858.5973 1.0694230004635438e-18 4.2426636317385724e-19
9859.6833 1.037695509493677e-18 2.465235434151485e-19
9860.7692 1.0488729540386406e-18 2.440749469895013e-19
9861.8552 8.283390118953445e-19 2.958096445056864e-19
9862.9412 4.056392284862467e-19 2.8976662227560046e-19
9864.0271 2.2608937345960794e-19 2.443068573650593e-19
9865.1131 6.741512564987603e-19 2.5018469986657176e-19
9866.1991 4.392340275903552e-19 2.4704940958905174e-19
9867.2851 5.776533221666e-19 2.4939364785818e-19
9868.371 2.877758794229176e-19 2.565462965588132e-19
9869.457 6.152475023247146e-19 2.61856257156468e-19
9870.543 8.81130808154385e-19 2.7823087101805663e-19
9871.629 7.902112628461328e-20 4.471269480662733e-19
9872.7149 -1.1636497679237293e-18 8.745078056715946e-19
9873.8009 -3.523418747907203e-19 1.225707535362268e-18
9874.8869 1.7328392145400683e-18 1.2545446435033861e-18
9875.9729 1.534965022898383e-18 1.1389960703659433e-18
9877.0588 2.5964265764634064e-19 8.52050032498199e-19
9878.1448 1.8425926510341987e-19 3.8146912433204465e-19
9879.2308 4.1702031112722013e-19 2.536133703847534e-19
9880.3167 2.455165352985793e-19 2.450796538625122e-19
9881.4027 7.313818584523018e-19 2.490501743847847e-19
9882.4887 7.184953889210316e-19 2.4928176102718696e-19
9883.5747 5.396367496724768e-19 2.5347353997669086e-19
9884.6606 6.524171761042845e-19 2.5969399231257845e-19
9885.7466 5.217372536600293e-19 2.8444527853691615e-19
9886.8326 3.100135946393445e-20 3.250404132190802e-19
9887.9186 7.736266633737345e-19 3.5190870155187047e-19
9889.0045 8.892316877309566e-19 3.444935914030577e-19
9890.0905 5.213869311236909e-19 3.27793098443895e-19
9891.1765 6.445422927625304e-19 2.853612270960189e-19
9892.2624 5.091101488856615e-19 2.4401429615048094e-19
9893.3484 6.65844227518976e-19 2.409873295911811e-19
9894.4344 7.747818129070598e-19 3.736235848043926e-19
9895.5204 7.703528261544677e-19 6.322836952986637e-19
9896.6063 7.372616158398978e-19 7.934356008546351e-19
9897.6923 6.817190947415627e-19 8.114353678513794e-19
9898.7783 1.5180658335943198e-18 7.568529244015827e-19
9899.8643 1.3123937928782549e-19 5.560911167253307e-19
9900.9502 5.260744549327967e-19 3.0947623587247986e-19
9902.0362 7.577451212170994e-19 2.6726816524866635e-19
9903.1222 9.0430171546403e-19 2.668981354691132e-19
9904.2081 5.945590787186537e-19 2.666750337526332e-19
9905.2941 8.84572606917455e-19 2.528368460797463e-19
9906.3801 5.741681477252809e-19 2.3466713631325517e-19
9907.4661 6.168152150498997e-19 2.2949289250397865e-19
9908.552 6.364194689317445e-19 2.2676535209800434e-19
9909.638 4.584922837029586e-19 2.390717556082548e-19
9910.724 5.669603235463063e-19 2.4702203431752e-19
9911.81 3.831125567224285e-19 2.3898383262482637e-19
9912.8959 5.31474229542536e-19 2.5433923370397023e-19
9913.9819 6.923329546085271e-19 3.9459275937030104e-19
9915.0679 1.1100823268159234e-18 9.571924415480112e-19
9916.1538 1.2334878019465563e-18 1.3693835293665553e-18
9917.2398 9.45028945861671e-19 1.1752115538480813e-18
9918.3258 1.5952994272232348e-18 1.1383120570626877e-18
9919.4118 2.5404330625106766e-19 9.063424046196262e-19
9920.4977 -2.522792519046716e-19 4.126962784617358e-19
9921.5837 4.022534370291136e-19 2.4247897201117883e-19
9922.6697 7.275936516899609e-19 2.394961429327025e-19
9923.7557 7.358859874685675e-19 5.318415817369502e-19
9924.8416 9.591242092732374e-19 5.582602685097759e-19
9925.9276 6.862556299726857e-19 2.612774372373114e-19
9927.0136 4.292158251796365e-19 2.2878477643194223e-19
9928.0995 4.2101141644339915e-19 2.686821875938751e-19
9929.1855 1.7498517584206617e-18 6.361086706226971e-19
9930.2715 1.3029938903619792e-18 3.5305224632792743e-19
9931.3575 6.26185286311511e-19 2.261562950810323e-19
9932.4434 5.044718303849675e-19 2.2391932595566207e-19
9933.5294 7.731871027053807e-19 2.270490174702602e-19
9934.6154 8.428803072065513e-19 2.2748118282023606e-19
9935.7014 7.751490693265969e-19 2.31356797064299e-19
9936.7873 2.645146416184326e-19 2.381913594391367e-19
9937.8733 6.0313271434579395e-19 2.3374752338958214e-19
9938.9593 8.927453572826105e-19 2.3137063190006525e-19
9940.0452 9.542370827173633e-19 2.411202523088269e-19
9941.1312 8.858846354298417e-19 3.4701746201513773e-19
9942.2172 -1.0921414430360778e-20 6.585516681038032e-19
9943.3032 1.2855686116930212e-19 9.32933736728407e-19
9944.3891 5.994896719965923e-20 9.954931979906043e-19
9945.4751 5.0862645969160225e-19 1.031987567276163e-18
9946.5611 -8.837465557239913e-19 1.907874333465056e-18
9947.6471 1.801947652525239e-18 2.066272894807802e-18
9948.733 1.0426537436919372e-18 1.3077241381433627e-18
9949.819 -1.3416895123141304e-18 1.318694403111606e-18
9950.905 1.4592157897755027e-19 1.1272120834614647e-18
9951.991 -5.812328766830068e-19 8.1137108521497e-19
9953.0769 -3.3174785326307697e-19 6.494627608721204e-19
9954.1629 2.748261417339315e-19 4.380095171861178e-19
9955.2489 2.742918047110267e-19 3.3549465018052247e-19
9956.3348 5.44058606239198e-19 4.712139831523058e-19
9957.4208 9.2271884703704e-19 9.314252902331285e-19
9958.5068 8.174730173289973e-19 1.1480126556772747e-18
9959.5928 -4.389608174302928e-19 1.099395323179263e-18
9960.6787 1.598092718600429e-18 1.046590628161659e-18
9961.7647 3.427216358053259e-18 2.3306794922509383e-18
9962.8507 2.605599453071911e-18 2.315077283730136e-18
9963.9367 -4.364729953445125e-19 9.658453894388325e-19
9965.0226 -2.1995214223136985e-19 9.506875684792788e-19
9966.1086 3.3527113921990335e-19 8.466249261163534e-19
9967.1946 4.630453834963166e-19 5.544858045083755e-19
9968.2805 5.028969392139581e-19 2.7666431266609767e-19
9969.3665 1.0532945139085996e-18 4.1010901831356805e-19
9970.4525 1.8108502725198847e-18 4.621381821520785e-19
9971.5385 3.33524229834125e-19 3.3691138778914636e-19
9972.6244 3.548438303201244e-19 4.2751676222468904e-19
9973.7104 2.6568790618908933e-19 6.271814778758798e-19
9974.7964 3.1823791127394826e-19 6.585694005284816e-19
9975.8824 1.1145762698218717e-18 6.281797573367853e-19
9976.9683 1.1872755819730158e-18 5.335914396899912e-19
9978.0543 -2.6101398582681104e-19 5.876717466133923e-19
9979.1403 9.736620914443635e-20 5.577037325779871e-19
9980.2262 6.25622619964498e-19 3.5938712636844623e-19
9981.3122 6.725010124615353e-20 3.750643539610348e-19
9982.3982 2.29889824872578e-19 3.683249917454163e-19
9983.4842 7.453385800495636e-19 3.1407457597909856e-19
9984.5701 1.3979698386000985e-19 2.581251426909137e-19
9985.6561 6.761430530224712e-19 2.2655798294060863e-19
9986.7421 6.717634607363912e-19 2.165954640849898e-19
9987.8281 4.46572119203527e-19 2.610371004475663e-19
9988.914 5.084880442491534e-19 2.493645200263384e-19
9990.0 6.239697833051612e-20 2.1429951152323968e-19
9991.086 1.3975519213291475e-19 3.3201383241200514e-19
9992.1719 6.109974215337801e-19 3.331950985318278e-19
9993.2579 1.299784834314798e-19 2.2132090923825324e-19
9994.3439 8.050341800720352e-19 2.2899382401060663e-19
9995.4299 1.6466118874770679e-19 2.2320411999767643e-19
9996.5158 4.96908634208307e-19 2.1241125602710454e-19
9997.6018 2.9897745408792473e-19 2.099821915020872e-19
9998.6878 6.943641501785704e-19 2.151798086794527e-19
9999.7738 1.0188769415700737e-18 5.878423250953857e-19
10000.86 2.903827349580989e-19 1.204555746765062e-18
10001.946 9.238920938300548e-19 5.080092899334455e-19
10003.032 1.3677966196971884e-19 5.002964901630937e-19
10004.118 5.890376785756083e-19 4.871959942868701e-19
10005.204 1.2566634447538916e-19 3.7879288037980413e-19
10006.29 4.977452622637538e-19 2.569904263909366e-19
10007.376 5.14254048862347e-19 3.571873731251958e-19
10008.462 2.475846486208363e-19 3.2898757394216853e-19
10009.548 2.480342742023721e-19 2.1258066827944174e-19
10010.633 4.698174014559477e-19 2.4105369731002836e-19
10011.719 3.6375345802806477e-19 3.855990884633745e-19
10012.805 5.499340264173899e-19 7.596451338262848e-19
10013.891 1.9556714385646817e-18 1.2754812485183306e-18
10014.977 -2.227424438946042e-19 1.480637595331482e-18
10016.063 6.930993249219906e-19 1.4927693863417265e-18
10017.149 4.772734743073487e-19 1.55979667430381e-18
10018.235 -4.426343026372365e-19 1.0036494365731713e-18
10019.321 -7.616389490203119e-20 4.0638625343480533e-19
10020.407 4.0877244077141847e-19 2.376006110592222e-19
10021.493 3.8683454030304014e-19 4.363813207670287e-19
10022.579 1.033965106678486e-18 5.446083893616223e-19
10023.665 5.341465725699532e-19 3.2307951502223886e-19
10024.751 3.6123659270609845e-19 3.701532217995572e-19
10025.837 -2.2627049522955796e-19 5.792464993396701e-19
10026.923 1.600549381833984e-19 8.025939473637887e-19
10028.009 1.0633618760379663e-19 8.311113579863529e-19
10029.095 8.335317474002624e-19 8.16909873435261e-19
10030.181 -1.1933267028924034e-19 6.798341666833952e-19
10031.267 2.9316542050766915e-19 3.0609152880941554e-19
10032.353 6.385912912880603e-19 2.224657836153542e-19
10033.439 4.768591569558743e-19 2.23504493103782e-19
10034.525 7.878344862607778e-19 2.196878520284805e-19
10035.611 4.6644940132027395e-19 2.223380218780874e-19
10036.697 6.274796536044005e-19 2.2594127667126604e-19
10037.783 3.641062205940922e-19 2.7316764469025543e-19
10038.869 4.2981895282676814e-19 3.0270830015765067e-19
10039.955 4.376926755776284e-19 3.120120095712599e-19
10041.041 3.287819182754459e-19 2.5419671585308737e-19
10042.127 4.460849349534887e-19 2.4768086074986753e-19
10043.213 4.1557088809240103e-19 2.809422777498877e-19
10044.299 6.723981539611029e-19 4.338922942270017e-19
10045.385 -3.017016141767517e-20 5.32863023789121e-19
10046.471 4.50351023767721e-19 5.426304336312867e-19
10047.557 1.442369526813873e-18 7.938102516096397e-19
10048.643 5.117222294631262e-19 6.64968799140745e-19
10049.729 6.826488556356925e-19 3.6893492746170517e-19
10050.814 3.723607204180071e-19 2.8953248347333443e-19
10051.9 9.566094056510682e-19 1.9261630178311563e-19
10052.986 5.367792367625267e-19 2.0203268904864173e-19
10054.072 3.624115840127315e-19 2.0722728932052644e-19
10055.158 4.44800730915573e-19 1.9761160466612168e-19
10056.244 1.8859167610144127e-20 1.9509727278453444e-19
10057.33 6.757301646128159e-19 3.017472536995641e-19
10058.416 8.67822498223072e-19 3.103891335263964e-19
10059.502 2.4054260993076215e-19 4.1495811047648534e-19
10060.588 -1.917170243508546e-19 4.0545883168869154e-19
10061.674 -3.5912833852352327e-19 6.162628350657828e-19
10062.76 9.12727352298214e-19 6.944074392391319e-19
10063.846 4.2832862168647263e-19 6.858776280881718e-19
10064.932 2.538288955498202e-19 6.221991189036994e-19
10066.018 2.8650765606666374e-19 4.275172963517352e-19
10067.104 5.063637268116404e-19 3.0320071241964097e-19
10068.19 7.409670863509383e-20 3.437194182310339e-19
10069.276 3.684366600891372e-19 3.659827111974198e-19
10070.362 6.165295587179596e-19 3.8543065475346966e-19
10071.448 2.3261097365350103e-20 4.429967943945096e-19
10072.534 4.966906154761255e-19 4.664193594100918e-19
10073.62 -1.201082966646421e-19 4.577804813873424e-19
10074.706 4.724991291316949e-19 4.217956785456635e-19
10075.792 8.699175924688725e-19 3.4332245087413055e-19
10076.878 2.064189987330574e-19 2.3602039784584607e-19
10077.964 3.10893364587699e-19 3.244625790402465e-19
10079.05 5.593415917726704e-19 3.179594843201487e-19
10080.136 1.4443012256751266e-21 2.1931729973182724e-19
10081.222 1.3495178042186548e-19 2.3207778479942843e-19
10082.308 -4.461891030184341e-19 4.511813217597742e-19
10083.394 -2.8241810853691226e-19 9.025696529091307e-19
10084.48 1.46207219433489e-18 1.07933886453087e-18
10085.566 1.2680037720500041e-18 1.089346130187876e-18
10086.652 -5.485670675976171e-19 1.0177236030230911e-18
10087.738 1.0620716060710566e-18 6.41582826525455e-19
10088.824 1.9048269685768944e-19 2.3582128075708576e-19
10089.91 5.364935198875266e-19 2.0487184060439014e-19
10090.995 6.453235436703149e-19 2.0922780421125405e-19
10092.081 6.115632497097564e-19 2.2505190942525185e-19
10093.167 8.086595985390096e-19 2.142258387169343e-19
10094.253 6.911147976545637e-19 1.9800169225491166e-19
10095.339 7.054070577061133e-19 1.9616887813672971e-19
10096.425 6.394394871209045e-19 2.0922719721607111e-19
10097.511 5.85637951867695e-19 2.2885468423083673e-19
10098.597 6.409213733118819e-19 2.4942514386529584e-19
10099.683 2.487439128803653e-19 2.6006136217570464e-19
10100.769 1.50537928656588e-19 2.606413650088211e-19
10101.855 1.8287779727253668e-19 2.451297668706755e-19
10102.941 4.239775926100766e-19 2.684126331401614e-19
10104.027 -4.550690471103811e-19 4.756592032388432e-19
10105.113 -7.916675774738666e-19 6.963869459131348e-19
10106.199 1.9937413063653558e-19 7.152817163879772e-19
10107.285 1.3767327277342805e-18 1.1063601580918889e-18
10108.371 1.6575846136508737e-19 9.084178815490241e-19
10109.457 3.6615965375819426e-19 2.6672262043476124e-19
10110.543 2.672286051069293e-19 1.925630039233123e-19
10111.629 1.0405172530136656e-19 1.8738420268346637e-19
10112.715 8.64105928552447e-20 1.886756374757923e-19
10113.801 5.727295340782436e-19 2.8576547734823437e-19
10114.887 5.128408075849563e-19 2.890041821811009e-19
10115.973 2.8861301596060247e-19 1.8625486304364336e-19
10117.059 3.009024276627015e-19 1.8936769204984939e-19
10118.145 4.262701000048336e-19 1.8915203279855605e-19
10119.231 4.161295839314022e-19 1.917556555427088e-19
10120.317 4.972430853397914e-20 1.9624168341622033e-19
10121.403 5.328728525315553e-19 1.9225890963505591e-19
10122.489 5.734843806238576e-19 2.602834312259713e-19
10123.575 6.225412418388745e-19 4.823970656622071e-19
10124.661 1.6027379141286915e-18 8.424988986899902e-19
10125.747 5.22994252909404e-19 1.143064325681903e-18
10126.833 -6.840625551504215e-19 1.156722489411272e-18
10127.919 1.969084075009509e-18 1.1050289737169444e-18
10129.005 1.0043744735942099e-18 8.247403044153509e-19
10130.09 7.425225882596692e-19 2.8308325620852575e-19
10131.176 2.8495750420077077e-19 1.969888344657393e-19
10132.262 4.0040895439396365e-19 2.0615402800651108e-19
10133.348 7.468587575973659e-19 2.4838443884035783e-19
10134.434 7.737285694814332e-19 2.8179561377110614e-19
10135.52 4.361977578769668e-19 2.8813905199938595e-19
10136.606 1.3686053721169966e-19 2.754829975849292e-19
10137.692 5.546925976901122e-19 2.5538295087099123e-19
10138.778 1.79629094744125e-19 2.15503143687e-19
10139.864 1.1072982550712466e-19 3.17757320251362e-19
10140.95 1.5674122786927425e-19 3.1585630521277253e-19
10142.036 2.720654666557531e-19 2.2713377354067625e-19
10143.122 7.121953860624405e-19 5.8330191084287385e-19
10144.208 1.196626191157064e-18 5.895168046304043e-19
10145.294 4.4931953182135325e-19 3.147283037497387e-19
10146.38 4.0347994873504087e-19 3.379801514275863e-19
10147.466 5.474602121270043e-19 3.630951265775379e-19
10148.552 6.443283295637118e-19 3.5343583510447675e-19
10149.638 6.94624674687443e-19 3.4489931193143836e-19
10150.724 7.404084188821936e-19 4.404626100730338e-19
10151.81 -7.776297630792075e-21 4.128058315504984e-19
10152.896 -4.156199736030926e-19 4.543751743662236e-19
10153.982 -8.551052819668888e-19 6.772595329172909e-19
10155.068 8.065942345868216e-19 7.236898274220005e-19
10156.154 1.4397705711914817e-18 7.282021786717606e-19
10157.24 1.0036945763835854e-18 6.769512388820135e-19
10158.326 4.323858635166218e-19 4.659829336489208e-19
10159.412 7.481272478311405e-19 4.162126466939297e-19
10160.498 8.88224628716208e-19 4.576527599632027e-19
10161.584 1.0250858530958196e-18 4.575620859665103e-19
10162.67 4.65411434232135e-19 4.38745565957772e-19
10163.756 2.330476609253633e-19 3.3555243593384237e-19
10164.842 2.657235447207493e-19 3.038498943917945e-19
10165.928 5.376741155714176e-19 3.6865846351333877e-19
10167.014 9.032415281345949e-19 3.7075383991614427e-19
10168.1 8.589631183669327e-20 4.822447900903082e-19
10169.186 -1.0447858301404545e-19 4.597244009746774e-19
10170.271 4.945037476796454e-19 2.9974247182017876e-19
10171.357 9.920876148489583e-20 4.622704082060554e-19
10172.443 2.97366973255419e-19 8.827567771403084e-19
10173.529 2.1779161012615763e-18 1.1872728913609806e-18
10174.615 1.1508083633532769e-18 1.2153028822663397e-18
10175.701 1.2936044460566277e-18 1.1532713536489024e-18
10176.787 9.751967026633426e-19 1.5224538156667391e-18
10177.873 1.2886571419089857e-18 5.60934725434223e-19
10178.959 6.683943180546465e-19 2.0021534965151017e-19
10180.045 6.329026607585277e-19 1.9847140949660917e-19
10181.131 5.155362910734468e-19 2.830701256493408e-19
10182.217 7.466637426627632e-19 4.336835074369264e-19
10183.303 6.466429057570615e-19 4.852062609877043e-19
10184.389 4.2415878551823633e-19 4.941435364258559e-19
10185.475 2.07091693936715e-19 4.59434189636107e-19
10186.561 3.9686636908068747e-19 3.276205164421579e-19
10187.647 4.881899870021279e-19 2.583888996793154e-19
10188.733 8.036484522253841e-19 2.6642099965968215e-19
10189.819 1.196251772052238e-18 4.794189197008332e-19
10190.905 1.6198014385566934e-18 7.893622745729004e-19
10191.991 1.3135652609631285e-18 9.252914827332e-19
10193.077 1.1576433416616164e-18 9.244310537289923e-19
10194.163 8.534295861618302e-20 1.2256004739584805e-18
10195.249 1.290225287442524e-18 6.892366570708878e-19
10196.335 9.007867905326752e-19 3.7567876383354676e-19
10197.421 9.628577924703507e-19 3.7355343715899497e-19
10198.507 7.801230630645393e-19 2.4168241513949636e-19
10199.593 2.646199633457865e-19 2.377632754915211e-19
10200.679 5.151872765660165e-19 2.292620582250917e-19
10201.765 4.433599251519608e-19 2.3281312632831116e-19
10202.851 5.477028633211144e-19 3.137733224212342e-19
10203.937 9.07432171518348e-19 4.938764940811971e-19
10205.023 5.234454465274418e-19 5.91074215661499e-19
10206.109 2.3489823022974887e-19 5.98664684122885e-19
10207.195 3.278459664656356e-19 5.657550646439309e-19
10208.281 1.528392328744563e-19 4.366753258059333e-19
10209.367 4.963809536307438e-19 4.482644932162233e-19
10210.452 3.2490214791544814e-19 6.197163176692979e-19
10211.538 7.963134009889669e-19 8.440034639868338e-19
10212.624 5.5364225881486095e-19 1.0684219103655961e-18
10213.71 9.723506914762892e-19 1.0508149967633374e-18
10214.796 1.8962814823187046e-18 9.538809838715125e-19
10215.882 1.2568652161343493e-18 7.548307983774944e-19
10216.968 7.872025976241718e-19 3.2125651236366697e-19
10218.054 7.70607362121682e-19 1.9364740466091108e-19
10219.14 7.099119743231783e-19 1.8320874787174476e-19
10220.226 3.754134712711241e-19 1.9195721205531778e-19
10221.312 3.986727577136315e-19 2.0939961788786052e-19
10222.398 6.46835603620838e-19 2.426043229294225e-19
10223.484 3.0247589603379194e-19 2.4304976979272253e-19
10224.57 3.746536488283312e-19 2.3881624569612045e-19
10225.656 7.81572551182999e-19 4.0136803641016774e-19
10226.742 4.5455846433611e-19 6.859724669269834e-19
10227.828 -5.1390651571443175e-19 8.625139304775209e-19
10228.914 5.613260137800436e-19 8.688219943123535e-19
10230.0 1.4104449646722842e-18 7.5795602814396955e-19
10231.086 4.445589103650064e-19 6.158202385585888e-19
10232.172 1.3812730598712082e-18 5.910108933430241e-19
10233.258 6.190064240849853e-19 6.197948068898661e-19
10234.344 5.637009247643918e-19 6.130174144675891e-19
10235.43 9.614112950896236e-19 5.017007418518837e-19
10236.516 6.7701461944519985e-19 2.853189522743186e-19
10237.602 1.6919570557095463e-19 2.2085113716721856e-19
10238.688 2.3182242390998746e-19 2.0564175569436004e-19
10239.774 4.330271146070542e-19 1.8747854876586007e-19
10240.86 3.1665470405253446e-19 1.8056379691765521e-19
10241.946 3.8418618242375494e-19 1.8169922975781595e-19
10243.032 2.6867000554800287e-19 1.8474254557282818e-19
10244.118 3.695930680315523e-19 1.8740255293803842e-19
10245.204 2.6830372797564746e-19 1.8733347817420135e-19
10246.29 6.232545561101433e-19 1.859501979286873e-19
10247.376 7.858271432610374e-19 1.8457085902525877e-19
10248.462 5.822053950067206e-19 1.7525309047260632e-19
10249.548 3.7886690951975694e-19 2.638654537185224e-19
10250.633 7.101876728585684e-19 5.12044615911264e-19
10251.719 5.957402120811256e-19 2.1130797678733514e-19
10252.805 4.574195045936696e-19 1.7707405969108366e-19
10253.891 3.0309082210233306e-19 1.9030353765694528e-19
10254.977 5.725892885290253e-19 1.9118369610118952e-19
10256.063 2.679339535901553e-19 1.91407021330189e-19
10257.149 1.5999791693065625e-19 2.0695960470725e-19
10258.235 3.746458300013035e-19 2.1427406965750492e-19
10259.321 1.9211952087223129e-19 2.130951027392716e-19
10260.407 4.55912059271191e-19 2.0453974689220374e-19
10261.493 5.711963411608262e-19 1.932817155494157e-19
10262.579 4.727697047816707e-19 2.2441399201809966e-19
10263.665 7.78581516657848e-19 2.321243277699554e-19
10264.751 6.584364280617964e-19 2.0586867292772754e-19
10265.837 6.729264047426213e-19 2.2558588606045687e-19
10266.923 2.8050483617492475e-19 3.9332210176611963e-19
10268.009 1.5194096830695674e-18 5.395685253698013e-19
10269.095 7.870026201102313e-19 3.866745103412306e-19
10270.181 4.2491547860066916e-19 4.0432871808641335e-19
10271.267 5.132258584113895e-19 5.455621771092426e-19
10272.353 6.047731240153575e-19 4.473179264123602e-19
10273.439 3.869208208184086e-19 4.861185872238095e-19
10274.525 1.0072427420162533e-18 4.90871892467457e-19
10275.611 9.759667806033372e-19 4.3220119084692083e-19
10276.697 3.678709598058037e-19 2.9789348458621057e-19
10277.783 3.1802699647310046e-19 2.331113674609826e-19
10278.869 3.0031118543999527e-19 2.2224621908869826e-19
10279.955 4.553797924965082e-19 3.3116660026632504e-19
10281.041 4.870343066262188e-19 3.348770990475554e-19
10282.127 2.1968321933966277e-19 2.108920224173267e-19
10283.213 4.5445608744397985e-19 2.1274748240047057e-19
10284.299 5.792753874244308e-19 2.551683246355724e-19
10285.385 5.696828342677388e-19 4.375344368791675e-19
10286.471 -1.1882692144588087e-19 8.668307918950365e-19
10287.557 -6.648532449187024e-19 1.4503193413465648e-18
10288.643 2.092261379664519e-19 1.7274726875258416e-18
10289.729 -4.9293083336231e-19 1.7166406451312188e-18
10290.814 -3.24758245014995e-19 1.5375287295789302e-18
10291.9 3.5095055251214653e-19 9.949768673015989e-19
10292.986 4.815773038887435e-19 5.584808811157312e-19
10294.072 1.4314166319706851e-18 5.272266837985768e-19
10295.158 6.256038531949246e-19 3.6716803215853874e-19
10296.244 8.146053172280799e-19 6.112804973344161e-19
10297.33 9.71627156827781e-19 8.814690059526032e-19
10298.416 5.639245345345137e-19 9.481194319675925e-19
10299.502 4.571586433579217e-19 9.303629387568018e-19
10300.588 1.2138579475261403e-18 7.842583946072084e-19
10301.674 1.0587886526486787e-18 4.530789651905957e-19
10302.76 3.6468107468047896e-19 2.267969178628151e-19
10303.846 7.977091141455435e-20 2.3002019247838325e-19
10304.932 4.1603338583429596e-19 2.4595988624370827e-19
10306.018 3.036546067092029e-19 2.668059333179683e-19
10307.104 1.089691603376337e-19 2.7873896516358126e-19
10308.19 3.0463052674387573e-19 2.723887140886526e-19
10309.276 3.1992327812168313e-19 3.2653019322639986e-19
10310.362 5.841402994161225e-19 4.580356364395184e-19
10311.448 7.43928643130113e-19 5.493002435077127e-19
10312.534 4.948510538934325e-19 5.660155376778138e-19
10313.62 3.0389798651970713e-19 5.130195525774232e-19
10314.706 4.53717841764825e-19 3.7031888669325005e-19
10315.792 7.274041696138189e-19 2.260946307507767e-19
10316.878 4.859463709584686e-19 1.9857911997269025e-19
10317.964 1.194276235140285e-19 3.102658473091452e-19
10319.05 5.082426442320723e-19 2.9624929785194707e-19
10320.136 4.139017708141338e-19 2.9104249221683873e-19
10321.222 4.749393552065152e-19 1.8549074732923724e-19
10322.308 4.523771940188366e-19 1.8485117546391614e-19
10323.394 4.575066662152279e-19 1.9448572717174076e-19
10324.48 4.438925484840771e-19 2.0607960244705922e-19
10325.566 3.478576926655959e-19 2.114798953627271e-19
10326.652 3.0114055854274814e-19 2.398550244131841e-19
10327.738 5.49114340636713e-19 2.8763155618604944e-19
10328.824 4.789211926465708e-19 3.3083176065550927e-19
10329.91 6.89353738931403e-19 3.504917727995691e-19
10330.995 1.5064164833413925e-19 3.3841553328463804e-19
10332.081 -4.4939240089357225e-20 3.022319762285914e-19
10333.167 3.332734342083292e-19 2.4803468991538055e-19
10334.253 2.0266897318962982e-19 2.0637417556337298e-19
10335.339 3.8204671060209836e-19 1.9566392973916174e-19
10336.425 5.594377667759433e-19 1.945599151739525e-19
10337.511 3.329425824165429e-19 1.9271534481005966e-19
10338.597 6.405999744668445e-19 1.9094184742594575e-19
10339.683 4.842017686548101e-19 2.137141354708389e-19
10340.769 1.2269136536536097e-19 3.2234614618924975e-19
10341.855 -3.3270963668255463e-19 3.8500666735372723e-19
10342.941 3.2573419542122347e-19 3.9369706327320657e-19
10344.027 6.218396245418574e-19 3.8602996971086153e-19
10345.113 3.9856348047856743e-19 3.0602301310010994e-19
10346.199 3.055397279468963e-19 2.4545005604493117e-19
10347.285 4.1845970606592264e-19 4.0996587879238576e-19
10348.371 8.966208773178938e-19 6.802552404478875e-19
10349.457 4.146835100041815e-19 7.767423348900516e-19
10350.543 3.907889165053146e-19 7.815821387145432e-19
10351.629 1.3867503017744885e-18 1.1011485647685536e-18
10352.715 9.288401712169548e-19 6.821066886525562e-19
10353.801 5.034366468785966e-19 3.570116205846074e-19
10354.887 6.479190478582008e-19 4.69175880008673e-19
10355.973 1.2939685098426662e-18 4.633510274870266e-19
10357.059 2.7430641253974155e-19 4.685233265298778e-19
10358.145 5.060448258762361e-19 4.2716159540845506e-19
10359.231 5.96160115809785e-19 3.1151456953084815e-19
10360.317 4.799289455571443e-19 2.1976050020760374e-19
10361.403 4.629439143531158e-19 1.9820766523794306e-19
10362.489 4.158170834865137e-19 1.9293059290419913e-19
10363.575 6.708409842658481e-19 1.8575316324789554e-19
10364.661 7.030976745846739e-19 1.8667770157019444e-19
10365.747 4.347481302873195e-19 1.872095461042809e-19
10366.833 3.626346710645299e-19 1.866206177487159e-19
10367.919 3.0167783096653396e-19 1.8799247079322433e-19
10369.005 6.249984181870584e-19 1.90198898004481e-19
10370.09 5.831205606287299e-19 1.9481825764975449e-19
10371.176 6.0257367406814155e-19 2.488197969626633e-19
10372.262 4.900471900825153e-19 3.533647309677078e-19
10373.348 9.844003460565626e-19 1.073471786599548e-18
10374.434 5.11879337002431e-19 1.2472987363723864e-18
10375.52 3.297090133759569e-19 1.3313423318005791e-18
10376.606 1.7838419326465937e-18 1.3176211531937523e-18
10377.692 5.198919751725593e-19 1.5416899618460616e-18
10378.778 2.219253329967229e-19 6.958800699982495e-19
10379.864 4.159345274809694e-19 2.1507153728854115e-19
10380.95 2.4584836652154413e-19 2.007906733726247e-19
10382.036 5.547113795495017e-19 1.9847157711230355e-19
10383.122 8.4135484963786005e-19 2.4006799476235017e-19
10384.208 4.268376952500334e-19 2.367874396852702e-19
10385.294 3.563573733816634e-19 2.019242045668933e-19
10386.38 3.021008076942322e-19 1.9371822522969694e-19
10387.466 1.9173667232618724e-19 1.9166874458751132e-19
10388.552 4.47374390450855e-19 1.94458377759247e-19
10389.638 5.23951445534346e-19 1.9412776262614755e-19
10390.724 4.737892252333362e-19 2.0362225423669176e-19
10391.81 5.248088651210317e-19 2.0826934817502148e-19
10392.896 5.9996741207001e-19 2.0646119162156849e-19
10393.982 7.586262138267895e-19 2.17885558123982e-19
10395.068 1.735806900332237e-19 2.213259534646926e-19
10396.154 -2.101891381824161e-19 4.438055303787447e-19
10397.24 3.384410779688431e-19 1.1387206768998944e-18
10398.326 -5.789205846157636e-19 1.4533121923201621e-18
10399.412 7.155284381597182e-19 8.683695794536682e-19
10400.498 1.81249808781074e-21 8.8843315729806e-19
10401.584 7.631950243342908e-19 1.0118846343757116e-18
10402.67 -3.05187828235064e-20 4.7070704796908915e-19
10403.756 1.0047030776756063e-19 1.9941108304330439e-19
10404.842 -1.0480955640457856e-19 2.037136821758756e-19
10405.928 2.664630460144315e-19 2.0542455298479966e-19
10407.014 4.521748634353729e-19 2.085449219016542e-19
10408.1 3.7498457371067446e-19 2.0480033121514005e-19
10409.186 2.1977938025866233e-20 2.219725339167039e-19
10410.271 7.711364865221955e-19 2.292882786590256e-19
10411.357 6.608912846210298e-19 2.391867042632508e-19
10412.443 5.901059354321576e-19 2.5386637139366734e-19
10413.529 6.3780287230114e-19 2.6511087523154784e-19
10414.615 4.69031017881621e-19 2.4319935800462427e-19
10415.701 8.054044768362642e-19 2.0995971738889532e-19
10416.787 5.504329265488614e-19 2.7253366062531083e-19
10417.873 5.66051489506188e-19 3.7356677171526195e-19
10418.959 5.534753096617439e-19 9.863224788825804e-19
10420.045 1.0766833964609515e-18 1.3035359999302259e-18
10421.131 -3.644116647910819e-19 1.3402014279551865e-18
10422.217 1.1923794289580603e-18 1.342478607982019e-18
10423.303 3.0491072401779037e-19 9.65756746439982e-19
10424.389 1.588436661931596e-19 4.150307424954403e-19
10425.475 6.720691016216664e-19 2.8646814868044057e-19
10426.561 5.721639793375915e-19 2.7822244507458523e-19
10427.647 5.483091057473956e-19 2.5411044653792086e-19
10428.733 6.83113351789261e-19 2.648468000835476e-19
10429.819 5.910838706281626e-19 3.164107759008589e-19
10430.905 6.801013023569227e-19 3.4425709686057434e-19
10431.991 1.821632830399902e-19 3.4270462713391335e-19
10433.077 -4.702585648738734e-21 3.079946024560495e-19
10434.163 6.465675339425894e-19 2.411368345994225e-19
10435.249 3.4549346820568123e-19 1.9824270836111323e-19
10436.335 7.10554708516338e-19 2.85797855363561e-19
10437.421 1.9214013953461203e-19 2.7778329201842177e-19
10438.507 6.990481406302825e-19 1.7601599329619573e-19
10439.593 6.609476352067118e-19 1.754397277792876e-19
10440.679 -2.320616721133773e-19 1.389404927536e-19
10441.765 6.524047386525837e-19 1.7257542538062019e-19
10442.851 3.686261357814746e-19 1.7780710962508513e-19
10443.937 3.898231378818849e-19 1.783366617467847e-19
10445.023 4.407772494914006e-19 1.79216692177946e-19
10446.109 7.33804729167709e-19 1.838740915595161e-19
10447.195 7.293021761776585e-19 3.407950616074107e-19
10448.281 3.826236146962797e-19 3.5788840885566426e-19
10449.367 5.774532023976119e-19 2.1832060901620156e-19
10450.452 6.050899723668368e-19 3.2156628483058696e-19
10451.538 1.476325974134654e-18 6.589624628884548e-19
10452.624 2.1660098267644714e-19 7.418220775447322e-19
10453.71 -5.395652882868098e-20 7.472912472290407e-19
10454.796 1.1223492332653933e-18 7.119672739997629e-19
10455.882 2.418379875465363e-19 3.9380382083136975e-19
10456.968 4.914618701554967e-19 2.0234717397374047e-19
10458.054 5.49710427492338e-19 1.848259649979429e-19
10459.14 8.21611245508325e-19 1.7839192209460758e-19
10460.226 3.121674355649591e-19 1.801948563938165e-19
10461.312 3.167028256058388e-20 1.8200631350477166e-19
10462.398 4.634254499782707e-19 1.8455922914731853e-19
10463.484 4.0692325472050426e-19 1.8354579888011001e-19
10464.57 2.585249416906401e-19 2.211971138467449e-19
10465.656 5.265180767020301e-19 1.8707969773098519e-19
10466.742 3.7256150243772283e-19 1.8939889585876185e-19
10467.828 3.512982176031861e-19 2.0686812468749475e-19
10468.914 4.809226806296296e-19 4.552923350892227e-19
10470.0 3.0947382065823635e-19 9.824311812020151e-19
10471.086 8.629407035878212e-19 1.1157480801811895e-18
10472.172 1.4583770918574711e-18 1.1160004507242974e-18
10473.258 3.6177894822624785e-19 1.0639990761725975e-18
10474.344 6.356874180703352e-19 5.829911642994628e-19
10475.43 3.5501920454587767e-19 2.3242647782790463e-19
10476.516 6.879688189841356e-19 1.9480173945317083e-19
10477.602 3.2130276662568975e-19 1.8476811384331924e-19
10478.688 1.1617350367635352e-19 1.7959378759775182e-19
10479.774 6.212328556437442e-19 1.7857381211073146e-19
10480.86 9.200836923918122e-19 2.8488192844382503e-19
10481.946 1.1850551810694674e-18 2.8710534988483465e-19
10483.032 7.31648509037361e-19 1.880230617710555e-19
10484.118 5.926214873944252e-19 1.8585506035223794e-19
10485.204 2.6644164622686018e-19 1.8359877980986214e-19
10486.29 5.759165550367928e-19 1.8490936947060652e-19
10487.376 1.1121029788229985e-18 3.270488603407613e-19
10488.462 7.465416165179244e-19 4.462448899392734e-19
10489.548 3.9180847599652646e-19 2.7335493599875617e-19
10490.633 1.0946098600806775e-18 2.6894501436717262e-19
10491.719 5.021015722847944e-19 2.4140902705895775e-19
10492.805 5.14934922215531e-19 1.9264494388521697e-19
10493.891 4.74011211095124e-19 1.8649653120657166e-19
10494.977 8.33208974092361e-19 2.8489066926478977e-19
10496.063 3.546932288170487e-19 2.8472040235853377e-19
10497.149 2.8425580659566704e-19 1.8554830015814925e-19
10498.235 6.188297233201037e-19 1.9607017102445811e-19
10499.321 4.71998350866126e-19 2.201404583391588e-19
10500.407 7.568807029061378e-19 2.496704519956961e-19
10501.493 1.8992754760698134e-19 2.449865849182929e-19
10502.579 2.1732660976758154e-19 2.4104201629110847e-19
10503.665 4.841205367023588e-19 2.148329060972332e-19
10504.751 4.771562628604326e-19 1.9455635837893675e-19
10505.837 3.0133660646027947e-19 2.0705132472877121e-19
10506.923 4.292728724472193e-19 2.1912233043310273e-19
10508.009 2.00779333593438e-19 2.1705524212986714e-19
10509.095 5.017136676770322e-19 2.887775442518055e-19
10510.181 1.2008721822429935e-18 5.323042357742348e-19
10511.267 1.0431067248250388e-18 6.095528795716711e-19
10512.353 -8.791555402349388e-19 6.542506563119622e-19
10513.439 3.5497632421016284e-19 6.292797380572271e-19
10514.525 6.85507047957103e-19 4.155797363327815e-19
10515.611 6.863457728422838e-19 2.916014753955177e-19
10516.697 2.365818278838039e-19 2.7939870701284634e-19
10517.783 6.244697893031797e-19 2.703803941271814e-19
10518.869 9.890665585435988e-19 2.8214871055165266e-19
10519.955 4.6673592642889e-19 2.524191242335471e-19
10521.041 8.486646647451049e-19 2.073823675321521e-19
10522.127 3.8085997299254255e-19 1.9503242540571797e-19
10523.213 4.861616260384096e-19 1.9783361143996437e-19
10524.299 4.684993364433625e-19 2.862581255984049e-19
10525.385 -8.861666535819362e-20 5.943486645477281e-19
10526.471 1.12320146760129e-18 8.052132686768814e-19
10527.557 2.1071115778898146e-18 8.730617677091047e-19
10528.643 1.151567588580192e-18 8.4212458908984e-19
10529.729 -2.1171959561544822e-19 6.151405768644117e-19
10530.814 3.321599716830604e-19 2.7604241038948464e-19
10531.9 6.877770773619274e-19 3.053973208511031e-19
10532.986 9.552939824799122e-19 2.8765913638513856e-19
10534.072 4.580854364847082e-19 1.7998590321416436e-19
10535.158 1.2877781210081632e-19 1.7954999368047226e-19
10536.244 2.2786887911038853e-19 1.7955110904112132e-19
10537.33 2.1202416492872565e-19 1.8521647130579993e-19
10538.416 4.910515724634479e-19 1.825149505635784e-19
10539.502 6.266172600873508e-19 1.8368085056057876e-19
10540.588 5.681703943024121e-19 1.7967971959498058e-19
10541.674 5.851042299635517e-19 1.8033726371014117e-19
10542.76 5.056165822074377e-19 1.8017949587002676e-19
10543.846 4.779661272337524e-19 1.8094394697835039e-19
10544.932 5.476240104724117e-19 1.7683001712746304e-19
10546.018 3.155423291099247e-19 1.749181459274277e-19
10547.104 4.469720357416329e-19 1.7633120514530245e-19
10548.19 3.9671296343321573e-19 1.7931186179744043e-19
10549.276 2.3726327153963797e-19 1.7647153321004357e-19
10550.362 6.394327473912301e-19 2.7441232199847335e-19
10551.448 1.3460811067804708e-19 2.7648275693676727e-19
10552.534 5.103227179946826e-19 1.9931288050288105e-19
10553.62 3.4109073736552324e-19 2.2251516579346006e-19
10554.706 2.7618860538363583e-19 2.2376862393509375e-19
10555.792 5.903845429962037e-19 2.2364376579900993e-19
10556.878 3.2732051084427147e-19 2.117654051300541e-19
10557.964 6.680882885201841e-19 1.8751843567523575e-19
10559.05 8.322143543261218e-19 1.7984357011168116e-19
10560.136 7.205678509202258e-19 1.748931096250888e-19
10561.222 4.314467912256072e-19 1.7147841252494408e-19
10562.308 5.709376809010257e-19 1.7411386483377567e-19
10563.394 6.700376889650587e-19 1.7307425987302303e-19
10564.48 2.3954220771384754e-19 2.1002860039939802e-19
10565.566 3.7257160225517486e-19 2.1183605694348933e-19
10566.652 4.0171968796812613e-19 1.759082424006925e-19
10567.738 6.494349503378925e-19 1.7241630230539755e-19
10568.824 3.234502096353287e-19 2.1346271014020571e-19
10569.91 2.6071299784481347e-19 2.202584195415125e-19
10570.995 8.245013984585955e-19 1.9177113093731863e-19
10572.081 4.990004606970552e-19 2.293093194778785e-19
10573.167 7.860212237012563e-19 3.2918409022831303e-19
10574.253 6.438142892715445e-19 4.113731980592455e-19
10575.339 9.930812414349672e-19 7.484205348793134e-19
10576.425 2.4592016581471573e-18 7.24566981119045e-19
10577.511 1.1195427156809081e-18 3.8423677679659607e-19
10578.597 6.172119728304182e-19 1.985750879178002e-19
10579.683 6.582257531863192e-19 1.8950857831383595e-19
10580.769 7.103774562321739e-19 1.8900844726830388e-19
10581.855 6.223783513413499e-19 1.7481957843409081e-19
10582.941 5.687148479909259e-19 1.7164806573815519e-19
10584.027 3.924084778268171e-19 1.7347142962925215e-19
10585.113 4.811528732706589e-19 2.2212449625494996e-19
10586.199 8.783332574479346e-19 3.7248529719997263e-19
10587.285 1.0977753611918281e-18 4.98303833195625e-19
10588.371 9.66403506243594e-19 5.410621346619203e-19
10589.457 9.089477644544303e-19 5.316338452380135e-19
10590.543 7.720531891088167e-19 4.51674686003355e-19
10591.629 4.231908341703828e-19 2.9589118702492476e-19
10592.715 2.8214651931115535e-19 2.1579035173837748e-19
10593.801 2.0169319052497654e-19 1.9677804766836398e-19
10594.887 1.2387325841675536e-19 1.9018764221819377e-19
10595.973 2.9599987630177343e-19 1.9479250595624857e-19
10597.059 2.3887158328784177e-19 1.9957032914787856e-19
10598.145 3.5969227533222334e-19 2.0367633034836676e-19
10599.231 4.0577831922944164e-19 2.1279976014107516e-19
10600.317 6.160654540535186e-19 2.1833977855816234e-19
10601.403 2.746283346504357e-19 2.3007144449166666e-19
10602.489 1.7307693298475427e-19 2.361451085273897e-19
10603.575 7.794795938306215e-20 2.1905174273670854e-19
10604.661 1.810488524495368e-19 2.0679871171265134e-19
10605.747 3.1924405705091153e-19 1.9620075409666442e-19
10606.833 1.3527970770115994e-19 1.884456096768704e-19
10607.919 1.585989702207323e-19 1.909493414271823e-19
10609.005 3.978686683815872e-19 1.9257888997735621e-19
10610.09 5.189373042117145e-19 1.9058560123964742e-19
10611.176 6.693197996188435e-19 1.8823016586982035e-19
10612.262 4.257632092144864e-19 1.9048732937157912e-19
10613.348 2.926256791347525e-19 1.9437383537571235e-19
10614.434 3.3817203718802127e-19 1.878197229168863e-19
10615.52 2.6007999277634114e-19 1.8139789174385342e-19
10616.606 4.861600451263619e-19 1.7108194622080673e-19
10617.692 8.330756224226117e-19 1.561736615015953e-19
10618.778 5.324782227149747e-19 1.7686173451311816e-19
10619.864 2.9710123534695713e-19 1.8149110600834606e-19
10620.95 3.5583797496915555e-19 1.8012244477916663e-19
10622.036 3.541867324310991e-19 1.7859539099727404e-19
10623.122 5.709875384210414e-19 1.8535806591496678e-19
10624.208 4.5924301036945385e-19 1.9330087447362885e-19
10625.294 8.68289183390438e-19 1.8977714215303415e-19
10626.38 7.487374262497089e-19 1.866829439400293e-19
10627.466 4.3040830453451155e-19 1.9678469331955711e-19
10628.552 6.112072409572124e-19 1.91197550780143e-19
10629.638 2.7347359845856073e-19 1.7969809234599412e-19
10630.724 2.7884753860225515e-19 1.7826790425600366e-19
10631.81 5.877287179042469e-19 1.750370777713422e-19
10632.896 8.514770622147018e-19 1.710222461731983e-19
10633.982 1.366679210038289e-18 1.7287420205154663e-19
10635.068 2.6444773213750026e-18 1.7821537938838853e-19
10636.154 6.447387875726399e-18 1.903424020019922e-19
10637.24 1.1730845843449094e-17 2.088898286666472e-19
10638.326 1.7395202794341437e-17 2.2754474105007375e-19
10639.412 2.1945492364741237e-17 2.417496506654713e-19
10640.498 2.1135911470487113e-17 2.5939326097600616e-19
10641.584 1.527298459127234e-17 3.0066556800635873e-19
10642.67 1.2811058163818059e-17 3.2338568343125436e-19
10643.756 1.2628292460964986e-17 3.4647841340273317e-19
10644.842 1.0545488632709227e-17 3.314323939354967e-19
10645.928 6.787027232301959e-18 2.525846170625556e-19
10647.014 3.256607343216139e-18 1.9571537535400076e-19
10648.1 1.332153594762702e-18 1.7892630427672827e-19
10649.186 9.280288718188024e-19 1.7317452897923433e-19
10650.271 5.691497593007239e-19 1.723724376149627e-19
10651.357 2.8078556077971055e-19 1.8620848354443149e-19
10652.443 3.513484584615492e-19 2.5169052088739096e-19
10653.529 5.566069026218978e-19 3.299509095476157e-19
10654.615 7.088990937620627e-19 3.582735738068804e-19
10655.701 6.136687484009615e-19 3.6074535163868406e-19
10656.787 7.077295776374644e-19 3.212253902701305e-19
10657.873 5.899733563450896e-19 2.3561762522103227e-19
10658.959 2.6056875414140027e-19 1.8241494649191737e-19
10660.045 2.689241437041028e-19 1.753815804786471e-19
10661.131 3.551856495772247e-19 1.7490846626718658e-19
10662.217 6.988201661532905e-19 1.706425065779119e-19
10663.303 5.639245298164327e-19 1.7076945535475914e-19
10664.389 2.7636396702921014e-19 1.720531834827562e-19
10665.475 2.830894268228583e-19 1.737803573182193e-19
10666.561 3.3418953991785362e-19 1.859385054010857e-19
10667.647 3.166525579728311e-19 1.947458192125104e-19
10668.733 3.647128501938886e-19 2.0740647904732117e-19
10669.819 3.879612728458808e-19 2.108211215233345e-19
10670.905 5.679848657708636e-19 1.92131458131288e-19
10671.991 7.387972852865325e-19 1.7735412827386787e-19
10673.077 9.090460818842999e-19 1.7597758110660298e-19
10674.163 8.816040978565445e-19 1.7887915995974926e-19
10675.249 6.801170495815737e-19 1.7610748122780372e-19
10676.335 8.593394938583108e-19 1.744386571265788e-19
10677.421 7.67764082564782e-19 1.7461169965295407e-19
10678.507 9.772844577157118e-19 1.7347559697331031e-19
10679.593 6.286667656822479e-19 1.7540506954644956e-19
10680.679 5.084218232638561e-19 1.809707368435324e-19
10681.765 3.5639019916775277e-19 1.9709564106878935e-19
10682.851 4.718697880783073e-19 2.2194023850330766e-19
10683.937 4.3276122413789185e-19 2.538936491832883e-19
10685.023 8.563743131091008e-19 3.198061024826856e-19
10686.109 9.839410933975706e-19 3.5795303349235e-19
10687.195 5.895629898182999e-19 4.0423980659154795e-19
10688.281 7.214336471039614e-19 4.419336033668126e-19
10689.367 1.3685815600136314e-18 7.17156487919794e-19
10690.452 4.796353899185975e-19 7.37429828795125e-19
10691.538 -3.068744202000617e-20 4.608390374598135e-19
10692.624 1.0203469426984972e-18 4.436955220863446e-19
10693.71 6.329389488189366e-19 3.9382790602102737e-19
10694.796 2.296703722359532e-19 3.543957315333763e-19
10695.882 5.6331281449839e-19 3.229981455709913e-19
10696.968 6.201377458271793e-19 3.30110388521319e-19
10698.054 4.2793406126674163e-19 4.895025409342775e-19
10699.14 4.7544339279024775e-19 5.638947267576242e-19
10700.226 -5.962156094396593e-19 5.777029647599105e-19
10701.312 -2.6983775244339835e-19 5.716056650855954e-19
10702.398 1.534908683571696e-19 4.190951249832891e-19
10703.484 4.8090807375325825e-19 3.727439719457123e-19
10704.57 4.542614603240276e-22 4.709925778353715e-19
10705.656 -6.03354556429812e-19 4.644751098000321e-19
10706.742 -3.213303614231495e-19 4.478463282625113e-19
10707.828 5.318029503011601e-19 4.1268163943585936e-19
10708.914 4.844723829469721e-19 2.87884212975235e-19
10710.0 6.947641635523066e-19 2.350503172870246e-19
10711.086 -6.584445437879816e-20 5.244006881940216e-19
10712.172 1.2550395079076789e-18 7.77427801886052e-19
10713.258 1.3076100979457733e-18 8.314262048388268e-19
10714.344 1.8577122339004392e-19 8.402415679968763e-19
10715.43 4.959905220017913e-19 7.139758734534777e-19
10716.516 8.056362662074132e-19 4.548083720054575e-19
10717.602 7.173173400618048e-19 3.707765607184477e-19
10718.688 2.338635852187589e-19 3.591534717462744e-19
10719.774 1.3449769054303328e-18 3.264320562772532e-19
10720.86 -2.4365048949806895e-20 4.398115668437184e-19
10721.946 7.722305530558665e-19 5.694428644012682e-19
10723.032 2.7001226417977496e-21 6.007886352016866e-19
10724.118 8.350995100447494e-19 6.005020324856949e-19
10725.204 -4.357095361277211e-19 5.095617110964305e-19
10726.29 4.739886495371866e-19 3.465282769277011e-19
10727.376 8.064478056403224e-19 3.2165988923256334e-19
10728.462 1.1951000300624871e-18 3.997538722397484e-19
10729.548 1.6624661576646724e-18 9.361534876482022e-19
10730.633 5.157752055685618e-20 1.0878891495169015e-18
10731.719 -5.215051630877556e-19 1.098514993292613e-18
10732.805 6.797894919869953e-20 1.0649435105365295e-18
10733.891 4.1214992128846904e-19 7.086036914567292e-19
10734.977 9.012949014299204e-19 3.1445561011218096e-19
10736.063 7.12427319961177e-19 2.030452597624687e-19
10737.149 3.7519718763811124e-19 2.5389360634570346e-19
10738.235 1.0014874745615284e-18 2.892157472949927e-19
10739.321 8.05267167067356e-19 2.882951496441324e-19
10740.407 8.145009463811817e-19 2.8550931365348728e-19
10741.493 5.43417947361401e-19 2.50171448019773e-19
10742.579 4.374436473871168e-19 2.2226058703939263e-19
10743.665 8.495273627348949e-19 5.099125757868395e-19
10744.751 3.219685053753497e-19 7.084134807481785e-19
10745.837 1.5616277988760214e-19 7.53380223447121e-19
10746.923 1.1957657869120892e-18 7.47777198711337e-19
10748.009 5.239408159799005e-19 6.005654004077915e-19
10749.095 1.0657251169568526e-19 3.2513444381880816e-19
10750.181 5.625545838926679e-19 2.739351447304101e-19
10751.267 2.5140102880173373e-20 6.877411660743492e-19
10752.353 -1.4940504032116972e-18 1.756677732553438e-18
10753.439 1.892323854856691e-18 1.8861676356926285e-18
10754.525 1.7459880422576242e-18 1.2013603012900763e-18
10755.611 6.84557885676824e-19 1.0185762324388916e-18
10756.697 7.106846977983466e-19 4.661645204184815e-19
10757.783 2.9724641410706624e-19 2.267232852253365e-19
10758.869 2.656446023046015e-19 1.9862898966769888e-19
10759.955 5.422892363895279e-19 1.9432372151881552e-19
10761.041 4.0946325774444684e-19 1.930968492964009e-19
10762.127 1.9064295616146953e-19 1.9497387100625858e-19
10763.213 3.6670725850892597e-19 2.33313065318684e-19
10764.299 8.582220468212409e-19 2.691523503760057e-19
10765.385 2.6567721794221177e-20 2.7411999504174903e-19
10766.471 8.310014599813644e-20 2.713733586740598e-19
10767.557 9.707975309426895e-20 2.3480617806751577e-19
10768.643 3.5629678404041236e-19 2.965176240894526e-19
10769.729 -1.0922914267980563e-19 2.865942751095149e-19
10770.814 5.73487093140596e-19 1.9840476859185061e-19
10771.9 5.21231052940582e-19 2.813052096514965e-19
10772.986 -8.309466672812409e-19 6.259572280164385e-19
10774.072 4.66750942218169e-20 7.439556175047371e-19
10775.158 -1.194192563725504e-19 7.548087790492847e-19
10776.244 -4.782680524944203e-19 7.167537364710222e-19
10777.33 4.356960219113598e-19 4.61616886159264e-19
10778.416 4.895329952408937e-19 2.2322370978517823e-19
10779.502 5.006645588246608e-19 1.8882512019648675e-19
10780.588 3.658337102789652e-19 1.8910946092739815e-19
10781.674 5.760957673372375e-19 1.9211348000648565e-19
10782.76 4.403585566337574e-19 1.9621600728720702e-19
10783.846 9.62125124297514e-22 1.970031521128574e-19
10784.932 5.18204957440698e-19 1.921291113409242e-19
10786.018 5.4603677562077065e-19 1.9536548547634647e-19
10787.104 7.541218340518125e-19 1.9369026663559323e-19
10788.19 6.920908705774067e-19 1.8073261782942599e-19
10789.276 -6.325719257201421e-20 1.7925110817782215e-19
10790.362 1.7358561825313455e-19 1.9342466371738946e-19
10791.448 4.935606300057824e-19 1.879917681413363e-19
10792.534 2.2672989267235124e-19 1.8883450500939982e-19
10793.62 -1.56481958179965e-20 2.25782937143247e-19
10794.706 1.8255291842261175e-19 2.6651041552505237e-19
10795.792 -8.642151981329605e-20 2.899507160763896e-19
10796.878 5.338853199592058e-19 2.8683081815166243e-19
10797.964 6.453278919956657e-19 2.5844717034748277e-19
10799.05 5.247506026507185e-19 2.223450094184453e-19
10800.136 3.5726017208741176e-19 1.8950889422467826e-19
10801.222 2.1651407684256524e-19 1.9947042607405842e-19
10802.308 2.4168702819769947e-19 2.3226837207854983e-19
10803.394 7.833286268016299e-19 2.55209207951607e-19
10804.48 2.4531261927582883e-19 2.568272553975488e-19
10805.566 6.25778247218887e-19 3.9115408214755794e-19
10806.652 7.088400797874585e-19 2.3436527841676507e-19
10807.738 5.904115125555024e-19 2.0095413741416476e-19
10808.824 5.187602769549363e-19 1.9063073636842754e-19
10809.91 5.73820261033698e-19 1.9371200530891903e-19
10810.995 3.3909173260218626e-19 2.057994373254276e-19
10812.081 3.014683068836592e-19 2.062723937630976e-19
10813.167 5.193649120713487e-19 2.0100541515241606e-19
10814.253 1.028298244428081e-19 3.012536725035983e-19
10815.339 4.477850938758399e-19 2.9918053879742265e-19
10816.425 4.721541015931374e-19 1.9821161631940757e-19
10817.511 7.574928053648824e-20 1.9111947163916707e-19
10818.597 3.8935977065406025e-19 1.8935944929265516e-19
10819.683 4.038077249573515e-19 1.816699363722283e-19
10820.769 6.559104415076592e-19 1.7986973984205006e-19
10821.855 7.922265881240993e-19 1.7770728770311333e-19
10822.941 4.81908962588038e-19 1.781026109361844e-19
10824.027 4.57249329995264e-19 1.7627420116591616e-19
10825.113 2.95751945861774e-19 1.777225200801029e-19
10826.199 4.7250649211148695e-19 1.8476177371586834e-19
10827.285 5.616991183338111e-19 1.867954338321367e-19
10828.371 2.7842383126997643e-19 2.027332673211122e-19
10829.457 1.8561482881494871e-19 3.4710117491000207e-19
10830.543 1.5819154220340808e-18 6.564268170627536e-19
10831.629 1.0159978328035707e-18 1.1636121463080394e-18
10832.715 -1.1963233810141098e-20 1.795964583324808e-18
10833.801 1.8992343372181955e-18 1.9139879664129405e-18
10834.887 1.6847620389775687e-18 1.850333428911286e-18
10835.973 3.9853126919452025e-18 1.560790811979019e-18
10837.059 2.259656880467944e-18 7.090183824952095e-19
10838.145 5.547765497135394e-19 3.301083689383596e-19
10839.231 7.568130133625109e-19 3.631273613932987e-19
10840.317 4.649703789640549e-19 3.8188550475221487e-19
10841.403 2.744720354713035e-20 4.782025221329921e-19
10842.489 -3.0394191738426345e-19 8.405711715017969e-19
10843.575 1.9157345670666837e-19 1.0659778812205786e-18
10844.661 1.1152246671255488e-18 1.103327386523643e-18
10845.747 1.4285945749205238e-18 1.6268281693235692e-18
10846.833 -5.488934089820175e-19 1.6827940187466676e-18
10847.919 1.8160183999116925e-19 1.0140113574787834e-18
10849.005 1.6757578526596918e-19 2.1558249559644167e-19
10850.09 7.700108484219819e-19 1.901940642613652e-19
10851.176 6.090904341695746e-19 1.9165772847589876e-19
10852.262 2.6444061131297958e-19 2.184548603012825e-19
10853.348 2.1635789649031192e-19 2.5199804982883434e-19
10854.434 1.213881263602778e-19 2.6364419973039585e-19
10855.52 2.6051919257582443e-19 2.703947368474545e-19
10856.606 9.162590288192032e-20 3.48946290549274e-19
10857.692 2.2214963220686692e-19 5.285334288212644e-19
10858.778 -1.1974129747968556e-19 6.24826540843196e-19
10859.864 -5.649079240317432e-19 6.284165264587558e-19
10860.95 3.4360855406638754e-19 6.081946994157297e-19
10862.036 3.9747518218006687e-19 4.1570516309447207e-19
10863.122 3.8170772486264356e-19 2.314966980005722e-19
10864.208 4.40034549105056e-19 1.869901020301176e-19
10865.294 1.0093451834749862e-19 1.7146764657574693e-19
10866.38 3.2121306023482915e-19 1.9511831436635332e-19
10867.466 5.126797071773554e-19 1.9575021217010203e-19
10868.552 6.945975884854259e-19 1.6491678946137835e-19
10869.638 6.21352532086851e-19 1.6380975030995368e-19
10870.724 4.127493345831512e-19 1.6769674550336573e-19
10871.81 5.585355113273494e-19 1.8730729613203474e-19
10872.896 6.45266065346113e-19 2.0656640625470394e-19
10873.982 6.78876824011034e-19 2.2533906904633185e-19
10875.068 4.196618560177507e-19 2.4824796227982187e-19
10876.154 8.471057832767088e-20 2.9841019730811985e-19
10877.24 1.6579175133719437e-19 3.9091245883845524e-19
10878.326 6.863430779679859e-19 4.3306973894674756e-19
10879.412 3.7719214429328214e-19 4.0441221588428244e-19
10880.498 5.2461792855804795e-19 3.699028943526602e-19
10881.584 6.68000184326304e-19 2.9346058357210225e-19
10882.67 2.8188910890996107e-19 2.0642509006404395e-19
10883.756 3.3359784494581235e-19 1.8459595388531635e-19
10884.842 6.263705740699849e-19 2.0876103435537217e-19
10885.928 8.866709981164775e-19 2.307742124965304e-19
10887.014 1.2658737796466e-18 2.451342547587946e-19
10888.1 1.8117520449406934e-18 2.41620479262212e-19
10889.186 2.1822824000539156e-18 2.1722066495806467e-19
10890.271 1.4409319746365343e-18 1.9029188600140777e-19
10891.357 1.4071772074809625e-18 1.748489904320416e-19
10892.443 1.5732089748704845e-18 1.742636978344684e-19
10893.529 1.8967704764489313e-18 1.7628664571975625e-19
10894.615 1.1047293514515222e-18 1.9442715318731669e-19
10895.701 7.28708790773018e-19 4.139730601640403e-19
10896.787 -6.312365433205188e-19 7.45533756300633e-19
10897.873 3.0346840378903933e-19 8.748718413100194e-19
10898.959 2.5795471688317415e-19 8.818371471393609e-19
10900.045 1.632113539956143e-19 8.06546049618978e-19
10901.131 5.615725846062747e-19 5.297055591904612e-19
10902.217 5.916176904978256e-19 2.758784934145272e-19
10903.303 6.3966523065268235e-19 2.4466573793142063e-19
10904.389 1.85940916905682e-20 3.79748011428158e-19
10905.475 1.6724432335008023e-19 3.4688353655137313e-19
10906.561 2.2678604062898166e-19 2.0318042418249623e-19
10907.647 2.5416957284777155e-19 1.8010556518582897e-19
10908.733 6.377377261062016e-19 1.7124116848689916e-19
10909.819 7.8465521098064e-19 1.7303462513542914e-19
10910.905 1.1769184637187134e-18 1.7486518049883845e-19
10911.991 1.2999836860649453e-18 1.753343518283663e-19
10913.077 1.3445411823117688e-18 1.7392561085320852e-19
10914.163 9.58436280646929e-19 1.724869876054034e-19
10915.249 1.1984951382761056e-18 1.6950888228008057e-19
10916.335 1.4607732856415832e-18 1.7347734184909623e-19
10917.421 1.3971227129891328e-18 1.781945342660296e-19
10918.507 7.951937473990139e-19 1.7880124596927325e-19
10919.593 4.788520602027914e-19 1.8835103762149445e-19
10920.679 5.796139772904922e-19 1.9869813285408808e-19
10921.765 4.171010204152833e-19 2.185091658750919e-19
10922.851 -7.372562383012544e-20 4.097194953928604e-19
10923.937 4.653909904965055e-19 9.999153058286814e-19
10925.023 2.5870171207555105e-18 1.4956717663681932e-18
10926.109 8.833155406535925e-19 1.7111193901456104e-18
10927.195 3.6449852809304636e-19 1.6562976687534818e-18
10928.281 1.2009762028377546e-18 1.2638132829355805e-18
10929.367 6.435441386877239e-20 6.186531909888316e-19
10930.452 1.531145623208471e-19 2.8613889453531376e-19
10931.538 6.268247346095393e-19 2.1463685555857779e-19
10932.624 7.631026384256295e-19 3.120423799088871e-19
10933.71 3.3817222439299096e-19 3.052161006123885e-19
10934.796 1.8013490312333693e-19 1.9239862356560605e-19
10935.882 2.657104488544017e-19 1.8820386715772978e-19
10936.968 3.458405298617511e-19 1.8176568455218038e-19
10938.054 4.1430560026846657e-19 1.7559382363653503e-19
10939.14 4.788179218797696e-19 1.7754389441573994e-19
10940.226 4.792946684661684e-19 1.78729419501983e-19
10941.312 3.8535490478214975e-19 1.814946683576031e-19
10942.398 5.900129090019957e-19 1.8398035327966893e-19
10943.484 4.21467140988826e-19 1.8196498733191814e-19
10944.57 4.734897039049225e-19 1.7909854205667164e-19
10945.656 2.077830176586768e-19 1.7824698716156833e-19
10946.742 4.864863107327609e-19 1.8179721422940846e-19
10947.828 7.6017380775042e-19 4.62417842823958e-19
10948.914 5.169558194524333e-19 1.1967974961262062e-18
10950.0 9.827623385963252e-19 1.1943450016000301e-18
10951.086 8.411997904325285e-19 1.0362507526757925e-18
10952.172 -5.672526946412758e-19 1.007564336381603e-18
10953.258 -7.2502268047273345e-19 8.039497313746483e-19
10954.344 1.9062220719179063e-19 4.085471621073188e-19
10955.43 4.2115879545989985e-19 2.2760946598432704e-19
10956.516 5.1122130518781964e-20 1.8683016038336464e-19
10957.602 4.530977421664771e-19 1.761115415225481e-19
10958.688 5.217592939326513e-19 1.743432557799802e-19
10959.774 4.685783395207445e-19 1.8387290426810256e-19
10960.86 5.796900821014393e-19 2.1372745202568675e-19
10961.946 2.939485627089261e-19 2.147441165060877e-19
10963.032 5.65552938589219e-19 1.812139737872009e-19
10964.118 3.0794508759302596e-19 1.932732537563784e-19
10965.204 1.362146883514231e-20 2.0507554304433768e-19
10966.29 3.0152179397867636e-19 2.2167907898043296e-19
10967.376 3.9032740509845217e-19 2.420403141461784e-19
10968.462 1.4072514738208335e-19 4.589718439502166e-19
10969.548 1.7815381861637146e-19 4.879377607211671e-19
10970.633 3.845208253247986e-19 2.84710217771282e-19
10971.719 4.115234545636305e-19 4.262242791795263e-19
10972.805 8.504146882664075e-19 1.058936690096846e-18
10973.891 2.2538968786890355e-19 1.5704088480041876e-18
10974.977 -1.4901867257946456e-18 1.7044549916559689e-18
10976.063 -2.4550975061950225e-19 1.6932058887202123e-18
10977.149 -6.831319735694068e-19 1.3668219454538747e-18
10978.235 6.139843257788698e-20 7.437195696040961e-19
10979.321 5.500367521723824e-19 3.498235373735979e-19
10980.407 1.3933022164637329e-19 2.512032942195458e-19
10981.493 4.2699279720338405e-19 2.2407141769025746e-19
10982.579 6.125301608664216e-19 2.0681888240494633e-19
10983.665 5.979176141417774e-19 2.3414957980109673e-19
10984.751 6.543434574151475e-19 2.716640979230378e-19
10985.837 3.960735479373333e-19 2.8195486266415803e-19
10986.923 1.303319453096991e-19 2.7790569713441004e-19
10988.009 4.576115238963091e-19 2.413335175782667e-19
10989.095 5.573604365539364e-19 1.9543180202845067e-19
10990.181 6.06041892519723e-19 1.79923359805515e-19
10991.267 4.789828836613122e-19 1.7739775617732189e-19
10992.353 4.1343482714017767e-19 1.7798206949203168e-19
10993.439 3.6235559408588315e-19 1.7890296520086487e-19
10994.525 3.491268701434405e-19 1.7996298189117707e-19
10995.611 3.9305148956584075e-19 1.8121601117575916e-19
10996.697 3.6011231541880776e-19 1.7992294581524524e-19
10997.783 5.51682705480661e-19 1.7550924264173732e-19
10998.869 7.126693921145025e-19 1.7619971332257897e-19
10999.955 7.298703717338134e-19 1.7871052781344025e-19
11001.041 6.43259980746259e-19 1.8364970841064348e-19
11002.127 6.468197894535961e-19 1.9246781143250425e-19
11003.213 4.641017357988203e-19 1.9770372077445672e-19
11004.299 4.425271820505333e-19 1.9913763768948389e-19
11005.385 2.5058829121676347e-19 2.1892486035029426e-19
11006.471 5.413330767317395e-19 5.192414774645456e-19
11007.557 6.724947197545896e-19 8.194342924593818e-19
11008.643 -6.512612904053165e-20 9.454692513988858e-19
11009.729 1.2880573844410017e-18 9.755130263160134e-19
11010.814 1.8430961995777513e-18 8.499812004179834e-19
11011.9 3.1422754958746783e-19 5.27603592294051e-19
11012.986 5.148502336090626e-19 2.5746476661146932e-19
11014.072 6.582900555667977e-19 1.9627588945103687e-19
11015.158 4.674729928187239e-19 1.8573130769151562e-19
11016.244 4.686753540273201e-19 2.789761687392364e-19
11017.33 -6.1239609336487326e-21 2.683055337220108e-19
11018.416 5.920874490127329e-19 1.7443397300182254e-19
11019.502 6.836594988840487e-19 1.7307582458016245e-19
11020.588 5.25068505771213e-19 1.707913615440904e-19
11021.674 6.710666489175542e-19 1.7277188094219869e-19
11022.76 7.218603356366318e-19 1.7434311092372013e-19
11023.846 5.712206791340508e-19 1.793381329567726e-19
11024.932 2.8226043223527033e-19 1.9044955222583535e-19
11026.018 3.5374376082679696e-19 2.8855212461371476e-19
11027.104 -1.6449943891994304e-19 8.3741625558328e-19
11028.19 -3.0126534316690613e-19 1.269526704587076e-18
11029.276 -3.861565291781221e-19 1.437513439789051e-18
11030.362 -1.3051760403399539e-18 1.4566643790394327e-18
11031.448 -7.7167895748691e-19 1.2342598634884413e-18
11032.534 1.8311020507771808e-19 7.339724853753743e-19
11033.62 5.5364546650061e-19 3.2614618606298897e-19
11034.706 3.1880937588822467e-19 2.0702036319587843e-19
11035.792 4.420882240272604e-19 1.8757378859817355e-19
11036.878 3.264377228783727e-19 1.8844879517134542e-19
11037.964 4.786387885447935e-19 1.952979338592732e-19
11039.05 3.7196247646485e-19 2.1049718313243297e-19
11040.136 4.398136980544789e-19 2.2534692051630597e-19
11041.222 5.230254653582546e-19 2.2789084860341443e-19
11042.308 4.474227115184334e-19 2.2891683763240145e-19
11043.394 1.5875846182163372e-19 2.184441974051966e-19
11044.48 2.234839696695525e-19 2.0460195934203948e-19
11045.566 7.0838569588881955e-19 1.9355082130388507e-19
11046.652 8.032095747816371e-19 1.8624968985745054e-19
11047.738 5.638460080636e-19 1.83513217757552e-19
11048.824 6.336739551047331e-19 1.8215754002137446e-19
11049.91 3.6666653171297753e-19 1.7740314333679145e-19
11050.995 3.910032091804115e-20 2.1156011742864564e-19
11052.081 3.6305043278303683e-19 2.726926243366326e-19
11053.167 3.883272897919576e-19 2.718579586812172e-19
11054.253 6.143583440897696e-19 2.8109968016907926e-19
11055.339 5.1012870939334e-19 2.7946403964222044e-19
11056.425 1.6280569601851478e-19 2.4279504025714587e-19
11057.511 5.955185544106271e-19 1.9934381061662125e-19
11058.597 3.903099668677236e-19 1.856548101712426e-19
11059.683 4.523227296963755e-19 1.818176185845666e-19
11060.769 3.263389466793698e-19 1.852551441333216e-19
11061.855 5.178876414857809e-19 2.0650090871540987e-19
11062.941 5.576413837227678e-19 2.749423881168975e-19
11064.027 6.22173611067339e-19 2.823167888255111e-19
11065.113 8.445309793404415e-19 2.3023744634191877e-19
11066.199 7.290939906199873e-19 2.1404995673676574e-19
11067.285 5.11219754705357e-19 2.123959069123432e-19
11068.371 2.5127249083236653e-19 2.2727369217959104e-19
11069.457 -5.47044275225649e-20 3.8154193654953464e-19
11070.543 -6.431997707490011e-19 6.30980102923229e-19
11071.629 -1.2734742299719705e-19 7.319481873865824e-19
11072.715 3.599510993685017e-20 7.459667985124616e-19
11073.801 -4.891311225181093e-20 1.0684100465915912e-18
11074.887 3.162137725764415e-19 7.075451740638389e-19
11075.973 1.873380008304092e-19 3.849564335463009e-19
11077.059 1.8738976481674768e-19 1.842482630184059e-19
11078.145 -6.803952234986516e-20 1.686828478417737e-19
11079.231 2.8498518535191513e-19 1.6569509420047338e-19
11080.317 3.7939006461923565e-19 1.73558633567522e-19
11081.403 1.7236077001222068e-19 2.1499257932303262e-19
11082.489 7.489547006286323e-19 2.57794492567551e-19
11083.575 2.24898519946063e-19 2.781639189159815e-19
11084.661 -1.3526256301267751e-19 2.8612512891108635e-19
11085.747 1.218408357611466e-19 2.8138583783611647e-19
11086.833 7.452586952182356e-19 4.712723050930416e-19
11087.919 7.229517815611431e-19 8.43222096834243e-19
11089.005 -4.915275649584421e-20 1.0250544960636416e-18
11090.09 2.0064671916395628e-19 1.0382454957405536e-18
11091.176 -6.455656737780801e-19 9.751458162327477e-19
11092.262 -2.1043636805382865e-20 7.013410567454735e-19
11093.348 3.523950297232132e-19 3.711941578580176e-19
11094.434 4.337037810447135e-19 2.128545663053677e-19
11095.52 3.4803122034364296e-19 1.726756496402383e-19
11096.606 3.297075802614259e-19 1.68091194558612e-19
11097.692 3.622575197884551e-19 1.7055673847846977e-19
11098.778 4.263854159612676e-19 1.6999873222600278e-19
11099.864 3.68599080294536e-19 1.7086996357685307e-19
11100.95 6.51225314428212e-19 1.668796359046963e-19
11102.036 5.873266046976156e-19 1.6693147890014047e-19
11103.122 5.825073851157121e-19 1.6529605279470783e-19
11104.208 2.6529947518522736e-19 1.679932957309962e-19
11105.294 3.3823734069535226e-19 1.7880468344206398e-19
11106.38 4.67790821584216e-19 1.92769710508244e-19
11107.466 7.086686079328791e-19 1.996036369429688e-19
11108.552 2.4898502938469806e-19 2.001389431928807e-19
11109.638 1.9996748671504649e-19 1.9266253382088747e-19
11110.724 3.0783619757728906e-19 2.895009787253762e-19
11111.81 4.7993751631393485e-19 2.8432058825261503e-19
11112.896 -3.0055974365719817e-20 1.7703862171002916e-19
11113.982 1.6390341783916177e-19 1.7901174904594928e-19
11115.068 4.917038282802948e-19 1.836087031012049e-19
11116.154 5.310846049620448e-19 1.7979778860637297e-19
11117.24 4.051488495035928e-19 1.728671677610715e-19
11118.326 4.838001675322504e-19 1.6987083538525096e-19
11119.412 2.470827286615775e-19 1.7153744861248641e-19
11120.498 5.935928466362384e-19 1.783763619959251e-19
11121.584 5.26482443870187e-19 2.0675942008910917e-19
11122.67 5.532622260498577e-19 2.323680595914732e-19
11123.756 4.814450456768299e-19 2.394756645615754e-19
11124.842 6.113380372985696e-19 2.2722449997165013e-19
11125.928 2.319596566366352e-19 2.385565843101194e-19
11127.014 8.818666236860287e-19 3.3690073437271615e-19
11128.1 6.3446184980066e-19 3.138195075679286e-19
11129.186 2.6335790921421238e-19 1.9083318751361175e-19
11130.271 1.4894448854895507e-19 1.8633163357947288e-19
11131.357 2.746575321147456e-19 1.8270870915197778e-19
11132.443 3.0444237320785874e-19 1.864971505612914e-19
11133.529 3.5022747321954187e-19 2.1365971803217376e-19
11134.615 7.818871457436506e-20 2.0461798959318047e-19
11135.701 2.25331192891616e-19 1.780213785922542e-19
11136.787 7.739582185829442e-19 2.987226614696011e-19
11137.873 1.3624412082588435e-18 4.763826061752762e-19
11138.959 1.0447408379654532e-18 5.010728413534524e-19
11140.045 5.702128294940539e-19 5.5407838948116265e-19
11141.131 -5.27529204503364e-20 5.50108004032783e-19
11142.217 5.23477802668282e-19 5.110879917133949e-19
11143.303 5.876919151084733e-19 3.5158676110196624e-19
11144.389 3.149166771190562e-19 2.186613876020417e-19
11145.475 2.9336579510937376e-19 1.8262871023880822e-19
11146.561 4.1895109701789346e-19 1.818008390042936e-19
11147.647 1.7008958013247112e-19 1.8357194332734317e-19
11148.733 8.9895841004695e-20 1.8514324105493231e-19
11149.819 4.2195770396654926e-19 2.0231687715040146e-19
11150.905 3.016625588525592e-19 2.2558975644352794e-19
11151.991 6.507555058174368e-19 2.570953429144779e-19
11153.077 -3.637422516003382e-19 4.495042415791493e-19
11154.163 -2.5053579460990764e-19 6.723323152203309e-19
11155.249 6.571768576434742e-20 7.762153559227532e-19
11156.335 2.342890665816207e-19 1.2100884182575609e-18
11157.421 1.4787057658879504e-18 1.0641543156830212e-18
11158.507 3.39412896591052e-19 4.778295737801392e-19
11159.593 3.302054663548051e-19 2.8075232285622856e-19
11160.679 8.333634024927572e-20 2.1836672723352385e-19
11161.765 3.3919512759293593e-19 2.2900367903922843e-19
11162.851 6.815007317189662e-19 2.949907726970378e-19
11163.937 6.131415990546229e-19 3.564416244838885e-19
11165.023 5.889506163922259e-19 4.01905796457303e-19
11166.109 9.862641842712895e-19 4.0320562224304496e-19
11167.195 1.0852903018472671e-18 3.6613938682335635e-19
11168.281 3.617814886098878e-19 3.4470079086687083e-19
11169.367 5.769826759460462e-19 3.169254683966985e-19
11170.452 5.49361821239319e-19 3.1401604493023447e-19
11171.538 6.271947656186947e-19 3.3213304018087467e-19
11172.624 6.597649240934405e-19 3.182678625420299e-19
11173.71 8.038266607181841e-19 2.8694451177231644e-19
11174.796 7.1290426492773665e-19 2.4617421819135446e-19
11175.882 1.9230865227023052e-19 2.0522240963738882e-19
11176.968 4.88424123005892e-19 1.8464691030313017e-19
11178.054 3.956664050839297e-19 1.8037848124613303e-19
11179.14 2.8582481689021988e-19 1.8586333383743887e-19
11180.226 7.242615143752356e-19 1.9954857738461333e-19
11181.312 3.6686729429783746e-19 2.311255145087207e-19
11182.398 5.620697621194956e-19 2.646503432128117e-19
11183.484 -1.2949021821181368e-19 7.845423609444157e-19
11184.57 9.664615219026155e-19 7.3474827785258495e-19
11185.656 2.99237229795264e-19 3.756802580390568e-19
11186.742 1.295286238858209e-19 3.2239905726100996e-19
11187.828 1.8096663271951516e-19 2.317266798111606e-19
11188.914 1.5494840289789934e-19 2.6429341786856856e-19
11190.0 3.0210544681467727e-19 2.664814362267375e-19
11191.086 1.8289788408974365e-19 2.4634213656531874e-19
11192.172 5.862687387509979e-19 2.5961066939207803e-19
11193.258 2.823917920446416e-19 2.7140336288031434e-19
11194.344 3.139719065210407e-19 2.493900457186819e-19
11195.43 6.385852572868464e-19 2.2052153074200356e-19
11196.516 2.953403608573328e-19 2.0498932663646673e-19
11197.602 4.809119719147425e-19 2.2696399612230393e-19
11198.688 5.410747933664278e-19 4.136255494616341e-19
11199.774 -3.495886053207099e-19 3.839051273550817e-19
11200.86 3.1862401239377656e-19 2.419927253776908e-19
11201.946 3.272509962144379e-19 2.7634083350244293e-19
11203.032 7.079780592467402e-19 3.172750890657414e-19
11204.118 2.0226341519807359e-19 2.869405385169913e-19
11205.204 6.066813839947597e-19 2.442056182859333e-19
11206.29 7.114620900382547e-19 2.3018484907229765e-19
11207.376 8.144814817542625e-19 2.445402333440081e-19
11208.462 9.166784064970767e-19 2.550262073322086e-19
11209.548 4.1532535354347647e-19 4.1265640275530837e-19
11210.633 -2.239753702332e-19 4.481063678179837e-19
11211.719 3.062340279374365e-19 3.6034533780298543e-19
11212.805 1.864665318143502e-19 5.208862245317769e-19
11213.891 4.716537914890388e-19 5.650822746658032e-19
11214.977 1.3846294643956541e-18 4.827939917844056e-19
11216.063 1.3449048085247365e-18 1.2990415036309289e-18
11217.149 1.0015043105639177e-18 1.183994204418852e-18
11218.235 7.220610729765096e-19 3.889124372277861e-19
11219.321 6.022270079322196e-20 4.0291764275252023e-19
11220.407 2.000579669361575e-19 3.4571622074613466e-19
11221.493 5.95906041163718e-19 3.3403268492234253e-19
11222.579 6.13115024547806e-19 3.948134217281423e-19
11223.665 3.4333370445000646e-19 4.39854716163569e-19
11224.751 4.518157983373535e-19 5.527380543125556e-19
11225.837 6.105363822398588e-19 7.625129770804882e-19
11226.923 2.4492873232030503e-19 8.646679582874121e-19
11228.009 -1.1196095406564435e-18 7.7427500022829335e-19
11229.095 1.3774025942948447e-18 6.003595463906125e-19
11230.181 9.878268149430806e-19 4.484952321402922e-19
11231.267 -7.85015078064819e-20 3.3639943233642335e-19
11232.353 3.0269255463271514e-19 2.914797864209075e-19
11233.439 6.166492673929659e-19 3.09221703270337e-19
11234.525 3.402878416668446e-19 3.865701113868482e-19
11235.611 7.507404788216e-19 5.035989601454114e-19
11236.697 1.0772971442658571e-18 5.2845059063611e-19
11237.783 1.1662779899560608e-18 4.257074888647786e-19
