lambda flux fluxErr
9752.1719 1.84271e-18 4.32886e-19
9753.2579 1.49586e-18 3.96422e-19
9754.3439 1.58523e-18 4.00683e-19
9755.4299 2.30867e-18 5.28174e-19
9756.5158 1.41104e-18 5.50114e-19
9757.6018 9.63911e-19 4.61876e-19
9758.6878 1.88673e-18 4.66549e-19
9759.7738 1.91012e-18 4.40084e-19
9760.8597 2.57740e-18 4.40639e-19
9761.9457 1.44639e-18 3.96758e-19
9763.0317 1.31738e-18 3.92822e-19
9764.1176 1.12706e-18 3.95440e-19
9765.2036 1.33382e-18 3.79651e-19
9766.2896 1.55755e-18 3.75148e-19
9767.3756 1.43696e-18 3.81974e-19
9768.4615 1.86644e-18 3.83262e-19
9769.5475 9.37656e-19 3.51433e-19
9770.6335 4.17706e-19 3.41835e-19
9771.7195 1.38766e-18 3.55916e-19
9772.8054 1.28941e-18 3.49616e-19
9773.8914 1.66869e-18 4.30342e-19
9774.9774 1.91625e-18 4.48209e-19
9776.0633 1.80677e-18 3.75062e-19
9777.1493 2.34410e-18 3.72154e-19
9778.2353 1.59136e-18 3.53440e-19
9779.3213 1.03200e-18 5.11154e-19
9780.4072 8.25883e-19 5.16322e-19
9781.4932 1.74756e-18 3.89858e-19
9782.5792 2.26888e-18 5.37374e-19
9783.6652 2.14389e-18 5.03575e-19
9784.7511 1.83717e-18 3.70761e-19
9785.8371 1.38843e-18 3.51660e-19
9786.9231 1.84270e-18 3.61997e-19
9788.0090 2.21218e-18 3.70683e-19
9789.0950 1.50281e-18 4.29279e-19
9790.1810 9.69937e-19 6.35376e-19
9791.2670 9.95793e-19 1.14379e-18
9792.3529 3.49930e-19 1.54639e-18
9793.4389 1.12519e-18 1.71918e-18
9794.5249 1.21481e-18 1.68414e-18
9795.6109 1.38937e-18 1.31553e-18
9796.6968 2.03235e-18 7.21363e-19
9797.7828 1.54227e-18 4.53980e-19
9798.8688 1.13414e-18 4.80431e-19
9799.9548 8.07838e-19 7.01675e-19
9801.0407 2.17680e-18 9.19549e-19
9802.1267 1.26997e-18 9.36886e-19
9803.2127 1.95819e-18 1.09565e-18
9804.2986 2.23206e-18 9.38135e-19
9805.3846 1.15639e-18 5.71716e-19
9806.4706 1.37553e-18 3.51646e-19
9807.5566 2.34732e-18 5.99188e-19
9808.6425 2.17747e-18 6.95421e-19
9809.7285 1.72841e-18 5.09214e-19
9810.8145 1.97840e-18 4.97880e-19
9811.9005 1.28610e-18 5.20684e-19
9812.9864 8.00291e-19 5.75930e-19
9814.0724 6.28606e-19 6.06914e-19
9815.1584 1.19457e-18 6.12221e-19
9816.2443 1.33439e-18 5.98337e-19
9817.3303 1.59368e-18 5.05978e-19
9818.4163 1.31168e-18 4.79861e-19
9819.5023 1.00080e-18 5.00084e-19
9820.5882 1.48749e-18 4.92678e-19
9821.6742 1.57074e-18 4.55806e-19
9822.7602 1.49655e-18 3.93432e-19
9823.8462 1.14701e-18 3.41482e-19
9824.9321 1.20354e-18 3.48835e-19
9826.0181 1.21331e-18 3.64252e-19
9827.1041 1.82975e-18 3.91958e-19
9828.1900 1.56134e-18 4.09238e-19
9829.2760 9.35546e-19 4.11099e-19
9830.3620 1.38945e-18 4.53923e-19
9831.4480 1.98704e-18 4.60801e-19
9832.5339 2.09583e-18 4.19142e-19
9833.6199 1.60485e-18 3.82633e-19
9834.7059 1.51310e-18 3.64242e-19
9835.7919 9.78549e-19 3.53206e-19
9836.8778 1.53446e-18 3.49711e-19
9837.9638 1.64345e-18 3.41037e-19
9839.0498 1.57454e-18 3.41351e-19
9840.1357 2.00399e-18 3.45410e-19
9841.2217 1.70499e-18 3.17647e-19
9842.3077 1.56741e-18 3.13599e-19
9843.3937 8.93936e-19 3.01230e-19
9844.4796 8.49267e-19 2.98326e-19
9845.5656 1.60521e-18 3.20092e-19
9846.6516 2.03629e-18 3.45313e-19
9847.7376 2.15598e-18 3.86540e-19
9848.8235 1.25739e-18 6.12197e-19
9849.9095 2.87632e-19 7.89570e-19
9850.9955 -1.55175e-19 -8.09704e-19
9852.0814 4.62643e-19 7.97257e-19
9853.1674 1.13306e-18 6.57449e-19
9854.2534 1.96961e-18 4.11815e-19
9855.3394 1.65176e-18 3.16012e-19
9856.4253 2.05817e-18 3.23900e-19
9857.5113 1.73686e-18 3.21609e-19
9858.5973 1.30284e-18 3.23618e-19
9859.6833 1.10512e-18 3.25569e-19
9860.7692 1.12678e-18 4.21472e-19
9861.8552 6.05822e-19 4.01892e-19
9862.9412 8.88841e-19 2.98905e-19
9864.0271 1.36543e-18 3.24974e-19
9865.1131 1.37429e-18 3.34374e-19
9866.1991 1.51983e-18 3.74855e-19
9867.2851 1.81600e-18 3.75827e-19
9868.3710 1.52556e-18 3.31307e-19
9869.4570 1.32819e-18 3.32927e-19
9870.5430 1.26409e-18 3.40070e-19
9871.6290 2.06620e-18 5.20031e-19
9872.7149 1.00975e-18 1.03519e-18
9873.8009 2.21578e-18 1.31557e-18
9874.8869 8.94491e-19 1.32143e-18
9875.9729 2.72962e-18 1.30863e-18
9877.0588 2.23410e-18 9.66953e-19
9878.1448 2.10042e-18 4.75817e-19
9879.2308 1.17760e-18 3.58149e-19
9880.3167 1.27905e-18 3.24817e-19
9881.4027 1.51327e-18 3.18263e-19
9882.4887 1.47881e-18 3.15871e-19
9883.5747 1.68179e-18 3.17642e-19
9884.6606 1.70868e-18 3.28233e-19
9885.7466 2.09467e-18 6.20424e-19
9886.8326 2.63894e-18 7.35060e-19
9887.9186 2.25419e-18 4.47012e-19
9889.0045 1.88491e-18 4.22248e-19
9890.0905 1.20022e-18 3.87105e-19
9891.1765 1.10475e-18 3.41195e-19
9892.2624 1.40222e-18 3.04955e-19
9893.3484 1.24338e-18 2.98978e-19
9894.4344 1.91745e-18 4.52776e-19
9895.5204 2.34402e-18 7.59693e-19
9896.6063 2.65470e-18 9.06202e-19
9897.6923 1.84080e-18 9.17661e-19
9898.7783 1.45484e-18 8.79524e-19
9899.8643 1.32327e-18 6.41448e-19
9900.9502 1.23702e-18 3.77883e-19
9902.0362 1.63200e-18 3.98857e-19
9903.1222 1.38739e-18 3.92219e-19
9904.2081 1.52553e-18 3.28905e-19
9905.2941 1.62272e-18 3.22324e-19
9906.3801 1.66979e-18 3.27488e-19
9907.4661 1.10783e-18 2.99052e-19
9908.5520 1.07679e-18 2.86075e-19
9909.6380 1.31064e-18 2.88878e-19
9910.7240 1.22507e-18 2.89193e-19
9911.8100 1.37402e-18 2.90149e-19
9912.8959 9.05151e-19 3.02247e-19
9913.9819 1.13250e-18 4.29575e-19
9915.0679 1.21911e-18 9.70336e-19
9916.1538 1.64976e-18 1.28520e-18
9917.2398 1.16016e-18 1.33097e-18
9918.3258 8.56113e-19 1.29981e-18
9919.4118 1.44938e-18 1.02373e-18
9920.4977 1.51179e-18 5.31728e-19
9921.5837 1.14845e-18 3.04570e-19
9922.6697 1.90340e-18 3.03619e-19
9923.7557 2.06220e-18 3.01521e-19
9924.8416 2.10035e-18 3.56087e-19
9925.9276 2.25945e-18 3.63305e-19
9927.0136 1.59525e-18 2.99495e-19
9928.0995 1.34855e-18 2.93999e-19
9929.1855 1.13879e-18 2.78843e-19
9930.2715 1.38800e-18 2.91076e-19
9931.3575 1.55497e-18 2.98081e-19
9932.4434 1.54743e-18 2.89802e-19
9933.5294 1.87965e-18 3.91108e-19
9934.6154 1.99928e-18 3.90549e-19
9935.7014 1.66722e-18 2.98519e-19
9936.7873 1.58983e-18 2.98986e-19
9937.8733 1.17205e-18 2.87071e-19
9938.9593 1.89885e-18 3.06759e-19
9940.0452 1.76704e-18 3.18764e-19
9941.1312 1.53214e-18 3.85188e-19
9942.2172 1.89213e-18 7.98662e-19
9943.3032 7.66460e-19 1.07974e-18
9944.3891 1.29488e-18 1.13329e-18
9945.4751 7.05519e-19 1.18401e-18
9946.5611 -4.30353e-20 -1.26556e-18
9947.6471 2.43116e-18 1.45257e-18
9948.7330 1.28681e-18 1.51498e-18
9949.8190 2.97515e-18 1.48822e-18
9950.9050 2.31198e-18 1.31301e-18
9951.9910 5.31121e-19 9.40073e-19
9953.0769 1.09268e-18 6.40165e-19
9954.1629 2.12375e-18 5.05635e-19
9955.2489 1.22472e-18 3.99621e-19
9956.3348 1.14254e-18 6.49036e-19
9957.4208 -1.36170e-19 -1.05132e-18
9958.5068 -7.35284e-19 -1.22402e-18
9959.5928 3.93777e-19 1.23215e-18
9960.6787 3.90754e-19 1.20436e-18
9961.7647 5.88518e-19 9.49635e-19
9962.8507 1.06560e-18 9.90210e-19
9963.9367 2.10551e-18 1.08981e-18
9965.0226 1.42640e-18 1.08023e-18
9966.1086 2.98990e-18 9.89306e-19
9967.1946 1.65234e-18 6.35452e-19
9968.2805 1.90341e-18 3.45452e-19
9969.3665 3.52367e-18 4.14817e-19
9970.4525 1.59836e-18 2.91522e-19
9971.5385 1.56805e-18 3.27150e-19
9972.6244 2.04039e-18 6.07256e-19
9973.7104 1.96332e-18 7.38157e-19
9974.7964 1.51493e-18 7.50918e-19
9975.8824 1.14986e-18 7.25053e-19
9976.9683 9.40641e-19 5.97303e-19
9978.0543 1.30780e-18 4.20648e-19
9979.1403 7.29394e-19 3.96328e-19
9980.2262 1.33557e-18 4.25664e-19
9981.3122 1.12140e-18 4.41134e-19
9982.3982 1.32813e-18 4.32322e-19
9983.4842 1.62702e-18 4.90688e-19
9984.5701 1.90445e-18 4.31260e-19
9985.6561 1.61401e-18 2.97697e-19
9986.7421 1.53128e-18 2.83524e-19
9987.8281 2.03881e-18 2.88103e-19
9988.9140 1.53876e-18 2.69350e-19
9990.0000 1.51684e-18 2.70752e-19
9991.0860 1.39493e-18 2.63418e-19
9992.1719 1.92293e-18 2.81720e-19
9993.2579 1.92506e-18 2.82613e-19
9994.3439 1.75470e-18 2.74781e-19
9995.4299 1.48376e-18 2.65017e-19
9996.5158 1.22716e-18 2.59148e-19
9997.6018 1.63766e-18 2.68388e-19
9998.6878 1.38180e-18 2.61422e-19
9999.7738 1.35419e-18 3.11339e-19
10000.8600 1.73116e-18 4.97358e-19
10001.9460 1.71978e-18 5.69846e-19
10003.0320 1.78427e-18 5.81639e-19
10004.1180 2.02658e-18 5.81825e-19
10005.2040 1.90542e-18 4.53401e-19
10006.2900 1.51281e-18 3.25800e-19
10007.3760 1.04462e-18 2.82519e-19
10008.4620 1.69457e-18 2.74861e-19
10009.5480 1.28225e-18 2.62114e-19
10010.6330 1.62177e-18 2.86574e-19
10011.7190 7.06129e-19 4.44250e-19
10012.8050 9.10647e-19 8.72601e-19
10013.8910 1.72982e-18 1.46632e-18
10014.9770 4.18051e-18 2.28990e-18
10016.0630 1.09664e-18 2.26357e-18
10017.1490 2.46172e-18 1.53346e-18
10018.2350 1.90652e-18 9.89704e-19
10019.3210 2.76556e-18 5.60764e-19
10020.4070 1.58445e-18 3.18286e-19
10021.4930 1.67800e-18 3.08281e-19
10022.5790 1.10204e-18 3.58760e-19
10023.6650 1.23878e-18 3.76838e-19
10024.7510 1.31610e-18 3.99310e-19
10025.8370 1.12605e-18 7.05742e-19
10026.9230 9.36269e-19 8.95214e-19
10028.0090 3.50773e-18 9.46997e-19
10029.0950 1.70005e-18 1.14280e-18
10030.1810 1.35795e-18 9.72941e-19
10031.2670 1.61407e-18 4.01511e-19
10032.3530 1.40896e-18 2.80558e-19
10033.4390 1.11138e-18 2.76841e-19
10034.5250 1.47431e-18 2.92094e-19
10035.6110 1.32476e-18 2.81619e-19
10036.6970 1.44151e-18 2.81739e-19
10037.7830 1.39221e-18 2.88568e-19
10038.8690 1.47299e-18 3.09027e-19
10039.9550 1.44300e-18 3.20334e-19
10041.0410 9.91749e-19 3.71731e-19
10042.1270 9.96204e-19 3.56254e-19
10043.2130 9.61831e-19 3.16304e-19
10044.2990 1.42363e-18 5.26506e-19
10045.3850 1.24522e-18 6.08873e-19
10046.4710 1.53007e-18 6.19273e-19
10047.5570 2.03242e-18 6.06039e-19
10048.6430 1.70838e-18 4.48427e-19
10049.7290 2.03186e-18 2.86197e-19
10050.8140 1.61959e-18 2.49467e-19
10051.9000 1.44233e-18 2.52472e-19
10052.9860 1.52485e-18 2.63198e-19
10054.0720 1.31138e-18 2.63264e-19
10055.1580 1.38062e-18 2.59692e-19
10056.2440 9.68561e-19 2.45632e-19
10057.3300 1.31748e-18 2.49591e-19
10058.4160 1.50789e-18 2.60916e-19
10059.5020 1.36602e-18 3.37486e-19
10060.5880 1.41382e-18 4.58136e-19
10061.6740 6.44553e-19 8.88873e-19
10062.7600 1.30500e-18 9.49291e-19
10063.8460 1.66145e-18 7.83486e-19
10064.9320 9.31369e-19 7.20091e-19
10066.0180 1.04999e-18 4.89975e-19
10067.1040 1.10023e-18 3.67831e-19
10068.1900 1.46067e-18 4.21508e-19
10069.2760 1.92265e-18 4.37530e-19
10070.3620 7.02617e-19 4.50760e-19
10071.4480 1.11863e-18 5.21964e-19
10072.5340 8.22802e-19 5.40009e-19
10073.6200 1.74866e-18 5.45742e-19
10074.7060 1.28291e-18 5.01079e-19
10075.7920 1.67060e-18 4.21469e-19
10076.8780 1.28593e-18 2.90379e-19
10077.9640 1.18148e-18 2.55055e-19
10079.0500 2.04864e-18 2.79134e-19
10080.1360 1.44950e-18 2.76370e-19
10081.2220 1.10188e-18 2.76390e-19
10082.3080 9.23046e-19 4.63681e-19
10083.3940 2.58419e-20 1.08565e-18
10084.4800 1.33695e-18 1.21491e-18
10085.5660 6.87088e-19 1.22249e-18
10086.6520 1.34103e-18 1.23714e-18
10087.7380 9.19636e-19 7.66055e-19
10088.8240 1.57538e-18 3.08355e-19
10089.9100 1.30968e-18 2.60538e-19
10090.9950 1.66065e-18 2.70210e-19
10092.0810 1.61113e-18 3.59024e-19
10093.1670 1.02081e-18 3.34065e-19
10094.2530 1.58636e-18 2.67242e-19
10095.3390 1.20738e-18 2.54469e-19
10096.4250 1.94023e-18 2.75694e-19
10097.5110 1.54700e-18 2.86802e-19
10098.5970 1.51850e-18 3.12396e-19
10099.6830 1.42944e-18 3.18648e-19
10100.7690 1.49431e-18 3.21813e-19
10101.8550 1.16296e-18 3.10077e-19
10102.9410 1.77783e-18 3.20149e-19
10104.0270 7.03195e-19 5.85148e-19
10105.1130 1.38434e-18 8.21382e-19
10106.1990 1.06990e-18 8.59722e-19
10107.2850 1.64603e-18 8.58118e-19
10108.3710 1.87409e-18 7.06995e-19
10109.4570 2.14310e-18 3.38465e-19
10110.5430 2.04252e-18 2.67397e-19
10111.6290 1.23947e-18 2.39294e-19
10112.7150 1.67372e-18 2.46761e-19
10113.8010 1.28163e-18 2.66929e-19
10114.8870 1.49647e-18 2.66649e-19
10115.9730 2.19557e-18 3.61765e-19
10117.0590 1.80506e-18 3.48385e-19
10118.1450 1.43881e-18 2.39630e-19
10119.2310 1.41374e-18 2.34925e-19
10120.3170 9.42208e-19 2.35317e-19
10121.4030 1.33232e-18 2.40924e-19
10122.4890 1.31723e-18 2.67127e-19
10123.5750 1.38213e-18 4.40139e-19
10124.6610 1.78838e-18 1.04737e-18
10125.7470 9.15936e-19 1.34479e-18
10126.8330 1.61298e-18 1.36181e-18
10127.9190 2.78043e-18 1.32254e-18
10129.0050 2.42600e-18 1.01045e-18
10130.0900 1.77637e-18 3.58212e-19
10131.1760 1.41829e-18 2.59060e-19
10132.2620 1.29039e-18 2.62260e-19
10133.3480 1.31908e-18 3.05702e-19
10134.4340 1.29578e-18 3.42765e-19
10135.5200 1.25321e-18 3.43469e-19
10136.6060 1.45676e-18 3.40905e-19
10137.6920 1.30112e-18 3.08214e-19
10138.7780 1.60361e-18 2.71228e-19
10139.8640 2.07239e-18 4.31861e-19
10140.9500 2.18103e-18 4.42481e-19
10142.0360 1.45123e-18 2.51041e-19
10143.1220 1.53541e-18 2.64669e-19
10144.2080 1.52697e-18 3.30737e-19
10145.2940 1.60178e-18 4.01588e-19
10146.3800 1.51236e-18 4.10736e-19
10147.4660 1.75414e-18 4.50759e-19
10148.5520 2.06379e-18 4.36274e-19
10149.6380 1.41778e-18 4.17637e-19
10150.7240 7.20142e-19 4.38854e-19
10151.8100 9.17260e-19 4.35239e-19
10152.8960 8.92626e-19 5.20341e-19
10153.9820 8.87178e-19 7.83983e-19
10155.0680 1.21907e-18 8.34088e-19
10156.1540 1.49939e-18 8.36701e-19
10157.2400 5.11951e-19 7.94091e-19
10158.3260 9.66047e-19 5.60444e-19
10159.4120 2.19193e-18 5.12859e-19
10160.4980 1.05311e-18 5.24636e-19
10161.5840 2.25428e-18 5.35223e-19
10162.6700 1.69488e-18 5.53873e-19
10163.7560 1.40692e-18 4.39451e-19
10164.8420 1.19617e-18 3.65929e-19
10165.9280 1.74662e-18 4.45791e-19
10167.0140 1.29818e-18 4.33491e-19
10168.1000 1.46765e-18 4.60025e-19
10169.1860 1.76626e-18 4.53688e-19
10170.2710 1.49742e-18 3.60903e-19
10171.3570 1.44912e-18 5.31904e-19
10172.4430 2.72875e-18 1.06468e-18
10173.5290 3.18141e-18 1.38781e-18
10174.6150 1.74985e-18 1.39579e-18
10175.7010 2.25886e-18 1.34892e-18
10176.7870 2.74939e-18 1.06417e-18
10177.8730 1.31841e-18 6.86494e-19
10178.9590 1.35827e-18 3.93266e-19
10180.0450 1.16571e-18 2.40056e-19
10181.1310 1.35102e-18 3.42638e-19
10182.2170 1.41560e-18 5.26898e-19
10183.3030 9.74796e-19 5.66720e-19
10184.3890 1.80764e-18 5.82320e-19
10185.4750 1.69526e-18 5.54960e-19
10186.5610 2.03414e-18 4.14703e-19
10187.6470 1.80384e-18 3.22835e-19
10188.7330 1.76541e-18 3.29321e-19
10189.8190 1.59247e-18 5.80251e-19
10190.9050 1.54362e-18 9.40024e-19
10191.9910 1.63516e-18 1.02377e-18
10193.0770 9.99671e-19 1.02276e-18
10194.1630 1.69966e-18 9.41452e-19
10195.2490 1.38523e-18 5.94592e-19
10196.3350 2.11395e-18 3.26082e-19
10197.4210 1.64078e-18 2.96338e-19
10198.5070 9.99925e-19 2.86282e-19
10199.5930 1.05512e-18 2.85230e-19
10200.6790 1.03306e-18 2.80013e-19
10201.7650 1.04895e-18 2.86345e-19
10202.8510 1.35140e-18 3.80236e-19
10203.9370 5.10703e-19 5.97500e-19
10205.0230 6.12781e-19 6.87557e-19
10206.1090 1.04457e-18 6.96728e-19
10207.1950 1.33221e-18 6.72962e-19
10208.2810 1.77958e-18 5.68951e-19
10209.3670 1.17513e-18 9.15030e-19
10210.4520 1.03664e-18 1.06298e-18
10211.5380 -4.90671e-19 -1.56018e-18
10212.6240 -2.12974e-19 -1.36408e-18
10213.7100 2.61483e-18 1.29474e-18
10214.7960 1.09464e-18 1.17239e-18
10215.8820 8.07199e-19 9.16068e-19
10216.9680 1.35579e-18 4.16536e-19
10218.0540 1.43219e-18 2.53937e-19
10219.1400 1.36804e-18 2.42177e-19
10220.2260 1.38718e-18 2.48167e-19
10221.3120 1.33188e-18 2.67255e-19
10222.3980 1.69199e-18 3.14049e-19
10223.4840 1.49300e-18 3.12334e-19
10224.5700 1.74070e-18 3.00317e-19
10225.6560 2.32046e-18 4.95251e-19
10226.7420 2.79141e-18 8.62538e-19
10227.8280 1.22891e-18 9.93691e-19
10228.9140 1.07066e-18 1.34735e-18
10230.0000 1.31046e-18 1.30119e-18
10231.0860 1.83391e-18 1.06047e-18
10232.1720 3.82801e-19 7.01644e-19
10233.2580 2.32328e-18 7.22596e-19
10234.3440 2.35367e-18 7.38101e-19
10235.4300 1.81251e-18 6.25376e-19
10236.5160 1.66793e-18 3.78673e-19
10237.6020 1.30977e-18 2.99254e-19
10238.6880 1.03451e-18 2.74031e-19
10239.7740 1.26906e-18 2.53196e-19
10240.8600 1.36744e-18 2.34230e-19
10241.9460 1.14888e-18 2.25876e-19
10243.0320 1.42416e-18 2.32167e-19
10244.1180 1.84481e-18 2.47031e-19
10245.2040 1.78485e-18 2.49431e-19
10246.2900 1.59298e-18 2.38986e-19
10247.3760 1.87087e-18 2.48551e-19
10248.4620 1.68752e-18 2.50844e-19
10249.5480 1.38187e-18 2.38141e-19
10250.6330 1.46959e-18 2.49242e-19
10251.7190 1.51237e-18 2.51466e-19
10252.8050 1.35958e-18 2.24831e-19
10253.8910 1.15079e-18 2.22296e-19
10254.9770 1.51387e-18 2.65251e-19
10256.0630 2.05582e-18 3.90836e-19
10257.1490 1.75772e-18 3.71687e-19
10258.2350 1.12799e-18 2.73783e-19
10259.3210 1.07183e-18 2.70779e-19
10260.4070 1.54134e-18 2.73393e-19
10261.4930 1.65653e-18 2.52569e-19
10262.5790 1.45631e-18 2.39406e-19
10263.6650 1.28645e-18 2.44531e-19
10264.7510 1.24044e-18 2.61507e-19
10265.8370 1.69728e-18 2.80559e-19
10266.9230 1.75051e-18 3.00976e-19
10268.0090 1.01160e-18 3.03850e-19
10269.0950 1.49847e-18 3.03741e-19
10270.1810 1.71998e-18 3.22248e-19
10271.2670 1.57812e-18 4.36693e-19
10272.3530 1.91738e-18 5.51748e-19
10273.4390 1.34977e-18 5.77934e-19
10274.5250 1.82194e-18 6.04979e-19
10275.6110 1.57631e-18 5.42844e-19
10276.6970 1.46234e-18 3.87032e-19
10277.7830 1.35317e-18 2.86014e-19
10278.8690 1.64528e-18 2.76246e-19
10279.9550 1.73803e-18 2.71095e-19
10281.0410 1.72375e-18 2.74467e-19
10282.1270 1.89720e-18 2.74879e-19
10283.2130 1.45384e-18 2.63513e-19
10284.2990 1.45653e-18 3.15858e-19
10285.3850 1.93497e-18 5.43112e-19
10286.4710 1.86303e-18 1.02369e-18
10287.5570 2.99662e-18 1.75119e-18
10288.6430 1.89756e-18 2.02338e-18
10289.7290 3.11736e-18 2.00205e-18
10290.8140 2.77721e-18 1.83547e-18
10291.9000 3.38654e-18 1.48136e-18
10292.9860 1.75505e-18 5.77425e-19
10294.0720 1.61445e-18 4.97750e-19
10295.1580 1.59191e-18 4.36503e-19
10296.2440 1.95956e-18 7.40329e-19
10297.3300 7.95201e-19 1.07750e-18
10298.4160 1.34054e-18 1.14431e-18
10299.5020 2.57832e-18 1.11118e-18
10300.5880 1.93998e-18 9.44782e-19
10301.6740 2.03073e-18 5.54127e-19
10302.7600 1.40462e-18 2.88004e-19
10303.8460 1.32545e-18 2.85108e-19
10304.9320 1.43637e-18 2.98729e-19
10306.0180 1.16917e-18 3.27118e-19
10307.1040 1.46282e-18 3.44879e-19
10308.1900 1.87107e-18 3.38817e-19
10309.2760 1.15795e-18 4.04173e-19
10310.3620 1.66397e-18 7.82005e-19
10311.4480 1.45024e-18 9.25984e-19
10312.5340 1.34140e-18 6.81857e-19
10313.6200 1.81081e-18 6.21667e-19
10314.7060 2.49346e-18 5.60985e-19
10315.7920 2.03038e-18 3.49909e-19
10316.8780 1.65296e-18 2.51337e-19
10317.9640 1.48086e-18 2.53673e-19
10319.0500 1.28871e-18 2.48748e-19
10320.1360 1.65571e-18 2.57837e-19
10321.2220 1.58721e-18 2.38278e-19
10322.3080 1.39858e-18 2.30869e-19
10323.3940 1.64869e-18 2.48790e-19
10324.4800 1.61950e-18 2.60794e-19
10325.5660 1.91350e-18 2.72117e-19
10326.6520 1.75974e-18 2.92366e-19
10327.7380 1.78203e-18 3.36787e-19
10328.8240 1.85511e-18 3.80115e-19
10329.9100 2.18136e-18 5.36299e-19
10330.9950 2.51478e-18 8.04249e-19
10332.0810 2.22602e-18 4.16889e-19
10333.1670 1.79380e-18 2.86854e-19
10334.2530 1.57070e-18 2.44596e-19
10335.3390 1.63121e-18 2.42539e-19
10336.4250 1.58418e-18 2.42519e-19
10337.5110 1.84454e-18 2.48074e-19
10338.5970 1.93982e-18 2.50974e-19
10339.6830 1.79275e-18 2.70962e-19
10340.7690 1.09449e-18 3.85065e-19
10341.8550 1.80379e-18 6.80814e-19
10342.9410 2.36581e-18 6.94172e-19
10344.0270 2.23774e-18 4.78977e-19
10345.1130 1.26082e-18 5.24023e-19
10346.1990 1.65009e-18 4.27583e-19
10347.2850 1.96010e-18 5.22114e-19
10348.3710 2.26262e-18 8.30470e-19
10349.4570 1.30121e-18 9.19291e-19
10350.5430 1.29733e-18 9.21445e-19
10351.6290 1.47509e-18 1.05114e-18
10352.7150 1.65046e-18 6.53195e-19
10353.8010 1.49807e-18 3.81925e-19
10354.8870 1.82400e-18 6.04645e-19
10355.9730 1.27399e-18 7.14758e-19
10357.0590 1.82258e-18 5.88571e-19
10358.1450 1.67134e-18 5.34590e-19
10359.2310 1.53478e-18 3.93671e-19
10360.3170 1.63174e-18 2.71098e-19
10361.4030 1.52016e-18 2.35871e-19
10362.4890 1.65796e-18 2.37988e-19
10363.5750 1.73762e-18 2.50889e-19
10364.6610 1.56260e-18 2.46916e-19
10365.7470 1.81071e-18 2.48924e-19
10366.8330 1.59321e-18 2.39287e-19
10367.9190 1.43689e-18 2.32336e-19
10369.0050 1.66841e-18 2.38795e-19
10370.0900 1.90479e-18 2.67262e-19
10371.1760 1.30289e-18 2.62530e-19
10372.2620 1.66792e-18 3.44223e-19
10373.3480 3.12446e-18 1.10984e-18
10374.4340 1.56253e-18 1.56614e-18
10375.5200 5.73160e-18 1.93198e-18
10376.6060 -3.37037e-20 -1.88960e-18
10377.6920 1.53672e-18 1.22785e-18
10378.7780 1.56296e-18 5.61202e-19
10379.8640 1.69167e-18 2.82229e-19
10380.9500 1.87464e-18 2.58727e-19
10382.0360 1.52875e-18 2.42252e-19
10383.1220 1.23729e-18 2.38532e-19
10384.2080 1.73463e-18 2.63046e-19
10385.2940 1.33200e-18 2.50405e-19
10386.3800 1.94672e-18 2.55110e-19
10387.4660 1.97205e-18 2.53416e-19
10388.5520 1.11701e-18 2.36840e-19
10389.6380 1.67165e-18 2.48512e-19
10390.7240 1.54695e-18 2.50892e-19
10391.8100 1.28031e-18 2.49650e-19
10392.8960 1.38406e-18 2.54665e-19
10393.9820 1.61597e-18 2.67708e-19
10395.0680 1.14659e-18 2.62812e-19
10396.1540 1.23910e-18 3.43647e-19
10397.2400 1.73808e-18 8.27559e-19
10398.3260 2.23933e-18 1.11922e-18
10399.4120 8.82998e-19 1.45405e-18
10400.4980 5.71756e-19 1.37726e-18
10401.5840 1.70017e-18 7.16450e-19
10402.6700 1.59131e-18 3.41927e-19
10403.7560 1.46850e-18 2.56279e-19
10404.8420 1.57090e-18 2.60088e-19
10405.9280 2.12636e-18 2.74969e-19
10407.0140 1.48712e-18 2.54790e-19
10408.1000 1.76848e-18 2.57224e-19
10409.1860 1.23189e-18 2.69187e-19
10410.2710 1.26613e-18 2.88981e-19
10411.3570 1.50517e-18 2.96825e-19
10412.4430 1.75146e-18 3.06764e-19
10413.5290 1.48859e-18 2.79054e-19
10414.6150 1.15865e-18 2.55229e-19
10415.7010 1.41250e-18 2.67657e-19
10416.7870 1.64689e-18 3.50132e-19
10417.8730 3.96852e-19 4.61833e-19
10418.9590 8.56421e-19 1.45986e-18
10420.0450 1.89687e-18 1.78798e-18
10421.1310 1.35225e-18 1.59938e-18
10422.2170 5.09252e-19 1.57981e-18
10423.3030 1.79321e-18 1.21164e-18
10424.3890 1.64610e-18 5.18930e-19
10425.4750 1.85892e-18 3.63559e-19
10426.5610 1.39620e-18 3.40412e-19
10427.6470 1.10127e-18 3.26693e-19
10428.7330 1.27471e-18 3.50385e-19
10429.8190 2.03311e-18 3.99267e-19
10430.9050 2.44566e-18 5.72766e-19
10431.9910 2.53900e-18 5.87624e-19
10433.0770 1.77780e-18 5.17379e-19
10434.1630 2.61832e-18 4.58976e-19
10435.2490 1.33307e-18 2.61351e-19
10436.3350 1.38877e-18 2.41295e-19
10437.4210 1.26857e-18 2.22409e-19
10438.5070 1.90643e-18 2.41142e-19
10439.5930 1.72502e-18 2.39577e-19
10440.6790 1.43746e-18 2.30831e-19
10441.7650 1.56493e-18 2.32454e-19
10442.8510 9.33303e-19 2.15445e-19
10443.9370 1.13977e-18 2.28417e-19
10445.0230 1.65664e-18 2.39423e-19
10446.1090 1.66216e-18 2.42952e-19
10447.1950 1.46340e-18 2.42666e-19
10448.2810 1.62604e-18 2.57684e-19
10449.3670 1.26013e-18 2.71037e-19
10450.4520 1.74257e-18 4.24033e-19
10451.5380 2.42486e-18 8.75699e-19
10452.6240 9.60328e-19 8.88747e-19
10453.7100 1.38957e-18 8.89632e-19
10454.7960 1.90914e-18 8.60014e-19
10455.8820 1.21772e-18 4.99161e-19
10456.9680 1.57363e-18 2.67121e-19
10458.0540 1.67334e-18 2.41556e-19
10459.1400 1.83378e-18 2.37469e-19
10460.2260 1.69491e-18 2.32709e-19
10461.3120 1.59552e-18 2.29815e-19
10462.3980 1.76692e-18 2.36684e-19
10463.4840 1.62320e-18 2.32990e-19
10464.5700 1.40323e-18 2.40587e-19
10465.6560 1.88594e-18 2.72393e-19
10466.7420 1.74942e-18 3.05504e-19
10467.8280 2.01682e-18 3.39816e-19
10468.9140 2.18423e-18 5.97137e-19
10470.0000 1.31897e-18 1.22001e-18
10471.0860 2.86184e-18 1.34997e-18
10472.1720 2.82809e-18 1.34530e-18
10473.2580 1.69101e-18 1.28377e-18
10474.3440 1.22212e-18 7.49583e-19
10475.4300 1.56357e-18 3.06958e-19
10476.5160 1.80625e-18 2.61943e-19
10477.6020 1.67646e-18 2.45863e-19
10478.6880 1.57272e-18 2.38218e-19
10479.7740 1.70225e-18 2.40205e-19
10480.8600 1.56324e-18 2.37541e-19
10481.9460 1.14148e-18 2.73200e-19
10483.0320 1.36489e-18 2.83260e-19
10484.1180 1.31078e-18 2.32010e-19
10485.2040 1.08114e-18 2.24477e-19
10486.2900 1.34327e-18 2.31831e-19
10487.3760 1.53235e-18 2.70198e-19
10488.4620 1.78542e-18 3.23740e-19
10489.5480 1.43121e-18 3.20062e-19
10490.6330 1.96924e-18 3.36542e-19
10491.7190 9.38764e-19 2.96500e-19
10492.8050 1.08564e-18 2.36910e-19
10493.8910 2.30939e-18 2.59381e-19
10494.9770 1.46031e-18 2.28255e-19
10496.0630 1.78191e-18 2.39127e-19
10497.1490 1.86331e-18 2.51243e-19
10498.2350 1.39731e-18 2.46444e-19
10499.3210 1.56890e-18 2.78439e-19
10500.4070 1.88461e-18 3.11444e-19
10501.4930 2.15959e-18 3.19770e-19
10502.5790 1.85873e-18 3.03904e-19
10503.6650 1.69046e-18 2.82474e-19
10504.7510 1.70008e-18 2.58310e-19
10505.8370 1.45821e-18 2.67500e-19
10506.9230 1.91207e-18 2.95568e-19
10508.0090 1.16410e-18 2.67615e-19
10509.0950 1.38149e-18 3.62862e-19
10510.1810 1.25454e-18 6.50586e-19
10511.2670 2.02278e-18 7.34512e-19
10512.3530 2.43457e-18 7.50933e-19
10513.4390 2.92935e-19 7.09311e-19
10514.5250 1.19869e-18 5.33933e-19
10515.6110 1.72369e-18 3.96566e-19
10516.6970 1.74232e-18 3.50519e-19
10517.7830 1.73814e-18 3.34049e-19
10518.8690 2.77204e-18 3.58376e-19
10519.9550 1.92319e-18 3.07883e-19
10521.0410 2.12205e-18 3.83271e-19
10522.1270 2.35272e-18 3.72013e-19
10523.2130 1.83226e-18 2.57973e-19
10524.2990 1.92601e-18 3.67718e-19
10525.3850 1.66013e-18 1.29956e-18
10526.4710 2.12275e-18 1.55136e-18
10527.5570 1.88705e-18 9.90457e-19
10528.6430 1.26989e-18 9.66920e-19
10529.7290 1.36134e-18 7.50742e-19
10530.8140 1.19396e-18 3.50453e-19
10531.9000 1.86987e-18 2.53190e-19
10532.9860 1.39460e-18 2.26685e-19
10534.0720 1.33463e-18 2.24967e-19
10535.1580 1.59769e-18 2.28551e-19
10536.2440 1.34815e-18 2.20827e-19
10537.3300 1.39907e-18 2.28212e-19
10538.4160 1.34075e-18 2.23392e-19
10539.5020 9.32572e-19 2.16616e-19
10540.5880 1.37646e-18 2.24983e-19
10541.6740 9.72966e-19 2.12982e-19
10542.7600 1.64411e-18 2.27361e-19
10543.8460 1.70260e-18 2.30820e-19
10544.9320 2.07142e-18 2.80572e-19
10546.0180 1.59620e-18 2.66468e-19
10547.1040 1.32787e-18 2.17068e-19
10548.1900 1.58383e-18 2.26453e-19
10549.2760 1.76159e-18 2.39859e-19
10550.3620 1.57425e-18 2.86057e-19
10551.4480 1.91930e-18 3.26576e-19
10552.5340 1.60188e-18 2.72037e-19
10553.6200 1.55566e-18 3.35695e-19
10554.7060 1.61542e-18 3.47324e-19
10555.7920 1.67579e-18 2.98719e-19
10556.8780 1.69585e-18 2.76974e-19
10557.9640 2.20980e-18 3.25337e-19
10559.0500 1.71181e-18 3.09130e-19
10560.1360 1.52066e-18 2.45854e-19
10561.2220 1.74360e-18 2.30200e-19
10562.3080 1.78112e-18 2.31368e-19
10563.3940 1.71013e-18 2.31055e-19
10564.4800 2.05650e-18 3.04707e-19
10565.5660 1.54620e-18 2.89954e-19
10566.6520 1.70670e-18 2.28775e-19
10567.7380 1.74697e-18 2.32780e-19
10568.8240 1.93781e-18 2.37821e-19
10569.9100 1.80915e-18 2.38210e-19
10570.9950 1.41951e-18 2.34058e-19
10572.0810 1.47210e-18 2.73120e-19
10573.1670 1.30416e-18 4.06344e-19
10574.2530 6.35288e-19 5.02737e-19
10575.3390 1.53137e-18 5.14407e-19
10576.4250 2.17054e-18 4.99046e-19
10577.5110 2.04670e-18 4.22707e-19
10578.5970 1.29707e-18 2.50248e-19
10579.6830 1.45134e-18 2.32152e-19
10580.7690 1.25747e-18 2.22159e-19
10581.8550 1.69067e-18 2.30044e-19
10582.9410 1.64149e-18 2.26477e-19
10584.0270 1.61269e-18 2.24311e-19
10585.1130 2.17365e-18 2.81189e-19
10586.1990 2.01431e-18 4.43150e-19
10587.2850 1.78743e-18 6.01498e-19
10588.3710 1.78009e-18 6.46814e-19
10589.4570 1.90425e-18 6.49207e-19
10590.5430 1.69683e-18 5.67587e-19
10591.6290 2.02914e-18 3.76246e-19
10592.7150 1.42340e-18 2.73726e-19
10593.8010 1.26382e-18 3.29784e-19
10594.8870 2.27491e-18 3.43028e-19
10595.9730 2.26799e-18 2.72994e-19
10597.0590 1.43198e-18 2.49775e-19
10598.1450 1.65328e-18 2.63831e-19
10599.2310 1.21321e-18 2.65710e-19
10600.3170 1.75089e-18 2.79741e-19
10601.4030 1.85427e-18 2.88009e-19
10602.4890 1.38832e-18 2.84833e-19
10603.5750 8.36853e-19 2.61913e-19
10604.6610 1.76922e-18 2.61644e-19
10605.7470 1.66247e-18 2.49668e-19
10606.8330 1.73200e-18 2.39137e-19
10607.9190 1.68195e-18 2.40637e-19
10609.0050 1.45285e-18 2.36809e-19
10610.0900 1.57218e-18 2.38534e-19
10611.1760 1.92156e-18 2.50989e-19
10612.2620 1.27935e-18 2.50082e-19
10613.3480 1.51000e-18 2.61091e-19
10614.4340 1.82856e-18 2.50055e-19
10615.5200 1.56016e-18 2.36129e-19
10616.6060 1.66501e-18 2.32879e-19
10617.6920 1.85217e-18 2.33949e-19
10618.7780 2.18198e-18 2.82714e-19
10619.8640 2.18780e-18 2.88521e-19
10620.9500 2.06468e-18 2.42671e-19
10622.0360 1.80628e-18 2.34935e-19
10623.1220 1.90817e-18 2.43239e-19
10624.2080 1.77161e-18 2.44212e-19
10625.2940 1.85480e-18 2.51689e-19
10626.3800 1.39819e-18 2.34498e-19
10627.4660 2.11936e-18 2.55266e-19
10628.5520 2.01509e-18 2.48467e-19
10629.6380 2.09765e-18 2.47378e-19
10630.7240 2.43424e-18 2.55200e-19
10631.8100 2.22681e-18 2.44038e-19
10632.8960 1.72398e-18 2.25569e-19
10633.9820 1.66888e-18 2.23256e-19
10635.0680 1.53514e-18 2.14148e-19
10636.1540 1.55521e-18 2.12234e-19
10637.2400 1.64126e-18 2.18155e-19
10638.3260 1.62501e-18 2.22438e-19
10639.4120 1.61092e-18 2.26908e-19
10640.4980 1.13022e-18 2.42096e-19
10641.5840 1.51555e-18 3.23059e-19
10642.6700 1.48134e-18 3.63198e-19
10643.7560 1.98652e-18 3.76412e-19
10644.8420 2.07829e-18 3.61444e-19
10645.9280 1.70980e-18 2.98168e-19
10647.0140 1.91689e-18 2.60464e-19
10648.1000 2.05868e-18 2.53860e-19
10649.1860 3.28088e-18 2.86323e-19
10650.2710 5.60205e-18 4.07116e-19
10651.3570 8.30983e-18 6.02817e-19
10652.4430 1.21695e-17 8.71509e-19
10653.5290 1.61218e-17 1.08279e-18
10654.6150 1.53586e-17 1.05042e-18
10655.7010 1.23471e-17 8.80186e-19
10656.7870 7.81597e-18 6.21032e-19
10657.8730 4.72682e-18 4.08522e-19
10658.9590 2.98194e-18 2.78051e-19
10660.0450 2.33182e-18 2.45136e-19
10661.1310 1.90187e-18 2.27481e-19
10662.2170 2.10730e-18 2.33647e-19
10663.3030 1.58945e-18 2.21760e-19
10664.3890 1.85472e-18 2.33760e-19
10665.4750 1.66733e-18 2.24000e-19
10666.5610 1.43055e-18 2.28102e-19
10667.6470 1.39399e-18 2.42232e-19
10668.7330 1.29411e-18 2.44566e-19
10669.8190 1.23652e-18 2.50141e-19
10670.9050 1.27579e-18 2.86921e-19
10671.9910 1.62915e-18 2.73559e-19
10673.0770 1.72573e-18 2.35313e-19
10674.1630 1.60825e-18 2.28805e-19
10675.2490 1.69383e-18 2.25349e-19
10676.3350 1.64880e-18 2.24927e-19
10677.4210 1.54354e-18 2.20877e-19
10678.5070 1.32261e-18 2.15822e-19
10679.5930 1.38037e-18 2.16277e-19
10680.6790 1.91140e-18 2.32261e-19
10681.7650 1.59441e-18 2.34878e-19
10682.8510 1.57030e-18 2.62916e-19
10683.9370 2.21984e-18 3.26170e-19
10685.0230 2.82622e-18 4.15507e-19
10686.1090 3.96733e-18 4.91730e-19
10687.1950 4.28635e-18 5.37479e-19
10688.2810 4.05138e-18 5.67227e-19
10689.3670 3.39025e-18 5.92604e-19
10690.4520 2.42144e-18 5.77622e-19
10691.5380 1.93814e-18 5.68701e-19
10692.6240 2.17409e-18 5.67936e-19
10693.7100 2.19618e-18 5.13957e-19
10694.7960 1.36545e-18 4.25959e-19
10695.8820 1.76047e-18 3.92743e-19
10696.9680 2.06992e-18 4.31051e-19
10698.0540 1.49935e-18 5.76617e-19
10699.1400 9.95870e-19 6.64701e-19
10700.2260 6.82335e-19 6.79164e-19
10701.3120 2.89649e-18 6.88006e-19
10702.3980 1.32644e-18 5.54687e-19
10703.4840 1.77606e-18 4.55340e-19
10704.5700 6.70326e-19 5.27416e-19
10705.6560 1.04460e-18 5.89485e-19
10706.7420 1.63701e-18 5.73964e-19
10707.8280 1.98396e-18 5.62800e-19
10708.9140 2.11824e-18 4.25126e-19
10710.0000 1.89196e-18 3.20918e-19
10711.0860 2.10412e-18 6.29329e-19
10712.1720 2.49191e-18 9.40816e-19
10713.2580 1.59172e-18 9.83890e-19
10714.3440 2.99223e-18 9.95351e-19
10715.4300 2.16940e-18 8.81970e-19
10716.5160 1.68790e-18 5.68144e-19
10717.6020 1.63001e-18 4.50391e-19
10718.6880 1.47433e-18 4.33896e-19
10719.7740 2.09120e-18 4.61509e-19
10720.8600 1.71486e-18 5.87314e-19
10721.9460 1.36395e-18 7.04625e-19
10723.0320 1.10644e-18 7.17143e-19
10724.1180 1.15798e-18 7.27947e-19
10725.2040 1.35410e-18 6.49397e-19
10726.2900 1.68067e-18 4.28005e-19
10727.3760 1.66992e-18 3.73648e-19
10728.4620 2.13330e-18 5.55386e-19
10729.5480 1.98838e-18 1.02757e-18
10730.6330 2.39815e-18 1.34403e-18
10731.7190 2.67662e-18 1.34316e-18
10732.8050 1.42642e-18 1.22127e-18
10733.8910 2.37796e-18 9.27088e-19
10734.9770 1.44216e-18 3.75140e-19
10736.0630 1.92406e-18 2.80760e-19
10737.1490 1.94583e-18 3.12637e-19
10738.2350 1.71611e-18 3.46038e-19
10739.3210 1.27242e-18 3.43627e-19
10740.4070 1.37659e-18 3.47267e-19
10741.4930 1.58354e-18 3.22962e-19
10742.5790 1.89985e-18 3.29771e-19
10743.6650 9.28407e-19 5.94601e-19
10744.7510 7.03807e-19 8.41720e-19
10745.8370 9.39126e-19 8.80540e-19
10746.9230 1.70589e-18 9.97113e-19
10748.0090 1.05042e-18 8.40193e-19
10749.0950 1.90730e-18 4.64044e-19
10750.1810 1.60275e-18 3.77967e-19
10751.2670 1.81508e-18 8.66087e-19
10752.3530 2.70160e-18 1.34075e-18
10753.4390 1.45726e-18 1.41008e-18
10754.5250 2.21163e-18 1.41093e-18
10755.6110 2.14168e-18 1.20926e-18
10756.6970 1.28629e-18 6.44153e-19
10757.7830 1.30423e-18 2.93841e-19
10758.8690 1.43539e-18 2.63106e-19
10759.9550 1.74505e-18 2.52957e-19
10761.0410 1.34999e-18 2.43561e-19
10762.1270 1.19092e-18 2.42930e-19
10763.2130 1.64229e-18 4.85542e-19
10764.2990 1.43694e-18 5.48448e-19
10765.3850 1.87693e-18 3.70210e-19
10766.4710 1.94742e-18 4.54563e-19
10767.5570 2.64271e-18 4.08796e-19
10768.6430 1.63620e-18 2.48500e-19
10769.7290 1.27060e-18 2.32493e-19
10770.8140 1.37488e-18 2.46527e-19
10771.9000 1.49936e-18 3.97046e-19
10772.9860 1.84628e-18 7.17184e-19
10774.0720 9.13750e-19 8.73609e-19
10775.1580 1.01095e-18 8.76855e-19
10776.2440 1.47784e-18 8.61088e-19
10777.3300 2.13080e-18 6.42495e-19
10778.4160 2.52210e-18 3.96396e-19
10779.5020 2.21864e-18 3.28544e-19
10780.5880 1.78590e-18 2.44192e-19
10781.6740 1.65116e-18 2.42922e-19
10782.7600 1.56322e-18 2.44370e-19
10783.8460 1.64723e-18 2.45731e-19
10784.9320 1.27700e-18 2.32451e-19
10786.0180 1.17420e-18 2.27933e-19
10787.1040 1.23595e-18 2.21548e-19
10788.1900 1.79172e-18 2.31756e-19
10789.2760 1.71125e-18 2.26049e-19
10790.3620 1.50913e-18 2.29305e-19
10791.4480 1.23158e-18 2.18506e-19
10792.5340 1.39846e-18 2.33115e-19
10793.6200 1.60457e-18 2.82453e-19
10794.7060 1.52899e-18 3.25995e-19
10795.7920 1.49609e-18 3.52484e-19
10796.8780 1.56924e-18 3.47796e-19
10797.9640 1.90817e-18 3.23696e-19
10799.0500 1.61933e-18 2.76944e-19
10800.1360 1.27386e-18 2.34928e-19
10801.2220 1.48109e-18 2.50793e-19
10802.3080 1.53110e-18 3.15909e-19
10803.3940 1.58469e-18 3.43049e-19
10804.4800 1.42077e-18 3.10141e-19
10805.5660 1.69429e-18 3.07746e-19
10806.6520 1.51533e-18 2.69588e-19
10807.7380 1.65418e-18 2.43043e-19
10808.8240 1.19140e-18 2.33934e-19
10809.9100 1.31389e-18 2.38389e-19
10810.9950 1.32409e-18 2.43172e-19
10812.0810 1.19017e-18 2.48764e-19
10813.1670 1.58670e-18 2.54633e-19
10814.2530 1.61382e-18 2.55922e-19
10815.3390 1.31587e-18 2.46112e-19
10816.4250 1.22944e-18 2.35567e-19
10817.5110 1.45020e-18 2.33868e-19
10818.5970 1.74133e-18 2.58217e-19
10819.6830 1.58739e-18 2.47479e-19
10820.7690 1.49658e-18 2.19920e-19
10821.8550 1.39078e-18 2.13802e-19
10822.9410 1.47389e-18 2.15911e-19
10824.0270 1.64048e-18 2.21608e-19
10825.1130 1.43398e-18 2.59803e-19
10826.1990 1.62445e-18 2.64663e-19
10827.2850 1.27042e-18 2.33259e-19
10828.3710 1.34665e-18 2.61431e-19
10829.4570 9.45922e-19 4.44889e-19
10830.5430 1.56560e-18 7.98521e-19
10831.6290 1.31059e-18 1.98730e-18
10832.7150 4.57842e-18 2.89073e-18
10833.8010 2.92433e-18 2.23413e-18
10834.8870 1.50068e-18 2.16510e-18
10835.9730 2.60198e-18 1.84437e-18
10837.0590 1.29365e-18 9.60623e-19
10838.1450 1.29781e-18 4.27311e-19
10839.2310 1.76451e-18 4.64034e-19
10840.3170 1.79043e-18 5.50614e-19
10841.4030 1.65908e-18 7.04183e-19
10842.4890 2.00799e-18 1.00161e-18
10843.5750 3.34455e-20 1.25894e-18
10844.6610 -3.03523e-19 -1.26451e-18
10845.7470 9.23567e-19 1.20409e-18
10846.8330 1.19447e-18 9.25079e-19
10847.9190 1.78214e-18 3.96215e-19
10849.0050 1.35802e-18 2.55640e-19
10850.0900 1.59223e-18 2.45381e-19
10851.1760 1.90876e-18 2.65327e-19
10852.2620 1.96607e-18 2.97661e-19
10853.3480 1.54202e-18 3.08402e-19
10854.4340 1.47969e-18 3.11355e-19
10855.5200 2.01567e-18 3.34598e-19
10856.6060 1.94254e-18 4.35885e-19
10857.6920 1.56660e-18 6.28140e-19
10858.7780 1.47776e-18 7.36098e-19
10859.8640 1.34687e-18 7.89266e-19
10860.9500 8.44442e-19 7.33217e-19
10862.0360 8.90480e-19 5.13144e-19
10863.1220 1.63768e-18 2.85217e-19
10864.2080 1.82545e-18 2.63610e-19
10865.2940 1.64280e-18 2.44274e-19
10866.3800 1.31534e-18 2.08658e-19
10867.4660 1.13053e-18 1.98300e-19
10868.5520 1.46320e-18 2.02876e-19
10869.6380 1.24717e-18 1.96393e-19
10870.7240 1.42313e-18 2.08279e-19
10871.8100 1.48329e-18 2.28563e-19
10872.8960 1.52624e-18 2.97257e-19
10873.9820 1.65468e-18 3.25488e-19
10875.0680 1.25832e-18 2.99373e-19
10876.1540 1.16825e-18 3.78973e-19
10877.2400 1.23630e-18 4.55724e-19
10878.3260 1.08155e-18 4.93075e-19
10879.4120 1.47417e-18 4.81665e-19
10880.4980 1.82760e-18 4.49694e-19
10881.5840 8.13664e-19 3.49099e-19
10882.6700 1.32154e-18 2.53071e-19
10883.7560 1.57063e-18 2.20894e-19
10884.8420 1.66687e-18 2.57351e-19
10885.9280 2.07777e-18 2.92466e-19
10887.0140 2.06878e-18 3.01386e-19
10888.1000 1.62275e-18 3.02269e-19
10889.1860 1.38197e-18 2.71953e-19
10890.2710 1.58335e-18 2.35114e-19
10891.3570 1.49326e-18 2.13433e-19
10892.4430 1.61459e-18 2.14579e-19
10893.5290 1.44193e-18 2.12721e-19
10894.6150 1.38257e-18 2.33101e-19
10895.7010 1.04599e-18 4.78756e-19
10896.7870 8.95009e-19 8.88158e-19
10897.8730 1.38550e-18 1.02874e-18
10898.9590 1.98728e-18 1.03765e-18
10900.0450 1.77536e-18 1.00797e-18
10901.1310 3.26009e-18 7.13173e-19
10902.2170 3.39865e-18 3.74901e-19
10903.3030 3.70800e-18 3.71023e-19
10904.3890 3.15726e-18 3.40411e-19
10905.4750 3.12972e-18 3.19096e-19
10906.5610 2.55117e-18 2.83357e-19
10907.6470 1.92185e-18 2.34224e-19
10908.7330 2.08451e-18 2.27274e-19
10909.8190 1.80599e-18 2.20235e-19
10910.9050 1.41754e-18 2.10171e-19
10911.9910 1.08597e-18 2.01044e-19
10913.0770 1.13255e-18 2.03457e-19
10914.1630 1.46949e-18 2.11016e-19
10915.2490 1.73583e-18 2.16286e-19
10916.3350 1.89738e-18 2.29944e-19
10917.4210 1.69891e-18 2.23505e-19
10918.5070 1.69860e-18 2.22593e-19
10919.5930 1.76016e-18 2.40165e-19
10920.6790 2.03909e-18 3.56712e-19
10921.7650 2.29043e-18 3.97639e-19
10922.8510 2.82519e-18 5.85421e-19
10923.9370 3.93188e-18 1.44449e-18
10925.0230 1.97484e-18 1.86242e-18
10926.1090 5.20841e-18 2.00768e-18
10927.1950 4.53758e-18 1.90296e-18
10928.2810 2.52254e-18 1.58073e-18
10929.3670 1.22104e-18 6.98185e-19
10930.4520 1.73146e-18 3.27644e-19
10931.5380 2.12208e-18 2.83835e-19
10932.6240 1.87490e-18 2.60052e-19
10933.7100 1.41043e-18 2.40360e-19
10934.7960 1.46825e-18 2.33139e-19
10935.8820 1.58718e-18 2.29055e-19
10936.9680 1.39010e-18 3.16933e-19
10938.0540 1.91992e-18 3.20521e-19
10939.1400 1.47007e-18 2.19777e-19
10940.2260 2.03780e-18 3.95780e-19
10941.3120 2.84370e-18 4.20124e-19
10942.3980 1.92111e-18 3.26931e-19
10943.4840 1.53315e-18 2.24728e-19
10944.5700 2.40927e-18 3.22255e-19
10945.6560 1.94382e-18 3.06380e-19
10946.7420 1.64696e-18 2.32351e-19
10947.8280 1.80959e-18 3.50758e-19
10948.9140 1.84870e-18 8.21111e-19
10950.0000 1.49518e-18 1.21001e-18
10951.0860 2.59599e-18 1.24960e-18
10952.1720 1.99819e-18 1.20592e-18
10953.2580 1.27302e-18 1.01542e-18
10954.3440 1.57629e-18 4.88557e-19
10955.4300 1.94034e-18 3.01465e-19
10956.5160 1.15533e-18 2.25573e-19
10957.6020 2.33808e-18 2.43438e-19
10958.6880 1.80943e-18 2.27813e-19
10959.7740 2.09308e-18 2.31865e-19
10960.8600 1.58177e-18 2.51600e-19
10961.9460 1.75431e-18 2.53900e-19
10963.0320 1.73978e-18 2.25566e-19
10964.1180 1.97666e-18 2.54756e-19
10965.2040 2.16319e-18 2.66991e-19
10966.2900 1.75573e-18 2.70817e-19
10967.3760 1.40498e-18 2.94912e-19
10968.4620 2.10351e-18 3.36041e-19
10969.5480 1.69821e-18 3.43658e-19
10970.6330 4.56535e-19 3.84427e-19
10971.7190 1.04492e-18 5.29204e-19
10972.8050 1.41502e-18 1.23509e-18
10973.8910 3.87567e-18 1.94747e-18
10974.9770 4.77562e-18 2.05401e-18
10976.0630 6.72465e-19 2.02264e-18
10977.1490 9.21945e-19 1.73933e-18
10978.2350 2.87916e-18 8.06568e-19
10979.3210 1.37069e-18 3.77841e-19
10980.4070 1.90594e-18 3.23380e-19
10981.4930 1.93048e-18 2.91022e-19
10982.5790 1.55729e-18 2.53297e-19
10983.6650 1.43974e-18 2.81822e-19
10984.7510 1.99379e-18 3.46344e-19
10985.8370 2.04415e-18 3.52364e-19
10986.9230 1.31904e-18 3.35063e-19
10988.0090 1.03749e-18 3.00868e-19
10989.0950 1.08146e-18 2.28640e-19
10990.1810 1.79291e-18 2.30297e-19
10991.2670 1.81688e-18 2.29594e-19
10992.3530 2.13122e-18 2.39534e-19
10993.4390 1.68383e-18 2.26189e-19
10994.5250 1.46769e-18 2.19938e-19
10995.6110 1.34396e-18 2.18283e-19
10996.6970 1.68174e-18 2.27183e-19
10997.7830 2.04180e-18 3.15210e-19
10998.8690 2.18377e-18 3.16325e-19
10999.9550 1.67607e-18 2.21231e-19
11001.0410 1.92286e-18 2.35951e-19
11002.1270 1.82941e-18 2.41355e-19
11003.2130 1.21962e-18 2.30319e-19
11004.2990 1.44300e-18 2.42329e-19
11005.3850 1.59717e-18 2.63342e-19
11006.4710 1.25970e-18 6.47331e-19
11007.5570 1.62883e-18 1.24688e-18
11008.6430 1.30729e-18 1.13400e-18
11009.7290 1.67581e-18 1.15834e-18
11010.8140 2.21875e-18 1.08178e-18
11011.9000 1.67528e-18 6.01302e-19
11012.9860 1.71115e-18 4.12201e-19
11014.0720 1.97402e-18 3.60467e-19
11015.1580 1.62906e-18 2.36834e-19
11016.2440 1.78993e-18 2.34193e-19
11017.3300 1.81830e-18 2.28402e-19
11018.4160 1.64165e-18 2.20597e-19
11019.5020 1.56635e-18 2.16859e-19
11020.5880 1.58178e-18 2.20762e-19
11021.6740 1.69356e-18 2.24353e-19
11022.7600 1.72757e-18 2.21832e-19
11023.8460 1.32341e-18 2.16417e-19
11024.9320 1.41990e-18 2.39115e-19
11026.0180 1.88069e-18 3.16747e-19
11027.1040 1.35529e-18 9.18009e-19
11028.1900 -4.91353e-19 -1.59299e-18
11029.2760 1.31800e-18 1.71638e-18
11030.3620 2.86695e-19 1.72854e-18
11031.4480 1.32412e-18 1.57159e-18
11032.5340 1.82633e-18 8.18117e-19
11033.6200 2.16965e-18 3.52277e-19
11034.7060 1.58256e-18 2.83142e-19
11035.7920 1.72287e-18 2.50280e-19
11036.8780 1.86809e-18 2.46911e-19
11037.9640 1.49906e-18 2.44401e-19
11039.0500 1.70240e-18 3.10637e-19
11040.1360 1.69790e-18 3.29335e-19
11041.2220 1.72719e-18 2.79715e-19
11042.3080 1.86643e-18 2.90810e-19
11043.3940 1.62282e-18 2.75106e-19
11044.4800 1.49860e-18 2.50781e-19
11045.5660 1.30541e-18 2.26624e-19
11046.6520 1.49765e-18 2.22221e-19
11047.7380 1.42071e-18 2.17177e-19
11048.8240 1.39449e-18 2.08641e-19
11049.9100 1.43567e-18 2.09663e-19
11050.9950 1.68478e-18 2.16828e-19
11052.0810 1.83813e-18 2.82233e-19
11053.1670 2.01461e-18 3.37689e-19
11054.2530 1.72970e-18 3.41454e-19
11055.3390 1.51504e-18 3.61962e-19
11056.4250 1.37496e-18 3.19732e-19
11057.5110 1.86013e-18 2.53641e-19
11058.5970 1.90542e-18 2.40346e-19
11059.6830 1.74184e-18 2.31409e-19
11060.7690 1.62700e-18 2.29498e-19
11061.8550 1.99534e-18 2.64637e-19
11062.9410 1.87280e-18 2.82342e-19
11064.0270 1.37906e-18 2.83240e-19
11065.1130 1.56074e-18 3.73416e-19
11066.1990 2.14277e-18 3.55944e-19
11067.2850 1.17508e-18 2.48144e-19
11068.3710 1.48888e-18 2.71659e-19
11069.4570 1.44131e-18 4.20226e-19
11070.5430 2.29764e-18 7.82810e-19
11071.6290 3.04089e-18 9.04053e-19
11072.7150 1.42570e-18 8.83987e-19
11073.8010 1.21564e-18 8.33205e-19
11074.8870 1.86582e-18 5.58768e-19
11075.9730 1.25282e-18 2.88505e-19
11077.0590 1.29226e-18 2.21596e-19
11078.1450 1.08110e-18 2.02888e-19
11079.2310 1.56784e-18 2.07768e-19
11080.3170 1.64244e-18 2.22029e-19
11081.4030 1.77703e-18 2.73410e-19
11082.4890 1.71526e-18 3.17985e-19
11083.5750 1.48646e-18 3.29922e-19
11084.6610 1.73376e-18 3.39929e-19
11085.7470 1.28836e-18 3.29444e-19
11086.8330 1.34315e-18 7.12410e-19
11087.9190 1.20461e-18 1.34447e-18
11089.0050 1.09681e-18 1.34377e-18
11090.0900 2.42276e-18 1.35700e-18
11091.1760 2.56141e-18 1.17303e-18
11092.2620 2.15526e-18 8.67158e-19
11093.3480 1.28623e-18 4.27989e-19
11094.4340 1.54386e-18 2.43326e-19
11095.5200 1.55879e-18 2.18107e-19
11096.6060 1.23099e-18 2.07841e-19
11097.6920 1.31349e-18 2.07699e-19
11098.7780 1.54371e-18 2.12655e-19
11099.8640 1.38182e-18 2.01030e-19
11100.9500 1.46825e-18 2.00713e-19
11102.0360 1.58645e-18 2.05139e-19
11103.1220 1.64146e-18 2.05957e-19
11104.2080 1.25701e-18 2.07954e-19
11105.2940 1.12311e-18 2.16770e-19
11106.3800 1.24513e-18 2.18355e-19
11107.4660 1.84846e-18 2.42388e-19
11108.5520 1.51768e-18 2.42564e-19
11109.6380 1.75912e-18 2.46050e-19
11110.7240 1.60733e-18 2.29087e-19
11111.8100 1.44735e-18 2.22398e-19
11112.8960 1.31112e-18 2.09046e-19
11113.9820 1.29194e-18 2.02666e-19
11115.0680 1.49730e-18 2.13913e-19
11116.1540 1.78808e-18 2.20894e-19
11117.2400 1.61164e-18 2.10480e-19
11118.3260 1.28644e-18 2.02176e-19
11119.4120 1.01703e-18 1.95978e-19
11120.4980 1.27363e-18 2.07283e-19
11121.5840 1.18754e-18 2.43773e-19
11122.6700 1.11586e-18 2.69031e-19
11123.7560 1.37072e-18 2.80443e-19
11124.8420 1.89577e-18 2.87281e-19
11125.9280 1.38150e-18 2.46349e-19
11127.0140 1.34445e-18 2.14560e-19
11128.1000 1.86841e-18 2.22667e-19
11129.1860 1.52905e-18 2.17449e-19
11130.2710 1.41437e-18 2.21191e-19
11131.3570 1.68737e-18 2.40360e-19
11132.4430 2.00545e-18 2.67550e-19
11133.5290 1.46548e-18 2.29743e-19
11134.6150 1.29682e-18 2.05915e-19
11135.7010 1.65248e-18 2.25036e-19
11136.7870 2.01917e-18 2.51141e-19
11137.8730 2.02736e-18 3.70145e-19
11138.9590 1.76654e-18 6.19920e-19
11140.0450 1.95564e-18 7.04830e-19
11141.1310 1.65689e-18 6.67545e-19
11142.2170 2.05680e-18 6.65966e-19
11143.3030 2.21167e-18 4.90288e-19
11144.3890 1.98192e-18 2.73032e-19
11145.4750 1.54186e-18 2.26342e-19
11146.5610 1.55153e-18 2.30787e-19
11147.6470 1.33836e-18 2.25711e-19
11148.7330 1.43317e-18 2.27530e-19
11149.8190 1.31261e-18 2.36748e-19
11150.9050 1.90984e-18 2.79264e-19
11151.9910 2.66369e-18 3.35567e-19
11153.0770 1.46097e-18 5.26114e-19
11154.1630 1.67778e-18 8.14149e-19
11155.2490 1.81865e-18 9.29304e-19
11156.3350 1.47316e-18 9.01111e-19
11157.4210 1.63264e-18 8.41054e-19
11158.5070 1.49994e-18 6.07156e-19
11159.5930 1.48602e-18 3.21048e-19
11160.6790 1.54665e-18 2.59271e-19
11161.7650 1.85605e-18 2.86269e-19
11162.8510 1.70140e-18 3.55773e-19
11163.9370 1.60217e-18 4.28576e-19
11165.0230 1.51660e-18 4.78793e-19
11166.1090 2.03861e-18 4.82443e-19
11167.1950 1.56250e-18 4.44938e-19
11168.2810 1.53089e-18 4.10099e-19
11169.3670 1.58434e-18 3.77652e-19
11170.4520 1.41002e-18 3.70636e-19
11171.5380 1.55263e-18 4.07728e-19
11172.6240 1.54238e-18 3.86871e-19
11173.7100 1.72942e-18 3.25742e-19
11174.7960 1.37254e-18 2.89997e-19
11175.8820 9.04156e-19 2.25911e-19
11176.9680 1.17500e-18 2.05613e-19
11178.0540 1.50391e-18 2.15691e-19
11179.1400 1.41167e-18 2.20010e-19
11180.2260 1.57881e-18 2.41232e-19
11181.3120 1.56677e-18 2.52341e-19
11182.3980 1.45678e-18 2.72419e-19
11183.4840 1.43636e-18 2.92646e-19
11184.5700 1.11479e-18 2.56587e-19
11185.6560 9.81032e-19 2.22834e-19
11186.7420 1.83083e-18 2.45488e-19
11187.8280 2.09540e-18 2.78350e-19
11188.9140 2.51579e-18 3.17932e-19
11190.0000 1.44073e-18 2.82588e-19
11191.0860 1.00584e-18 2.63606e-19
11192.1720 6.64012e-19 2.66316e-19
11193.2580 1.04057e-18 2.89667e-19
11194.3440 1.40698e-18 2.74141e-19
11195.4300 1.64398e-18 2.48320e-19
11196.5160 1.79271e-18 2.44598e-19
11197.6020 1.58174e-18 2.44674e-19
11198.6880 1.27948e-18 2.59240e-19
11199.7740 1.64802e-18 2.80771e-19
11200.8600 9.21383e-19 2.53408e-19
11201.9460 6.94046e-19 2.62206e-19
11203.0320 1.19162e-18 3.23092e-19
11204.1180 1.34509e-18 3.13533e-19
11205.2040 1.47410e-18 2.63137e-19
11206.2900 1.47287e-18 2.51417e-19
11207.3760 1.08987e-18 2.60540e-19
11208.4620 1.03352e-18 2.74866e-19
11209.5480 7.53589e-19 2.86339e-19
11210.6330 1.36703e-18 3.21807e-19
11211.7190 1.66805e-18 4.06769e-19
11212.8050 1.62625e-18 5.75889e-19
11213.8910 1.27873e-18 4.99623e-19
11214.9770 -0.00000e+00 nan
11216.0630 -0.00000e+00 nan
11217.1490 0.00000e+00 nan
11218.2350 0.00000e+00 nan
11219.3210 0.00000e+00 nan
11220.4070 0.00000e+00 nan
11221.4930 0.00000e+00 nan
11222.5790 0.00000e+00 nan
11223.6650 0.00000e+00 nan
11224.7510 0.00000e+00 nan
11225.8370 0.00000e+00 nan
11226.9230 0.00000e+00 nan
11228.0090 0.00000e+00 nan
11229.0950 0.00000e+00 nan
11230.1810 0.00000e+00 nan
11231.2670 0.00000e+00 nan
11232.3530 0.00000e+00 nan
11233.4390 0.00000e+00 nan
11234.5250 0.00000e+00 nan
11235.6110 0.00000e+00 nan
11236.6970 0.00000e+00 nan
11237.7830 0.00000e+00 nan
