lambda f_lambda fErr_lambda
9139.667900000377 5.712397441566819e-19 0.0
9140.753900000376 5.712397441566819e-19 0.0
9141.839900000376 5.712397441566819e-19 0.0
9142.925900000375 5.712397441566819e-19 0.0
9144.011900000374 5.712397441566819e-19 0.0
9145.097900000374 5.712397441566819e-19 0.0
9146.183900000373 5.712397441566819e-19 0.0
9147.269900000372 5.712397441566819e-19 0.0
9148.355900000372 5.712397441566819e-19 0.0
9149.44190000037 5.712397441566819e-19 0.0
9150.52790000037 5.712397441566819e-19 0.0
9151.61390000037 5.712397441566819e-19 0.0
9152.699900000369 5.712397441566819e-19 0.0
9153.785900000368 5.712397441566819e-19 0.0
9154.871900000368 5.712397441566819e-19 0.0
9155.957900000367 5.712397441566819e-19 0.0
9157.043900000366 5.712397441566819e-19 0.0
9158.129900000366 5.712397441566819e-19 0.0
9159.215900000365 5.712397441566819e-19 0.0
9160.301900000364 5.712397441566819e-19 0.0
9161.387900000364 5.712397441566819e-19 0.0
9162.473900000363 5.712397441566819e-19 0.0
9163.559900000362 5.712397441566819e-19 0.0
9164.645900000362 5.712397441566819e-19 0.0
9165.73190000036 5.712397441566819e-19 0.0
9166.81790000036 5.712397441566819e-19 0.0
9167.90390000036 5.712397441566819e-19 0.0
9168.989900000359 5.712397441566819e-19 0.0
9170.075900000358 5.712397441566819e-19 0.0
9171.161900000357 5.712397441566819e-19 0.0
9172.247900000357 5.712397441566819e-19 0.0
9173.333900000356 5.712397441566819e-19 0.0
9174.419900000355 5.712397441566819e-19 0.0
9175.505900000355 5.712397441566819e-19 0.0
9176.591900000354 5.712397441566819e-19 0.0
9177.677900000353 5.712397441566819e-19 0.0
9178.763900000353 5.712397441566819e-19 0.0
9179.849900000352 5.712397441566819e-19 0.0
9180.935900000351 5.712397441566819e-19 0.0
9182.02190000035 5.712397441566819e-19 0.0
9183.10790000035 5.712397441566819e-19 0.0
9184.19390000035 5.712397441566819e-19 0.0
9185.279900000349 5.712397441566819e-19 0.0
9186.365900000348 5.712397441566819e-19 0.0
9187.451900000347 5.712397441566819e-19 0.0
9188.537900000347 5.712397441566819e-19 0.0
9189.623900000346 5.712397441566819e-19 0.0
9190.709900000345 5.712397441566819e-19 0.0
9191.795900000345 5.712397441566819e-19 0.0
9192.881900000344 5.712397441566819e-19 0.0
9193.967900000343 5.712397441566819e-19 0.0
9195.053900000343 5.712397441566819e-19 0.0
9196.139900000342 5.712397441566819e-19 0.0
9197.225900000341 5.712397441566819e-19 0.0
9198.31190000034 5.712397441566819e-19 0.0
9199.39790000034 5.712397441566819e-19 0.0
9200.48390000034 5.712397441566819e-19 0.0
9201.569900000339 5.712397441566819e-19 0.0
9202.655900000338 5.712397441566819e-19 0.0
9203.741900000337 5.712397441566819e-19 0.0
9204.827900000337 5.712397441566819e-19 0.0
9205.913900000336 5.712397441566819e-19 0.0
9206.999900000335 5.712397441566819e-19 0.0
9208.085900000335 5.712397441566819e-19 0.0
9209.171900000334 5.712397441566819e-19 0.0
9210.257900000333 5.712397441566819e-19 0.0
9211.343900000333 5.712397441566819e-19 0.0
9212.429900000332 5.712397441566819e-19 0.0
9213.515900000331 5.712397441566819e-19 0.0
9214.60190000033 5.712397441566819e-19 0.0
9215.68790000033 5.712397441566819e-19 0.0
9216.77390000033 5.712397441566819e-19 0.0
9217.859900000329 5.712397441566819e-19 0.0
9218.945900000328 5.712397441566819e-19 0.0
9220.031900000327 5.712397441566819e-19 0.0
9221.117900000327 5.712397441566819e-19 0.0
9222.203900000326 5.712397441566819e-19 0.0
9223.289900000325 5.712397441566819e-19 0.0
9224.375900000325 5.712397441566819e-19 0.0
9225.461900000324 5.712397441566819e-19 0.0
9226.547900000323 5.712397441566819e-19 0.0
9227.633900000323 5.712397441566819e-19 0.0
9228.719900000322 5.712397441566819e-19 0.0
9229.805900000321 5.712397441566819e-19 0.0
9230.89190000032 5.712397441566819e-19 0.0
9231.97790000032 5.712397441566819e-19 0.0
9233.06390000032 5.712397441566819e-19 0.0
9234.149900000319 5.712397441566819e-19 0.0
9235.235900000318 5.712397441566819e-19 0.0
9236.321900000317 5.712397441566819e-19 0.0
9237.407900000317 5.712397441566819e-19 0.0
9238.493900000316 5.712397441566819e-19 0.0
9239.579900000315 5.712397441566819e-19 0.0
9240.665900000315 5.712397441566819e-19 0.0
9241.751900000314 5.712397441566819e-19 0.0
9242.837900000313 5.712397441566819e-19 0.0
9243.923900000313 5.712397441566819e-19 0.0
9245.009900000312 5.712397441566819e-19 0.0
9246.095900000311 5.712397441566819e-19 0.0
9247.18190000031 5.712397441566819e-19 0.0
9248.26790000031 5.712397441566819e-19 0.0
9249.35390000031 5.712397441566819e-19 0.0
9250.439900000309 5.712397441566819e-19 0.0
9251.525900000308 5.712397441566819e-19 0.0
9252.611900000307 5.712397441566819e-19 0.0
9253.697900000307 5.712397441566819e-19 0.0
9254.783900000306 5.712397441566819e-19 0.0
9255.869900000305 5.712397441566819e-19 0.0
9256.955900000305 5.712397441566819e-19 0.0
9258.041900000304 5.712397441566819e-19 0.0
9259.127900000303 5.712397441566819e-19 0.0
9260.213900000303 5.712397441566819e-19 0.0
9261.299900000302 5.712397441566819e-19 0.0
9262.385900000301 5.712397441566819e-19 0.0
9263.4719000003 5.712397441566819e-19 0.0
9264.5579000003 5.712397441566819e-19 0.0
9265.6439000003 5.712397441566819e-19 0.0
9266.729900000299 5.712397441566819e-19 0.0
9267.815900000298 5.712397441566819e-19 0.0
9268.901900000297 5.712397441566819e-19 0.0
9269.987900000297 5.712397441566819e-19 0.0
9271.073900000296 5.712397441566819e-19 0.0
9272.159900000295 5.712397441566819e-19 0.0
9273.245900000295 5.712397441566819e-19 0.0
9274.331900000294 5.712397441566819e-19 0.0
9275.417900000293 5.712397441566819e-19 0.0
9276.503900000293 5.712397441566819e-19 0.0
9277.589900000292 5.712397441566819e-19 0.0
9278.675900000291 5.712397441566819e-19 0.0
9279.76190000029 5.712397441566819e-19 0.0
9280.84790000029 5.712397441566819e-19 0.0
9281.93390000029 5.712397441566819e-19 0.0
9283.019900000289 5.712397441566819e-19 0.0
9284.105900000288 5.712397441566819e-19 0.0
9285.191900000287 5.712397441566819e-19 0.0
9286.277900000287 5.712397441566819e-19 0.0
9287.363900000286 5.712397441566819e-19 0.0
9288.449900000285 5.712397441566819e-19 0.0
9289.535900000285 5.712397441566819e-19 0.0
9290.621900000284 5.712397441566819e-19 0.0
9291.707900000283 5.712397441566819e-19 0.0
9292.793900000283 5.712397441566819e-19 0.0
9293.879900000282 5.712397441566819e-19 0.0
9294.965900000281 5.712397441566819e-19 0.0
9296.05190000028 5.712397441566819e-19 0.0
9297.13790000028 5.712397441566819e-19 0.0
9298.22390000028 5.712397441566819e-19 0.0
9299.309900000279 5.712397441566819e-19 0.0
9300.395900000278 5.712397441566819e-19 0.0
9301.481900000277 5.712397441566819e-19 0.0
9302.567900000276 5.712397441566819e-19 0.0
9303.653900000276 5.712397441566819e-19 0.0
9304.739900000275 5.712397441566819e-19 0.0
9305.825900000274 5.712397441566819e-19 0.0
9306.911900000274 5.712397441566819e-19 0.0
9307.997900000273 5.712397441566819e-19 0.0
9309.083900000272 5.712397441566819e-19 0.0
9310.169900000272 5.712397441566819e-19 0.0
9311.255900000271 5.712397441566819e-19 0.0
9312.34190000027 5.712397441566819e-19 0.0
9313.42790000027 5.712397441566819e-19 0.0
9314.51390000027 5.712397441566819e-19 0.0
9315.599900000268 5.712397441566819e-19 0.0
9316.685900000268 5.712397441566819e-19 0.0
9317.771900000267 5.712397441566819e-19 0.0
9318.857900000266 5.712397441566819e-19 0.0
9319.943900000266 5.712397441566819e-19 0.0
9321.029900000265 5.712397441566819e-19 0.0
9322.115900000264 5.712397441566819e-19 0.0
9323.201900000264 5.712397441566819e-19 0.0
9324.287900000263 5.712397441566819e-19 0.0
9325.373900000262 5.712397441566819e-19 0.0
9326.459900000262 5.712397441566819e-19 0.0
9327.545900000261 5.712397441566819e-19 0.0
9328.63190000026 5.712397441566819e-19 0.0
9329.71790000026 5.712397441566819e-19 0.0
9330.80390000026 5.712397441566819e-19 0.0
9331.889900000258 5.712397441566819e-19 0.0
9332.975900000258 5.712397441566819e-19 0.0
9334.061900000257 5.712397441566819e-19 0.0
9335.147900000256 5.712397441566819e-19 0.0
9336.233900000256 5.712397441566819e-19 0.0
9337.319900000255 5.712397441566819e-19 0.0
9338.405900000254 5.712397441566819e-19 0.0
9339.491900000254 5.712397441566819e-19 0.0
9340.577900000253 5.712397441566819e-19 0.0
9341.663900000252 5.712397441566819e-19 0.0
9342.749900000252 5.712397441566819e-19 0.0
9343.835900000251 5.712397441566819e-19 0.0
9344.92190000025 5.712397441566819e-19 0.0
9346.00790000025 5.712397441566819e-19 0.0
9347.093900000249 5.712397441566819e-19 0.0
9348.179900000248 5.712397441566819e-19 0.0
9349.265900000248 5.712397441566819e-19 0.0
9350.351900000247 5.712397441566819e-19 0.0
9351.437900000246 5.712397441566819e-19 0.0
9352.523900000246 5.712397441566819e-19 0.0
9353.609900000245 5.712397441566819e-19 0.0
9354.695900000244 5.712397441566819e-19 0.0
9355.781900000244 5.712397441566819e-19 0.0
9356.867900000243 5.712397441566819e-19 0.0
9357.953900000242 5.712397441566819e-19 0.0
9359.039900000242 5.712397441566819e-19 0.0
9360.125900000241 5.712397441566819e-19 0.0
9361.21190000024 5.712397441566819e-19 0.0
9362.29790000024 5.712397441566819e-19 0.0
9363.383900000239 5.712397441566819e-19 0.0
9364.469900000238 5.712397441566819e-19 0.0
9365.555900000238 5.712397441566819e-19 0.0
9366.641900000237 5.712397441566819e-19 0.0
9367.727900000236 5.712397441566819e-19 0.0
9368.813900000236 5.712397441566819e-19 0.0
9369.899900000235 5.712397441566819e-19 0.0
9370.985900000234 5.712397441566819e-19 0.0
9372.071900000234 5.712397441566819e-19 0.0
9373.157900000233 5.712397441566819e-19 0.0
9374.243900000232 5.712397441566819e-19 0.0
9375.329900000232 5.712397441566819e-19 0.0
9376.415900000231 5.712397441566819e-19 0.0
9377.50190000023 5.712397441566819e-19 0.0
9378.58790000023 5.712397441566819e-19 0.0
9379.673900000229 5.712397441566819e-19 0.0
9380.759900000228 5.712397441566819e-19 0.0
9381.845900000228 5.712397441566819e-19 0.0
9382.931900000227 5.712397441566819e-19 0.0
9384.017900000226 5.712397441566819e-19 0.0
9385.103900000226 5.712397441566819e-19 0.0
9386.189900000225 5.712397441566819e-19 0.0
9387.275900000224 5.712397441566819e-19 0.0
9388.361900000224 5.712397441566819e-19 0.0
9389.447900000223 5.712397441566819e-19 0.0
9390.533900000222 5.712397441566819e-19 0.0
9391.619900000222 5.712397441566819e-19 0.0
9392.705900000221 5.712397441566819e-19 0.0
9393.79190000022 5.712397441566819e-19 0.0
9394.87790000022 5.712397441566819e-19 0.0
9395.963900000219 5.712397441566819e-19 0.0
9397.049900000218 5.712397441566819e-19 0.0
9398.135900000218 5.712397441566819e-19 0.0
9399.221900000217 5.712397441566819e-19 0.0
9400.307900000216 5.712397441566819e-19 0.0
9401.393900000216 5.712397441566819e-19 0.0
9402.479900000215 5.712397441566819e-19 0.0
9403.565900000214 5.712397441566819e-19 0.0
9404.651900000214 5.712397441566819e-19 0.0
9405.737900000213 5.712397441566819e-19 0.0
9406.823900000212 5.712397441566819e-19 0.0
9407.909900000212 5.712397441566819e-19 0.0
9408.99590000021 5.712397441566819e-19 0.0
9410.08190000021 5.712397441566819e-19 0.0
9411.16790000021 5.712397441566819e-19 0.0
9412.253900000209 5.712397441566819e-19 0.0
9413.339900000208 5.712397441566819e-19 0.0
9414.425900000208 5.712397441566819e-19 0.0
9415.511900000207 5.712397441566819e-19 0.0
9416.597900000206 5.712397441566819e-19 0.0
9417.683900000206 5.712397441566819e-19 0.0
9418.769900000205 5.712397441566819e-19 0.0
9419.855900000204 5.712397441566819e-19 0.0
9420.941900000204 5.712397441566819e-19 0.0
9422.027900000203 5.712397441566819e-19 0.0
9423.113900000202 5.712397441566819e-19 0.0
9424.199900000202 5.712397441566819e-19 0.0
9425.2859000002 5.712397441566819e-19 0.0
9426.3719000002 5.712397441566819e-19 0.0
9427.4579000002 5.712397441566819e-19 0.0
9428.543900000199 5.712397441566819e-19 0.0
9429.629900000198 5.712397441566819e-19 0.0
9430.715900000198 5.712397441566819e-19 0.0
9431.801900000197 5.712397441566819e-19 0.0
9432.887900000196 5.712397441566819e-19 0.0
9433.973900000195 5.712397441566819e-19 0.0
9435.059900000195 5.712397441566819e-19 0.0
9436.145900000194 5.712397441566819e-19 0.0
9437.231900000193 5.712397441566819e-19 0.0
9438.317900000193 5.712397441566819e-19 0.0
9439.403900000192 5.712397441566819e-19 0.0
9440.489900000191 5.712397441566819e-19 0.0
9441.57590000019 5.712397441566819e-19 0.0
9442.66190000019 5.712397441566819e-19 0.0
9443.74790000019 5.712397441566819e-19 0.0
9444.833900000189 5.712397441566819e-19 0.0
9445.919900000188 5.712397441566819e-19 0.0
9447.005900000187 5.712397441566819e-19 0.0
9448.091900000187 5.712397441566819e-19 0.0
9449.177900000186 5.712397441566819e-19 0.0
9450.263900000185 5.712397441566819e-19 0.0
9451.349900000185 5.712397441566819e-19 0.0
9452.435900000184 5.712397441566819e-19 0.0
9453.521900000183 5.712397441566819e-19 0.0
9454.607900000183 5.712397441566819e-19 0.0
9455.693900000182 5.712397441566819e-19 0.0
9456.779900000181 5.712397441566819e-19 0.0
9457.86590000018 5.712397441566819e-19 0.0
9458.95190000018 5.712397441566819e-19 0.0
9460.03790000018 5.712397441566819e-19 0.0
9461.123900000179 5.712397441566819e-19 0.0
9462.209900000178 5.712397441566819e-19 0.0
9463.295900000177 5.712397441566819e-19 0.0
9464.381900000177 5.712397441566819e-19 0.0
9465.467900000176 5.712397441566819e-19 0.0
9466.553900000175 5.712397441566819e-19 0.0
9467.639900000175 5.712397441566819e-19 0.0
9468.725900000174 5.712397441566819e-19 0.0
9469.811900000173 5.712397441566819e-19 0.0
9470.897900000173 5.712397441566819e-19 0.0
9471.983900000172 5.712397441566819e-19 0.0
9473.069900000171 5.712397441566819e-19 0.0
9474.15590000017 5.712397441566819e-19 0.0
9475.24190000017 5.712397441566819e-19 0.0
9476.32790000017 5.712397441566819e-19 0.0
9477.413900000169 5.712397441566819e-19 0.0
9478.499900000168 5.712397441566819e-19 0.0
9479.585900000167 5.712397441566819e-19 0.0
9480.671900000167 5.712397441566819e-19 0.0
9481.757900000166 5.712397441566819e-19 0.0
9482.843900000165 5.712397441566819e-19 0.0
9483.929900000165 5.712397441566819e-19 0.0
9485.015900000164 5.712397441566819e-19 0.0
9486.101900000163 5.712397441566819e-19 0.0
9487.187900000163 5.712397441566819e-19 0.0
9488.273900000162 5.712397441566819e-19 0.0
9489.359900000161 5.712397441566819e-19 0.0
9490.44590000016 5.712397441566819e-19 0.0
9491.53190000016 5.712397441566819e-19 0.0
9492.61790000016 5.712397441566819e-19 0.0
9493.703900000159 5.712397441566819e-19 0.0
9494.789900000158 5.712397441566819e-19 0.0
9495.875900000157 5.712397441566819e-19 0.0
9496.961900000157 5.712397441566819e-19 0.0
9498.047900000156 5.712397441566819e-19 0.0
9499.133900000155 5.712397441566819e-19 0.0
9500.219900000155 5.712397441566819e-19 0.0
9501.305900000154 5.712397441566819e-19 0.0
9502.391900000153 5.712397441566819e-19 0.0
9503.477900000153 5.712397441566819e-19 0.0
9504.563900000152 5.712397441566819e-19 0.0
9505.649900000151 5.712397441566819e-19 0.0
9506.73590000015 5.712397441566819e-19 0.0
9507.82190000015 5.712397441566819e-19 0.0
9508.90790000015 5.712397441566819e-19 0.0
9509.993900000149 5.712397441566819e-19 0.0
9511.079900000148 5.712397441566819e-19 0.0
9512.165900000147 5.712397441566819e-19 0.0
9513.251900000147 5.712397441566819e-19 0.0
9514.337900000146 5.712397441566819e-19 0.0
9515.423900000145 5.712397441566819e-19 0.0
9516.509900000145 5.712397441566819e-19 0.0
9517.595900000144 5.712397441566819e-19 0.0
9518.681900000143 5.712397441566819e-19 0.0
9519.767900000143 5.712397441566819e-19 0.0
9520.853900000142 5.712397441566819e-19 0.0
9521.939900000141 5.712397441566819e-19 0.0
9523.02590000014 5.712397441566819e-19 0.0
9524.11190000014 5.712397441566819e-19 0.0
9525.19790000014 5.712397441566819e-19 0.0
9526.283900000139 5.712397441566819e-19 0.0
9527.369900000138 5.712397441566819e-19 0.0
9528.455900000137 5.712397441566819e-19 0.0
9529.541900000137 5.712397441566819e-19 0.0
9530.627900000136 5.712397441566819e-19 0.0
9531.713900000135 5.712397441566819e-19 0.0
9532.799900000135 5.712397441566819e-19 0.0
9533.885900000134 5.712397441566819e-19 0.0
9534.971900000133 5.712397441566819e-19 0.0
9536.057900000133 5.712397441566819e-19 0.0
9537.143900000132 5.712397441566819e-19 0.0
9538.229900000131 5.712397441566819e-19 0.0
9539.31590000013 5.712397441566819e-19 0.0
9540.40190000013 5.712397441566819e-19 0.0
9541.48790000013 5.712397441566819e-19 0.0
9542.573900000129 5.712397441566819e-19 0.0
9543.659900000128 5.712397441566819e-19 0.0
9544.745900000127 5.712397441566819e-19 0.0
9545.831900000127 5.712397441566819e-19 0.0
9546.917900000126 5.712397441566819e-19 0.0
9548.003900000125 5.712397441566819e-19 0.0
9549.089900000125 5.712397441566819e-19 0.0
9550.175900000124 5.712397441566819e-19 0.0
9551.261900000123 5.712397441566819e-19 0.0
9552.347900000123 5.712397441566819e-19 0.0
9553.433900000122 5.712397441566819e-19 0.0
9554.519900000121 5.712397441566819e-19 0.0
9555.60590000012 5.712397441566819e-19 0.0
9556.69190000012 5.712397441566819e-19 0.0
9557.77790000012 5.712397441566819e-19 0.0
9558.863900000119 5.712397441566819e-19 0.0
9559.949900000118 5.712397441566819e-19 0.0
9561.035900000117 5.712397441566819e-19 0.0
9562.121900000117 5.712397441566819e-19 0.0
9563.207900000116 5.712397441566819e-19 0.0
9564.293900000115 5.712397441566819e-19 0.0
9565.379900000115 5.712397441566819e-19 0.0
9566.465900000114 5.712397441566819e-19 0.0
9567.551900000113 5.712397441566819e-19 0.0
9568.637900000112 5.712397441566819e-19 0.0
9569.723900000112 5.712397441566819e-19 0.0
9570.809900000111 5.712397441566819e-19 0.0
9571.89590000011 5.712397441566819e-19 0.0
9572.98190000011 5.712397441566819e-19 0.0
9574.06790000011 5.712397441566819e-19 0.0
9575.153900000108 5.712397441566819e-19 0.0
9576.239900000108 5.712397441566819e-19 0.0
9577.325900000107 5.712397441566819e-19 0.0
9578.411900000106 5.712397441566819e-19 0.0
9579.497900000106 5.712397441566819e-19 0.0
9580.583900000105 5.712397441566819e-19 0.0
9581.669900000104 5.712397441566819e-19 0.0
9582.755900000104 5.712397441566819e-19 0.0
9583.841900000103 5.712397441566819e-19 0.0
9584.927900000102 5.712397441566819e-19 0.0
9586.013900000102 5.712397441566819e-19 0.0
9587.099900000101 5.712397441566819e-19 0.0
9588.1859000001 5.712397441566819e-19 0.0
9589.2719000001 5.712397441566819e-19 0.0
9590.3579000001 5.712397441566819e-19 0.0
9591.443900000098 5.712397441566819e-19 0.0
9592.529900000098 5.712397441566819e-19 0.0
9593.615900000097 5.712397441566819e-19 0.0
9594.701900000096 5.712397441566819e-19 0.0
9595.787900000096 5.712397441566819e-19 0.0
9596.873900000095 5.712397441566819e-19 0.0
9597.959900000094 5.712397441566819e-19 0.0
9599.045900000094 5.712397441566819e-19 0.0
9600.131900000093 5.712397441566819e-19 0.0
9601.217900000092 5.712397441566819e-19 0.0
9602.303900000092 5.712397441566819e-19 0.0
9603.389900000091 5.712397441566819e-19 0.0
9604.47590000009 5.712397441566819e-19 0.0
9605.56190000009 5.712397441566819e-19 0.0
9606.647900000089 5.712397441566819e-19 0.0
9607.733900000088 5.712397441566819e-19 0.0
9608.819900000088 5.712397441566819e-19 0.0
9609.905900000087 5.712397441566819e-19 0.0
9610.991900000086 5.712397441566819e-19 0.0
9612.077900000086 5.712397441566819e-19 0.0
9613.163900000085 5.712397441566819e-19 0.0
9614.249900000084 5.712397441566819e-19 0.0
9615.335900000084 5.712397441566819e-19 0.0
9616.421900000083 5.712397441566819e-19 0.0
9617.507900000082 5.712397441566819e-19 0.0
9618.593900000082 5.712397441566819e-19 0.0
9619.679900000081 5.712397441566819e-19 0.0
9620.76590000008 5.712397441566819e-19 0.0
9621.85190000008 5.712397441566819e-19 0.0
9622.937900000079 5.712397441566819e-19 0.0
9624.023900000078 5.712397441566819e-19 0.0
9625.109900000078 5.712397441566819e-19 0.0
9626.195900000077 5.712397441566819e-19 0.0
9627.281900000076 5.712397441566819e-19 0.0
9628.367900000076 5.712397441566819e-19 0.0
9629.453900000075 5.712397441566819e-19 0.0
9630.539900000074 5.712397441566819e-19 0.0
9631.625900000074 5.712397441566819e-19 0.0
9632.711900000073 5.712397441566819e-19 0.0
9633.797900000072 5.712397441566819e-19 0.0
9634.883900000072 5.712397441566819e-19 0.0
9635.969900000071 5.712397441566819e-19 0.0
9637.05590000007 5.712397441566819e-19 0.0
9638.14190000007 5.712397441566819e-19 0.0
9639.227900000069 5.712397441566819e-19 0.0
9640.313900000068 5.712397441566819e-19 0.0
9641.399900000068 5.712397441566819e-19 0.0
9642.485900000067 5.712397441566819e-19 0.0
9643.571900000066 5.712397441566819e-19 0.0
9644.657900000066 5.712397441566819e-19 0.0
9645.743900000065 5.712397441566819e-19 0.0
9646.829900000064 5.712397441566819e-19 0.0
9647.915900000064 5.712397441566819e-19 0.0
9649.001900000063 5.712397441566819e-19 0.0
9650.087900000062 5.712397441566819e-19 0.0
9651.173900000062 5.712397441566819e-19 0.0
9652.259900000061 5.712397441566819e-19 0.0
9653.34590000006 5.712397441566819e-19 0.0
9654.43190000006 5.712397441566819e-19 0.0
9655.517900000059 5.712397441566819e-19 0.0
9656.603900000058 5.712397441566819e-19 0.0
9657.689900000058 5.712397441566819e-19 0.0
9658.775900000057 5.712397441566819e-19 0.0
9659.861900000056 5.712397441566819e-19 0.0
9660.947900000056 5.712397441566819e-19 0.0
9662.033900000055 5.712397441566819e-19 0.0
9663.119900000054 5.712397441566819e-19 0.0
9664.205900000054 5.712397441566819e-19 0.0
9665.291900000053 5.712397441566819e-19 0.0
9666.377900000052 5.712397441566819e-19 0.0
9667.463900000052 5.712397441566819e-19 0.0
9668.549900000051 5.712397441566819e-19 0.0
9669.63590000005 5.712397441566819e-19 0.0
9670.72190000005 5.712397441566819e-19 0.0
9671.807900000049 5.712397441566819e-19 0.0
9672.893900000048 5.712397441566819e-19 0.0
9673.979900000048 5.712397441566819e-19 0.0
9675.065900000047 5.712397441566819e-19 0.0
9676.151900000046 5.712397441566819e-19 0.0
9677.237900000046 5.712397441566819e-19 0.0
9678.323900000045 5.712397441566819e-19 0.0
9679.409900000044 5.712397441566819e-19 0.0
9680.495900000044 5.712397441566819e-19 0.0
9681.581900000043 5.712397441566819e-19 0.0
9682.667900000042 5.712397441566819e-19 0.0
9683.753900000042 5.712397441566819e-19 0.0
9684.83990000004 5.712397441566819e-19 0.0
9685.92590000004 5.712397441566819e-19 0.0
9687.01190000004 5.712397441566819e-19 0.0
9688.097900000039 5.712397441566819e-19 0.0
9689.183900000038 5.712397441566819e-19 0.0
9690.269900000038 5.712397441566819e-19 0.0
9691.355900000037 5.712397441566819e-19 0.0
9692.441900000036 5.712397441566819e-19 0.0
9693.527900000036 5.712397441566819e-19 0.0
9694.613900000035 5.712397441566819e-19 0.0
9695.699900000034 5.712397441566819e-19 0.0
9696.785900000034 5.712397441566819e-19 0.0
9697.871900000033 5.712397441566819e-19 0.0
9698.957900000032 5.712397441566819e-19 0.0
9700.043900000031 5.712397441566819e-19 0.0
9701.12990000003 5.712397441566819e-19 0.0
9702.21590000003 5.712397441566819e-19 0.0
9703.30190000003 5.712397441566819e-19 0.0
9704.387900000029 5.712397441566819e-19 0.0
9705.473900000028 5.712397441566819e-19 0.0
9706.559900000027 5.712397441566819e-19 0.0
9707.645900000027 5.712397441566819e-19 0.0
9708.731900000026 5.712397441566819e-19 0.0
9709.817900000025 5.712397441566819e-19 0.0
9710.903900000025 5.712397441566819e-19 0.0
9711.989900000024 5.712397441566819e-19 0.0
9713.075900000023 5.712397441566819e-19 0.0
9714.161900000023 5.712397441566819e-19 0.0
9715.247900000022 5.712397441566819e-19 0.0
9716.333900000021 5.712397441566819e-19 0.0
9717.41990000002 5.712397441566819e-19 0.0
9718.50590000002 5.712397441566819e-19 0.0
9719.59190000002 5.712397441566819e-19 0.0
9720.677900000019 5.712397441566819e-19 0.0
9721.763900000018 5.712397441566819e-19 0.0
9722.849900000017 5.712397441566819e-19 0.0
9723.935900000017 5.712397441566819e-19 0.0
9725.021900000016 5.712397441566819e-19 0.0
9726.107900000015 5.712397441566819e-19 0.0
9727.193900000015 5.712397441566819e-19 0.0
9728.279900000014 5.712397441566819e-19 0.0
9729.365900000013 5.712397441566819e-19 0.0
9730.451900000013 5.712397441566819e-19 0.0
9731.537900000012 5.712397441566819e-19 0.0
9732.623900000011 5.712397441566819e-19 0.0
9733.70990000001 5.712397441566819e-19 0.0
9734.79590000001 5.712397441566819e-19 0.0
9735.88190000001 5.712397441566819e-19 0.0
9736.967900000009 5.712397441566819e-19 0.0
9738.053900000008 5.712397441566819e-19 0.0
9739.139900000007 5.712397441566819e-19 0.0
9740.225900000007 5.712397441566819e-19 0.0
9741.311900000006 5.712397441566819e-19 0.0
9742.397900000005 5.712397441566819e-19 0.0
9743.483900000005 5.712397441566819e-19 0.0
9744.569900000004 5.712397441566819e-19 0.0
9745.655900000003 5.712397441566819e-19 0.0
9746.741900000003 5.712397441566819e-19 0.0
9747.827900000002 5.712397441566819e-19 0.0
9748.913900000001 5.712397441566819e-19 0.0
9749.9999 5.712397441566819e-19 0.0
9751.0859 5.712397441566819e-19 0.0
9752.1719 -1.985941981116541e-19 3.278860351188471e-19
9753.2579 4.316943488794187e-20 3.0468365941829385e-19
9754.3439 -4.645605430785766e-19 2.9499869584041665e-19
9755.4299 4.816449457215014e-19 3.084987495709574e-19
9756.5158 5.271227341231525e-19 3.2607583178262766e-19
9757.6018 -1.7806756034183813e-19 3.4645831763540166e-19
9758.6878 3.774282165433109e-19 3.33723402358283e-19
9759.7738 2.536906426566472e-19 3.323959459281514e-19
9760.8597 1.406833642316591e-18 3.1709002633927397e-19
9761.9457 6.302737366536305e-19 3.0849986795895304e-19
9763.0317 6.166478408048776e-19 2.9483973910244026e-19
9764.1176 3.494354123337553e-19 2.8878425913431546e-19
9765.2036 1.0758402077639554e-18 2.9055921286408633e-19
9766.2896 1.2401896125326682e-18 2.925829126882101e-19
9767.3756 6.856319320231719e-19 2.842553452004618e-19
9768.4615 6.824407328843339e-19 2.7695956213942985e-19
9769.5475 4.652334650560709e-19 2.7623824123889546e-19
9770.6335 7.040975477492736e-19 2.8589588846043835e-19
9771.7195 3.5617151167263223e-19 2.7494604017294416e-19
9772.8054 3.402723794860518e-19 2.7280475301190107e-19
9773.8914 1.9446650979384804e-21 2.7509836282498166e-19
9774.9774 4.566120333471763e-19 2.707647684761075e-19
9776.0633 4.992591796447771e-19 2.7633938180152104e-19
9777.1493 1.1247248543659815e-18 2.6985242526242246e-19
9778.2353 4.526763910652962e-19 2.734892050546e-19
9779.3213 3.51341882987126e-19 3.415795681651842e-19
9780.4072 5.496919814898522e-19 3.637995456714421e-19
9781.4932 9.268987392993428e-19 2.93539873537922e-19
9782.5792 4.916822131246444e-19 2.9451132143104836e-19
9783.6652 3.6747801942597354e-19 2.795569042978474e-19
9784.7511 2.984716980767506e-20 2.7902276457784714e-19
9785.8371 5.024855325801523e-19 2.7322857327406444e-19
9786.9231 4.67671013801601e-19 2.717502556397272e-19
9788.009 1.0456107683855902e-18 2.7680938287891767e-19
9789.095 5.927875068235115e-19 3.522541326030922e-19
9790.181 1.3428838412547327e-18 5.715560868560998e-19
9791.267 1.508255309893793e-18 1.0244516013148908e-18
9792.3529 8.234327927214302e-19 1.39756708207624e-18
9793.4389 -9.230304907183342e-19 1.4494343910416415e-18
9794.5249 1.1877918260010624e-18 1.4025810260181982e-18
9795.6109 1.1897968740545385e-18 1.1685493012373237e-18
9796.6968 1.1577670013825263e-18 5.7629654516046195e-19
9797.7828 6.763455412060284e-19 3.7388260470143255e-19
9798.8688 1.126529972447566e-18 3.9912371103348702e-19
9799.9548 7.38575141297108e-19 6.250930153956157e-19
9801.0407 8.818134047864518e-19 7.967031338849824e-19
9802.1267 1.0570681596458695e-18 1.3791218577161846e-18
9803.2127 -1.1860729013125438e-18 1.373497301679552e-18
9804.2986 3.2912981553481293e-19 6.845728301885191e-19
9805.3846 2.973815555406175e-19 3.7092220122989486e-19
9806.4706 2.561658301571351e-19 2.8091530757828605e-19
9807.5566 9.716703527828826e-19 3.2508953360797984e-19
9808.6425 1.4363065772912333e-19 3.975394921588528e-19
9809.7285 4.2076820995041334e-19 4.151276848100744e-19
9810.8145 1.112102695690996e-18 4.120703803995051e-19
9811.9005 7.498924852716605e-19 4.465672588794604e-19
9812.9864 6.739162297778026e-20 4.980636596008746e-19
9814.0724 4.344491698161305e-19 5.04305704682015e-19
9815.1584 1.2200616769151332e-18 5.08284889722968e-19
9816.2443 7.05654419755137e-19 4.819603276801727e-19
9817.3303 -1.9844251642722615e-19 4.1021572436072203e-19
9818.4163 -3.035718398451341e-19 4.034531801347542e-19
9819.5023 4.375890881201064e-19 4.219349044775869e-19
9820.5882 3.699187547332867e-19 4.230960788892854e-19
9821.6742 8.979076105814425e-19 5.61440735449082e-19
9822.7602 1.4359460066866324e-18 4.643908755744228e-19
9823.8462 6.53716168097708e-19 3.9378243469524466e-19
9824.9321 5.369058950303505e-19 2.710227207898842e-19
9826.0181 -8.758913079871295e-20 2.7055132008912527e-19
9827.1041 8.757291288016167e-19 2.8289645108057093e-19
9828.19 7.110717806187415e-19 3.1293736275351655e-19
9829.276 7.952906216374713e-19 3.4653717931126996e-19
9830.362 4.658339258606087e-19 3.652375938465813e-19
9831.448 3.981198652039329e-19 3.6167809075828914e-19
9832.5339 3.1746526382895605e-19 3.4172057404010285e-19
9833.6199 6.967869582657409e-19 3.185730096007681e-19
9834.7059 6.70757267955463e-19 2.8350319155037724e-19
9835.7919 4.464976713433073e-19 2.663222277237288e-19
9836.8778 3.24054683922197e-19 2.667866502432908e-19
9837.9638 5.249183809879225e-19 2.662107792891159e-19
9839.0498 5.780475074208041e-19 2.6711187583899473e-19
9840.1357 7.487118883033884e-19 2.7256483008072673e-19
9841.2217 5.32820187557054e-19 2.5329958257944795e-19
9842.3077 1.1578349635803608e-18 3.0832675964369954e-19
9843.3937 1.136935714345014e-19 3.143425125000422e-19
9844.4796 3.8401531361745905e-19 2.4191135294497777e-19
9845.5656 -1.319842838680805e-19 2.44413123807982e-19
9846.6516 5.996878971728222e-19 2.571431548610856e-19
9847.7376 4.640384451778843e-19 2.900073707052253e-19
9848.8235 6.408142437139447e-19 5.450302608711376e-19
9849.9095 1.3010859359382975e-18 7.30350352141656e-19
9850.9955 1.1078015161005974e-18 7.361431073708472e-19
9852.0814 1.6655675130708211e-18 7.231666017196501e-19
9853.1674 1.765328789194164e-18 5.87490129835901e-19
9854.2534 4.401527906661955e-19 3.331148596705044e-19
9855.3394 7.522915678454349e-19 2.4179114211337176e-19
9856.4253 2.118431785044452e-19 2.413739727389018e-19
9857.5113 3.462227143118612e-19 2.416507266074816e-19
9858.5973 8.489815392509911e-19 2.3653583475043437e-19
9859.6833 5.654975149491154e-19 2.4244814100077794e-19
9860.7692 7.212350769832592e-19 2.332284703713657e-19
9861.8552 7.053833092232019e-19 2.303241672479879e-19
9862.9412 9.606273145788819e-19 2.287948451231543e-19
9864.0271 3.477219540292422e-19 2.302908815702975e-19
9865.1131 9.569542334489556e-19 2.279269066885397e-19
9866.1991 2.573434842086048e-20 2.3923433140854793e-19
9867.2851 -2.3147574512e-20 2.419621563959e-19
9868.371 6.624907856656214e-19 2.468123400633772e-19
9869.457 5.079339962535078e-19 2.524702769987762e-19
9870.543 1.2575192612767153e-18 3.8531203887844676e-19
9871.629 1.1932575275733021e-18 5.863249891770743e-19
9872.7149 9.569195427838265e-19 9.122851335247794e-19
9873.8009 7.3996596084137795e-19 1.1441041204392712e-18
9874.8869 -3.9803238285772263e-19 1.1524756337616764e-18
9875.9729 1.0376854590817311e-18 1.1370128283832182e-18
9877.0588 8.057416284837143e-19 8.676204955365103e-19
9878.1448 2.7497566831514874e-20 4.0124207484391807e-19
9879.2308 -8.403950189941462e-20 2.614487076503581e-19
9880.3167 4.246965961797852e-19 2.7709114817797567e-19
9881.4027 4.0258364564585295e-19 2.7992096707738494e-19
9882.4887 5.414316054882226e-19 2.411799200734458e-19
9883.5747 5.578607696125629e-19 2.382136514913531e-19
9884.6606 7.774743193287851e-19 2.5202539390730245e-19
9885.7466 4.164959475065898e-20 2.696523853008074e-19
9886.8326 1.092251080386247e-18 3.198974341829003e-19
9887.9186 5.04558344017313e-19 3.412548119953539e-19
9889.0045 9.65383494257898e-19 3.3455768299683648e-19
9890.0905 5.1659850715658385e-19 3.247206595580667e-19
9891.1765 9.090105761296482e-19 3.2177746182465263e-19
9892.2624 8.369741680430455e-19 2.681113756557441e-19
9893.3484 -3.6989546178863743e-19 2.615444099640831e-19
9894.4344 2.39458360876511e-19 3.3741104920541164e-19
9895.5204 3.1800505464006703e-19 6.47093444453848e-19
9896.6063 4.48628455865166e-19 7.681794205763583e-19
9897.6923 1.3414655389666887e-18 7.8555117195667745e-19
9898.7783 4.582757159223404e-20 7.883951288896862e-19
9899.8643 -1.3712702300866646e-19 7.774241141096231e-19
9900.9502 1.0818006645615833e-18 4.250387171375074e-19
9902.0362 8.020987945200555e-19 2.8793121876320904e-19
9903.1222 7.072918058535872e-19 2.8252189013860573e-19
9904.2081 1.2005192357815126e-18 2.6432359367967544e-19
9905.2941 3.395603057426616e-19 2.445233386761904e-19
9906.3801 4.1848871529610854e-19 2.2797488515769334e-19
9907.4661 3.595254319838708e-19 2.1077464111218524e-19
9908.552 3.749916465195124e-19 2.0912827161458845e-19
9909.638 5.985773539799499e-19 2.1191888485645146e-19
9910.724 3.043511893770975e-19 2.187750213275825e-19
9911.81 6.279068746078094e-19 2.218092491641403e-19
9912.8959 5.5364509595415775e-19 2.4555231547385057e-19
9913.9819 6.094654841669554e-19 5.108491619422559e-19
9915.0679 5.778778910061621e-19 1.1712132580286088e-18
9916.1538 3.797464668333966e-19 1.0983503476295798e-18
9917.2398 -7.576740093933375e-20 1.1352673278941351e-18
9918.3258 -4.497362699720604e-19 1.1259987133847825e-18
9919.4118 -6.760693710693063e-19 1.1907476986058522e-18
9920.4977 3.732592253103994e-19 5.885473606190571e-19
9921.5837 2.0687834796051924e-19 3.1349419677556924e-19
9922.6697 5.64709423245744e-19 2.926655425565751e-19
9923.7557 8.35579214811191e-19 2.2673271324940963e-19
9924.8416 4.295012061147861e-19 2.237763907787267e-19
9925.9276 7.936522542703922e-19 2.2067453852171065e-19
9927.0136 1.8393980965720437e-19 2.203246380196749e-19
9928.0995 2.606386629789738e-19 2.200420426880318e-19
9929.1855 5.552215971717519e-19 2.1738385648259826e-19
9930.2715 5.790777499401468e-19 2.1675031747817474e-19
9931.3575 5.141344186120988e-19 2.1880980857761e-19
9932.4434 2.0054860112779032e-19 2.2255716286682366e-19
9933.5294 6.126630149881883e-19 2.224252382938843e-19
9934.6154 -1.343173390888188e-19 2.3129564669198787e-19
9935.7014 4.118331753630685e-19 2.485020961542608e-19
9936.7873 8.632753949073184e-19 2.4105757458536864e-19
9937.8733 8.79077856573014e-19 2.280145432903475e-19
9938.9593 5.361579211513594e-19 2.2666961138476206e-19
9940.0452 8.619922487749953e-19 2.3106712211552325e-19
9941.1312 -1.7167284670255888e-20 2.9293806613493186e-19
9942.2172 1.4230850985596168e-18 6.489968972526875e-19
9943.3032 -8.612297634703411e-19 8.968494478102011e-19
9944.3891 -1.975714020642739e-18 9.498780464201602e-19
9945.4751 -1.3251710169882382e-18 1.0150133021935366e-18
9946.5611 1.845804127895409e-18 1.102699014532433e-18
9947.6471 4.251768226471959e-19 1.1780503168855437e-18
9948.733 -6.671655151218081e-19 1.2550403411122898e-18
9949.819 -4.472629627209818e-19 1.2798838971945815e-18
9950.905 1.8336770414718794e-18 1.1414184104335018e-18
9951.991 7.67443641392919e-19 8.346062511972229e-19
9953.0769 3.980211177472873e-19 5.732040953188451e-19
9954.1629 6.55374268402987e-19 3.842198412963738e-19
9955.2489 1.0305625785305465e-18 2.7553502734448855e-19
9956.3348 6.051590235401117e-19 4.1755944922137523e-19
9957.4208 1.353684054976413e-18 8.935705406384815e-19
9958.5068 1.713019677968799e-18 1.3507546869531889e-18
9959.5928 8.87201479510588e-19 1.3592637907048858e-18
9960.6787 -5.040074774565468e-19 1.0955988838552404e-18
9961.7647 9.102836527720937e-19 8.941593104207192e-19
9962.8507 1.2407366508945084e-18 8.481103542512423e-19
9963.9367 8.916375683602256e-19 1.2227506082890294e-18
9965.0226 2.075328940367849e-19 1.210730603223718e-18
9966.1086 9.257189579607838e-19 8.476312301990695e-19
9967.1946 6.617373633346572e-20 5.800626019956406e-19
9968.2805 3.4114921106811854e-19 2.790573739578505e-19
9969.3665 4.755712727164608e-19 2.173838843530646e-19
9970.4525 5.980492211531771e-19 2.188528129716838e-19
9971.5385 9.156988848762194e-19 2.508191914434987e-19
9972.6244 6.592261006003986e-19 4.165689633102823e-19
9973.7104 -3.4096605022732927e-19 5.720973262952855e-19
9974.7964 1.0838723881745168e-18 5.998971886111617e-19
9975.8824 1.6639929718201502e-18 6.007891771741692e-19
9976.9683 9.221332512980473e-19 5.319212630300115e-19
9978.0543 4.00599676484631e-19 3.5919879031174744e-19
9979.1403 5.630549432489358e-19 3.3346439193728025e-19
9980.2262 3.8562588988865395e-19 3.5454330980737257e-19
9981.3122 9.495623130981653e-19 3.951901572221371e-19
9982.3982 1.3758703389511632e-18 3.821649158428443e-19
9983.4842 9.548952841956412e-19 3.0943858938923503e-19
9984.5701 4.3955795480688e-19 2.5513249731809115e-19
9985.6561 2.5304285715197583e-19 2.1539866916600422e-19
9986.7421 5.17689221060923e-19 1.9806411626691264e-19
9987.8281 2.5257102088715394e-19 2.0375793232113719e-19
9988.914 4.796008627710746e-19 2.0012049713891773e-19
9990.0 2.8534215942575353e-19 2.1566657254333881e-19
9991.086 1.740414114221367e-19 2.800942430407926e-19
9992.1719 -1.8534269164259348e-19 3.5871790785557864e-19
9993.2579 8.254338478868977e-19 2.4999934326275687e-19
9994.3439 3.9363931159628144e-19 2.0718079305963796e-19
9995.4299 5.226450650982897e-19 2.014576596649332e-19
9996.5158 6.229614932005957e-19 2.00301467993562e-19
9997.6018 6.387821905906993e-19 1.998904575240645e-19
9998.6878 7.829969766059481e-19 2.0373255312785567e-19
9999.7738 2.647074202864719e-19 2.4467379975817634e-19
10000.86 6.189306196131234e-19 4.004089490634746e-19
10001.946 1.069201488015007e-18 4.699996866627829e-19
10003.032 6.445468501885404e-19 4.831037639767846e-19
10004.118 1.1537312105034027e-18 4.822042901127613e-19
10005.204 7.926449369079671e-19 3.8645699856161173e-19
10006.29 4.781463847797636e-19 2.6050012169909697e-19
10007.376 6.878014701580383e-19 2.238477661859332e-19
10008.462 4.624768507419743e-19 2.0431723676547468e-19
10009.548 5.385528112022704e-19 2.0172414639889092e-19
10010.633 8.34056575416136e-20 2.174969139309711e-19
10011.719 9.369488575114322e-19 3.823515263099634e-19
10012.805 3.088925734556708e-19 7.740023617803475e-19
10013.891 -1.0600792092770254e-19 1.244664952997208e-18
10014.977 -4.76807694920946e-20 1.422909185230458e-18
10016.063 1.9761009733629998e-19 1.4419939957085437e-18
10017.149 1.171353283061399e-18 1.336934891680879e-18
10018.235 1.0385936083694072e-20 9.144063559664275e-19
10019.321 -8.428783571580278e-20 4.598432624259341e-19
10020.407 5.6868402167758415e-19 2.457535928699069e-19
10021.493 3.803646192729664e-19 2.397613930827611e-19
10022.579 1.6915707564156336e-19 2.948756274574041e-19
10023.665 1.4608534359540711e-19 3.0833521646126287e-19
10024.751 5.182126364342981e-19 3.3514865904930945e-19
10025.837 4.876427594596897e-19 5.799202708026044e-19
10026.923 5.501505921153177e-19 7.724796981677567e-19
10028.009 6.572035221835664e-20 7.998830213279024e-19
10029.095 1.358450919394493e-18 7.918234588549719e-19
10030.181 1.6303841581671584e-18 6.894990547870272e-19
10031.267 2.277649997788159e-19 3.6334105805034677e-19
10032.353 4.3145616589256684e-19 2.1875461751124e-19
10033.439 3.4813070906854236e-19 2.1378707902368966e-19
10034.525 4.1869423226245523e-19 2.0830195752599224e-19
10035.611 7.924635188267206e-19 2.0881193062807022e-19
10036.697 5.143323360488062e-19 2.1380973580999159e-19
10037.783 7.582293451770633e-19 2.2289904858325074e-19
10038.869 7.67239255096838e-19 2.4418906888321435e-19
10039.955 2.77573878896751e-19 2.521612120482908e-19
10041.041 8.839156962547214e-19 2.4616218257961676e-19
10042.127 2.153004161527075e-19 2.3921584655430313e-19
10043.213 9.49721934349623e-20 2.572761430363e-19
10044.299 7.024757478737152e-19 4.280109000015647e-19
10045.385 7.525203573965791e-19 5.100031939535307e-19
10046.471 1.1569223840761367e-18 5.234932533582661e-19
10047.557 6.130915508728977e-19 5.150573744605257e-19
10048.643 9.07634981520155e-20 3.9231407404865642e-19
10049.729 7.062015926492254e-19 3.8675365551985437e-19
10050.814 4.839802008979873e-19 3.369562464694523e-19
10051.9 6.3983564870353e-19 2.5278328495825744e-19
10052.986 5.60294895561382e-19 1.968017214914725e-19
10054.072 3.453515691792422e-19 2.219202212334361e-19
10055.158 2.396012270300637e-19 2.1626646890664708e-19
10056.244 6.976840447652562e-19 1.8504067188057317e-19
10057.33 2.7961606464271666e-19 1.821861135257589e-19
10058.416 8.489521034431219e-19 1.85034528175903e-19
10059.502 6.259408786134173e-19 2.5792097515739507e-19
10060.588 1.4070838436865525e-18 3.8454666179415065e-19
10061.674 5.755764766646183e-19 6.06509113054107e-19
10062.76 7.15162786116392e-19 6.716141806594219e-19
10063.846 1.6528430555827255e-19 6.67047589324281e-19
10064.932 1.2598804690628989e-18 6.274751865382553e-19
10066.018 8.893458968339825e-19 4.519963840324948e-19
10067.104 -3.627200469227145e-20 3.080549382225204e-19
10068.19 5.328699050924962e-19 3.3760208300023133e-19
10069.276 7.49153045110239e-19 3.5437105420216833e-19
10070.362 4.9012504102659135e-20 3.757303701262713e-19
10071.448 9.877328335802483e-19 4.377453600629122e-19
10072.534 9.249719566601572e-20 4.60971514799903e-19
10073.62 1.0459461814435464e-18 4.502085763153188e-19
10074.706 1.0377430288525723e-18 4.2215490037783003e-19
10075.792 6.271147437000635e-19 3.5200028230691804e-19
10076.878 3.5637842308547427e-19 2.4119126427871495e-19
10077.964 1.2825413642198249e-19 2.01703774607748e-19
10079.05 3.5265722424032967e-19 2.0692241088190844e-19
10080.136 4.78212452963123e-19 2.133012216921704e-19
10081.222 3.130447460868825e-19 2.218918876821305e-19
10082.308 7.864346958194139e-19 4.227429319865754e-19
10083.394 5.468836398895091e-19 9.085762287832283e-19
10084.48 1.27881620725004e-18 1.03928167250186e-18
10085.566 9.49183373110764e-19 1.098255614878202e-18
10086.652 5.415936528202996e-19 1.0643405722512825e-18
10087.738 5.634304462949227e-19 9.144639955455105e-19
10088.824 -2.6649148100204854e-20 4.525445211023161e-19
10089.91 4.0223590701769297e-19 2.2212285331241052e-19
10090.995 7.621869117689051e-19 2.226547789511301e-19
10092.081 1.0312831835284094e-18 2.92521117724333e-19
10093.167 2.3970584461635128e-19 2.794091855285116e-19
10094.253 2.0667483617321798e-19 1.9022420078349676e-19
10095.339 2.267331983093264e-19 1.8859613921106648e-19
10096.425 3.256288397467279e-19 2.0086663616175188e-19
10097.511 8.226943275627254e-19 2.183143238036546e-19
10098.597 5.067236674818875e-19 2.4329335233326195e-19
10099.683 7.353251498417001e-19 2.5095153055989633e-19
10100.769 3.9185833324623604e-19 2.506326874641106e-19
10101.855 9.468161510710608e-19 2.4027546031674087e-19
10102.941 5.795267369457729e-19 2.4326778628088057e-19
10104.027 1.1401848599244222e-18 4.90376429219027e-19
10105.113 3.485806271901904e-19 6.818701581114432e-19
10106.199 -1.2814224579044922e-19 7.033466153428704e-19
10107.285 -3.548381599835433e-21 6.990688354415436e-19
10108.371 9.713920602029952e-19 5.999511420405887e-19
10109.457 1.0621488579918773e-18 3.052116528838434e-19
10110.543 1.1079836651558085e-18 1.941674411876593e-19
10111.629 2.4326504421891047e-19 1.7934363126903846e-19
10112.715 1.204813835296849e-19 1.7827459518019924e-19
10113.801 4.731665337349404e-19 1.7724422828553065e-19
10114.887 8.995264393484159e-19 1.751488690572675e-19
10115.973 6.4076372769405365e-19 1.7559977252943422e-19
10117.059 6.514557451080894e-19 1.7425199025299785e-19
10118.145 4.655451114778489e-19 1.705288341840502e-19
10119.231 6.386302616986701e-19 1.788972127486144e-19
10120.317 2.1842510254757644e-19 1.8384737183860046e-19
10121.403 6.421512427012371e-19 1.8342478821650159e-19
10122.489 5.706416085238444e-19 2.079608980839528e-19
10123.575 2.727035355751918e-19 3.640800702606022e-19
10124.661 3.708820405722692e-19 8.775093640222625e-19
10125.747 -1.9498218005082405e-19 1.1210936711809216e-18
10126.833 -1.0086856507851299e-18 1.1306072907556542e-18
10127.919 8.0315070970142195e-19 1.1115621731222365e-18
10129.005 1.8429653785417273e-18 8.706696959846327e-19
10130.09 7.378212602438146e-19 3.615643654467589e-19
10131.176 5.31948007052971e-19 2.051810271210503e-19
10132.262 7.710992166336452e-19 2.0799713328367184e-19
10133.348 5.765332813505574e-19 2.473616393677365e-19
10134.434 6.959618836342431e-19 2.768233787034937e-19
10135.52 1.3748573869849878e-19 2.7805155747157607e-19
10136.606 2.373989324704739e-19 2.717090268117348e-19
10137.692 3.8720795890593265e-19 2.4078797259522573e-19
10138.778 2.4788038524599997e-19 2.054062435400625e-19
10139.864 5.824640447350816e-19 1.9834786172435007e-19
10140.95 6.361163906940689e-19 1.9869641188163857e-19
10142.036 5.88521225034548e-19 1.9579951794829142e-19
10143.122 5.546010588651416e-19 2.0972108899294412e-19
10144.208 9.710142342046249e-19 2.6197343977184097e-19
10145.294 6.858570720455432e-19 3.125829737720871e-19
10146.38 -1.0275950957789766e-19 3.3274993041520766e-19
10147.466 2.315313198636565e-19 3.598581206626265e-19
10148.552 7.648092302024601e-19 3.495961576988906e-19
10149.638 2.93082524098179e-19 3.4564921306051777e-19
10150.724 7.066729765690531e-19 3.627071888820429e-19
10151.81 1.8523289229755557e-19 3.422174395026329e-19
10152.896 -7.953479002732132e-20 4.2145750510062514e-19
10153.982 -1.2639063164313573e-19 6.569810343761842e-19
10155.068 6.717073236506375e-19 7.085050149840788e-19
10156.154 4.590294824289565e-19 7.153947310407022e-19
10157.24 8.702809537446523e-19 6.9033261380051145e-19
10158.326 4.499043235708281e-19 4.810656902952582e-19
10159.412 4.071457123574202e-19 4.28790388959109e-19
10160.498 6.054126810910416e-19 4.454953591604689e-19
10161.584 -2.341343554924607e-19 4.42899923135191e-19
10162.67 7.4618714016597e-19 4.39663329225942e-19
10163.756 9.752700062305081e-19 3.40141099803007e-19
10164.842 2.1015720229654134e-19 3.0799493138907757e-19
10165.928 4.083948796141678e-19 3.597681928242643e-19
10167.014 6.952544712405772e-19 3.566807369397365e-19
10168.1 6.733839694247978e-19 3.7339993582339445e-19
10169.186 7.181921383696698e-19 3.606479158208145e-19
10170.271 4.180700699187761e-19 2.9758623327878717e-19
10171.357 6.045514532658015e-19 4.712723278275507e-19
10172.443 1.541251880877304e-18 1.0224772793472039e-18
10173.529 1.7119769507254655e-18 1.3063808599045433e-18
10174.615 8.621277564100722e-19 2.0904040960670154e-18
10175.701 2.4641603261237347e-18 2.0241727299949564e-18
10176.787 1.874682832838564e-18 9.118440566811543e-19
10177.873 7.85823928351833e-19 3.9179788042846166e-19
10178.959 5.275820022341342e-19 2.0149296622901253e-19
10180.045 5.436092403918885e-19 1.88036112383614e-19
10181.131 6.476578713944559e-19 2.7611932676916804e-19
10182.217 6.426918378237792e-19 4.359128701780464e-19
10183.303 4.435501252115682e-19 4.786851188900281e-19
10184.389 -2.0856473808376591e-19 4.848735290263101e-19
10185.475 7.48185083601172e-19 4.697156065575274e-19
10186.561 6.593498009521722e-19 3.3707709767310753e-19
10187.647 4.990093007400584e-19 2.5949305908555493e-19
10188.733 7.313933118423923e-19 2.598910786356642e-19
10189.819 5.73732452408489e-19 4.778059661310143e-19
10190.905 7.168733207747961e-19 8.146390836932193e-19
10191.991 5.577869565050521e-19 8.778592261631865e-19
10193.077 -2.8062741850916894e-19 8.783306287338913e-19
10194.163 -2.4885915867423195e-19 8.165640191307671e-19
10195.249 4.412345584108644e-19 4.800243300556546e-19
10196.335 1.096935749620036e-18 2.840548722517705e-19
10197.421 4.699586012215111e-19 2.653187233154913e-19
10198.507 4.711879722281344e-19 2.3216998898397073e-19
10199.593 1.19334842973261e-19 2.2895475440111348e-19
10200.679 4.499283544701985e-19 2.25629109203311e-19
10201.765 3.7900265744227054e-19 2.3020799408886285e-19
10202.851 9.262446068566191e-19 2.9595713910914335e-19
10203.937 -2.736670714279344e-20 5.212737187557129e-19
10205.023 4.397734711864646e-19 5.883392957068117e-19
10206.109 9.952396773118944e-19 5.96148444237972e-19
10207.195 2.0914650258278868e-19 5.964932492635896e-19
10208.281 7.098453937903397e-19 5.907553330095658e-19
10209.367 1.0006756864757225e-18 6.141438471341922e-19
10210.452 5.251462701545984e-19 6.106118704408467e-19
10211.538 1.4268373598396727e-18 8.703450259682249e-19
10212.624 -5.561835927930671e-19 1.0761064202520765e-18
10213.71 2.179095941461776e-18 1.0411331246414384e-18
10214.796 1.87724630964677e-19 9.568060883953337e-19
10215.882 6.202957159725758e-19 7.902877387856584e-19
10216.968 5.506178907607167e-19 3.540573565833828e-19
10218.054 7.345326088029108e-19 1.9382351329648705e-19
10219.14 3.9546821556954e-19 1.7573693923097213e-19
10220.226 7.946681274360552e-19 1.8291126301400926e-19
10221.312 6.502885164785364e-19 2.049649237586202e-19
10222.398 3.490613466625098e-19 2.218981950277995e-19
10223.484 3.4266135925282255e-19 2.2329868360404187e-19
10224.57 6.066595411541011e-19 2.301564772704844e-19
10225.656 2.8823024792567157e-19 3.8455548293485897e-19
10226.742 -1.3636934738966826e-19 7.084092056554556e-19
10227.828 -6.566309656311165e-19 8.089546683828691e-19
10228.914 1.0528588032892754e-19 8.207920712046923e-19
10230.0 3.320123111309971e-19 7.7934641339346405e-19
10231.086 6.091082268268575e-19 6.419462108737876e-19
10232.172 3.234194040767557e-19 6.095155035514731e-19
10233.258 1.4449961837347174e-18 6.0828113301025275e-19
10234.344 -1.9616381622710153e-19 6.042573568642165e-19
10235.43 6.382946067147952e-19 5.283464689626951e-19
10236.516 4.12083383181981e-19 2.937245767895947e-19
10237.602 3.2557050360126735e-19 2.1889280202447967e-19
10238.688 2.7177868398371253e-19 2.0462670058856102e-19
10239.774 3.8722891848723257e-19 2.6236122992229593e-19
10240.86 5.405577970503955e-19 3.2108617417132186e-19
10241.946 2.9335643275982654e-19 1.8952503595485483e-19
10243.032 6.593584975165415e-19 2.308871314726896e-19
10244.118 3.4398140216615254e-19 2.3296041262741195e-19
10245.204 4.823340181911207e-19 1.7594794413796738e-19
10246.29 5.090626112250206e-19 1.7200454616954686e-19
10247.376 7.523288283000303e-19 1.717237450418421e-19
10248.462 3.8368465694036645e-19 1.6601100084935597e-19
10249.548 6.443290018532424e-19 1.6237619074317006e-19
10250.633 6.350340128814925e-19 1.6285668119748307e-19
10251.719 4.690417818252855e-19 1.632332887439562e-19
10252.805 4.153247962384486e-19 1.6267806240096594e-19
10253.891 6.64414051464142e-19 1.6605247417078983e-19
10254.977 3.804900591959276e-19 1.6998218901673297e-19
10256.063 5.050788467045614e-19 2.0017756669324965e-19
10257.149 5.166167258320938e-19 2.4219190976631874e-19
10258.235 8.641171722755165e-19 2.1643671149415195e-19
10259.321 7.641187220198448e-19 2.0180778425808936e-19
10260.407 5.877131515612445e-19 1.999079547012032e-19
10261.493 2.1246615964248206e-19 2.110305257481808e-19
10262.579 2.379477215635575e-19 2.0320804541587243e-19
10263.665 5.1539053871661105e-19 1.8597799608718926e-19
10264.751 1.0456371387350768e-19 1.926978721997725e-19
10265.837 4.660146678087147e-19 2.0292469704487299e-19
10266.923 6.543469191299816e-19 2.238786289423625e-19
10268.009 1.6753391633456924e-19 2.387614086827363e-19
10269.095 2.281511430190166e-19 2.3870050753360385e-19
10270.181 1.3386147103682618e-19 2.5462822360759353e-19
10271.267 2.7317338457614153e-19 3.449383210977528e-19
10272.353 1.0095506690603564e-18 4.625431178119969e-19
10273.439 7.147526225926511e-19 4.8827171703726e-19
10274.525 -5.719092464735762e-20 4.916278185306832e-19
10275.611 -1.0327135547841764e-19 4.513311930054142e-19
10276.697 6.375753551753186e-19 2.938936591521983e-19
10277.783 2.1101500223388527e-19 2.2469611663543305e-19
10278.869 1.964454271634883e-19 2.1260227389627119e-19
10279.955 3.791339728536091e-20 2.033852929987072e-19
10281.041 2.5143394353719264e-20 2.123498327310145e-19
10282.127 6.054315904236482e-19 2.1467396670901495e-19
10283.213 3.190739586463905e-19 2.0328301680860475e-19
10284.299 8.299592377959485e-19 2.510349131895715e-19
10285.385 7.250275480875196e-19 5.992031352699088e-19
10286.471 6.909173004801466e-19 1.1471970469701383e-18
10287.557 -1.4827761634174446e-18 1.5129995160373458e-18
10288.643 1.5314996105754388e-18 1.7221565251424766e-18
10289.729 1.812533040691751e-18 1.6967609841793364e-18
10290.814 5.31535512586084e-19 1.56785532390921e-18
10291.9 -7.289256418865708e-19 1.041825172805162e-18
10292.986 4.244507103193456e-19 3.905042613913461e-19
10294.072 7.941144026679706e-19 3.4795632334569777e-19
10295.158 6.61972278823299e-19 3.7065455116394405e-19
10296.244 7.560147120784349e-19 6.139474481729219e-19
10297.33 6.236156918878374e-19 9.120415697478619e-19
10298.416 1.0171818242136579e-18 9.357017277910646e-19
10299.502 8.345102963720132e-19 9.23169453402547e-19
10300.588 9.234159223410187e-19 8.234124402105375e-19
10301.674 6.234352280094737e-19 4.474046104057276e-19
10302.76 9.35421222310419e-19 2.546626926106614e-19
10303.846 5.160030189591612e-19 2.3042778912870034e-19
10304.932 6.202118067930575e-19 2.534676785485175e-19
10306.018 4.2434288112330743e-19 2.734318186096916e-19
10307.104 3.5714866221149543e-19 3.1569420025000726e-19
10308.19 -1.9704063495489186e-19 3.548733992076289e-19
10309.276 2.485400838218256e-19 3.5641044654272757e-19
10310.362 1.228594695553934e-19 4.679220156539501e-19
10311.448 -7.884400834779408e-20 5.548719198150157e-19
10312.534 7.834239561747097e-19 5.611488783330049e-19
10313.62 6.860984266214815e-19 5.223732610176248e-19
10314.706 6.418638423532499e-19 3.85826136969075e-19
10315.792 7.563742749295393e-19 2.196260606668009e-19
10316.878 8.423562082137794e-19 1.8967537879616443e-19
10317.964 4.151826439765125e-19 1.875927810446866e-19
10319.05 4.970641448008804e-19 1.8268001372631744e-19
10320.136 4.0571129816067883e-19 1.7810283469529403e-19
10321.222 7.230946867436764e-20 1.7190559142785392e-19
10322.308 6.129531122783078e-19 1.7353648785898198e-19
10323.394 4.6446020630641605e-19 1.852565126683888e-19
10324.48 8.724189934481039e-19 1.9634331661351489e-19
10325.566 8.016832226039076e-19 2.0330493902312156e-19
10326.652 2.318699349519371e-19 2.2617603734491543e-19
10327.738 4.45854426159901e-19 2.7368185405145346e-19
10328.824 8.591917665506544e-19 3.068074973947804e-19
10329.91 7.216539141217771e-19 3.2694119634750525e-19
10330.995 4.9538436886897e-19 3.173032543781063e-19
10332.081 6.515869897800284e-19 2.769403432647908e-19
10333.167 7.341027150095241e-19 2.251244320389226e-19
10334.253 4.737812227249753e-19 1.8210643125832576e-19
10335.339 2.828616158524585e-19 1.8093032849678865e-19
10336.425 4.875706236995023e-19 1.987376086066074e-19
10337.511 8.824619906303549e-19 2.506197687486431e-19
10338.597 3.866443267021383e-19 2.546853756850981e-19
10339.683 5.927013159038799e-19 2.1092384370263867e-19
10340.769 5.667805577597305e-19 3.18746868553637e-19
10341.855 -8.136062946280756e-20 3.8339199287435447e-19
10342.941 6.218653703224436e-19 3.891188702445503e-19
10344.027 1.105921106347772e-18 3.831554244536452e-19
10345.113 6.029941670705963e-19 3.1608826202033777e-19
10346.199 5.180584258968298e-19 2.480680392173562e-19
10347.285 3.51568989337164e-19 4.2285358765277485e-19
10348.371 1.4432766434273001e-18 7.088103195276813e-19
10349.457 1.501292049908868e-19 8.973488771131464e-19
10350.543 -1.7528359169671547e-19 8.975885664153328e-19
10351.629 6.438240593515076e-19 7.305897590759383e-19
10352.715 2.474551608308587e-19 4.754904692468486e-19
10353.801 4.736016224388098e-19 3.060298992907322e-19
10354.887 6.1996443937480575e-19 4.044850546374954e-19
10355.973 5.262183075715987e-19 4.598509596659004e-19
10357.059 1.1246351727053981e-18 4.630431285828171e-19
10358.145 9.312550950530256e-19 4.359625838979232e-19
10359.231 1.592111352799918e-19 3.340190678709289e-19
10360.317 7.721263063761675e-19 2.048464024638465e-19
10361.403 5.267205820803633e-19 1.7332336235658762e-19
10362.489 5.7125150903988075e-19 1.712312428011937e-19
10363.575 5.904471728970864e-19 1.7193235562863196e-19
10364.661 3.7372207867189016e-19 1.7158554925912644e-19
10365.747 5.056707169255639e-19 1.719508951815059e-19
10366.833 7.070972414137108e-19 1.7011187689854273e-19
10367.919 7.054086270043597e-19 1.7585590317044656e-19
10369.005 5.912866061852099e-19 1.7659437700267047e-19
10370.09 5.656764217311049e-19 1.813476821489006e-19
10371.176 5.240468985943895e-19 1.9353346603007361e-19
10372.262 1.3710972186179857e-18 3.692788194983602e-19
10373.348 1.5055649354208544e-18 9.237270447274416e-19
10374.434 -8.992103926197496e-19 1.2851356737335385e-18
10375.52 7.065437277909087e-19 1.3321889138749891e-18
10376.606 1.4501345845479041e-18 1.3123267147961318e-18
10377.692 2.2523249603704462e-18 1.0769045311384632e-18
10378.778 1.2096877663527357e-18 4.715805824671532e-19
10379.864 3.232577855850471e-19 2.197888879148848e-19
10380.95 3.107141193958991e-19 1.8697644307244229e-19
10382.036 6.032907805111305e-19 1.80986716910995e-19
10383.122 1.0254279710243277e-18 1.817143667845507e-19
10384.208 4.5738317864574825e-19 1.8401604278265859e-19
10385.294 3.4899321850895217e-19 1.9069700810088387e-19
10386.38 5.094681611042592e-19 1.8402773930611632e-19
10387.466 6.539781930954291e-19 1.826146511140697e-19
10388.552 7.837020002391999e-19 1.84956351731886e-19
10389.638 3.6166116023872033e-19 1.8201376260672534e-19
10390.724 4.3119582119474515e-19 1.8972009718002813e-19
10391.81 9.709310028022e-19 1.9554602041702415e-19
10392.896 6.73893531438966e-19 1.948897662360864e-19
10393.982 4.762142775950938e-19 2.024791293269193e-19
10395.068 3.777526566363107e-19 2.1031547554224195e-19
10396.154 1.073895466376071e-18 4.766724839828344e-19
10397.24 6.449239095188417e-19 9.723916690608981e-19
10398.326 5.154052812326276e-19 8.460456071154075e-19
10399.412 -4.616640458162316e-19 8.623297191804661e-19
10400.498 9.2078436262252e-19 8.296389031519599e-19
10401.584 1.1118713858666128e-18 6.190255701334846e-19
10402.67 7.450953912725106e-19 2.706488668121582e-19
10403.756 9.634072253541695e-19 2.169130216361083e-19
10404.842 7.82628662890571e-19 2.1560244075142152e-19
10405.928 4.082115799917584e-19 1.9747654099900464e-19
10407.014 5.452466220898733e-19 1.8794007917654312e-19
10408.1 6.820513061717578e-19 1.8979440191992434e-19
10409.186 5.8230260318836e-19 2.0610669175903816e-19
10410.271 4.2935237435717735e-19 2.211356030427016e-19
10411.357 5.005602493301064e-19 2.2980177114715855e-19
10412.443 5.586655531568903e-19 2.410471593630012e-19
10413.529 5.28676053432982e-19 2.262093119516776e-19
10414.615 8.556860856957812e-19 1.9646709100848108e-19
10415.701 7.830014512058468e-19 2.1073232286348568e-19
10416.787 5.980544365841208e-19 2.725870547448765e-19
10417.873 1.219696443471869e-19 4.924437597830285e-19
10418.959 -7.5129381769821e-19 1.0218013437181414e-18
10420.045 -2.9608918434424808e-19 1.3240362054378548e-18
10421.131 -1.2519742150022927e-18 1.3523521807032927e-18
10422.217 1.0616178724285603e-18 1.3177546152166723e-18
10423.303 2.9293668440725863e-18 1.0281294766444482e-18
10424.389 1.193665747232182e-18 4.677539118764551e-19
10425.475 5.46859767095132e-19 2.9174141597232587e-19
10426.561 2.0835742272378306e-19 2.762361768593796e-19
10427.647 1.6505187259441233e-19 2.581144853444941e-19
10428.733 2.966567265855295e-19 2.679033718035988e-19
10429.819 1.216471446985739e-19 3.1328509291026687e-19
10430.905 2.728366462414906e-19 3.404777548764547e-19
10431.991 1.560383594496146e-19 3.417485379685274e-19
10433.077 6.101249565768081e-19 3.127381434043237e-19
10434.163 8.857652530947061e-19 2.4961695179108174e-19
10435.249 5.377924103650531e-19 1.924080298898142e-19
10436.335 6.728569731432669e-19 1.7713327224055247e-19
10437.421 6.46743178980777e-19 1.6969572029284702e-19
10438.507 6.347809237116788e-19 1.6848131888858384e-19
10439.593 4.3262117308763695e-19 1.6673914151047704e-19
10440.679 4.636544601360736e-19 1.6518152347711238e-19
10441.765 5.447732100253577e-19 1.6417590222760344e-19
10442.851 3.7565887716155024e-19 1.6165192930937238e-19
10443.937 7.503959699730564e-19 1.6410315601738472e-19
10445.023 7.078680495252985e-19 1.6765359461208467e-19
10446.109 5.190006142175189e-19 1.7445081831389907e-19
10447.195 5.4319787723660315e-19 1.8395961362742685e-19
10448.281 7.2641618147531e-19 1.9120636640047424e-19
10449.367 7.397178117829262e-19 2.0860689074999083e-19
10450.452 3.013716219779645e-19 3.9667309264888486e-19
10451.538 -2.156783629598284e-19 6.610677901353651e-19
10452.624 1.8428853906551278e-19 7.404912233917977e-19
10453.71 7.192725591861467e-19 7.464441590257164e-19
10454.796 1.2226087057634254e-19 6.934584459505459e-19
10455.882 -2.2994376766724534e-19 4.565140781600292e-19
10456.968 1.74879647254673e-19 2.0993264051009094e-19
10458.054 5.192504949570893e-19 2.3967386652443766e-19
10459.14 4.531552935740342e-19 2.466604353672869e-19
10460.226 7.630724912246856e-19 2.334466852155034e-19
10461.312 7.114039887488036e-19 1.638752089500297e-19
10462.398 5.841242975772663e-19 1.6643417817176624e-19
10463.484 7.742277386850482e-19 1.663259473317734e-19
10464.57 5.941250551199572e-19 1.6829072780190134e-19
10465.656 5.019635364076387e-19 1.7122383991613828e-19
10466.742 4.245833267397459e-19 1.7622496562717406e-19
10467.828 -4.2930494636318757e-19 2.21647892580775e-19
10468.914 1.5316452240276988e-18 5.683304491949436e-19
10470.0 1.1330702612355377e-18 9.871400628609076e-19
10471.086 1.1019468357874197e-18 1.1159022007057595e-18
10472.172 1.3613986086038826e-18 1.1198538347882041e-18
10473.258 5.427684766574214e-19 1.0354748626079375e-18
10474.344 1.3075733576078162e-18 6.749149172200162e-19
10475.43 8.434512401682288e-19 2.85111986432136e-19
10476.516 7.872816413133329e-19 2.125209621647e-19
10477.602 6.971432027632952e-19 1.833890060778939e-19
10478.688 4.515172279369274e-19 1.7115307427489015e-19
10479.774 5.176915608617264e-19 1.7500064572303573e-19
10480.86 4.902086145939549e-19 1.7940075547845925e-19
10481.946 5.247239916784227e-19 1.8060888939198113e-19
10483.032 5.611572982824633e-19 1.7949149789738384e-19
10484.118 2.7337610417897906e-19 1.838215356451722e-19
10485.204 5.366201530867414e-19 1.9649418329393277e-19
10486.29 3.862722928131659e-19 2.000383043515112e-19
10487.376 8.175586080907512e-19 2.1090365719629883e-19
10488.462 5.682866765594487e-19 2.4489645085336945e-19
10489.548 4.137778858394222e-19 2.558356824826454e-19
10490.633 6.042392690084322e-19 2.8340428522354606e-19
10491.719 6.822981319163497e-19 2.5990078143310597e-19
10492.805 2.7818831061578817e-19 1.916676106482892e-19
10493.891 3.5923827944603484e-19 1.7414494335848974e-19
10494.977 2.4970277053588864e-19 1.7011974699478217e-19
10496.063 3.991450299415381e-19 1.6876230122736775e-19
10497.149 9.500385420220263e-19 1.698908665410928e-19
10498.235 8.122352470926272e-19 1.8034860234226723e-19
10499.321 5.7270307344952e-19 2.135734898572004e-19
10500.407 5.4839495657639385e-19 2.369868455162455e-19
10501.493 3.0657166280699657e-19 2.399735035722053e-19
10502.579 -3.552249475426392e-20 2.341495131968539e-19
10503.665 3.646293425470082e-19 2.1054611542043317e-19
10504.751 7.790545745728841e-19 1.859060510190446e-19
10505.837 4.555614951686189e-19 1.931394197610135e-19
10506.923 4.730271430905616e-19 2.0636446863730537e-19
10508.009 1.9104580229280786e-19 2.078965276832226e-19
10509.095 6.903329118433963e-19 3.350479695589282e-19
10510.181 3.906704334302127e-19 5.345546357608592e-19
10511.267 8.062917671706012e-19 6.136289201008116e-19
10512.353 6.047329630247959e-19 6.255403475105892e-19
10513.439 1.0434277360147737e-18 5.875187538281298e-19
10514.525 4.58915188472422e-19 4.287576980984018e-19
10515.611 1.6441398838817506e-19 2.96659135750499e-19
10516.697 6.153452459952898e-19 2.7438979519550007e-19
10517.783 6.755776244901998e-19 2.637861904069342e-19
10518.869 8.510406721540565e-19 2.5709611123272194e-19
10519.955 7.319495905702267e-19 2.3294751827576477e-19
10521.041 6.632475063841289e-19 2.0164990203966316e-19
10522.127 5.190726233258527e-19 1.9064774061015984e-19
10523.213 5.335338924814938e-19 1.9922596482360203e-19
10524.299 9.30432622996335e-19 3.433304397235216e-19
10525.385 6.997117942422907e-19 6.465943062314452e-19
10526.471 1.1773314781714922e-19 8.075272004370147e-19
10527.557 2.8573080634873713e-19 1.0602657619115512e-18
10528.643 3.1568811456384723e-19 1.2892524063970322e-18
10529.729 1.3712097901785035e-19 7.032788588061063e-19
10530.814 6.94748970274245e-19 3.1885930920937485e-19
10531.9 4.414644530510389e-19 1.9304960994581018e-19
10532.986 4.713346526340264e-19 1.776950893313716e-19
10534.072 5.97445225912237e-19 1.67311323195868e-19
10535.158 5.119577962717412e-19 1.636635647778054e-19
10536.244 4.794803209882481e-19 1.6188640344829352e-19
10537.33 4.663620635964507e-19 1.6575926618552305e-19
10538.416 6.336810168399576e-19 1.6650734465089106e-19
10539.502 7.3963324361333275e-19 1.6774328636982894e-19
10540.588 5.093742713102876e-19 1.6437374670011537e-19
10541.674 6.413201363251087e-19 1.6455630382305558e-19
10542.76 5.830225477679935e-19 1.633686876685013e-19
10543.846 5.668204448853388e-19 1.5977183287551076e-19
10544.932 5.00437792476469e-19 1.693014518300551e-19
10546.018 6.469808716979559e-19 1.7027784687074658e-19
10547.104 6.147981496588486e-19 1.6171252291634243e-19
10548.19 3.546490252419853e-19 1.6397312366336273e-19
10549.276 2.891131063880134e-19 1.653065648948864e-19
10550.362 3.137066878707997e-19 1.6241875604673846e-19
10551.448 4.644651309351495e-19 1.6373307333500938e-19
10552.534 6.029056781339049e-19 1.9145986596346724e-19
10553.62 1.1283012475421151e-19 2.4447603325707845e-19
10554.706 4.2946063925865693e-19 2.5082448242904453e-19
10555.792 7.870733339549915e-19 2.141692561991399e-19
10556.878 7.672259747743386e-19 1.951529216924457e-19
10557.964 4.776696978265309e-19 1.7279532848200773e-19
10559.05 2.397196312084418e-19 1.720429282216021e-19
10560.136 2.1857494549084525e-19 1.678813971427975e-19
10561.222 2.478301359188298e-19 1.5837161992333596e-19
10562.308 4.587167904370275e-19 1.617281811742599e-19
10563.394 6.688381067031426e-19 1.6100744156897262e-19
10564.48 4.907954351413606e-19 1.5936702822266552e-19
10565.566 3.7016464096573944e-19 1.5701854010354843e-19
10566.652 4.323011006003109e-19 1.5972098080948674e-19
10567.738 7.039587077036401e-19 1.6136599784743216e-19
10568.824 5.493595851011662e-19 1.6135117592114594e-19
10569.91 3.12149560233768e-19 1.671758087728553e-19
10570.995 1.6587205656044922e-19 1.722481824775392e-19
10572.081 3.914776495964072e-19 2.2022511448808996e-19
10573.167 7.386679644369279e-19 3.4925830531282154e-19
10574.253 3.2897076792991953e-19 4.061429635490673e-19
10575.339 5.790381645476826e-19 4.124789152392798e-19
10576.425 8.86238461138015e-19 3.962934005560585e-19
10577.511 8.213994792190275e-19 3.119004641070505e-19
10578.597 3.569142330730452e-19 1.9677337722797713e-19
10579.683 4.672184028457629e-19 1.692432101126454e-19
10580.769 5.74041896691902e-19 1.654406190201128e-19
10581.855 6.095145333327012e-19 1.6534138508954747e-19
10582.941 6.329835851533427e-19 1.6374592463514586e-19
10584.027 7.258897213826416e-19 1.5960714093034236e-19
10585.113 5.912270503798486e-19 2.2855024252259707e-19
10586.199 2.8231151728200625e-19 4.1568195108466886e-19
10587.285 -2.1534536424264065e-19 4.939041844155625e-19
10588.371 5.194794287127846e-19 5.289849415172712e-19
10589.457 6.195189702461577e-19 5.247897540902504e-19
10590.543 9.270417125032402e-19 4.525647459431557e-19
10591.629 8.277170964781547e-19 2.979679654927195e-19
10592.715 6.08700977082745e-19 2.0844053873686008e-19
10593.801 4.544694000779514e-19 1.8512636778249584e-19
10594.887 4.101253451108913e-19 1.7225506229254491e-19
10595.973 3.759175565259571e-19 1.7832033004589791e-19
10597.059 1.4894273674717616e-19 1.844305573068347e-19
10598.145 4.936697280582671e-19 1.9767177769135928e-19
10599.231 4.537848682919435e-19 2.09287832487014e-19
10600.317 5.164723394620238e-19 2.1358573366767659e-19
10601.403 5.202990407829595e-19 2.2295749286054826e-19
10602.489 5.362670166511512e-19 2.239371643926425e-19
10603.575 2.552734794339474e-19 2.1092204774248747e-19
10604.661 2.5596344374886947e-19 2.0206373085963481e-19
10605.747 3.064178880981544e-19 1.8384015179855965e-19
10606.833 5.533433454457192e-19 1.7350144729137907e-19
10607.919 8.79967460093061e-19 1.73400097338643e-19
10609.005 7.527505303619131e-19 1.7495272030068448e-19
10610.09 6.423365403133397e-19 1.749870851520811e-19
10611.176 3.457210404231679e-19 1.7571376338645496e-19
10612.262 3.5709502938114637e-19 1.7873809204140696e-19
10613.348 5.542291796001123e-19 1.8020053230065186e-19
10614.434 3.8105634512820266e-19 1.74308063663043e-19
10615.52 2.540703648627771e-19 1.6741802072804282e-19
10616.606 2.1000350454418891e-19 1.623528368342962e-19
10617.692 3.812801908294651e-19 1.5848580897099302e-19
10618.778 6.138948421135795e-19 1.5965997243260197e-19
10619.864 5.781752823623205e-19 1.624788933978496e-19
10620.95 3.7584522419976297e-19 1.625090868483807e-19
10622.036 2.79700284489196e-19 1.6358854984049733e-19
10623.122 3.57903947396795e-19 1.661264243459487e-19
10624.208 1.394530242310683e-19 1.7006812085065815e-19
10625.294 2.761957885090472e-19 1.7132524590781913e-19
10626.38 5.564468967017028e-19 1.7290354372856618e-19
10627.466 5.134546954108388e-19 1.7189961859609587e-19
10628.552 4.2411491314753837e-19 1.6833370637620822e-19
10629.638 5.698202220077553e-19 1.6739954066840738e-19
10630.724 9.489105319886748e-19 1.6243028527570015e-19
10631.81 7.456424151861766e-19 1.5557703026269906e-19
10632.896 7.709629210236261e-19 1.5060456372678512e-19
10633.982 9.273315750094533e-19 1.4843759988798963e-19
10635.068 5.7020537297888745e-19 1.4970511073944418e-19
10636.154 3.4386116299841177e-19 1.4925165197505281e-19
10637.24 5.175841750592059e-19 1.5104802876236436e-19
10638.326 3.4079176359979077e-19 1.5475023456239112e-19
10639.412 2.918103188653288e-19 1.5990351166877094e-19
10640.498 3.6435070007318603e-19 2.0177490191169297e-19
10641.584 4.976455967559451e-19 2.695228315430612e-19
10642.67 7.030364822652006e-19 2.8859407928720115e-19
10643.756 3.7055949634720424e-19 2.9070538499323183e-19
10644.842 6.436382117059303e-19 4.0597425437411783e-19
10645.928 4.478116041638905e-19 3.258537434048206e-19
10647.014 7.611725833780681e-19 1.669246691810362e-19
10648.1 5.681688497392888e-19 1.5423984864175328e-19
10649.186 5.620015029723556e-19 1.5061135633503141e-19
10650.271 8.197069759326742e-19 1.524792003245568e-19
10651.357 6.69234904595241e-19 1.746474591305456e-19
10652.443 4.299712056219493e-19 2.4591389486562725e-19
10653.529 6.178230740556675e-19 3.2134864025112966e-19
10654.615 -8.335820165080476e-20 3.4913818437548607e-19
10655.701 2.1843532085614533e-19 3.4631796446507144e-19
10656.787 3.1488319983690737e-19 3.0780410077884493e-19
10657.873 4.539745105450319e-19 2.2527969407186396e-19
10658.959 6.061274645919309e-19 1.6137220550256546e-19
10660.045 4.596744896259582e-19 1.5215048537224185e-19
10661.131 5.86106193790296e-19 1.5247342747375785e-19
10662.217 6.492765827265327e-19 1.5101899011703103e-19
10663.303 6.333912066551893e-19 1.5284076980033764e-19
10664.389 1.747284070625367e-19 1.5293768132230715e-19
10665.475 2.455295701569111e-19 1.560053969615913e-19
10666.561 5.089951207817575e-19 1.7003704985274002e-19
10667.647 6.513808806120273e-19 1.8220651209263047e-19
10668.733 6.88304911837562e-19 1.82662571707956e-19
10669.819 7.975807634777557e-19 1.8365537333883408e-19
10670.905 3.6263698479663145e-19 1.7374386368116137e-19
10671.991 6.40204757718669e-20 1.5877923638733109e-19
10673.077 3.1709253892745695e-19 1.55492247180258e-19
10674.163 5.534460246138629e-19 1.5412187647650622e-19
10675.249 3.586451042187868e-19 1.5655620729619073e-19
10676.335 3.6502936274971067e-19 1.5529836823057147e-19
10677.421 6.22690791070879e-19 1.549048105078595e-19
10678.507 5.760908799235409e-19 1.5472316810005464e-19
10679.593 3.9537819108541214e-19 1.5719286405860039e-19
10680.679 7.798028950543178e-19 1.6022998372908886e-19
10681.765 1.0264646491659507e-18 1.7598130631060975e-19
10682.851 8.3974438982101e-19 2.67345487900483e-19
10683.937 9.229600881222145e-19 3.33556838964864e-19
10685.023 1.0083927803074552e-18 3.19740547537684e-19
10686.109 7.181572946987761e-19 3.598769966821504e-19
10687.195 6.357725101096046e-19 3.8844926945641117e-19
10688.281 2.359547703541211e-19 4.3184818582578444e-19
10689.367 1.6131939681235276e-19 4.600422910235581e-19
10690.452 -1.6665034027562748e-19 4.660049822728401e-19
10691.538 -4.2849548082399443e-19 4.580956016681732e-19
10692.624 3.8331165136630086e-19 4.413328228578816e-19
10693.71 6.901037796633391e-19 3.9338549993884023e-19
10694.796 1.166457497894387e-19 3.477408602596339e-19
10695.882 5.738008757237656e-19 3.1730025151418005e-19
10696.968 1.2286109031015518e-18 3.543426468857103e-19
10698.054 1.062889294274536e-18 4.891394850595253e-19
10699.14 -4.1044387416400187e-19 5.60600961024161e-19
10700.226 -6.744471166724216e-19 5.741200357184152e-19
10701.312 4.474343951158356e-19 5.64760088258223e-19
10702.398 1.9887216248237093e-19 4.459965749484428e-19
10703.484 4.844960026029188e-19 3.6832692966763647e-19
10704.57 1.3065842821372093e-19 4.966285492642602e-19
10705.656 -1.942492164883182e-19 5.10773022413973e-19
10706.742 5.47456175295671e-19 4.426806871179068e-19
10707.828 2.737998518384861e-19 4.131753198538805e-19
10708.914 4.390337677251469e-19 3.03864816308111e-19
10710.0 4.790396340161244e-19 2.598621479748775e-19
10711.086 5.215337089186535e-19 5.478897990992296e-19
10712.172 1.3532094250276998e-18 7.89637990582572e-19
10713.258 9.990606802459142e-19 8.326652976912654e-19
10714.344 -3.5177307635240745e-19 8.282992086630819e-19
10715.43 1.523369580493102e-19 7.332031571874048e-19
10716.516 5.034854193039257e-19 4.888003101725517e-19
10717.602 4.925067889372411e-19 3.7110938604553346e-19
10718.688 1.6819896514434057e-19 3.5517023296313905e-19
10719.774 2.736575314912531e-19 3.413604924376791e-19
10720.86 2.5618700144917005e-19 4.558062148634142e-19
10721.946 8.441858139152801e-19 5.723725633943992e-19
10723.032 7.220518605318456e-19 5.949040305409785e-19
10724.118 8.99331245834245e-19 5.95535951153455e-19
10725.204 8.6161643875179685e-19 5.248583547551157e-19
10726.29 1.323162376011559e-19 3.5951004031411167e-19
10727.376 2.9847132736691136e-19 3.0433520311215382e-19
10728.462 7.706171498956289e-19 4.779858707925327e-19
10729.548 5.37432098021847e-19 8.889579580405912e-19
10730.633 3.5208976697342396e-19 1.245160215522658e-18
10731.719 3.2324149242898614e-19 1.2499873420682584e-18
10732.805 -8.428032482034947e-19 1.1656666303083096e-18
10733.891 2.376534755659351e-19 7.752385245404482e-19
10734.977 3.444258582382355e-19 3.4262289433335503e-19
10736.063 2.108709858790441e-19 2.16416689668904e-19
10737.149 3.5706904510912666e-19 2.4508695072068513e-19
10738.235 3.9769586859649903e-19 2.745609696078635e-19
10739.321 4.573072607654524e-19 2.7820385335752535e-19
10740.407 3.1339275001790665e-19 4.0589292769683273e-19
10741.493 2.87780556782127e-19 3.64816268848436e-19
10742.579 4.482885397079421e-20 2.625569838803286e-19
10743.665 2.905505995824072e-19 5.228390829096096e-19
10744.751 8.557629850069096e-19 7.095378887507181e-19
10745.837 5.04339797717249e-19 7.461823566144262e-19
10746.923 3.217624939711126e-19 7.387372933715988e-19
10748.009 5.033387400310571e-19 6.200488922411547e-19
10749.095 2.7755674403661017e-19 3.632163799110306e-19
10750.181 2.2876543517618136e-19 3.1915530855326645e-19
10751.267 1.1287469944544711e-18 7.551153139662767e-19
10752.353 1.1035838117670372e-18 1.1175283030330106e-18
10753.439 -2.9923235533924166e-19 1.1905721615332313e-18
10754.525 7.139312413862595e-19 1.1852863909171955e-18
10755.611 5.728733782718376e-19 1.019049604128405e-18
10756.697 7.551653428057689e-20 5.719191848221556e-19
10757.783 3.521746593242902e-19 3.1784156703378646e-19
10758.869 5.606572661997489e-19 2.6431727975121893e-19
10759.955 5.419690509023746e-19 1.9328338113268777e-19
10761.041 5.264389372004586e-19 1.787564904700651e-19
10762.127 5.841710048622097e-19 1.8753845338839196e-19
10763.213 4.2557159998789404e-19 2.2501839255075e-19
10764.299 -4.442330340372476e-20 2.5639434597194543e-19
10765.385 -5.507996405871645e-20 3.7881523107287906e-19
10766.471 7.865063089394214e-19 3.767080072260031e-19
10767.557 7.641464364866514e-19 2.284908882587742e-19
10768.643 6.511293482343492e-19 1.86407675744533e-19
10769.729 4.894773637535495e-19 1.7426571431939288e-19
10770.814 6.074128225667781e-19 1.8763981376795972e-19
10771.9 3.6626930449881176e-19 3.41192789361276e-19
10772.986 3.1952673614951183e-19 6.14744796914773e-19
10774.072 2.2630541876001793e-19 7.391069247656218e-19
10775.158 -4.3253206066194006e-20 7.430500275881768e-19
10776.244 6.010896818729495e-19 7.004058067654796e-19
10777.33 7.676681332923898e-19 5.114504595025506e-19
10778.416 6.385462671875431e-19 2.36240389039895e-19
10779.502 2.8819170260714904e-19 2.043048287957559e-19
10780.588 6.339139118328577e-19 1.9891203544468308e-19
10781.674 3.631040679684512e-19 1.794023728342194e-19
10782.76 5.615553744978056e-19 1.8503888755058229e-19
10783.846 5.726018496265065e-19 1.8388277071145073e-19
10784.932 5.39979621062654e-19 1.789309989006774e-19
10786.018 7.0118652105915755e-19 1.751589157458734e-19
10787.104 7.103009969836675e-19 1.7839888906672323e-19
10788.19 4.9607775244428e-19 1.8943067786086524e-19
10789.276 3.692878735966764e-19 1.8852758780112604e-19
10790.362 4.39318294109959e-19 1.621664030565265e-19
10791.448 5.945361268186136e-19 1.5904990305104402e-19
10792.534 5.744999442212151e-19 1.757670947059979e-19
10793.62 2.6392915329725007e-19 2.176160156663361e-19
10794.706 6.008573786080474e-19 2.6012427481625413e-19
10795.792 2.340136512425878e-19 3.214278895647399e-19
10796.878 2.279376772161994e-19 3.164390953641699e-19
10797.964 7.215894711534724e-19 2.531475172852639e-19
10799.05 5.859392786374634e-19 2.158049887884921e-19
10800.136 5.987079745249775e-19 1.80436425547765e-19
10801.222 5.024774290068308e-19 1.993365447636998e-19
10802.308 5.853733933462415e-19 2.3488619098047093e-19
10803.394 6.378508508378825e-19 2.462128691727705e-19
10804.48 6.492801347416e-19 2.4657308978055683e-19
10805.566 8.250536790183267e-19 2.352725611990986e-19
10806.652 3.382570395035147e-19 2.0726182462713838e-19
10807.738 1.5817465400776577e-19 1.8050244260484428e-19
10808.824 8.905807430738164e-20 1.8009700194037758e-19
10809.91 5.300443030752999e-19 1.811384127017014e-19
10810.995 7.538550614254887e-19 1.8576645467846173e-19
10812.081 3.433166056848e-19 1.888763213438976e-19
10813.167 4.538296198346085e-19 1.880742581054436e-19
10814.253 7.578202118000735e-19 1.8674962300073606e-19
10815.339 2.423046985272318e-19 1.847315428686972e-19
10816.425 7.341264800843584e-20 1.8494157720019786e-19
10817.511 4.2656734314928354e-19 1.9062759967935085e-19
10818.597 6.231444378264851e-19 3.283397290906063e-19
10819.683 6.381529828589556e-19 3.27164724409257e-19
10820.769 5.704944675071805e-19 1.891633276162139e-19
10821.855 6.584413072738091e-19 1.5963696350711586e-19
10822.941 5.551437937352051e-19 1.5470251444706225e-19
10824.027 3.7713402509044867e-19 1.579244307564288e-19
10825.113 5.028017980386464e-19 1.6294115535411914e-19
10826.199 7.582862644834795e-19 1.644222343226316e-19
10827.285 3.3878568080032276e-19 1.7009932432017578e-19
10828.371 4.127820904796648e-19 2.012899145758724e-19
10829.457 1.2255251117069264e-19 3.9464943644846656e-19
10830.543 -6.159692366127393e-19 6.899510538263883e-19
10831.629 -4.7375718300025995e-18 1.2773408211314252e-18
10832.715 -2.866381509848856e-18 1.817836699488671e-18
10833.801 1.0130792140267091e-18 1.9157779471094303e-18
10834.887 -2.140634464323999e-20 1.8552182057566436e-18
10835.973 4.638024945656821e-19 1.5720269691887107e-18
10837.059 6.148921216541439e-19 8.584204466702612e-19
10838.145 6.036784071560851e-19 3.5517639136034575e-19
10839.231 4.631237346198712e-19 3.757216272260083e-19
10840.317 5.331233645316454e-19 3.81617672584023e-19
10841.403 1.0111152523838425e-18 5.160975227429352e-19
10842.489 4.382126608877909e-19 8.755227764796955e-19
10843.575 8.384911881991494e-19 1.0799952940057652e-18
10844.661 1.672331834465583e-18 1.0838156491984791e-18
10845.747 1.4427527210421552e-18 1.0342386457362983e-18
10846.833 9.980663436548952e-19 7.887904204226211e-19
10847.919 1.3058287162098798e-18 3.461436786049024e-19
10849.005 4.841605777155715e-19 2.0175524748818516e-19
10850.09 6.772066180837011e-19 1.842008437122523e-19
10851.176 2.556198176115168e-19 1.8165084861876615e-19
10852.262 6.902028205311818e-19 2.1158953797378708e-19
10853.348 6.690646461839754e-19 2.4535173481795575e-19
10854.434 4.38867533520358e-19 2.5310491117086766e-19
10855.52 2.864186243255379e-19 2.6637740900561478e-19
10856.606 3.5384339891511857e-19 3.6803010280942773e-19
10857.692 1.7720931648595075e-19 5.412032179476553e-19
10858.778 4.823827806565338e-20 6.24641516697255e-19
10859.864 -1.4184333795374222e-19 6.313207497945602e-19
10860.95 -4.219360893596387e-19 6.1480794246149605e-19
10862.036 6.346919276038563e-19 4.973343387624057e-19
10863.122 6.757171345604122e-19 2.6593500831235415e-19
10864.208 6.0190784234406115e-19 1.7706101426277174e-19
10865.294 4.819915884924554e-19 1.585563166466305e-19
10866.38 2.0651124642075467e-19 1.5343299441570797e-19
10867.466 4.03469350120113e-19 1.5132719623807568e-19
10868.552 4.960543159243773e-19 1.5154622223386065e-19
10869.638 4.506331858560411e-19 1.5195805312918544e-19
10870.724 6.009288622959456e-19 1.5545733591189053e-19
10871.81 4.809551151702954e-19 1.7491562168192106e-19
10872.896 4.2756486439049654e-19 1.9627263573464711e-19
10873.982 4.379055379828612e-19 2.154309301535992e-19
10875.068 3.8377007704048995e-19 2.441078503905668e-19
10876.154 5.859790375394038e-19 2.9995158753196934e-19
10877.24 6.025210442494265e-19 3.7062659945530726e-19
10878.326 9.719936778278477e-19 4.0871945292502083e-19
10879.412 3.3466181001543414e-19 3.990223612395269e-19
10880.498 2.484634049576583e-19 3.686719713192113e-19
10881.584 7.559559484469077e-19 2.962418303877535e-19
10882.67 5.237672638592541e-19 2.0397260450913125e-19
10883.756 2.6615600134874914e-19 1.691676227800708e-19
10884.842 3.7596210258224995e-19 1.9495185503516332e-19
10885.928 6.237923470461871e-19 2.1318776941578962e-19
10887.014 1.0826612429589816e-18 2.2497784967561154e-19
10888.1 6.357588297372113e-19 2.248593586223671e-19
10889.186 6.911935492055612e-19 2.0121532799812514e-19
10890.271 5.504628160538005e-19 1.753878584626443e-19
10891.357 4.747573272330483e-19 1.5603719683584528e-19
10892.443 5.450572212558271e-19 1.5321518391964792e-19
10893.529 3.2892166255386935e-19 1.5833879844882304e-19
10894.615 1.6214424031037418e-19 1.9514511525196425e-19
10895.701 5.343890523496875e-19 4.4524978261996285e-19
10896.787 8.728013495754467e-19 7.637127528744587e-19
10897.873 3.154508242393095e-19 8.759710120782789e-19
10898.959 -1.9553847841030397e-19 8.8050055894593e-19
10900.045 -5.320750740397999e-19 8.25776624049996e-19
10901.131 2.894496050128499e-19 5.633720422329463e-19
10902.217 8.594402365673999e-19 2.6118433541817163e-19
10903.303 8.535288803301673e-19 2.412925129854648e-19
10904.389 -3.345264222030727e-19 3.3241051371467943e-19
10905.475 5.190955962117249e-20 2.9744179144806047e-19
10906.561 5.435798259504624e-19 1.9475905715487454e-19
10907.647 6.249787995386973e-19 2.546237840134093e-19
10908.733 2.7043466341045505e-19 2.2921124051190386e-19
10909.819 1.9322840825243497e-19 1.5694271181147097e-19
10910.905 2.577125612850544e-19 1.5399933889432893e-19
10911.991 5.479917285754043e-19 1.5239882372688082e-19
10913.077 3.8367117518271093e-19 1.5493280779381339e-19
10914.163 4.439694300899583e-19 1.5492103615987993e-19
10915.249 4.798330959012308e-19 1.4939009419197865e-19
10916.335 4.1695103748153686e-19 1.5338296711514427e-19
10917.421 8.679118475829647e-19 1.5817097749140866e-19
10918.507 4.941164779603446e-19 1.6552270425718774e-19
10919.593 8.458213519094086e-19 2.0489068942419972e-19
10920.679 5.364356882596019e-19 2.051827752782905e-19
10921.765 5.413162731155301e-19 2.060893574032367e-19
10922.851 3.533401188055996e-19 4.0923517296379397e-19
10923.937 -4.662727526479441e-19 1.0380506514901128e-18
10925.023 2.8154534463343266e-18 1.5557871182900704e-18
10926.109 -1.5893981749779335e-19 1.6494271851909402e-18
10927.195 1.7589437159863348e-18 1.5999388165231809e-18
10928.281 3.939006608314431e-18 1.3419731749773891e-18
10929.367 1.3723490980247601e-19 6.222687192559835e-19
10930.452 6.073190263430227e-19 2.623010047466636e-19
10931.538 1.2082464546769314e-18 2.112444138049803e-19
10932.624 5.211676745480081e-19 1.9051276799905746e-19
10933.71 4.1517080952410405e-19 1.821095826936997e-19
10934.796 4.1908392085415257e-19 1.747901023547848e-19
10935.882 2.886538674626305e-19 1.717940956305351e-19
10936.968 7.90272013176921e-19 1.6855960175636806e-19
10938.054 1.5872792247386783e-19 1.596000229651392e-19
10939.14 4.529862203042738e-19 1.5915856433181335e-19
10940.226 7.26634489424292e-19 1.6192919560894038e-19
10941.312 7.424004341866139e-19 1.653094350197007e-19
10942.398 3.040656973343989e-19 1.692885366097541e-19
10943.484 5.640945200100871e-19 1.6494325255680427e-19
10944.57 3.834506642712911e-19 1.599552599940434e-19
10945.656 2.24012536640985e-19 1.5973665992879688e-19
10946.742 -1.0014153143415623e-19 1.684989780665223e-19
10947.828 3.7846876839674003e-19 2.900810120068e-19
10948.914 1.5172422414576152e-18 7.179417517253577e-19
10950.0 2.8269323697377324e-18 1.0492724039142178e-18
10951.086 1.658963635080009e-18 1.0705354602916743e-18
10952.172 4.85429816385844e-19 1.0275868994989695e-18
10953.258 -7.084048814412865e-20 8.613975525603303e-19
10954.344 -1.653249281837079e-19 3.9356740703829607e-19
10955.43 2.746310077492785e-19 2.1006014266575711e-19
10956.516 5.634172786658955e-19 1.794118370508704e-19
10957.602 6.09558820395504e-19 1.5960718502374187e-19
10958.688 7.378561446906227e-19 1.5531094686377356e-19
10959.774 3.6331271837476556e-19 1.5597605774464055e-19
10960.86 3.50241502110892e-19 1.5604072926242567e-19
10961.946 2.2767647011510625e-19 1.5313110898302304e-19
10963.032 8.270386181017064e-20 1.6005336140247194e-19
10964.118 5.715872340549152e-19 1.7994191349908601e-19
10965.204 2.8808690789047883e-19 1.870888422099354e-19
10966.29 5.309971724230832e-19 2.1213499576171447e-19
10967.376 6.892109781886665e-19 2.4007040598322484e-19
10968.462 4.59953274454537e-19 2.643629154187171e-19
10969.548 4.163965834624511e-19 2.7853717348310107e-19
10970.633 4.859329111247456e-19 2.784262372054378e-19
10971.719 4.2568298031313524e-19 4.1542159951353797e-19
10972.805 4.573405199649995e-19 1.0781229024283946e-18
10973.891 -9.9169500011667e-19 1.6512467862692452e-18
10974.977 5.51594708703922e-19 1.7270676405367448e-18
10976.063 -1.2633806414935005e-18 1.7197021395032167e-18
10977.149 1.029207601282194e-18 1.4735670231250439e-18
10978.235 1.15939023059182e-18 7.173769741267754e-19
10979.321 5.445561474261376e-19 3.178119158966469e-19
10980.407 2.287982484032933e-19 2.571379052234161e-19
10981.493 3.922958476882666e-19 2.2354427295897872e-19
10982.579 7.0086613878821765e-19 2.031004835173687e-19
10983.665 8.1190531766827e-19 2.3182864359611474e-19
10984.751 5.35654474233879e-19 2.7066849521123413e-19
10985.837 5.868942051129536e-19 2.777174236924354e-19
10986.923 2.133109891532506e-19 2.737495249674208e-19
10988.009 2.2799390909098004e-19 2.4193012560431263e-19
10989.095 8.140138404890877e-19 1.7808651371422142e-19
10990.181 4.878039348876204e-19 1.670253463099485e-19
10991.267 5.39435258257513e-20 1.6401526639403889e-19
10992.353 2.905742575225354e-19 1.6129284369779525e-19
10993.439 4.955289699413501e-19 1.6057466733166614e-19
10994.525 3.7523538102442105e-19 1.584952479906413e-19
10995.611 3.93333487189169e-19 1.6253392686983908e-19
10996.697 7.1231985274102e-19 1.6123978137478176e-19
10997.783 6.642780099986075e-19 1.5819707819096422e-19
10998.869 6.849578268460824e-19 1.5834877786399676e-19
10999.955 7.200058088855636e-19 1.599535545302094e-19
11001.041 4.661502586679777e-19 1.6243339474893582e-19
11002.127 4.357722219127239e-19 1.7714508042270147e-19
11003.213 3.5210341579537677e-19 2.2969660946762954e-19
11004.299 4.391867073314754e-19 2.3446013995336416e-19
11005.385 8.232787198464605e-19 2.0884673184122616e-19
11006.471 4.436962338909171e-19 4.86908702459805e-19
11007.557 -7.960502197166876e-21 8.81682744442894e-19
11008.643 9.475874633800029e-19 9.623793897325518e-19
11009.729 1.8527194164473807e-19 9.831693384726451e-19
11010.814 1.9142135419871623e-18 9.074936647245105e-19
11011.9 6.945910587175014e-19 5.2522518718182235e-19
11012.986 8.702831485126665e-19 2.287477665662273e-19
11014.072 3.074255465783041e-19 1.87614297068805e-19
11015.158 4.307332033984412e-19 1.726264141650008e-19
11016.244 4.940872369631803e-19 1.6726986101993672e-19
11017.33 8.5494509030286125e-19 1.5797633459168038e-19
11018.416 4.395173898901728e-19 1.5260873469873607e-19
11019.502 4.807968311603918e-19 1.5341434022041973e-19
11020.588 4.712393517659975e-19 1.5522629877492692e-19
11021.674 6.304695322991939e-19 1.6323125113822205e-19
11022.76 6.042579158950152e-20 1.6080392431299498e-19
11023.846 3.503820768002166e-19 1.6559504940875102e-19
11024.932 3.7008593699130508e-19 1.8016902059688988e-19
11026.018 4.1633776130906864e-19 2.693651930866299e-19
11027.104 3.0111010521204834e-19 8.188030478486688e-19
11028.19 -5.49204105168453e-20 1.3409079920625354e-18
11029.276 -1.1672659303790526e-19 1.4505805073294915e-18
11030.362 -1.5928763265104024e-19 1.46563913183702e-18
11031.448 -5.057366673429872e-19 1.907510096906354e-18
11032.534 -1.021601414347043e-18 1.079839015481175e-18
11033.62 5.122389176759888e-19 4.1248522374627747e-19
11034.706 5.221588846409481e-19 1.9879412313933903e-19
11035.792 6.02305762011387e-19 1.8581959649116744e-19
11036.878 4.814873037392292e-19 1.82863403735475e-19
11037.964 8.248474878045484e-20 1.851530401916213e-19
11039.05 6.535910467912138e-19 2.0116685345902406e-19
11040.136 4.894607310900722e-19 2.1314107914760599e-19
11041.222 -7.519233564089378e-20 2.148223550032428e-19
11042.308 4.1096955734530373e-19 2.1577086793954126e-19
11043.394 2.3316919515164977e-19 2.055550034636968e-19
11044.48 3.8371513173986065e-19 2.396866820831275e-19
11045.566 5.35881508524148e-19 2.236964326733487e-19
11046.652 4.7086049761054625e-19 1.7305786598714704e-19
11047.738 1.16737350282296e-20 2.2846501937823204e-19
11048.824 7.368524796820147e-19 2.1605762834812117e-19
11049.91 7.3625629025923835e-19 1.5933856900534402e-19
11050.995 2.1986335273839427e-19 1.5771892530115257e-19
11052.081 7.279546168224016e-19 2.209048652889034e-19
11053.167 5.128036187460845e-19 2.6395867608188238e-19
11054.253 3.688554549665179e-19 2.713379663253675e-19
11055.339 3.675214460302026e-19 2.754925812791621e-19
11056.425 7.363323938879415e-19 2.464884457237707e-19
11057.511 6.406466628363535e-19 1.8502225361815532e-19
11058.597 4.561123776215169e-19 1.7237084892040117e-19
11059.683 4.894054599647534e-19 1.6953988685265367e-19
11060.769 2.0797460659080845e-19 1.693481164819002e-19
11061.855 9.091781262503245e-19 1.944032870933179e-19
11062.941 3.5254158878263495e-19 2.1583099359680368e-19
11064.027 7.185351040842366e-19 2.2758088772133875e-19
11065.113 4.666206418158094e-19 2.239624144159646e-19
11066.199 4.256141694173462e-19 2.5740893617029583e-19
11067.285 6.203482979366779e-19 2.548130448478728e-19
11068.371 3.398984986175324e-19 2.2027656039467717e-19
11069.457 4.430863759982973e-19 3.7519105647117297e-19
11070.543 3.516317295153273e-20 6.708999728147257e-19
11071.629 1.4263678869668476e-18 7.42117482653449e-19
11072.715 2.3684448313180696e-19 7.431471686092487e-19
11073.801 6.952955104809062e-19 6.997562367590799e-19
11074.887 4.936748855918182e-19 4.655427168774217e-19
11075.973 5.053016070542304e-19 2.1916644628161397e-19
11077.059 4.0787057672648424e-19 1.638074456871043e-19
11078.145 2.546048120929603e-19 1.562986552743103e-19
11079.231 5.668834610483551e-19 1.4868798824100148e-19
11080.317 4.929989757383373e-19 1.5162311722099678e-19
11081.403 8.327776001904235e-19 2.0097911379155964e-19
11082.489 5.263182683895e-19 2.5147968793631006e-19
11083.575 7.978824888371888e-19 2.649050250551909e-19
11084.661 4.781154386179475e-19 2.6972725666635087e-19
11085.747 6.558244213827337e-19 2.655868415907499e-19
11086.833 6.307181228986097e-19 4.400008780118909e-19
11087.919 -9.02841216103165e-19 8.563977630166608e-19
11089.005 5.362194954183307e-19 1.0318035481326846e-18
11090.09 7.117104885422829e-19 1.1570868215751947e-18
11091.176 1.5470162128324682e-18 1.1393562338513508e-18
11092.262 1.045341589205196e-18 7.586970125920705e-19
11093.348 3.5873855677280523e-19 3.6382245500126207e-19
11094.434 3.675475759696195e-19 2.1237983543985122e-19
11095.52 7.57398872601227e-19 1.821230934030505e-19
11096.606 4.1176446483459844e-19 1.5247880046234615e-19
11097.692 2.628823709810656e-19 1.496164707276397e-19
11098.778 4.0482601159341425e-19 1.487520226568743e-19
11099.864 4.869194610186165e-19 1.4962408063701448e-19
11100.95 4.1433774698686815e-19 1.4949274889736568e-19
11102.036 5.789480593346902e-19 1.49626731923214e-19
11103.122 4.312416134467406e-19 1.5231540623056924e-19
11104.208 5.032454795999662e-19 1.6048990114868122e-19
11105.294 8.46047652419151e-19 1.9767294662742927e-19
11106.38 4.387307521380385e-19 2.1151815980248353e-19
11107.466 7.208687451030379e-19 1.788512669390399e-19
11108.552 7.357273174137388e-19 1.847537902820551e-19
11109.638 7.26917289531195e-19 1.8337379612893497e-19
11110.724 2.8909398909806113e-19 1.7158775772905235e-19
11111.81 3.382569629426626e-19 1.647929764282212e-19
11112.896 6.620981728795649e-19 1.5622478363450356e-19
11113.982 5.167422860547529e-19 1.5559383567542865e-19
11115.068 3.51370208299857e-19 1.5871785702604784e-19
11116.154 3.9759524151114543e-19 1.570192111453537e-19
11117.24 4.230881870968343e-19 1.5391697038035144e-19
11118.326 4.371802439276527e-19 1.5153919191112316e-19
11119.412 2.7459977365345825e-19 1.4862851399212826e-19
11120.498 5.731200877230927e-19 1.5481868076434172e-19
11121.584 6.02906067144159e-19 1.8966053681975447e-19
11122.67 4.3060025231137677e-19 2.1534085488897942e-19
11123.756 7.838230648908128e-19 2.2397063974740335e-19
11124.842 1.8713382141151134e-18 2.194619803271606e-19
11125.928 2.617458315985573e-18 2.5047291476802763e-19
11127.014 4.3649761907493784e-18 2.219991514147402e-19
11128.1 6.97918685474864e-18 1.783421455978617e-19
11129.186 8.268850817472632e-18 1.8425533660085413e-19
11130.271 8.253445276442038e-18 1.8896702722593343e-19
11131.357 6.214060753048212e-18 1.832998931830286e-19
11132.443 3.9727643277778814e-18 1.7455054889427167e-19
11133.529 2.4876680617974336e-18 1.6468819215262407e-19
11134.615 1.4852702975638219e-18 1.5538872664605135e-19
11135.701 5.588345438813525e-19 1.5919634419859588e-19
11136.787 4.422236663871014e-19 1.7169191497894123e-19
11137.873 1.2310099776370012e-18 2.9588963131601624e-19
11138.959 3.9992384911502785e-19 4.897991696935755e-19
11140.045 2.0804119285852978e-19 5.463430557922899e-19
11141.131 3.8935843667711407e-19 5.356934236248644e-19
11142.217 8.621524240480476e-19 5.068457409798127e-19
11143.303 2.3495696414665497e-19 3.6740538234289164e-19
11144.389 5.763005863912817e-19 2.0164391303561324e-19
11145.475 1.8505800154476467e-19 1.6656860055669048e-19
11146.561 6.927962017722929e-19 1.6759803644174137e-19
11147.647 6.713295365300676e-19 1.6765049358106429e-19
11148.733 4.495112704986769e-19 1.6779019344872566e-19
11149.819 5.206226483015589e-19 1.755629514061871e-19
11150.905 3.714798749314343e-19 1.9620624133725368e-19
11151.991 1.9815522689187944e-19 2.395836148018368e-19
11153.077 2.8191767401435513e-19 4.322220228637974e-19
11154.163 -2.4083612652022793e-20 6.568224438172593e-19
11155.249 8.827635281534037e-19 8.4946198258778e-19
11156.335 1.5553340692926258e-18 8.347324795327153e-19
11157.421 2.5369856827302722e-19 6.805247257788883e-19
11158.507 7.033730321732816e-21 4.893831563668616e-19
11159.593 4.361104278941501e-19 2.562295399474413e-19
11160.679 2.5477678594223307e-19 1.9199054474118e-19
11161.765 7.250288832637946e-19 2.1384759266121594e-19
11162.851 1.0856501798631715e-18 2.812508124123756e-19
11163.937 1.0522021323770509e-18 3.514878805953731e-19
11165.023 6.382782775710628e-19 3.9039094522816975e-19
11166.109 6.725872068378462e-19 3.888830191983562e-19
11167.195 -7.34327231066881e-20 3.560249684753339e-19
11168.281 6.377955619266524e-19 3.243185942943364e-19
11169.367 1.1987919794180656e-18 2.9636115260413585e-19
11170.452 9.59967563954816e-19 2.893209777380998e-19
11171.538 7.578871038267439e-19 2.980620631658845e-19
11172.624 5.076235904977886e-19 2.81363512698302e-19
11173.71 1.211307327753965e-19 2.468050677187478e-19
11174.796 4.784725056221741e-19 2.1424589159260677e-19
11175.882 4.375366992392704e-19 1.7894358011025648e-19
11176.968 4.431871659007558e-19 1.5695254092261826e-19
11178.054 1.8624943438721617e-19 1.5528863469574638e-19
11179.14 4.586004279984395e-19 1.5807586550106e-19
11180.226 6.229735594652929e-19 1.687326059273002e-19
11181.312 6.24829055501986e-19 1.8624981322472416e-19
11182.398 4.445829098074608e-19 2.0384933274088744e-19
11183.484 4.5622862427918385e-19 2.2459631842091985e-19
11184.57 4.1383451371081923e-19 2.0109192732522262e-19
11185.656 1.3757704589134717e-20 1.7344072858205038e-19
11186.742 -2.4641720108848325e-19 1.7887193055748653e-19
11187.828 3.72394332493391e-20 2.6308202400154086e-19
11188.914 3.261049697117017e-19 3.01573356494479e-19
11190.0 4.383712038809684e-19 2.2728316168214913e-19
11191.086 9.285447463684536e-19 2.1354024603724873e-19
11192.172 3.943669483182107e-19 2.2620275129645674e-19
11193.258 7.025811564743095e-19 2.3519650813649615e-19
11194.344 5.169046091309164e-19 2.1388928660088518e-19
11195.43 4.850640236984463e-19 1.8781796082638817e-19
11196.516 5.0173338078351e-19 1.745661893599383e-19
11197.602 2.4066012479506287e-19 1.7790496673433786e-19
11198.688 5.179361263877806e-19 1.9872191895358598e-19
11199.774 7.43076188199906e-19 2.0442308675070414e-19
11200.86 2.5923699500361312e-20 2.252056154488894e-19
11201.946 5.532620193447159e-19 2.3671791240788793e-19
11203.032 9.079257975815292e-19 2.7012596558310634e-19
11204.118 1.9331423949778358e-19 2.372284333796801e-19
11205.204 1.4443178114657074e-19 1.953170483567242e-19
11206.29 7.340397148047012e-19 2.025020239787359e-19
11207.376 7.547253019821474e-19 2.1138825198750401e-19
11208.462 1.2550086527682925e-19 2.2745029158043226e-19
11209.548 4.504012943797845e-19 2.534869293703142e-19
11210.633 8.685930642608242e-19 2.8389441071148304e-19
11211.719 1.7144545932260916e-19 3.4560001311594684e-19
11212.805 -5.798831235834711e-19 4.901247822604529e-19
11213.891 2.435717225345087e-19 5.360965744018954e-19
11214.977 7.105560162639557e-19 4.346195393257059e-19
11216.063 6.617295744248586e-19 3.9896646203730393e-19
11217.149 9.619527450973453e-19 3.654407026337314e-19
11218.235 1.0301504232958864e-19 3.239351214171448e-19
11219.321 4.1376484755579506e-20 3.3871987026901804e-19
11220.407 1.4522514552433361e-18 2.920121057756849e-19
11221.493 8.426597672473781e-19 2.701493899275111e-19
11222.579 6.695368686719939e-19 3.0410028425161347e-19
11223.665 7.653814727840845e-19 3.794292207739671e-19
11224.751 1.4147310763798274e-18 5.026471811768239e-19
11225.837 2.2086083381723544e-18 7.177692101800855e-19
11226.923 2.623714081665032e-18 8.402094610178124e-19
11228.009 1.050307028019616e-18 7.361200023146984e-19
11229.095 5.6749158560492745e-19 5.546746508261929e-19
11230.181 6.188221797053439e-19 3.938876260000561e-19
11231.267 4.237343196869554e-19 2.745200874241646e-19
11232.353 -2.0511654919377288e-19 2.4351772421703826e-19
11233.439 1.3442884237506295e-19 2.964336151998364e-19
11234.525 -1.5493567326449108e-19 3.741563536240591e-19
11235.611 2.8522839655436833e-19 4.2007642729261774e-19
11236.697 8.841180611802807e-19 5.780695139302793e-19
11237.783 6.009142013700029e-19 4.648663513631729e-19
