lambda f_lambda fErr_lambda
9139.667900000377 8.354072762332806e-19 0.0
9140.753900000376 8.354072762332806e-19 0.0
9141.839900000376 8.354072762332806e-19 0.0
9142.925900000375 8.354072762332806e-19 0.0
9144.011900000374 8.354072762332806e-19 0.0
9145.097900000374 8.354072762332806e-19 0.0
9146.183900000373 8.354072762332806e-19 0.0
9147.269900000372 8.354072762332806e-19 0.0
9148.355900000372 8.354072762332806e-19 0.0
9149.44190000037 8.354072762332806e-19 0.0
9150.52790000037 8.354072762332806e-19 0.0
9151.61390000037 8.354072762332806e-19 0.0
9152.699900000369 8.354072762332806e-19 0.0
9153.785900000368 8.354072762332806e-19 0.0
9154.871900000368 8.354072762332806e-19 0.0
9155.957900000367 8.354072762332806e-19 0.0
9157.043900000366 8.354072762332806e-19 0.0
9158.129900000366 8.354072762332806e-19 0.0
9159.215900000365 8.354072762332806e-19 0.0
9160.301900000364 8.354072762332806e-19 0.0
9161.387900000364 8.354072762332806e-19 0.0
9162.473900000363 8.354072762332806e-19 0.0
9163.559900000362 8.354072762332806e-19 0.0
9164.645900000362 8.354072762332806e-19 0.0
9165.73190000036 8.354072762332806e-19 0.0
9166.81790000036 8.354072762332806e-19 0.0
9167.90390000036 8.354072762332806e-19 0.0
9168.989900000359 8.354072762332806e-19 0.0
9170.075900000358 8.354072762332806e-19 0.0
9171.161900000357 8.354072762332806e-19 0.0
9172.247900000357 8.354072762332806e-19 0.0
9173.333900000356 8.354072762332806e-19 0.0
9174.419900000355 8.354072762332806e-19 0.0
9175.505900000355 8.354072762332806e-19 0.0
9176.591900000354 8.354072762332806e-19 0.0
9177.677900000353 8.354072762332806e-19 0.0
9178.763900000353 8.354072762332806e-19 0.0
9179.849900000352 8.354072762332806e-19 0.0
9180.935900000351 8.354072762332806e-19 0.0
9182.02190000035 8.354072762332806e-19 0.0
9183.10790000035 8.354072762332806e-19 0.0
9184.19390000035 8.354072762332806e-19 0.0
9185.279900000349 8.354072762332806e-19 0.0
9186.365900000348 8.354072762332806e-19 0.0
9187.451900000347 8.354072762332806e-19 0.0
9188.537900000347 8.354072762332806e-19 0.0
9189.623900000346 8.354072762332806e-19 0.0
9190.709900000345 8.354072762332806e-19 0.0
9191.795900000345 8.354072762332806e-19 0.0
9192.881900000344 8.354072762332806e-19 0.0
9193.967900000343 8.354072762332806e-19 0.0
9195.053900000343 8.354072762332806e-19 0.0
9196.139900000342 8.354072762332806e-19 0.0
9197.225900000341 8.354072762332806e-19 0.0
9198.31190000034 8.354072762332806e-19 0.0
9199.39790000034 8.354072762332806e-19 0.0
9200.48390000034 8.354072762332806e-19 0.0
9201.569900000339 8.354072762332806e-19 0.0
9202.655900000338 8.354072762332806e-19 0.0
9203.741900000337 8.354072762332806e-19 0.0
9204.827900000337 8.354072762332806e-19 0.0
9205.913900000336 8.354072762332806e-19 0.0
9206.999900000335 8.354072762332806e-19 0.0
9208.085900000335 8.354072762332806e-19 0.0
9209.171900000334 8.354072762332806e-19 0.0
9210.257900000333 8.354072762332806e-19 0.0
9211.343900000333 8.354072762332806e-19 0.0
9212.429900000332 8.354072762332806e-19 0.0
9213.515900000331 8.354072762332806e-19 0.0
9214.60190000033 8.354072762332806e-19 0.0
9215.68790000033 8.354072762332806e-19 0.0
9216.77390000033 8.354072762332806e-19 0.0
9217.859900000329 8.354072762332806e-19 0.0
9218.945900000328 8.354072762332806e-19 0.0
9220.031900000327 8.354072762332806e-19 0.0
9221.117900000327 8.354072762332806e-19 0.0
9222.203900000326 8.354072762332806e-19 0.0
9223.289900000325 8.354072762332806e-19 0.0
9224.375900000325 8.354072762332806e-19 0.0
9225.461900000324 8.354072762332806e-19 0.0
9226.547900000323 8.354072762332806e-19 0.0
9227.633900000323 8.354072762332806e-19 0.0
9228.719900000322 8.354072762332806e-19 0.0
9229.805900000321 8.354072762332806e-19 0.0
9230.89190000032 8.354072762332806e-19 0.0
9231.97790000032 8.354072762332806e-19 0.0
9233.06390000032 8.354072762332806e-19 0.0
9234.149900000319 8.354072762332806e-19 0.0
9235.235900000318 8.354072762332806e-19 0.0
9236.321900000317 8.354072762332806e-19 0.0
9237.407900000317 8.354072762332806e-19 0.0
9238.493900000316 8.354072762332806e-19 0.0
9239.579900000315 8.354072762332806e-19 0.0
9240.665900000315 8.354072762332806e-19 0.0
9241.751900000314 8.354072762332806e-19 0.0
9242.837900000313 8.354072762332806e-19 0.0
9243.923900000313 8.354072762332806e-19 0.0
9245.009900000312 8.354072762332806e-19 0.0
9246.095900000311 8.354072762332806e-19 0.0
9247.18190000031 8.354072762332806e-19 0.0
9248.26790000031 8.354072762332806e-19 0.0
9249.35390000031 8.354072762332806e-19 0.0
9250.439900000309 8.354072762332806e-19 0.0
9251.525900000308 8.354072762332806e-19 0.0
9252.611900000307 8.354072762332806e-19 0.0
9253.697900000307 8.354072762332806e-19 0.0
9254.783900000306 8.354072762332806e-19 0.0
9255.869900000305 8.354072762332806e-19 0.0
9256.955900000305 8.354072762332806e-19 0.0
9258.041900000304 8.354072762332806e-19 0.0
9259.127900000303 8.354072762332806e-19 0.0
9260.213900000303 8.354072762332806e-19 0.0
9261.299900000302 8.354072762332806e-19 0.0
9262.385900000301 8.354072762332806e-19 0.0
9263.4719000003 8.354072762332806e-19 0.0
9264.5579000003 8.354072762332806e-19 0.0
9265.6439000003 8.354072762332806e-19 0.0
9266.729900000299 8.354072762332806e-19 0.0
9267.815900000298 8.354072762332806e-19 0.0
9268.901900000297 8.354072762332806e-19 0.0
9269.987900000297 8.354072762332806e-19 0.0
9271.073900000296 8.354072762332806e-19 0.0
9272.159900000295 8.354072762332806e-19 0.0
9273.245900000295 8.354072762332806e-19 0.0
9274.331900000294 8.354072762332806e-19 0.0
9275.417900000293 8.354072762332806e-19 0.0
9276.503900000293 8.354072762332806e-19 0.0
9277.589900000292 8.354072762332806e-19 0.0
9278.675900000291 8.354072762332806e-19 0.0
9279.76190000029 8.354072762332806e-19 0.0
9280.84790000029 8.354072762332806e-19 0.0
9281.93390000029 8.354072762332806e-19 0.0
9283.019900000289 8.354072762332806e-19 0.0
9284.105900000288 8.354072762332806e-19 0.0
9285.191900000287 8.354072762332806e-19 0.0
9286.277900000287 8.354072762332806e-19 0.0
9287.363900000286 8.354072762332806e-19 0.0
9288.449900000285 8.354072762332806e-19 0.0
9289.535900000285 8.354072762332806e-19 0.0
9290.621900000284 8.354072762332806e-19 0.0
9291.707900000283 8.354072762332806e-19 0.0
9292.793900000283 8.354072762332806e-19 0.0
9293.879900000282 8.354072762332806e-19 0.0
9294.965900000281 8.354072762332806e-19 0.0
9296.05190000028 8.354072762332806e-19 0.0
9297.13790000028 8.354072762332806e-19 0.0
9298.22390000028 8.354072762332806e-19 0.0
9299.309900000279 8.354072762332806e-19 0.0
9300.395900000278 8.354072762332806e-19 0.0
9301.481900000277 8.354072762332806e-19 0.0
9302.567900000276 8.354072762332806e-19 0.0
9303.653900000276 8.354072762332806e-19 0.0
9304.739900000275 8.354072762332806e-19 0.0
9305.825900000274 8.354072762332806e-19 0.0
9306.911900000274 8.354072762332806e-19 0.0
9307.997900000273 8.354072762332806e-19 0.0
9309.083900000272 8.354072762332806e-19 0.0
9310.169900000272 8.354072762332806e-19 0.0
9311.255900000271 8.354072762332806e-19 0.0
9312.34190000027 8.354072762332806e-19 0.0
9313.42790000027 8.354072762332806e-19 0.0
9314.51390000027 8.354072762332806e-19 0.0
9315.599900000268 8.354072762332806e-19 0.0
9316.685900000268 8.354072762332806e-19 0.0
9317.771900000267 8.354072762332806e-19 0.0
9318.857900000266 8.354072762332806e-19 0.0
9319.943900000266 8.354072762332806e-19 0.0
9321.029900000265 8.354072762332806e-19 0.0
9322.115900000264 8.354072762332806e-19 0.0
9323.201900000264 8.354072762332806e-19 0.0
9324.287900000263 8.354072762332806e-19 0.0
9325.373900000262 8.354072762332806e-19 0.0
9326.459900000262 8.354072762332806e-19 0.0
9327.545900000261 8.354072762332806e-19 0.0
9328.63190000026 8.354072762332806e-19 0.0
9329.71790000026 8.354072762332806e-19 0.0
9330.80390000026 8.354072762332806e-19 0.0
9331.889900000258 8.354072762332806e-19 0.0
9332.975900000258 8.354072762332806e-19 0.0
9334.061900000257 8.354072762332806e-19 0.0
9335.147900000256 8.354072762332806e-19 0.0
9336.233900000256 8.354072762332806e-19 0.0
9337.319900000255 8.354072762332806e-19 0.0
9338.405900000254 8.354072762332806e-19 0.0
9339.491900000254 8.354072762332806e-19 0.0
9340.577900000253 8.354072762332806e-19 0.0
9341.663900000252 8.354072762332806e-19 0.0
9342.749900000252 8.354072762332806e-19 0.0
9343.835900000251 8.354072762332806e-19 0.0
9344.92190000025 8.354072762332806e-19 0.0
9346.00790000025 8.354072762332806e-19 0.0
9347.093900000249 8.354072762332806e-19 0.0
9348.179900000248 8.354072762332806e-19 0.0
9349.265900000248 8.354072762332806e-19 0.0
9350.351900000247 8.354072762332806e-19 0.0
9351.437900000246 8.354072762332806e-19 0.0
9352.523900000246 8.354072762332806e-19 0.0
9353.609900000245 8.354072762332806e-19 0.0
9354.695900000244 8.354072762332806e-19 0.0
9355.781900000244 8.354072762332806e-19 0.0
9356.867900000243 8.354072762332806e-19 0.0
9357.953900000242 8.354072762332806e-19 0.0
9359.039900000242 8.354072762332806e-19 0.0
9360.125900000241 8.354072762332806e-19 0.0
9361.21190000024 8.354072762332806e-19 0.0
9362.29790000024 8.354072762332806e-19 0.0
9363.383900000239 8.354072762332806e-19 0.0
9364.469900000238 8.354072762332806e-19 0.0
9365.555900000238 8.354072762332806e-19 0.0
9366.641900000237 8.354072762332806e-19 0.0
9367.727900000236 8.354072762332806e-19 0.0
9368.813900000236 8.354072762332806e-19 0.0
9369.899900000235 8.354072762332806e-19 0.0
9370.985900000234 8.354072762332806e-19 0.0
9372.071900000234 8.354072762332806e-19 0.0
9373.157900000233 8.354072762332806e-19 0.0
9374.243900000232 8.354072762332806e-19 0.0
9375.329900000232 8.354072762332806e-19 0.0
9376.415900000231 8.354072762332806e-19 0.0
9377.50190000023 8.354072762332806e-19 0.0
9378.58790000023 8.354072762332806e-19 0.0
9379.673900000229 8.354072762332806e-19 0.0
9380.759900000228 8.354072762332806e-19 0.0
9381.845900000228 8.354072762332806e-19 0.0
9382.931900000227 8.354072762332806e-19 0.0
9384.017900000226 8.354072762332806e-19 0.0
9385.103900000226 8.354072762332806e-19 0.0
9386.189900000225 8.354072762332806e-19 0.0
9387.275900000224 8.354072762332806e-19 0.0
9388.361900000224 8.354072762332806e-19 0.0
9389.447900000223 8.354072762332806e-19 0.0
9390.533900000222 8.354072762332806e-19 0.0
9391.619900000222 8.354072762332806e-19 0.0
9392.705900000221 8.354072762332806e-19 0.0
9393.79190000022 8.354072762332806e-19 0.0
9394.87790000022 8.354072762332806e-19 0.0
9395.963900000219 8.354072762332806e-19 0.0
9397.049900000218 8.354072762332806e-19 0.0
9398.135900000218 8.354072762332806e-19 0.0
9399.221900000217 8.354072762332806e-19 0.0
9400.307900000216 8.354072762332806e-19 0.0
9401.393900000216 8.354072762332806e-19 0.0
9402.479900000215 8.354072762332806e-19 0.0
9403.565900000214 8.354072762332806e-19 0.0
9404.651900000214 8.354072762332806e-19 0.0
9405.737900000213 8.354072762332806e-19 0.0
9406.823900000212 8.354072762332806e-19 0.0
9407.909900000212 8.354072762332806e-19 0.0
9408.99590000021 8.354072762332806e-19 0.0
9410.08190000021 8.354072762332806e-19 0.0
9411.16790000021 8.354072762332806e-19 0.0
9412.253900000209 8.354072762332806e-19 0.0
9413.339900000208 8.354072762332806e-19 0.0
9414.425900000208 8.354072762332806e-19 0.0
9415.511900000207 8.354072762332806e-19 0.0
9416.597900000206 8.354072762332806e-19 0.0
9417.683900000206 8.354072762332806e-19 0.0
9418.769900000205 8.354072762332806e-19 0.0
9419.855900000204 8.354072762332806e-19 0.0
9420.941900000204 8.354072762332806e-19 0.0
9422.027900000203 8.354072762332806e-19 0.0
9423.113900000202 8.354072762332806e-19 0.0
9424.199900000202 8.354072762332806e-19 0.0
9425.2859000002 8.354072762332806e-19 0.0
9426.3719000002 8.354072762332806e-19 0.0
9427.4579000002 8.354072762332806e-19 0.0
9428.543900000199 8.354072762332806e-19 0.0
9429.629900000198 8.354072762332806e-19 0.0
9430.715900000198 8.354072762332806e-19 0.0
9431.801900000197 8.354072762332806e-19 0.0
9432.887900000196 8.354072762332806e-19 0.0
9433.973900000195 8.354072762332806e-19 0.0
9435.059900000195 8.354072762332806e-19 0.0
9436.145900000194 8.354072762332806e-19 0.0
9437.231900000193 8.354072762332806e-19 0.0
9438.317900000193 8.354072762332806e-19 0.0
9439.403900000192 8.354072762332806e-19 0.0
9440.489900000191 8.354072762332806e-19 0.0
9441.57590000019 8.354072762332806e-19 0.0
9442.66190000019 8.354072762332806e-19 0.0
9443.74790000019 8.354072762332806e-19 0.0
9444.833900000189 8.354072762332806e-19 0.0
9445.919900000188 8.354072762332806e-19 0.0
9447.005900000187 8.354072762332806e-19 0.0
9448.091900000187 8.354072762332806e-19 0.0
9449.177900000186 8.354072762332806e-19 0.0
9450.263900000185 8.354072762332806e-19 0.0
9451.349900000185 8.354072762332806e-19 0.0
9452.435900000184 8.354072762332806e-19 0.0
9453.521900000183 8.354072762332806e-19 0.0
9454.607900000183 8.354072762332806e-19 0.0
9455.693900000182 8.354072762332806e-19 0.0
9456.779900000181 8.354072762332806e-19 0.0
9457.86590000018 8.354072762332806e-19 0.0
9458.95190000018 8.354072762332806e-19 0.0
9460.03790000018 8.354072762332806e-19 0.0
9461.123900000179 8.354072762332806e-19 0.0
9462.209900000178 8.354072762332806e-19 0.0
9463.295900000177 8.354072762332806e-19 0.0
9464.381900000177 8.354072762332806e-19 0.0
9465.467900000176 8.354072762332806e-19 0.0
9466.553900000175 8.354072762332806e-19 0.0
9467.639900000175 8.354072762332806e-19 0.0
9468.725900000174 8.354072762332806e-19 0.0
9469.811900000173 8.354072762332806e-19 0.0
9470.897900000173 8.354072762332806e-19 0.0
9471.983900000172 8.354072762332806e-19 0.0
9473.069900000171 8.354072762332806e-19 0.0
9474.15590000017 8.354072762332806e-19 0.0
9475.24190000017 8.354072762332806e-19 0.0
9476.32790000017 8.354072762332806e-19 0.0
9477.413900000169 8.354072762332806e-19 0.0
9478.499900000168 8.354072762332806e-19 0.0
9479.585900000167 8.354072762332806e-19 0.0
9480.671900000167 8.354072762332806e-19 0.0
9481.757900000166 8.354072762332806e-19 0.0
9482.843900000165 8.354072762332806e-19 0.0
9483.929900000165 8.354072762332806e-19 0.0
9485.015900000164 8.354072762332806e-19 0.0
9486.101900000163 8.354072762332806e-19 0.0
9487.187900000163 8.354072762332806e-19 0.0
9488.273900000162 8.354072762332806e-19 0.0
9489.359900000161 8.354072762332806e-19 0.0
9490.44590000016 8.354072762332806e-19 0.0
9491.53190000016 8.354072762332806e-19 0.0
9492.61790000016 8.354072762332806e-19 0.0
9493.703900000159 8.354072762332806e-19 0.0
9494.789900000158 8.354072762332806e-19 0.0
9495.875900000157 8.354072762332806e-19 0.0
9496.961900000157 8.354072762332806e-19 0.0
9498.047900000156 8.354072762332806e-19 0.0
9499.133900000155 8.354072762332806e-19 0.0
9500.219900000155 8.354072762332806e-19 0.0
9501.305900000154 8.354072762332806e-19 0.0
9502.391900000153 8.354072762332806e-19 0.0
9503.477900000153 8.354072762332806e-19 0.0
9504.563900000152 8.354072762332806e-19 0.0
9505.649900000151 8.354072762332806e-19 0.0
9506.73590000015 8.354072762332806e-19 0.0
9507.82190000015 8.354072762332806e-19 0.0
9508.90790000015 8.354072762332806e-19 0.0
9509.993900000149 8.354072762332806e-19 0.0
9511.079900000148 8.354072762332806e-19 0.0
9512.165900000147 8.354072762332806e-19 0.0
9513.251900000147 8.354072762332806e-19 0.0
9514.337900000146 8.354072762332806e-19 0.0
9515.423900000145 8.354072762332806e-19 0.0
9516.509900000145 8.354072762332806e-19 0.0
9517.595900000144 8.354072762332806e-19 0.0
9518.681900000143 8.354072762332806e-19 0.0
9519.767900000143 8.354072762332806e-19 0.0
9520.853900000142 8.354072762332806e-19 0.0
9521.939900000141 8.354072762332806e-19 0.0
9523.02590000014 8.354072762332806e-19 0.0
9524.11190000014 8.354072762332806e-19 0.0
9525.19790000014 8.354072762332806e-19 0.0
9526.283900000139 8.354072762332806e-19 0.0
9527.369900000138 8.354072762332806e-19 0.0
9528.455900000137 8.354072762332806e-19 0.0
9529.541900000137 8.354072762332806e-19 0.0
9530.627900000136 8.354072762332806e-19 0.0
9531.713900000135 8.354072762332806e-19 0.0
9532.799900000135 8.354072762332806e-19 0.0
9533.885900000134 8.354072762332806e-19 0.0
9534.971900000133 8.354072762332806e-19 0.0
9536.057900000133 8.354072762332806e-19 0.0
9537.143900000132 8.354072762332806e-19 0.0
9538.229900000131 8.354072762332806e-19 0.0
9539.31590000013 8.354072762332806e-19 0.0
9540.40190000013 8.354072762332806e-19 0.0
9541.48790000013 8.354072762332806e-19 0.0
9542.573900000129 8.354072762332806e-19 0.0
9543.659900000128 8.354072762332806e-19 0.0
9544.745900000127 8.354072762332806e-19 0.0
9545.831900000127 8.354072762332806e-19 0.0
9546.917900000126 8.354072762332806e-19 0.0
9548.003900000125 8.354072762332806e-19 0.0
9549.089900000125 8.354072762332806e-19 0.0
9550.175900000124 8.354072762332806e-19 0.0
9551.261900000123 8.354072762332806e-19 0.0
9552.347900000123 8.354072762332806e-19 0.0
9553.433900000122 8.354072762332806e-19 0.0
9554.519900000121 8.354072762332806e-19 0.0
9555.60590000012 8.354072762332806e-19 0.0
9556.69190000012 8.354072762332806e-19 0.0
9557.77790000012 8.354072762332806e-19 0.0
9558.863900000119 8.354072762332806e-19 0.0
9559.949900000118 8.354072762332806e-19 0.0
9561.035900000117 8.354072762332806e-19 0.0
9562.121900000117 8.354072762332806e-19 0.0
9563.207900000116 8.354072762332806e-19 0.0
9564.293900000115 8.354072762332806e-19 0.0
9565.379900000115 8.354072762332806e-19 0.0
9566.465900000114 8.354072762332806e-19 0.0
9567.551900000113 8.354072762332806e-19 0.0
9568.637900000112 8.354072762332806e-19 0.0
9569.723900000112 8.354072762332806e-19 0.0
9570.809900000111 8.354072762332806e-19 0.0
9571.89590000011 8.354072762332806e-19 0.0
9572.98190000011 8.354072762332806e-19 0.0
9574.06790000011 8.354072762332806e-19 0.0
9575.153900000108 8.354072762332806e-19 0.0
9576.239900000108 8.354072762332806e-19 0.0
9577.325900000107 8.354072762332806e-19 0.0
9578.411900000106 8.354072762332806e-19 0.0
9579.497900000106 8.354072762332806e-19 0.0
9580.583900000105 8.354072762332806e-19 0.0
9581.669900000104 8.354072762332806e-19 0.0
9582.755900000104 8.354072762332806e-19 0.0
9583.841900000103 8.354072762332806e-19 0.0
9584.927900000102 8.354072762332806e-19 0.0
9586.013900000102 8.354072762332806e-19 0.0
9587.099900000101 8.354072762332806e-19 0.0
9588.1859000001 8.354072762332806e-19 0.0
9589.2719000001 8.354072762332806e-19 0.0
9590.3579000001 8.354072762332806e-19 0.0
9591.443900000098 8.354072762332806e-19 0.0
9592.529900000098 8.354072762332806e-19 0.0
9593.615900000097 8.354072762332806e-19 0.0
9594.701900000096 8.354072762332806e-19 0.0
9595.787900000096 8.354072762332806e-19 0.0
9596.873900000095 8.354072762332806e-19 0.0
9597.959900000094 8.354072762332806e-19 0.0
9599.045900000094 8.354072762332806e-19 0.0
9600.131900000093 8.354072762332806e-19 0.0
9601.217900000092 8.354072762332806e-19 0.0
9602.303900000092 8.354072762332806e-19 0.0
9603.389900000091 8.354072762332806e-19 0.0
9604.47590000009 8.354072762332806e-19 0.0
9605.56190000009 8.354072762332806e-19 0.0
9606.647900000089 8.354072762332806e-19 0.0
9607.733900000088 8.354072762332806e-19 0.0
9608.819900000088 8.354072762332806e-19 0.0
9609.905900000087 8.354072762332806e-19 0.0
9610.991900000086 8.354072762332806e-19 0.0
9612.077900000086 8.354072762332806e-19 0.0
9613.163900000085 8.354072762332806e-19 0.0
9614.249900000084 8.354072762332806e-19 0.0
9615.335900000084 8.354072762332806e-19 0.0
9616.421900000083 8.354072762332806e-19 0.0
9617.507900000082 8.354072762332806e-19 0.0
9618.593900000082 8.354072762332806e-19 0.0
9619.679900000081 8.354072762332806e-19 0.0
9620.76590000008 8.354072762332806e-19 0.0
9621.85190000008 8.354072762332806e-19 0.0
9622.937900000079 8.354072762332806e-19 0.0
9624.023900000078 8.354072762332806e-19 0.0
9625.109900000078 8.354072762332806e-19 0.0
9626.195900000077 8.354072762332806e-19 0.0
9627.281900000076 8.354072762332806e-19 0.0
9628.367900000076 8.354072762332806e-19 0.0
9629.453900000075 8.354072762332806e-19 0.0
9630.539900000074 8.354072762332806e-19 0.0
9631.625900000074 8.354072762332806e-19 0.0
9632.711900000073 8.354072762332806e-19 0.0
9633.797900000072 8.354072762332806e-19 0.0
9634.883900000072 8.354072762332806e-19 0.0
9635.969900000071 8.354072762332806e-19 0.0
9637.05590000007 8.354072762332806e-19 0.0
9638.14190000007 8.354072762332806e-19 0.0
9639.227900000069 8.354072762332806e-19 0.0
9640.313900000068 8.354072762332806e-19 0.0
9641.399900000068 8.354072762332806e-19 0.0
9642.485900000067 8.354072762332806e-19 0.0
9643.571900000066 8.354072762332806e-19 0.0
9644.657900000066 8.354072762332806e-19 0.0
9645.743900000065 8.354072762332806e-19 0.0
9646.829900000064 8.354072762332806e-19 0.0
9647.915900000064 8.354072762332806e-19 0.0
9649.001900000063 8.354072762332806e-19 0.0
9650.087900000062 8.354072762332806e-19 0.0
9651.173900000062 8.354072762332806e-19 0.0
9652.259900000061 8.354072762332806e-19 0.0
9653.34590000006 8.354072762332806e-19 0.0
9654.43190000006 8.354072762332806e-19 0.0
9655.517900000059 8.354072762332806e-19 0.0
9656.603900000058 8.354072762332806e-19 0.0
9657.689900000058 8.354072762332806e-19 0.0
9658.775900000057 8.354072762332806e-19 0.0
9659.861900000056 8.354072762332806e-19 0.0
9660.947900000056 8.354072762332806e-19 0.0
9662.033900000055 8.354072762332806e-19 0.0
9663.119900000054 8.354072762332806e-19 0.0
9664.205900000054 8.354072762332806e-19 0.0
9665.291900000053 8.354072762332806e-19 0.0
9666.377900000052 8.354072762332806e-19 0.0
9667.463900000052 8.354072762332806e-19 0.0
9668.549900000051 8.354072762332806e-19 0.0
9669.63590000005 8.354072762332806e-19 0.0
9670.72190000005 8.354072762332806e-19 0.0
9671.807900000049 8.354072762332806e-19 0.0
9672.893900000048 8.354072762332806e-19 0.0
9673.979900000048 8.354072762332806e-19 0.0
9675.065900000047 8.354072762332806e-19 0.0
9676.151900000046 8.354072762332806e-19 0.0
9677.237900000046 8.354072762332806e-19 0.0
9678.323900000045 8.354072762332806e-19 0.0
9679.409900000044 8.354072762332806e-19 0.0
9680.495900000044 8.354072762332806e-19 0.0
9681.581900000043 8.354072762332806e-19 0.0
9682.667900000042 8.354072762332806e-19 0.0
9683.753900000042 8.354072762332806e-19 0.0
9684.83990000004 8.354072762332806e-19 0.0
9685.92590000004 8.354072762332806e-19 0.0
9687.01190000004 8.354072762332806e-19 0.0
9688.097900000039 8.354072762332806e-19 0.0
9689.183900000038 8.354072762332806e-19 0.0
9690.269900000038 8.354072762332806e-19 0.0
9691.355900000037 8.354072762332806e-19 0.0
9692.441900000036 8.354072762332806e-19 0.0
9693.527900000036 8.354072762332806e-19 0.0
9694.613900000035 8.354072762332806e-19 0.0
9695.699900000034 8.354072762332806e-19 0.0
9696.785900000034 8.354072762332806e-19 0.0
9697.871900000033 8.354072762332806e-19 0.0
9698.957900000032 8.354072762332806e-19 0.0
9700.043900000031 8.354072762332806e-19 0.0
9701.12990000003 8.354072762332806e-19 0.0
9702.21590000003 8.354072762332806e-19 0.0
9703.30190000003 8.354072762332806e-19 0.0
9704.387900000029 8.354072762332806e-19 0.0
9705.473900000028 8.354072762332806e-19 0.0
9706.559900000027 8.354072762332806e-19 0.0
9707.645900000027 8.354072762332806e-19 0.0
9708.731900000026 8.354072762332806e-19 0.0
9709.817900000025 8.354072762332806e-19 0.0
9710.903900000025 8.354072762332806e-19 0.0
9711.989900000024 8.354072762332806e-19 0.0
9713.075900000023 8.354072762332806e-19 0.0
9714.161900000023 8.354072762332806e-19 0.0
9715.247900000022 8.354072762332806e-19 0.0
9716.333900000021 8.354072762332806e-19 0.0
9717.41990000002 8.354072762332806e-19 0.0
9718.50590000002 8.354072762332806e-19 0.0
9719.59190000002 8.354072762332806e-19 0.0
9720.677900000019 8.354072762332806e-19 0.0
9721.763900000018 8.354072762332806e-19 0.0
9722.849900000017 8.354072762332806e-19 0.0
9723.935900000017 8.354072762332806e-19 0.0
9725.021900000016 8.354072762332806e-19 0.0
9726.107900000015 8.354072762332806e-19 0.0
9727.193900000015 8.354072762332806e-19 0.0
9728.279900000014 8.354072762332806e-19 0.0
9729.365900000013 8.354072762332806e-19 0.0
9730.451900000013 8.354072762332806e-19 0.0
9731.537900000012 8.354072762332806e-19 0.0
9732.623900000011 8.354072762332806e-19 0.0
9733.70990000001 8.354072762332806e-19 0.0
9734.79590000001 8.354072762332806e-19 0.0
9735.88190000001 8.354072762332806e-19 0.0
9736.967900000009 8.354072762332806e-19 0.0
9738.053900000008 8.354072762332806e-19 0.0
9739.139900000007 8.354072762332806e-19 0.0
9740.225900000007 8.354072762332806e-19 0.0
9741.311900000006 8.354072762332806e-19 0.0
9742.397900000005 8.354072762332806e-19 0.0
9743.483900000005 8.354072762332806e-19 0.0
9744.569900000004 8.354072762332806e-19 0.0
9745.655900000003 8.354072762332806e-19 0.0
9746.741900000003 8.354072762332806e-19 0.0
9747.827900000002 8.354072762332806e-19 0.0
9748.913900000001 8.354072762332806e-19 0.0
9749.9999 8.354072762332806e-19 0.0
9751.0859 8.354072762332806e-19 0.0
9752.1719 1.2586946847820382e-18 3.3252619892660937e-19
9753.2579 1.3466532777765107e-18 3.032077276224596e-19
9754.3439 6.6688339141268805e-19 2.962541701147367e-19
9755.4299 8.233771380831405e-19 2.9151696744701123e-19
9756.5158 1.8309476849298643e-18 3.044940689797344e-19
9757.6018 9.905458400067425e-19 3.1507486172494762e-19
9758.6878 7.5279028917687105e-19 3.2315516397993026e-19
9759.7738 6.961586262537081e-19 3.136795902264202e-19
9760.8597 1.6063910040196772e-19 3.122814314285299e-19
9761.9457 1.5284041464802965e-18 2.9823042016536483e-19
9763.0317 8.646724089915628e-19 3.549867960896746e-19
9764.1176 6.231585610113924e-19 3.5010559082214688e-19
9765.2036 9.086305829508684e-19 2.7766382598318923e-19
9766.2896 8.9776592905723e-19 2.7732584532237674e-19
9767.3756 5.387974367231609e-19 2.6755583868392685e-19
9768.4615 8.992008197016359e-19 2.748178217129678e-19
9769.5475 1.1695873250007793e-18 3.0932381692558016e-19
9770.6335 8.79751803381379e-19 3.092788438295616e-19
9771.7195 8.365587184266267e-19 2.654277467830559e-19
9772.8054 5.334288999850652e-19 2.5368200381819244e-19
9773.8914 6.547706244910852e-19 2.78822184604779e-19
9774.9774 1.3163964325507153e-18 2.68904639223737e-19
9776.0633 1.0646430397389622e-18 2.611175267636989e-19
9777.1493 5.877178058842328e-19 2.528513800037911e-19
9778.2353 4.675701548904121e-19 2.5994203250283837e-19
9779.3213 7.387425381755624e-19 2.6093325604259127e-19
9780.4072 1.2818397784498248e-18 2.63663419631752e-19
9781.4932 6.562438392755864e-19 3.1284737320437835e-19
9782.5792 1.0847017317369152e-18 3.174737644663618e-19
9783.6652 1.2715568983033254e-18 2.834017518247352e-19
9784.7511 8.342558340399345e-19 2.7175920006030146e-19
9785.8371 9.664715252499133e-19 2.679125164223138e-19
9786.9231 9.73522150848482e-19 2.6408425663029328e-19
9788.009 6.284961180118741e-19 2.746170956774158e-19
9789.095 1.0651671358319352e-18 3.473580391835435e-19
9790.181 8.91889593218725e-19 5.467953697513184e-19
9791.267 -5.315414833397301e-19 9.491244411826126e-19
9792.3529 1.5029715471095336e-19 1.3810997108318077e-18
9793.4389 -2.0031364278691815e-19 1.478655594069395e-18
9794.5249 -7.645564741116755e-19 1.4389783355011923e-18
9795.6109 3.4274339864833937e-18 1.2237011454924452e-18
9796.6968 1.461761750290875e-18 8.299709428369243e-19
9797.7828 4.772768183386724e-19 7.158974327157878e-19
9798.8688 1.447090246420878e-18 7.044249813336916e-19
9799.9548 4.373806992452478e-19 5.869680985640219e-19
9801.0407 2.039596697336838e-19 7.826295800621621e-19
9802.1267 5.16144577154078e-19 8.134419286766679e-19
9803.2127 -7.946831778139296e-19 8.103192025745377e-19
9804.2986 1.0300905252302718e-18 7.069447670453949e-19
9805.3846 1.1599716817732628e-18 4.045012729411371e-19
9806.4706 6.979733964323379e-19 2.7813688347061737e-19
9807.5566 1.2035101234305792e-18 3.1246772711881083e-19
9808.6425 1.1963535050887362e-18 3.8638632586898495e-19
9809.7285 1.3243219508309192e-19 4.149516818768837e-19
9810.8145 -4.993827084228291e-20 4.111279292937171e-19
9811.9005 5.155866735136887e-19 4.356511382931675e-19
9812.9864 -2.7795864770433536e-20 4.87583796972763e-19
9814.0724 8.4098752464653315e-19 5.200214117809552e-19
9815.1584 1.306227270247083e-18 5.2600368423126785e-19
9816.2443 5.761453685673723e-19 4.892456210066383e-19
9817.3303 1.211890510148276e-18 4.1008663371278946e-19
9818.4163 9.405381556276001e-19 4.005971493579119e-19
9819.5023 1.270382223964675e-18 4.2013425293322257e-19
9820.5882 5.159528322117999e-19 4.174900448887459e-19
9821.6742 1.6259699876174141e-18 3.841390959392708e-19
9822.7602 9.651576645462876e-19 3.2766947664465683e-19
9823.8462 -8.188286070185357e-20 2.7400170493398253e-19
9824.9321 1.7436785138633909e-19 2.597086293514415e-19
9826.0181 1.6201066253902272e-19 2.6341020510655656e-19
9827.1041 -4.262340620699212e-20 4.445765035246193e-19
9828.19 1.3095415403266405e-18 4.904800609134913e-19
9829.276 -1.9295279616345965e-19 5.360201079402026e-19
9830.362 1.2846987194902335e-19 3.5482335909938764e-19
9831.448 1.3703246059233075e-18 3.5838692247119695e-19
9832.5339 7.137552876348144e-19 3.360416086053219e-19
9833.6199 7.919951056067765e-19 3.1163920031043644e-19
9834.7059 8.040424357590477e-19 2.80590644605959e-19
9835.7919 5.318523969437175e-19 2.688214799949287e-19
9836.8778 9.472052633930553e-19 2.6865683229026e-19
9837.9638 6.967480134587013e-19 2.6242584303800435e-19
9839.0498 3.118303948324806e-19 2.517025008227681e-19
9840.1357 6.463327765049968e-19 2.5275684008168007e-19
9841.2217 5.063669370642411e-19 2.379735165368975e-19
9842.3077 5.405121188817222e-19 4.989012458412514e-19
9843.3937 1.109747802383249e-18 4.939401300030987e-19
9844.4796 1.0556160194761458e-18 3.3557655639136737e-19
9845.5656 1.2226886538547408e-18 2.4425417634341095e-19
9846.6516 1.7246946097097784e-18 2.5790350853986926e-19
9847.7376 1.6927844987509358e-18 2.9367445927109134e-19
9848.8235 1.35400325752701e-19 5.237906681708161e-19
9849.9095 -2.800550621524717e-19 7.234775507523843e-19
9850.9955 -2.3480713930393334e-19 7.244893497630512e-19
9852.0814 1.7896416786525197e-19 7.089697651126668e-19
9853.1674 2.0526503921442064e-19 5.877373895866315e-19
9854.2534 6.282384079898479e-19 3.2679901016176103e-19
9855.3394 7.762040275423543e-19 2.3510815490664096e-19
9856.4253 7.345897784210571e-19 2.30573889912903e-19
9857.5113 6.2659735103157885e-19 2.391470010233865e-19
9858.5973 7.047506053808127e-19 2.411735680842929e-19
9859.6833 7.420038063579727e-19 2.371537566142519e-19
9860.7692 9.467052905697078e-19 2.3831234386359627e-19
9861.8552 7.424483549363496e-19 2.2554176170296363e-19
9862.9412 1.0550539501737736e-18 2.3143082902067127e-19
9864.0271 1.2010006711313301e-18 2.332367234196284e-19
9865.1131 1.3214454614223481e-18 2.308537924693217e-19
9866.1991 6.195842779179405e-19 2.3204319297791744e-19
9867.2851 6.1770609303188e-19 2.2822855109874003e-19
9868.371 1.0706979232174466e-18 2.4664546158308957e-19
9869.457 7.276153563794969e-19 2.574919862038602e-19
9870.543 1.0911454306918288e-18 2.81810914234636e-19
9871.629 1.0042798412445804e-18 4.1788859576922193e-19
9872.7149 1.2405664022874233e-18 9.179106975441617e-19
9873.8009 4.143971125545921e-19 1.1762957839518128e-18
9874.8869 -1.2944055873510216e-18 1.1962142443459883e-18
9875.9729 -1.3202974416200722e-18 1.1572951503269216e-18
9877.0588 3.314538681771774e-19 8.640349379001677e-19
9878.1448 7.505987807399573e-19 4.0042912610113286e-19
9879.2308 -2.066096459597015e-19 2.486707544328126e-19
9880.3167 2.6404247454205363e-19 2.310064752060608e-19
9881.4027 5.914870324021745e-19 2.3153185081503407e-19
9882.4887 8.048920418149692e-19 2.3302273619717633e-19
9883.5747 4.537448598370819e-19 2.387343895257192e-19
9884.6606 4.9341393070594445e-19 2.467808137676372e-19
9885.7466 2.473230992947787e-19 2.716521303133178e-19
9886.8326 1.4592494584866401e-18 3.1839781094460895e-19
9887.9186 3.0163307234524014e-19 3.500166370158957e-19
9889.0045 9.100392890575061e-19 3.3561835772255e-19
9890.0905 6.378155867703354e-19 3.2088832246759557e-19
9891.1765 1.1772710323195668e-18 2.8064833924054386e-19
9892.2624 1.3274858235781042e-18 2.401235808717022e-19
9893.3484 1.3203720334068423e-18 2.3395527570726297e-19
9894.4344 7.841680167582454e-19 3.517115409706143e-19
9895.5204 1.88219653133339e-19 6.597348287115319e-19
9896.6063 2.4750477523278097e-19 7.9168762256562365e-19
9897.6923 4.099262754247504e-19 8.068438584915879e-19
9898.7783 2.3020719697295236e-18 7.692569053265786e-19
9899.8643 3.1878177111528317e-19 5.524108994981522e-19
9900.9502 1.1781339829062613e-18 3.246003749882992e-19
9902.0362 9.43827388000328e-19 2.733975197746158e-19
9903.1222 3.021180629603636e-19 2.6486459472088895e-19
9904.2081 2.8338345116873245e-19 2.6216530453313586e-19
9905.2941 6.361233739156082e-19 2.3838222228504237e-19
9906.3801 1.0921391588316919e-18 2.260728229676677e-19
9907.4661 8.997788084402295e-19 2.192458410898668e-19
9908.552 9.455507367560076e-19 2.1633122394118865e-19
9909.638 7.118063385340632e-19 2.1924296440218433e-19
9910.724 9.027016942853251e-19 2.269128714267525e-19
9911.81 4.146970101891231e-19 2.28954970093153e-19
9912.8959 8.03503268338913e-19 2.559819836085568e-19
9913.9819 4.649014723776629e-19 3.7583710411231165e-19
9915.0679 -7.594048108125534e-19 8.341548693937848e-19
9916.1538 -4.551814532258517e-19 1.1307088280911834e-18
9917.2398 6.8307748949827e-19 1.1710618245523103e-18
9918.3258 1.5747307326241245e-18 1.1428947195899506e-18
9919.4118 1.9059426423021238e-18 9.090347376380259e-19
9920.4977 2.392984804662116e-18 4.887782943040606e-19
9921.5837 6.842819495415454e-18 2.9124809017600727e-19
9922.6697 1.1403032508679564e-17 2.7097277418878027e-19
9923.7557 1.3290850422521221e-17 2.6651406673859173e-19
9924.8416 1.0339620831220521e-17 2.5833184528414987e-19
9925.9276 5.454815530817028e-18 2.358120665127054e-19
9927.0136 2.3343862158858987e-18 2.622715763267142e-19
9928.0995 9.08828818621604e-19 2.538614445142647e-19
9929.1855 7.360464307337509e-19 2.4229792933032607e-19
9930.2715 6.817023900522622e-19 2.1664386372896213e-19
9931.3575 5.309776606031171e-19 2.168453751547538e-19
9932.4434 5.820636194093308e-19 2.1823849571489264e-19
9933.5294 7.1092723112048575e-19 2.1226543578782116e-19
9934.6154 9.979165137683868e-19 2.12394499240195e-19
9935.7014 3.853200608182884e-19 2.104682946632033e-19
9936.7873 5.690376228171306e-19 2.2407719497212847e-19
9937.8733 3.8542138378575855e-19 2.2174762453580943e-19
9938.9593 8.079633100246987e-19 2.2632258258542345e-19
9940.0452 1.0347786776671296e-18 2.4337627914328067e-19
9941.1312 1.2274186583553776e-18 3.231712103958576e-19
9942.2172 1.4773518788070294e-18 6.714561629425133e-19
9943.3032 4.608536707168199e-19 9.1690487877547e-19
9944.3891 -6.606149072907333e-19 9.826056747522925e-19
9945.4751 2.0239962733708772e-19 1.0422537629908367e-18
9946.5611 -1.1273510653511548e-18 1.1120669469143378e-18
9947.6471 -1.057516895924041e-19 1.1997278246477179e-18
9948.733 2.650442791416273e-18 1.2926617491685946e-18
9949.819 1.5782502538186942e-19 1.3766944624703353e-18
9950.905 -3.4487780576212835e-19 1.2058465632217288e-18
9951.991 1.189289807449021e-18 8.39805888145228e-19
9953.0769 1.9453850467590716e-18 5.648481174703683e-19
9954.1629 1.7137661984975416e-18 3.8301455285653267e-19
9955.2489 1.7828397433357005e-18 2.925629783597391e-19
9956.3348 1.4249526543408123e-18 4.683778839863433e-19
9957.4208 2.2966060281274268e-18 9.084766876014504e-19
9958.5068 8.3040065044273395e-19 1.082306522728312e-18
9959.5928 1.949602726605611e-18 1.096053922758751e-18
9960.6787 1.4903234310348973e-18 1.053551607362621e-18
9961.7647 1.1521191204394872e-18 8.480261874098871e-19
9962.8507 8.803930594297547e-19 8.636787941655879e-19
9963.9367 6.492003495343718e-19 9.523733130340493e-19
9965.0226 -1.442567911977358e-19 9.565905764364403e-19
9966.1086 1.3727236386744407e-19 8.527435487506783e-19
9967.1946 1.7032174946785649e-18 5.43174342741551e-19
9968.2805 7.007683582806386e-19 2.6543488350510223e-19
9969.3665 7.158379772946673e-20 2.19034779731783e-19
9970.4525 2.176122758624207e-19 2.2107039101077028e-19
9971.5385 4.40760086049131e-19 2.63772390449421e-19
9972.6244 2.5122431864487408e-20 6.181081204622925e-19
9973.7104 2.0213226203538786e-18 8.45240290021712e-19
9974.7964 4.892781739650231e-19 6.172657906155442e-19
9975.8824 9.150352663455168e-19 6.102585432133836e-19
9976.9683 5.142236768134427e-19 5.17113268169139e-19
9978.0543 -1.1552956528244674e-19 3.5306981392932956e-19
9979.1403 5.1442177665125e-19 3.498119446002304e-19
9980.2262 6.6736743411914825e-19 3.744404040262804e-19
9981.3122 9.622797284482751e-19 3.670905909330364e-19
9982.3982 4.717331119535978e-19 3.5247533061689126e-19
9983.4842 6.137862293974161e-19 3.012878748168096e-19
9984.5701 7.743733215649705e-19 2.5187021895062666e-19
9985.6561 5.223867416834955e-19 2.118537479612895e-19
9986.7421 6.44727482865365e-19 1.9378447093621392e-19
9987.8281 6.909218101434871e-19 1.9909287773373673e-19
9988.914 3.4769941786457773e-19 2.1221431124159175e-19
9990.0 3.809209437439697e-19 2.1585371728349487e-19
9991.086 3.864414396914025e-19 1.9746187277062692e-19
9992.1719 3.295496839554138e-19 2.0148556884472527e-19
9993.2579 8.858235589330297e-19 2.0720068401867745e-19
9994.3439 6.122087204885116e-19 2.0383860349187083e-19
9995.4299 5.407504609927819e-19 2.070535322835828e-19
9996.5158 5.292214573404682e-19 2.0146811823698535e-19
9997.6018 4.952023939565879e-19 1.9656174510606397e-19
9998.6878 1.2528711414575078e-19 2.0342103968709238e-19
9999.7738 5.270454876424006e-19 2.654861683093491e-19
10000.86 9.723094968623672e-19 4.0605976124664626e-19
10001.946 9.972207932242218e-19 4.776386086677633e-19
10003.032 3.697448195869897e-19 4.923197592006326e-19
10004.118 7.536139509597476e-19 4.785256467071428e-19
10005.204 9.47599997434886e-19 3.7005011362687268e-19
10006.29 5.120693345185204e-19 2.53132498156489e-19
10007.376 2.649924456960742e-19 2.1486468122888467e-19
10008.462 4.595251750728738e-19 2.009679189762462e-19
10009.548 5.288131313668897e-19 2.0593682011317315e-19
10010.633 6.685757641013528e-19 2.4407095623918237e-19
10011.719 5.874418703609568e-19 4.0451783652276477e-19
10012.805 -1.3862791595720141e-19 8.035438157103781e-19
10013.891 -1.575639971126668e-18 1.2677551290821522e-18
10014.977 -2.6803771951713956e-18 1.4552731074505559e-18
10016.063 -8.075759828165238e-21 1.5023757244228279e-18
10017.149 8.968032512083485e-19 1.3416981336263551e-18
10018.235 9.049660118803901e-19 8.841214070763562e-19
10019.321 1.0990819100945525e-18 4.3014499945107213e-19
10020.407 8.684834655121606e-19 2.3399051110056666e-19
10021.493 -2.2739434617248633e-20 2.383387297802866e-19
10022.579 1.4968200718872747e-19 2.909131819798739e-19
10023.665 1.4826129950659162e-19 3.162613422772789e-19
10024.751 1.425516124421218e-19 3.6497873902508417e-19
10025.837 -5.3432597022078205e-19 7.633512357820622e-19
10026.923 -1.6556801086301182e-19 9.984874664259072e-19
10028.009 4.148075615091413e-19 8.146029861845288e-19
10029.095 1.383027500640425e-18 7.973793349345044e-19
10030.181 8.128863600445216e-19 6.584876285011959e-19
10031.267 4.621116478692215e-19 3.5093453632013754e-19
10032.353 6.732547177732626e-20 2.1094349026028843e-19
10033.439 6.187576150213312e-19 2.0644460650173815e-19
10034.525 3.551031932863422e-19 2.0344566501681786e-19
10035.611 3.2813583170899286e-19 2.0508881182895602e-19
10036.697 1.2943941091041799e-19 2.1159881419506207e-19
10037.783 4.2528811735755347e-19 2.204304639782195e-19
10038.869 5.612935768007032e-19 2.423692438736448e-19
10039.955 3.166407176283729e-19 2.569165570092556e-19
10041.041 8.895659426046818e-19 2.523358407030774e-19
10042.127 4.378511911388701e-19 2.4348171618603124e-19
10043.213 2.442156890228232e-19 3.5252496706055157e-19
10044.299 1.9149747028214014e-19 5.485960042133876e-19
10045.385 2.0717159900203739e-19 5.257246938862772e-19
10046.471 6.471337534452416e-19 5.320524155724427e-19
10047.557 4.005571956233578e-19 5.027458325144098e-19
10048.643 4.0329652012343583e-19 3.708581793396646e-19
10049.729 2.7614567247465744e-19 2.134658690892555e-19
10050.814 7.43544415583592e-19 1.8176323871606055e-19
10051.9 6.48336718153066e-19 3.113835475996917e-19
10052.986 4.658090839679458e-19 3.0805973581255293e-19
10054.072 5.828350423691297e-19 1.9152065900432295e-19
10055.158 4.818135880098974e-19 1.9214516839008314e-19
10056.244 3.3474917874363957e-19 2.94347513777667e-19
10057.33 -6.362593393273504e-21 2.910776950259699e-19
10058.416 5.170272508051673e-19 1.945280810724244e-19
10059.502 4.534976835904217e-19 2.820517430806871e-19
10060.588 5.54233184415686e-19 4.350876357363517e-19
10061.674 -2.733217667627648e-19 6.140025872236166e-19
10062.76 3.7149249186399697e-19 6.831707076367e-19
10063.846 6.911545193214102e-19 6.710488169928804e-19
10064.932 -3.1888577495516445e-20 6.058748173688199e-19
10066.018 -9.636010499834827e-20 4.352427882067764e-19
10067.104 3.545554044853138e-19 3.052765866447964e-19
10068.19 4.1411577196570883e-19 3.3971513917706667e-19
10069.276 4.638269057343076e-19 3.6131933501173623e-19
10070.362 -3.454379823013582e-20 3.8508289238432085e-19
10071.448 -6.474885661747881e-21 4.409137295822007e-19
10072.534 5.163028560728055e-19 4.624157837530032e-19
10073.62 7.10941207686135e-19 4.514599538199405e-19
10074.706 9.160898658627353e-19 4.170145039705445e-19
10075.792 9.258574342492927e-19 3.391059883843955e-19
10076.878 6.033440876017968e-19 2.375676055650137e-19
10077.964 1.0065694323038848e-18 1.96959930497757e-19
10079.05 9.806278823816275e-19 2.000535992937386e-19
10080.136 4.066577081284516e-19 2.1621484075726889e-19
10081.222 4.6111890407668605e-19 2.414534895991308e-19
10082.308 1.1693748526782761e-18 5.011491170974778e-19
10083.394 -4.3363596638880686e-20 9.178294359246585e-19
10084.48 1.0405681093157599e-18 1.0652003113571502e-18
10085.566 1.901580810498204e-18 1.071188514188034e-18
10086.652 1.3165128271588268e-18 9.977722313637393e-19
10087.738 4.813607393010754e-19 6.6265984915825535e-19
10088.824 5.050461128709168e-19 2.6806972874561025e-19
10089.91 7.749609662932489e-19 2.0156992757030483e-19
10090.995 5.907675134106194e-19 1.9376706436391837e-19
10092.081 4.355160011012384e-19 1.9864113690990222e-19
10093.167 5.447177732919073e-19 1.935948792539333e-19
10094.253 1.9593004086352437e-19 1.8813980636949112e-19
10095.339 4.206861949148556e-19 1.8516671253845957e-19
10096.425 9.923590691800047e-19 2.002210329915342e-19
10097.511 6.073817598568268e-19 2.2033567983639816e-19
10098.597 5.816427587600755e-19 2.46857448612764e-19
10099.683 6.6732713177412535e-19 2.590736002164305e-19
10100.769 4.984067177941784e-19 2.5345204190071423e-19
10101.855 2.9012838856745916e-19 2.4394394418878935e-19
10102.941 4.20473932106195e-19 2.701212759101967e-19
10104.027 -2.4165302356226596e-19 5.027823924226187e-19
10105.113 -9.315098408397086e-20 6.9109125044549375e-19
10106.199 6.192453702907889e-19 7.206519145058706e-19
10107.285 3.0393346543400916e-21 7.095771510984654e-19
10108.371 4.372122928401044e-19 5.765479551850727e-19
10109.457 6.994523492729549e-19 2.987612010884346e-19
10110.543 4.0245572631343526e-19 1.8404152630364244e-19
10111.629 3.316595970669935e-19 1.8034320237890782e-19
10112.715 5.103465901883516e-19 1.752566947799932e-19
10113.801 2.4329531140540876e-19 1.7660659613079306e-19
10114.887 2.732652289232688e-19 2.713672204578276e-19
10115.973 7.195653272234735e-19 2.7640855945519247e-19
10117.059 4.843743712498703e-19 1.6984741879827305e-19
10118.145 5.605928368095197e-19 1.7142794626307566e-19
10119.231 7.422577747149277e-19 1.7576129636021554e-19
10120.317 6.116767314599865e-19 1.794200686466905e-19
10121.403 5.634609386698066e-19 1.8925374353252842e-19
10122.489 -9.41368247002485e-20 2.358961563750766e-19
10123.575 7.518034458061025e-19 4.500844696403153e-19
10124.661 5.758280089267539e-19 8.913958679187606e-19
10125.747 1.7230199500953692e-18 1.1457619584349788e-18
10126.833 4.531656962323516e-19 1.157249123486783e-18
10127.919 1.3376155516496604e-18 1.1095560071454995e-18
10129.005 1.5490549291862616e-18 8.273880402859859e-19
10130.09 2.5694692068297796e-19 3.4015632316009926e-19
10131.176 7.307864472536408e-19 1.9457724210165012e-19
10132.262 4.0553430990768273e-19 2.015575989520213e-19
10133.348 9.5639600487072e-20 2.432099689672155e-19
10134.434 1.67399355101061e-19 2.7444239838314987e-19
10135.52 4.380926110601021e-19 2.7566716667477756e-19
10136.606 6.268700405142084e-19 2.665756587362969e-19
10137.692 4.981054085554502e-19 2.3693883730609395e-19
10138.778 6.458424841375e-19 2.023361889079375e-19
10139.864 7.618446768038278e-19 1.9615761421149825e-19
10140.95 5.2244258216398435e-19 2.202000141920482e-19
10142.036 4.384530795253213e-19 2.921810995931177e-19
10143.122 5.81859656974646e-19 3.220251694173659e-19
10144.208 7.919446040360804e-19 3.322585016285818e-19
10145.294 6.211787026788277e-19 3.1226450373491883e-19
10146.38 1.040633232024891e-19 3.4507312779942543e-19
10147.466 2.7639818366609584e-19 3.675853903974739e-19
10148.552 2.6792485655731457e-19 3.494209502300404e-19
10149.638 3.3069777176072074e-19 3.465400081900761e-19
10150.724 4.491874719095946e-19 3.6590877782437596e-19
10151.81 8.375654721853568e-19 3.5434595810437973e-19
10152.896 2.013667440461919e-18 4.512477205929924e-19
10153.982 2.044193889313842e-18 6.536985024634388e-19
10155.068 2.8338948008910836e-18 7.641484990320012e-19
10156.154 2.9981008659321764e-18 9.322073340893509e-19
10157.24 2.2644018654798676e-18 8.799983127200674e-19
10158.326 1.1456765844421585e-18 4.773031334611251e-19
10159.412 1.2762434864924208e-18 4.2045961010634744e-19
10160.498 1.1009649547787968e-18 4.488630193398837e-19
10161.584 2.771135154903047e-19 4.737128249360301e-19
10162.67 7.1948079910152e-19 4.56411083771802e-19
10163.756 7.902294942992906e-19 3.351922956895925e-19
10164.842 6.158244214426677e-19 3.0873379014246245e-19
10165.928 8.112814187079149e-19 3.6027354516558725e-19
10167.014 4.886309781438181e-20 3.657044366586669e-19
10168.1 3.7223957182970455e-19 3.7507269034399617e-19
10169.186 2.9163422384976707e-19 3.5774695651621934e-19
10170.271 4.094237390079522e-19 3.17940832585641e-19
10171.357 1.8765579145609422e-19 5.113727100513045e-19
10172.443 -4.7087468899377144e-20 9.787917669801194e-19
10173.529 -3.497436905646658e-19 1.798729997861934e-18
10174.615 1.2255822433681676e-18 1.8251683396368262e-18
10175.701 1.0524505541232595e-18 1.152879033010357e-18
10176.787 2.0284709873957876e-18 8.70643471860647e-19
10177.873 2.475422391158588e-18 3.7626680242472687e-19
10178.959 1.7048928464456577e-18 1.96815438986314e-19
10180.045 1.1720633858228289e-18 1.94257582688617e-19
10181.131 1.0396545599078397e-18 2.9161580535234433e-19
10182.217 1.0619625151393648e-18 4.3251587870126484e-19
10183.303 4.50323183465126e-19 4.788678705656118e-19
10184.389 7.02096662589372e-19 4.851925818805602e-19
10185.475 4.867363841467988e-19 4.514737621089066e-19
10186.561 4.0842234960788093e-19 3.2780564170843075e-19
10187.647 8.672108087340667e-19 2.5686469174012704e-19
10188.733 1.282664643144595e-19 3.8899680310212326e-19
10189.819 5.394134910621798e-19 7.3053078863501e-19
10190.905 1.2257177832980377e-19 8.009357227409255e-19
10191.991 1.5834603902268735e-19 8.801281825502717e-19
10193.077 9.235350406696993e-19 8.74602771931648e-19
10194.163 1.3106510504913137e-18 7.751386180966116e-19
10195.249 8.700366763934433e-19 4.6826145738317045e-19
10196.335 6.649973775165963e-19 2.426864446404771e-19
10197.421 6.233482833388651e-19 2.30954051751459e-19
10198.507 8.05548976245733e-19 2.2791941430164313e-19
10199.593 7.63703249868846e-19 2.2793518064326533e-19
10200.679 3.5016060917672124e-19 2.2774548787640864e-19
10201.765 3.7406812478695002e-19 2.3577934932653617e-19
10202.851 -7.06889768638126e-20 3.196632824208726e-19
10203.937 6.331669122403485e-19 5.111399079500814e-19
10205.023 9.750956529353118e-19 5.913449451115589e-19
10206.109 3.4205497784192115e-19 5.957364934603535e-19
10207.195 1.1790333099251694e-18 5.703894370942794e-19
10208.281 1.0364575817029959e-18 4.409019030117219e-19
10209.367 5.869753343015768e-19 4.731665772118092e-19
10210.452 -1.7274112740864014e-19 6.282890783347392e-19
10211.538 1.7684023660460266e-19 8.763730323150637e-19
10212.624 -5.999748477725016e-19 1.0682568886786996e-18
10213.71 1.035636673725777e-18 1.035883520323786e-18
10214.796 1.1426986802108806e-18 9.500156671793203e-19
10215.882 9.278036900755196e-19 7.465976605163154e-19
10216.968 1.0095989784215654e-18 3.440591792555516e-19
10218.054 4.036844695595998e-19 1.8144912994984218e-19
10219.14 2.809733343502417e-19 1.695507734225021e-19
10220.226 5.807749554679222e-19 1.825545182696305e-19
10221.312 5.31303306652254e-19 2.0491672056156323e-19
10222.398 5.238605961822337e-19 2.191400820066234e-19
10223.484 5.598567778130003e-20 2.2424972847863965e-19
10224.57 2.1796849301495426e-19 2.386981281171903e-19
10225.656 1.744737135905997e-18 1.0453568526753717e-18
10226.742 9.576734282960213e-19 1.7956404175835784e-18
10227.828 6.554203082798925e-19 8.14920305737996e-19
10228.914 1.938022518434596e-19 8.243661353168824e-19
10230.0 -1.8973337465436524e-19 7.66728058570312e-19
10231.086 1.3181854955423787e-18 6.316621179188937e-19
10232.172 2.320472629157247e-19 6.008397515843071e-19
10233.258 3.307687432280344e-19 6.048429080000782e-19
10234.344 7.850735082601461e-19 5.987576214515729e-19
10235.43 9.539864674674871e-19 5.002879469641371e-19
10236.516 4.529738860387178e-19 2.897052779718704e-19
10237.602 5.865506851443497e-19 2.1608610828193448e-19
10238.688 6.836961270442091e-19 2.2523466713136176e-19
10239.774 9.07563912352971e-19 1.9952112860958423e-19
10240.86 2.4593290745819136e-19 2.077919403945523e-19
10241.946 6.31338302150852e-19 2.0971190414140258e-19
10243.032 4.541492706414072e-19 1.728756689564749e-19
10244.118 5.418314936939223e-19 1.736909429092424e-19
10245.204 1.942377694439245e-19 1.7307731918729296e-19
10246.29 3.019552410319679e-19 1.6923285469447892e-19
10247.376 5.877292728677486e-19 1.6839574010704519e-19
10248.462 4.344435081864826e-19 1.6788390473415006e-19
10249.548 9.179367770320926e-19 1.6377121161608028e-19
10250.633 5.621430671369175e-19 1.573124874061656e-19
10251.719 6.016669135599276e-19 1.5513291614107287e-19
10252.805 6.411295537332784e-19 1.568691704711678e-19
10253.891 6.492451317158487e-19 1.5873802545858813e-19
10254.977 3.031443747799407e-19 1.7328398722407843e-19
10256.063 6.556279349095463e-19 2.064909155534587e-19
10257.149 6.434151908433751e-19 2.177933109140438e-19
10258.235 7.9976539079479975e-19 1.995564567925589e-19
10259.321 1.0758438286823573e-18 2.0270096996231372e-19
10260.407 5.589661644812705e-19 1.9623403196401478e-19
10261.493 1.7233349267192203e-19 1.7898389577847565e-19
10262.579 1.1784477201375116e-19 1.6931183116620457e-19
10263.665 3.853923785674182e-19 1.83070080582888e-19
10264.751 8.071961862113484e-19 1.9398970455701696e-19
10265.837 1.0719638313115094e-18 2.0450770602741227e-19
10266.923 7.03508901834109e-19 2.1773078442450845e-19
10268.009 7.840626677168646e-19 2.32789036027669e-19
10269.095 5.309243067643829e-19 2.3488491965247845e-19
10270.181 6.21242877651255e-19 2.487409401740936e-19
10271.267 9.751022323216849e-19 3.406959034498214e-19
10272.353 1.407897189423004e-18 4.533457143729125e-19
10273.439 1.078179480428808e-18 4.867912350480928e-19
10274.525 2.278019592026901e-19 4.828199935608258e-19
10275.611 8.46274727051508e-19 4.2925546065333507e-19
10276.697 1.093504997510261e-18 3.125979024816313e-19
10277.783 7.117945539292061e-19 2.3928295516731506e-19
10278.869 6.45777753239685e-19 2.0854845435096633e-19
10279.955 5.217863475169334e-19 1.9805473377547619e-19
10281.041 4.442499509471308e-19 2.0181642509902688e-19
10282.127 1.5325605345657671e-19 1.9519562738439217e-19
10283.213 5.814299721143461e-19 2.0566047133145032e-19
10284.299 5.95991629349094e-19 2.6914508100944804e-19
10285.385 4.99530891442234e-19 4.703010972867741e-19
10286.471 7.943903206650189e-19 8.981220371607955e-19
10287.557 1.9599629628910624e-18 1.4981133871350062e-18
10288.643 2.5297848389574156e-18 1.7279340074020837e-18
10289.729 2.3438516534580445e-18 1.7074658403674346e-18
10290.814 1.63960962491952e-19 1.54183212374908e-18
10291.9 3.2076149348057015e-19 1.0182392851192255e-18
10292.986 4.54504323030544e-19 3.7601380499830576e-19
10294.072 9.003086375466718e-19 3.3794273895291483e-19
10295.158 6.81794140611701e-19 3.7447189172092447e-19
10296.244 6.68021797067237e-19 6.192813498499337e-19
10297.33 1.4335686258544465e-18 8.991308022351254e-19
10298.416 1.46307718927386e-18 9.386453889150541e-19
10299.502 2.332636115493633e-18 9.155579979512563e-19
10300.588 1.727399900631186e-18 7.89441518687919e-19
10301.674 1.128220848977358e-19 4.389065767906383e-19
10302.76 7.807903335362429e-19 2.1792796120541397e-19
10303.846 8.666365206274411e-19 2.2265091122684585e-19
10304.932 6.785689818845014e-19 2.3827672461666237e-19
10306.018 8.6177632708066e-19 2.5702118298440314e-19
10307.104 5.634250394171022e-19 2.6948303708845036e-19
10308.19 4.1561047142222883e-19 2.690789837766686e-19
10309.276 9.291680291584471e-19 5.521626494071412e-19
10310.362 1.2271963780101547e-19 9.528245415277732e-19
10311.448 5.097571159358309e-19 5.849189729848855e-19
10312.534 4.866749982161392e-19 5.599366037435634e-19
10313.62 -2.48488257677318e-19 5.251158913290943e-19
10314.706 1.2645369773932498e-19 3.8331237841215e-19
10315.792 7.044913506471058e-19 2.128325054270398e-19
10316.878 3.04436709580217e-19 1.8453375873061693e-19
10317.964 5.45350581628655e-19 1.829686902863358e-19
10319.05 7.815091346148123e-19 1.816898309176102e-19
10320.136 8.019144687942044e-19 1.7693237631703772e-19
10321.222 1.61423262085405e-19 1.6996783398540657e-19
10322.308 1.924343596154971e-19 1.6633076950834777e-19
10323.394 6.429934069797173e-19 1.7868035117812021e-19
10324.48 4.857041096027698e-19 1.9386157198608791e-19
10325.566 3.4639382426771553e-19 1.9902193103546776e-19
10326.652 4.686465825936092e-19 2.239117812874408e-19
10327.738 5.501392883005256e-19 2.6534689195327257e-19
10328.824 3.999708282111783e-19 3.003290870948678e-19
10329.91 1.9536484167524624e-19 3.191990710222687e-19
10330.995 2.63378586371244e-19 3.0846320751508905e-19
10332.081 3.86562049350658e-19 2.699968981398416e-19
10333.167 3.15061792030636e-19 2.1329486679965856e-19
10334.253 1.0218186349785824e-18 1.742341667047562e-19
10335.339 8.944903520984953e-19 1.8019534827878651e-19
10336.425 4.050053406250318e-19 1.8311114236239215e-19
10337.511 6.046306206015155e-19 1.8731853071582688e-19
10338.597 6.896363856896033e-19 1.836048736332125e-19
10339.683 6.901014617620079e-19 2.1272371734418454e-19
10340.769 8.744586450750315e-19 4.0241029435343503e-19
10341.855 4.932332044375873e-19 4.819684116771314e-19
10342.941 1.087216904907584e-19 3.8660542661341514e-19
10344.027 3.7137948327298354e-19 3.757866110148166e-19
10345.113 6.998055820665522e-19 3.0639295485700253e-19
10346.199 7.542737854855406e-19 2.419639418246733e-19
10347.285 1.2617969893439697e-18 4.180699568060318e-19
10348.371 7.184810733768938e-19 6.879520417594687e-19
10349.457 -1.936007871817385e-19 7.792043525697743e-19
10350.543 7.199782799661328e-19 7.789933342362988e-19
10351.629 1.2322824133533771e-18 7.142095006624031e-19
10352.715 6.288312722385446e-19 4.610939268175572e-19
10353.801 2.2704690870274497e-19 2.9554915120403607e-19
10354.887 -4.616366392244676e-19 3.937032504089658e-19
10355.973 -3.7479808426751154e-19 4.533273540685122e-19
10357.059 -2.9244716899820974e-19 4.550862822058079e-19
10358.145 4.291113200043627e-19 4.2132096367810735e-19
10359.231 8.3448032938303455e-19 3.1321605769982006e-19
10360.317 4.103695809008558e-19 2.0098755472386974e-19
10361.403 2.814424871811323e-19 1.6760031322487667e-19
10362.489 -6.152037208151728e-21 1.6539286214896793e-19
10363.575 2.7638480666183345e-19 1.6316564745128634e-19
10364.661 5.4602237951053725e-19 2.3788261100981657e-19
10365.747 5.188174383465301e-19 2.4176693034513824e-19
10366.833 2.936263989989874e-19 2.3994600925337886e-19
10367.919 3.3328496061878965e-19 1.707365723497029e-19
10369.005 6.1663379357482775e-19 2.7834620932033524e-19
10370.09 3.2541036754007147e-19 2.915782530635322e-19
10371.176 6.272590516066688e-19 2.0662807182367282e-19
10372.262 7.990234836300848e-19 3.6955856859657505e-19
10373.348 -1.959908824371889e-19 9.0635945708357e-19
10374.434 -6.954357076259076e-19 1.2662824321550194e-18
10375.52 -7.948616937647723e-19 1.3245591586577901e-18
10376.606 1.1263799394151493e-18 1.2992194308584275e-18
10377.692 1.4644702664042472e-18 1.0274893758713413e-18
10378.778 9.505687355693265e-19 4.658018225719613e-19
10379.864 5.917089333542505e-19 1.9999306847013841e-19
10380.95 5.675799093039768e-19 1.8187238801183409e-19
10382.036 8.262791274933258e-19 1.7463963610605303e-19
10383.122 4.752851616640171e-19 1.7541363368692913e-19
10384.208 2.2817838087221623e-19 1.7802015232683939e-19
10385.294 4.403411694032069e-19 1.995989608753443e-19
10386.38 7.813262935616357e-19 1.9030074470496011e-19
10387.466 5.523614072303382e-19 1.886597013238734e-19
10388.552 6.0328254514731e-19 1.7805927942047e-19
10389.638 6.730725294002278e-19 1.7981289926576196e-19
10390.724 5.812916768114148e-19 1.8396431538972847e-19
10391.81 6.827349243480981e-19 1.8766908443046076e-19
10392.896 5.56232769286467e-19 1.8784320021877797e-19
10393.982 6.440654575660834e-19 1.9851591860752532e-19
10395.068 5.774662291675873e-19 2.0993923758983152e-19
10396.154 8.803882992087774e-19 3.276642639970842e-19
10397.24 6.460459885847548e-19 6.42454310844092e-19
10398.326 3.7462101533753737e-19 8.302067309572628e-19
10399.412 -2.8885552700827267e-19 8.714422134320949e-19
10400.498 4.1039277445795196e-19 8.3213589590912e-19
10401.584 2.6150495818783854e-19 5.932077809627244e-19
10402.67 8.590785373188839e-19 2.594375514395884e-19
10403.756 7.277504413042175e-19 1.810511016302323e-19
10404.842 3.39210196125051e-19 1.82086232579258e-19
10405.928 3.07386295167111e-19 1.8376613045453504e-19
10407.014 5.134652039241631e-19 1.8048259505461632e-19
10408.1 7.534835020131783e-19 1.841438710075714e-19
10409.186 5.327129621426416e-19 2.006400531965863e-19
10410.271 4.494970019455222e-19 2.1617715244789883e-19
10411.357 5.561286530397793e-19 2.2528437211668854e-19
10412.443 1.2732542932980303e-19 2.256507087659038e-19
10413.529 2.9338678566628343e-19 2.0806714946732259e-19
10414.615 3.603981952066157e-19 1.8919118765508938e-19
10415.701 4.0040164729674527e-19 2.0522326585975076e-19
10416.787 5.753417870443509e-19 2.731764049325352e-19
10417.873 5.042686515604942e-19 4.747453313476181e-19
10418.959 2.7293283512531014e-20 1.00063446226462e-18
10420.045 9.865405069587535e-19 1.313573548711346e-18
10421.131 3.4151344325536976e-19 1.3460032743727043e-18
10422.217 1.3183681886742334e-18 1.307514979482285e-18
10423.303 7.805342615447862e-19 9.980639851613112e-19
10424.389 9.14749770602375e-19 4.777028807513518e-19
10425.475 8.994238184846817e-19 2.8123807607253493e-19
10426.561 8.265703239128337e-19 2.63021556560344e-19
10427.647 7.336396287550728e-19 2.4570196504411715e-19
10428.733 7.432424638594671e-19 2.55325249329719e-19
10429.819 5.255132958632615e-19 3.0353258049269617e-19
10430.905 4.0853995871659165e-19 3.3433206813651235e-19
10431.991 4.032557723326174e-19 3.3516459445456e-19
10433.077 4.014739559522196e-19 3.035534666386513e-19
10434.163 4.443916638532662e-19 2.3695599329727353e-19
10435.249 6.565414754526091e-19 1.8424210621609883e-19
10436.335 9.1484361836987e-19 2.0022490761859252e-19
10437.421 9.32306645427162e-19 2.149499700913326e-19
10438.507 3.0270400481284535e-19 1.5848491359258992e-19
10439.593 2.8446790986364727e-19 1.5640002675413148e-19
10440.679 4.356881956177764e-19 1.5610494614345014e-19
10441.765 3.994429358908778e-19 1.5868023847290713e-19
10442.851 5.9582532686701e-19 1.5647127267579918e-19
10443.937 5.58114673463864e-19 1.5746211725808567e-19
10445.023 5.570190070516351e-19 1.6131082077869415e-19
10446.109 8.331759831595652e-19 1.6860711669512413e-19
10447.195 5.174834873818531e-19 1.7957397531140442e-19
10448.281 4.791246585779329e-19 1.9190550190758412e-19
10449.367 5.901293452234316e-19 2.1214223704046742e-19
10450.452 9.213283737983943e-19 3.821887689333286e-19
10451.538 1.2294217350954754e-18 6.456452749728575e-19
10452.624 7.814994084475227e-19 7.388723485639742e-19
10453.71 7.37215880481267e-19 7.455671735916867e-19
10454.796 1.0838024570886198e-18 6.8294387759427665e-19
10455.882 3.3359382597565723e-19 4.41274858566532e-19
10456.968 4.540864266985597e-19 1.9313714624652397e-19
10458.054 6.557620512707735e-19 1.6399257252161559e-19
10459.14 3.268678958707106e-19 1.5848619522912714e-19
10460.226 7.348312096869083e-19 1.583145226962618e-19
10461.312 5.508256632562398e-19 1.6232727279119523e-19
10462.398 2.346629082319258e-19 1.6597776864503798e-19
10463.484 5.2334109760818e-19 1.6508851510898262e-19
10464.57 7.038840967044061e-19 1.6673660426695292e-19
10465.656 8.720597282241395e-19 1.718499059840906e-19
10466.742 1.6883406679769093e-19 1.815831925646097e-19
10467.828 4.3853541677372545e-19 2.2160422858055315e-19
10468.914 2.0799201636384387e-19 5.525243248097691e-19
10470.0 8.24530694733906e-19 9.827922456103646e-19
10471.086 -1.4427918333191433e-19 1.1152360023092303e-18
10472.172 5.010885163823043e-19 1.1146879227333781e-18
10473.258 -2.9837195690446965e-19 1.0225501402264699e-18
10474.344 -8.406880307814297e-20 6.546769694527977e-19
10475.43 6.742957823192613e-19 2.513952092400391e-19
10476.516 7.931112516222875e-19 1.7909021657943904e-19
10477.602 6.903645374756113e-19 1.7096808417327878e-19
10478.688 4.9022967430319e-19 1.8900103641145182e-19
10479.774 4.546148344053653e-19 1.8921974023522947e-19
10480.86 5.356595597077752e-19 1.6787052581491638e-19
10481.946 7.8725545913133055e-19 1.6445973994446499e-19
10483.032 6.998383567813199e-19 1.6396960429221479e-19
10484.118 6.865945232059492e-19 1.9157622315272144e-19
10485.204 8.352206944816632e-19 3.1215076626288807e-19
10486.29 6.29873694162787e-19 3.0655205847925644e-19
10487.376 5.189175981689488e-19 3.5925183331792726e-19
10488.462 7.234959630378598e-19 3.6917203113482617e-19
10489.548 -3.1616428449507256e-19 3.772493533226728e-19
10490.633 2.384929962023655e-19 2.577736755740859e-19
10491.719 1.259230015552739e-19 2.740420280888171e-19
10492.805 5.058589784414294e-19 2.233809860625467e-19
10493.891 4.651973607644466e-19 1.6419167875801618e-19
10494.977 6.508089268579145e-19 1.610559776913862e-19
10496.063 5.585171721579404e-19 1.6166687228879766e-19
10497.149 5.325169296050752e-19 1.642204575505115e-19
10498.235 4.949883311152913e-19 1.7260548618565155e-19
10499.321 5.161703458469641e-19 2.0509031930979278e-19
10500.407 6.828649754903422e-19 2.295109910383295e-19
10501.493 3.005033535443871e-19 2.338173418435088e-19
10502.579 2.7182063343732735e-19 2.273475896074845e-19
10503.665 1.6454460132386401e-19 2.0296324141067415e-19
10504.751 4.197432155233345e-19 1.8010355487997895e-19
10505.837 3.4935539937011337e-19 1.8712188915812107e-19
10506.923 5.857425693544183e-19 2.046922595592125e-19
10508.009 5.134945328455704e-19 2.0688701836848272e-19
10509.095 7.238888629825813e-19 3.1939598257200613e-19
10510.181 5.683703806926143e-19 5.239100446736843e-19
10511.267 1.2617843011543426e-18 6.073500194327607e-19
10512.353 8.941651244514305e-19 6.200958895752967e-19
10513.439 7.472361150216201e-19 5.786204211952266e-19
10514.525 6.013524475626621e-19 4.1417096763747775e-19
10515.611 1.797144435017878e-19 2.9331115733626296e-19
10516.697 1.7638196947373416e-19 2.727294159178073e-19
10517.783 3.761061574375806e-19 2.5962960690976664e-19
10518.869 2.4864375394736227e-19 2.5078953663129763e-19
10519.955 2.619161745508306e-19 2.287430688889628e-19
10521.041 5.227658836265849e-19 1.9967014075454474e-19
10522.127 6.092750071850397e-19 2.3571581785883936e-19
10523.213 7.94729913403343e-19 2.3134634291736394e-19
10524.299 3.6787269245075226e-19 3.8166630847754917e-19
10525.385 3.7391985787210153e-19 6.102072486015273e-19
10526.471 2.113714191721934e-18 7.941783630043667e-19
10527.557 2.7036564350398615e-18 8.269847859955572e-19
10528.643 1.2257302069157042e-18 7.98516889430148e-19
10529.729 7.1890882700084e-19 6.077114871713431e-19
10530.814 2.5795962813123676e-19 3.0728191507126924e-19
10531.9 3.0795264696492444e-19 1.7615468197073775e-19
10532.986 3.065705819671133e-19 1.6436547581451326e-19
10534.072 4.373295620200397e-19 1.6036762052629539e-19
10535.158 5.747214076859272e-19 1.6066032471986934e-19
10536.244 5.704834414047519e-19 1.6301915835571968e-19
10537.33 7.917008790689276e-19 1.6667580733356813e-19
10538.416 8.123140247650634e-19 1.6290882807927242e-19
10539.502 7.15816031364268e-19 1.6246744769579925e-19
10540.588 8.129496900820978e-19 1.5632027284347418e-19
10541.674 4.658784385774798e-19 1.5893670365893181e-19
10542.76 3.8022766612104688e-19 1.5982420721892623e-19
10543.846 2.010717390386189e-19 1.5855958464341104e-19
10544.932 3.294860878631437e-19 1.5701160716185925e-19
10546.018 5.262443963496668e-19 1.581807785825173e-19
10547.104 7.773983927091908e-19 1.5849664044651846e-19
10548.19 4.0949906528023264e-19 1.6174834891775927e-19
10549.276 5.618476163040986e-19 1.59338345727042e-19
10550.362 4.602052650051159e-19 1.6180710709451726e-19
10551.448 3.250540186764343e-19 1.6590991999151468e-19
10552.534 4.2456555156257793e-19 1.8116449095187196e-19
10553.62 4.294286459294181e-19 2.0230578460558828e-19
10554.706 5.756218258049946e-19 2.1045755841082302e-19
10555.792 2.3377102128536485e-19 2.1032436915719452e-19
10556.878 3.7562269831187454e-19 1.9421000824773117e-19
10557.964 6.944533341421614e-19 1.7009143565021652e-19
10559.05 7.074080180907275e-19 1.5964097471546875e-19
10560.136 4.588696721038304e-19 1.5748668174361142e-19
10561.222 3.8549116093581753e-19 1.572143597388783e-19
10562.308 5.953595317097928e-19 1.7816677952251945e-19
10563.394 2.015518531454994e-18 5.622025879999922e-19
10564.48 1.031099521355016e-18 2.8157617656008427e-19
10565.566 4.1080679825402756e-19 1.569461943946052e-19
10566.652 2.8458118041847023e-19 1.5773275485662386e-19
10567.738 2.2582301377760875e-19 1.6905734969942922e-19
10568.824 5.70668879518347e-19 3.3000461752282884e-19
10569.91 2.0782732500729925e-19 3.300469070955773e-19
10570.995 9.279199438152099e-19 1.7527094570238308e-19
10572.081 4.382937714991144e-19 2.0398275665766961e-19
10573.167 5.789298963979062e-19 3.2468070658845996e-19
10574.253 1.3431964643703108e-19 4.0095373134396197e-19
10575.339 6.769621181271225e-19 4.1922417893147334e-19
10576.425 8.776903027469675e-19 4.037622263839157e-19
10577.511 5.940908369566799e-19 3.054752129198662e-19
10578.597 3.23603433954931e-19 2.3331377669725155e-19
10579.683 6.405896983583956e-19 2.0122562978468867e-19
10580.769 5.803665413053143e-19 1.616672717253313e-19
10581.855 6.586994338593452e-19 1.6113706543199664e-19
10582.941 5.556305444287597e-19 1.5949425558544717e-19
10584.027 4.062013637145739e-19 1.6130332199528272e-19
10585.113 5.9964548358168845e-19 1.995392511568579e-19
10586.199 -2.0010227523203389e-19 3.556140174598434e-19
10587.285 1.090565364072078e-19 4.919611677186406e-19
10588.371 8.166201092238392e-19 5.283347430916453e-19
10589.457 6.831364732711766e-19 5.261255419295938e-19
10590.543 1.765072591113752e-19 4.481008944886799e-19
10591.629 2.5736961391331116e-19 2.8990212512092324e-19
10592.715 2.826688610963105e-19 2.0368614233700703e-19
10593.801 1.3937646079625016e-19 1.8049666729622288e-19
10594.887 5.14953651391146e-19 1.6835389826685444e-19
10595.973 4.444004190214678e-19 1.7600219751054147e-19
10597.059 3.945472042103901e-19 1.798667909263872e-19
10598.145 5.587258607535935e-19 1.8761834753198912e-19
10599.231 5.155674343030916e-19 1.98706129468335e-19
10600.317 3.5078431160930564e-19 2.061906587221472e-19
10601.403 2.823176511533412e-19 2.2203123713128033e-19
10602.489 3.129692722707922e-19 2.2404977577802578e-19
10603.575 2.1964248680493633e-19 2.0338213625703368e-19
10604.661 2.1292389796815527e-19 2.025245644481975e-19
10605.747 3.3105540612627563e-19 1.8920378747281895e-19
10606.833 3.2226196091632963e-19 1.692024482396287e-19
10607.919 3.440472875428599e-19 1.7232326851696386e-19
10609.005 2.7574150109353524e-19 1.7552175677837888e-19
10610.09 -3.0704563168280594e-20 1.7476484321867064e-19
10611.176 -1.864858648343973e-19 1.7431889776043655e-19
10612.262 -1.347401023897435e-19 2.844625533479247e-19
10613.348 1.7015436009721016e-19 2.9235185477602346e-19
10614.434 4.276113309361969e-19 1.7447618263625386e-19
10615.52 5.585390519810211e-19 1.6821412886294567e-19
10616.606 3.581910626935956e-19 1.605535178160207e-19
10617.692 1.1997837403935806e-19 1.6055469826306054e-19
10618.778 4.2776139238846254e-19 1.6112976146553603e-19
10619.864 9.339525939595639e-19 1.6039795708907864e-19
10620.95 5.154016507578793e-19 1.6162198376017523e-19
10622.036 2.292969868409421e-19 1.6007744122577449e-19
10623.122 3.1845738805235608e-19 1.6351931044334077e-19
10624.208 4.530818031535502e-19 1.7085720739423978e-19
10625.294 4.2505211741102845e-19 1.7666912467838773e-19
10626.38 6.861746957603672e-19 1.7768464630870643e-19
10627.466 5.914541209976599e-19 2.749695352313298e-19
10628.552 6.417423121975134e-19 3.0575536532396355e-19
10629.638 3.4933684381443195e-19 3.0425989567188295e-19
10630.724 4.747012715529486e-19 1.624041144715926e-19
10631.81 4.2696304666117847e-19 1.5218667591449215e-19
10632.896 4.934537648459674e-19 1.496599683035332e-19
10633.982 2.120498776985686e-19 1.485877000994855e-19
10635.068 2.975233189949971e-19 1.4726070346383767e-19
10636.154 3.5655484784364492e-19 1.4869629433258003e-19
10637.24 6.3954454711440555e-19 1.5121214620184057e-19
10638.326 3.526747834464904e-19 1.5600163606109174e-19
10639.412 1.1854812307718608e-19 1.552964529231107e-19
10640.498 1.4299354982879037e-20 2.221623742455313e-19
10641.584 6.229078310301336e-19 3.0445848219894503e-19
10642.67 8.260518409392089e-19 2.8932265168175887e-19
10643.756 4.390423329401183e-19 2.938677905752546e-19
10644.842 1.8026732661758814e-19 2.7992400448182034e-19
10645.928 5.764027982709308e-19 2.2172891495256366e-19
10647.014 4.796804924333369e-19 1.6457497996493773e-19
10648.1 7.089732924386687e-19 1.5342704249805091e-19
10649.186 5.782773045681483e-19 1.4792344140876767e-19
10650.271 4.40712834236312e-19 1.4771078027356435e-19
10651.357 4.851324289687578e-19 1.6558242597815e-19
10652.443 6.5450509470431e-19 2.36043070622201e-19
10653.529 6.149899768782715e-19 3.1601893661911353e-19
10654.615 6.450048135983547e-19 3.466931568346322e-19
10655.701 7.060022789498893e-19 3.5008692763971486e-19
10656.787 8.557448880631825e-19 3.0856147908770754e-19
10657.873 8.510036819682927e-19 2.206164199455756e-19
10658.959 5.332712699699306e-19 1.5915068874851756e-19
10660.045 6.897125950962968e-19 1.4940181453196751e-19
10661.131 9.27123687284029e-19 1.5096304672001444e-19
10662.217 7.541083557807964e-19 1.537216766722223e-19
10663.303 4.202250833182777e-19 1.5198669917365577e-19
10664.389 5.433407394614378e-19 1.5418354885225598e-19
10665.475 4.751461332192537e-19 1.5384017654077022e-19
10666.561 6.590091289524119e-19 1.6583288540760693e-19
10667.647 3.736183828986749e-19 1.7992513326192078e-19
10668.733 -9.860324910464364e-21 1.839656572830314e-19
10669.819 1.3176098136702286e-19 1.8573635764398343e-19
10670.905 3.2422263765380367e-19 1.7436774083220447e-19
10671.991 3.5670497907880233e-19 1.599084242661356e-19
10673.077 4.3307127596036994e-19 1.5720027636683248e-19
10674.163 5.515781877477394e-19 1.541655918074155e-19
10675.249 3.9696758100058944e-19 1.5330376625809887e-19
10676.335 6.735822695574648e-19 1.5285240877864825e-19
10677.421 5.247106431749493e-19 1.5441308674440713e-19
10678.507 3.941963073224139e-19 1.555930271770253e-19
10679.593 8.573119192323852e-19 1.5259882534782323e-19
10680.679 4.016932082093762e-19 1.5298925340731835e-19
10681.765 4.256836796439261e-19 1.6872806905053756e-19
10682.851 5.683287939810667e-19 1.9998177346363766e-19
10683.937 2.3780664197223933e-19 2.456322776269824e-19
10685.023 6.975637621353969e-19 3.1520739844610997e-19
10686.109 2.1097408405989091e-19 3.5925719974305123e-19
10687.195 1.5814669861305841e-19 3.8879779888911683e-19
10688.281 -3.211172225902739e-19 6.827283853742017e-19
10689.367 8.710589412627102e-19 9.832870960757155e-19
10690.452 1.3607311295699e-18 1.0003721083377751e-18
10691.538 1.1219509289562393e-18 1.0242313382305686e-18
10692.624 -1.3295945222039303e-19 4.42002948122508e-19
10693.71 7.908580367403124e-19 3.8879541256477756e-19
10694.796 2.091796328185164e-19 3.464786528433758e-19
10695.882 5.14407020148757e-19 3.1538438547128707e-19
10696.968 4.3123674917545853e-19 3.3347351783050867e-19
10698.054 3.00538059905165e-19 4.868589450059348e-19
10699.14 3.8262070306549745e-19 5.615514767527993e-19
10700.226 5.864347706135122e-20 5.880513963055023e-19
10701.312 1.547540869779048e-19 5.786689636611756e-19
10702.398 -1.4940841884429682e-19 4.331505821417507e-19
10703.484 2.7527933328738703e-19 3.585350848835473e-19
10704.57 5.16360497280283e-19 5.066282664382995e-19
10705.656 5.46786876761829e-19 6.92822647822041e-19
10706.742 -1.320974039263448e-19 6.70683435427995e-19
10707.828 7.659594485718592e-19 4.1215837899279156e-19
10708.914 8.89930834286662e-19 2.953056530564297e-19
10710.0 9.336792395495914e-19 2.4378441272627263e-19
10711.086 1.1185846579081407e-18 5.242246456069375e-19
10712.172 7.408888122117159e-19 7.742124521959684e-19
10713.258 6.130144182194571e-19 8.309264883798185e-19
10714.344 9.2956715370953e-19 8.2762639968653e-19
10715.43 7.851876552272376e-19 7.17953755165649e-19
10716.516 9.28890692869459e-19 4.695664340299414e-19
10717.602 7.129372571313016e-19 3.6687005519992e-19
10718.688 1.5138010055705238e-19 3.5332463126271477e-19
10719.774 4.5691099186531445e-20 3.3108641739127487e-19
10720.86 4.0356417172401393e-19 4.424917760373684e-19
10721.946 1.4277983296857868e-18 6.022977137425146e-19
10723.032 8.327828338967091e-19 6.339328816811718e-19
10724.118 2.3100205513210845e-19 5.940578898712539e-19
10725.204 7.869628392248241e-19 5.169059554406443e-19
10726.29 8.636025676571066e-19 3.5209603171183843e-19
10727.376 6.016561908478799e-19 3.0227497858984606e-19
10728.462 6.717989888766405e-19 4.384122739840802e-19
10729.548 -2.412127867691232e-19 1.0946740895098662e-18
10730.633 6.379697515935468e-19 1.359102919664497e-18
10731.719 5.2587127180419e-20 1.0896450598137819e-18
10732.805 -2.2076422173211224e-19 1.0451702394985039e-18
10733.891 6.7357966059269795e-19 7.517866712724049e-19
10734.977 6.993161813307338e-19 3.306282482975725e-19
10736.063 5.86725745408122e-19 1.97476572929682e-19
10737.149 8.899713213626542e-19 2.467336768379719e-19
10738.235 7.07993991952525e-19 2.8026287139116544e-19
10739.321 6.543598597521396e-19 2.782968029429855e-19
10740.407 3.8520142586398074e-19 2.8105565799830477e-19
10741.493 7.91708374667799e-19 2.4983712808187776e-19
10742.579 5.053691851342879e-19 2.4444307683756924e-19
10743.665 4.3209810787092934e-19 5.067084845747563e-19
10744.751 8.217027925966474e-19 7.045353142579376e-19
10745.837 1.696138262964355e-19 7.46795721814299e-19
10746.923 -1.1122121311271287e-19 7.351600886514127e-19
10748.009 1.0389256206209566e-18 6.071332818356107e-19
10749.095 1.1077812410651078e-18 3.515383893710658e-19
10750.181 6.437544224653404e-19 2.9801129104118113e-19
10751.267 1.1343510514485855e-18 7.357677254073053e-19
10752.353 4.7795590276518055e-19 1.1200442497201471e-18
10753.439 -7.510014466359621e-19 1.2023846023657986e-18
10754.525 1.0070529402913277e-18 1.1988536486003484e-18
10755.611 1.0682178371974283e-18 1.0146332023218454e-18
10756.697 6.899554005853549e-19 5.438239632931696e-19
10757.783 9.087166455748182e-19 2.1538777408178942e-19
10758.869 5.162623171575381e-19 1.8429254096512342e-19
10759.955 6.16000134686159e-19 1.7961198572548092e-19
10761.041 1.9634985478593935e-19 1.7878593895170334e-19
10762.127 6.571851832160439e-19 1.840591699736817e-19
10763.213 5.347695595520001e-19 2.25931260900454e-19
10764.299 4.751621154491635e-19 2.577289330392389e-19
10765.385 8.251090268096781e-19 3.2890935059444384e-19
10766.471 3.0779673686979966e-19 3.2319250884038244e-19
10767.557 3.625330052085916e-19 2.2640653663346973e-19
10768.643 1.74109021223874e-19 1.8278541952824846e-19
10769.729 6.871635475654163e-19 1.7235806178420486e-19
10770.814 6.46484006211103e-19 1.899082789020734e-19
10771.9 1.8654735404541207e-19 3.1702418119267993e-19
10772.986 -1.9018767868900626e-19 6.174738309103105e-19
10774.072 6.960956762436431e-19 7.405855670556753e-19
10775.158 6.304335654982834e-19 7.432113915967179e-19
10776.244 -6.926060840673187e-19 7.027544989082083e-19
10777.33 3.6086527345411556e-19 4.875553840009661e-19
10778.416 6.954990893330662e-19 2.3357124287847823e-19
10779.502 4.554730898065447e-19 1.760964432403717e-19
10780.588 8.078358788100589e-19 1.8270004561999394e-19
10781.674 3.8012636974387553e-19 1.898644528410211e-19
10782.76 6.920102646596604e-19 1.9188819591144075e-19
10783.846 8.861451640902815e-19 1.909722007785387e-19
10784.932 8.80489061821946e-19 1.8034268331015021e-19
10786.018 9.250385002306696e-19 1.7712825920399256e-19
10787.104 6.593916468319775e-19 1.7132894850654127e-19
10788.19 4.702273474662461e-19 1.6787962603661917e-19
10789.276 7.756205859853448e-19 1.62837465466564e-19
10790.362 8.409721134524421e-19 1.614556848141636e-19
10791.448 7.266495861575838e-19 1.6022411995284565e-19
10792.534 1.1757398331809312e-19 1.774950716395008e-19
10793.62 5.101311836666858e-19 2.140517754099318e-19
10794.706 6.001686671559882e-19 2.5761838544402074e-19
10795.792 4.937269459345551e-19 2.810559786109442e-19
10796.878 5.733377166893761e-19 2.7376673522158986e-19
10797.964 7.755839392995026e-19 2.4760392393943933e-19
10799.05 7.728360601383396e-19 2.0930900699714616e-19
10800.136 9.6645367773605e-19 1.758730948505625e-19
10801.222 3.423737077767417e-19 1.9033289937847894e-19
10802.308 2.5164928346334354e-19 2.2255681314519926e-19
10803.394 4.766434074483217e-19 2.466078452083155e-19
10804.48 6.8381151357888005e-19 2.488178799955376e-19
10805.566 6.641399962470056e-19 2.3480450024436494e-19
10806.652 6.563410985444468e-19 2.0579955198991142e-19
10807.738 9.494751583250451e-19 1.788339058956242e-19
10808.824 6.570714280609513e-19 1.7645053437998888e-19
10809.91 4.1152515492249047e-19 1.7904984783043937e-19
10810.995 3.88062444201542e-19 1.8571149662028092e-19
10812.081 3.46007880417888e-19 1.9452646333581598e-19
10813.167 2.7917435466442284e-19 2.2011966669721466e-19
10814.253 3.2819153956602183e-19 2.25552104633867e-19
10815.339 2.7787323885856778e-19 1.9355858360962494e-19
10816.425 6.269627803060202e-19 1.8134925367745314e-19
10817.511 8.209118296254499e-19 1.7575109454748814e-19
10818.597 7.710178232211327e-19 1.7106115048544038e-19
10819.683 6.481804939893308e-19 1.6243381928363333e-19
10820.769 5.483519768347298e-19 1.5860043217996656e-19
10821.855 5.688895649720878e-19 1.668527111626315e-19
10822.941 4.109486716850692e-19 1.6420004872726978e-19
10824.027 2.140700241622989e-19 1.5852937919432576e-19
10825.113 3.781191689498255e-19 1.6269681885885022e-19
10826.199 7.840307648383078e-19 1.661686882349513e-19
10827.285 7.042342226154914e-19 1.7087882473471686e-19
10828.371 4.2141849684440553e-19 1.9358857554403347e-19
10829.457 1.5606084044544231e-18 3.773436466798227e-19
10830.543 1.0820331102976104e-18 6.5166075619771735e-19
10831.629 -6.406454310760488e-18 1.2397366276241474e-18
10832.715 -7.989462373795143e-18 1.819873494071687e-18
10833.801 8.073860005086276e-19 1.9439389804625627e-18
10834.887 1.9632594495208842e-18 1.8382642725826027e-18
10835.973 1.1356430867689102e-18 1.5311180017746826e-18
10837.059 4.280028691375205e-19 8.0382060379836155e-19
10838.145 5.721179120099939e-19 3.240207567359298e-19
10839.231 5.433372779120273e-19 3.5269705030216454e-19
10840.317 7.7689478574583085e-19 3.722204915472987e-19
10841.403 4.621157466912093e-19 4.7939339671907905e-19
10842.489 1.287252781009285e-19 8.616615602218312e-19
10843.575 1.7577399292926516e-19 1.0624970804511405e-18
10844.661 -1.0013084517848474e-19 1.0703806918990609e-18
10845.747 -3.008618268784353e-19 1.2820184208024785e-18
10846.833 9.649975265729983e-19 9.39423655301965e-19
10847.919 5.776533891546163e-19 3.8266698103164037e-19
10849.005 3.2401443142678094e-19 2.127469752958778e-19
10850.09 3.0341386007576493e-19 1.7515542981482778e-19
10851.176 3.0816228516510064e-19 1.7641300978665586e-19
10852.262 3.5022308088052807e-19 2.0761363961965967e-19
10853.348 2.5722400848325957e-19 2.401097351779854e-19
10854.434 1.4826997646535698e-19 2.4729871952282333e-19
10855.52 2.3442780826175314e-19 2.5780792365788496e-19
10856.606 2.0969415108468171e-19 3.548774109860184e-19
10857.692 7.032510849360427e-19 5.321068344267507e-19
10858.778 1.4886848020164436e-18 6.209897243431537e-19
10859.864 1.0512412830385071e-18 6.293213598598607e-19
10860.95 1.8050341115031324e-18 6.051651122863855e-19
10862.036 5.838683747679691e-19 4.1690112904020192e-19
10863.122 -8.123892522624965e-20 2.2988048294933406e-19
10864.208 3.5760725852921346e-19 1.7160681403653374e-19
10865.294 5.718727771980726e-19 1.5443638185763743e-19
10866.38 6.602594281044974e-19 1.5157089963253158e-19
10867.466 5.886817037231213e-19 1.5031516811379336e-19
10868.552 5.61003738706243e-19 1.503706274716288e-19
10869.638 6.169035213988181e-19 1.4835162860099783e-19
10870.724 5.552148202885451e-19 1.5220888822769703e-19
10871.81 4.523153800973449e-19 1.758190408202863e-19
10872.896 4.384332626384679e-19 1.9348076243902184e-19
10873.982 3.253457278746567e-20 2.1119455042363553e-19
10875.068 5.39990815258708e-19 2.3898135224572346e-19
10876.154 6.670015877748595e-19 2.956361865767136e-19
10877.24 2.0662487940066401e-19 3.6490696403314724e-19
10878.326 5.285118897897504e-19 4.049900195369386e-19
10879.412 5.233081732874165e-19 4.0045130619513903e-19
10880.498 8.313649273587373e-19 3.6455731130243024e-19
10881.584 5.663960273031845e-19 2.89747670641443e-19
10882.67 6.343509148495019e-19 1.9765249414947263e-19
10883.756 7.436895873406386e-19 1.671322987164045e-19
10884.842 5.343061208364187e-19 1.8979595245518795e-19
10885.928 6.142217594078453e-19 2.1418535668850044e-19
10887.014 5.1310052631722365e-19 2.2608089281300304e-19
10888.1 1.0640520467572389e-18 2.2237270775463743e-19
10889.186 4.296772256773129e-19 1.9839548672059892e-19
10890.271 3.9476542783645375e-19 1.7169276168797733e-19
10891.357 7.099184598331304e-19 1.5559349473759076e-19
10892.443 6.99694668222613e-19 1.5301494103280473e-19
10893.529 2.119126428729926e-19 1.6328830841946986e-19
10894.615 -1.5584804001536853e-20 3.0981258879520004e-19
10895.701 2.8736914811735646e-19 6.589878145258862e-19
10896.787 7.315109334275504e-19 7.700566428608219e-19
10897.873 1.2182946161665465e-18 8.908000902748424e-19
10898.959 -8.760096226160023e-20 8.71538127568888e-19
10900.045 4.653088930397673e-19 8.09629555989556e-19
10901.131 3.4943071093015466e-19 5.278376439366879e-19
10902.217 6.112871905705082e-19 2.5884256451791e-19
10903.303 7.627626939725207e-19 2.3200896625644954e-19
10904.389 8.409396430641085e-19 2.24438144984844e-19
10905.475 6.39764613138865e-19 2.006314432613428e-19
10906.561 6.694260551506309e-19 1.8453741666434934e-19
10907.647 6.230230312875239e-19 1.5929954092384972e-19
10908.733 6.294125255018673e-19 1.4924680928467367e-19
10909.819 5.267469872219484e-19 1.4671915630309976e-19
10910.905 6.677215860381631e-19 1.6956164679170608e-19
10911.991 6.719990341312314e-19 1.7204496874783878e-19
10913.077 6.04418862219965e-19 1.500906984142657e-19
10914.163 3.8784473418326584e-19 1.5031429257352412e-19
10915.249 4.623726167218932e-19 1.470191965416158e-19
10916.335 4.858341986465895e-19 1.483920703448841e-19
10917.421 5.42322454553352e-19 1.514815552276576e-19
10918.507 6.834644720810071e-19 1.5616146997200933e-19
10919.593 7.722359916968884e-19 1.7147821013167887e-19
10920.679 5.764000433596541e-19 1.850327424999257e-19
10921.765 9.338793425511705e-19 2.341447825752837e-19
10922.851 1.3198897023320443e-19 4.15595052200526e-19
10923.937 1.8772612117533413e-18 1.3200063667612585e-18
10925.023 2.851599103011524e-18 1.8904776930158373e-18
10926.109 3.809758021781735e-18 2.037521358197092e-18
10927.195 1.5426707876123411e-18 1.5776286309790654e-18
10928.281 1.896525463649034e-18 1.2760243544913323e-18
10929.367 8.175221653311502e-19 6.338016079100755e-19
10930.452 7.767340505522246e-19 2.3374200500797634e-19
10931.538 5.090896786387929e-19 1.9065890049758777e-19
10932.624 3.1982407106659814e-19 1.8125131574846039e-19
10933.71 2.3549337972395224e-19 1.7572279540715254e-19
10934.796 3.811579532138248e-19 1.7063895346630132e-19
10935.882 4.652060301429301e-19 1.7010940173755473e-19
10936.968 5.155167152063109e-19 1.6613658466650212e-19
10938.054 7.808960887490879e-19 1.5804273723762529e-19
10939.14 5.745680632853874e-19 1.5525648367309422e-19
10940.226 5.396804281414098e-19 1.5644627516588615e-19
10941.312 5.870262066614542e-19 1.820009848623998e-19
10942.398 6.167950885918549e-19 1.8136717166443227e-19
10943.484 5.234113554597312e-19 1.567802465334501e-19
10944.57 4.936654711354712e-19 1.5516191256288362e-19
10945.656 5.222706949935384e-19 1.5905544621095654e-19
10946.742 5.438229719979641e-19 1.664579586330271e-19
10947.828 1.6175695169354003e-19 2.8163635140008203e-19
10948.914 5.632912662909817e-19 7.329787038047766e-19
10950.0 4.848309818823811e-19 1.0213791151520515e-18
10951.086 3.3163047428448627e-19 1.0309649416397755e-18
10952.172 3.24973689131682e-19 1.007998741117566e-18
10953.258 9.491581178000678e-19 8.145519471126913e-19
10954.344 7.943451759986198e-19 4.122446055420185e-19
10955.43 5.905727501248188e-19 1.9130654702523236e-19
10956.516 6.950055745678187e-19 1.7047281998431544e-19
10957.602 4.797528590336465e-19 1.5964592646356165e-19
10958.688 3.906996656211613e-19 1.5762572816140343e-19
10959.774 6.128336676878892e-19 1.5299532656841888e-19
10960.86 2.7562169239794237e-19 1.5302396135602467e-19
10961.946 5.897084892360831e-20 1.505874596256237e-19
10963.032 4.489898854555727e-19 1.6184970896340925e-19
10964.118 2.987254480197663e-19 1.8170725773851908e-19
10965.204 4.176519979239222e-19 1.8620584957182493e-19
10966.29 1.0399112676693996e-18 2.0492864856398035e-19
10967.376 7.88164738785408e-19 2.368715088359689e-19
10968.462 3.2530500490760175e-19 2.637261093662955e-19
10969.548 2.08180161681236e-19 2.7065681065888144e-19
10970.633 4.2296671210423596e-19 2.7398660840529057e-19
10971.719 7.362556833796402e-19 4.099000536593901e-19
10972.805 5.167894315338344e-19 1.0690072136767802e-18
10973.891 7.781302824174819e-19 1.594071940126329e-18
10974.977 1.3518627323387758e-18 1.7044094220545523e-18
10976.063 -2.4782017494036604e-19 1.917230724297942e-18
10977.149 2.4319037656825357e-19 1.579850484008299e-18
10978.235 1.2950178970896047e-18 7.415685294935254e-19
10979.321 4.392195354231727e-19 2.869279950617205e-19
10980.407 7.029833549102121e-19 2.323896491825776e-19
10981.493 5.334077368192686e-19 2.1158081940304815e-19
10982.579 4.1579108061037767e-19 1.9135250595016052e-19
10983.665 8.793411850452598e-19 2.2011083201528597e-19
10984.751 8.807142019182507e-19 2.613841208870992e-19
10985.837 1.0456777778183556e-18 2.6952656868547316e-19
10986.923 7.399688851301583e-19 2.6587797909562466e-19
10988.009 8.737572706071476e-19 2.312752532342326e-19
10989.095 6.844515376707393e-19 1.775443779182535e-19
10990.181 4.647142350355257e-19 1.602719474574654e-19
10991.267 5.334146620566055e-19 1.5908549044995403e-19
10992.353 2.778912774899888e-19 1.5791991029610413e-19
10993.439 5.495754700931651e-19 1.589232366466679e-19
10994.525 7.412911247889615e-19 1.5976971633675885e-19
10995.611 6.598072962970235e-19 1.6182221858239139e-19
10996.697 6.658082263562051e-19 1.6076137009281324e-19
10997.783 7.800993772694212e-19 1.5656898146512106e-19
10998.869 4.992423295705828e-19 1.520161070154925e-19
10999.955 3.001243438455833e-19 1.5077864263199258e-19
11001.041 3.5460408961384777e-19 1.597515189123717e-19
11002.127 3.7632949837808216e-19 1.6786024108308829e-19
11003.213 2.969912652928129e-19 1.7270196042049352e-19
11004.299 5.286278418529878e-19 1.8211724440867187e-19
11005.385 5.457345011066041e-19 2.070125867547907e-19
11006.471 2.8379196567019324e-19 4.911888545735179e-19
11007.557 3.0548157220185296e-19 8.23169703002994e-19
11008.643 -5.767886144936688e-19 9.427770395284013e-19
11009.729 6.180760080069823e-19 9.541196322267028e-19
11010.814 2.1050774455536418e-18 1.2334918220153308e-18
11011.9 1.5230909089035822e-18 7.344739076122812e-19
11012.986 4.60972670632034e-19 2.1188204362513786e-19
11014.072 4.377022803992083e-19 1.7206689684674928e-19
11015.158 2.9615506420002495e-19 1.6630540703512452e-19
11016.244 8.371645143187987e-20 1.6116887548132472e-19
11017.33 3.809609161604437e-19 1.5431954233222036e-19
11018.416 4.123467798482405e-19 1.5076095815801356e-19
11019.502 5.2022562554753085e-19 1.47712597087956e-19
11020.588 6.827483092751913e-19 1.4933912034215313e-19
11021.674 5.045221525348732e-19 1.5308811995687047e-19
11022.76 2.93658104275324e-19 1.5358456674041755e-19
11023.846 3.484064835200101e-19 1.5940305567793182e-19
11024.932 3.6248432494917823e-19 1.7458929213981075e-19
11026.018 6.238708659043158e-20 3.943625886434191e-19
11027.104 -3.3028877618890847e-19 1.1501720821026559e-18
11028.19 -6.457466319655156e-19 1.2692358232076356e-18
11029.276 -3.3882442689719294e-19 1.4140743244206362e-18
11030.362 3.212001009872185e-19 1.4193322533026963e-18
11031.448 3.047351465091961e-19 1.2383769638333985e-18
11032.534 6.602970735383839e-20 7.294390798779358e-19
11033.62 3.893673212621839e-19 2.5173854745713256e-19
11034.706 4.061525715786517e-19 1.7383191223226323e-19
11035.792 3.5559994199997026e-19 1.667595958816348e-19
11036.878 2.3804047981890337e-19 1.7169753974654865e-19
11037.964 7.465903928943223e-19 1.7888312699978818e-19
11039.05 8.513057620130144e-19 1.9305324488235348e-19
11040.136 5.119772846141908e-19 2.040975859771144e-19
11041.222 6.387175493949086e-19 2.0415592581686518e-19
11042.308 6.895161003488738e-19 2.0344397289371998e-19
11043.394 2.3145372134399594e-19 1.9600213867808965e-19
11044.48 2.2248347234725917e-19 1.7925191624837032e-19
11045.566 3.603374148224159e-19 1.6654123579287354e-19
11046.652 5.487302330276918e-19 1.5884345859199592e-19
11047.738 6.9790698124176e-19 1.55510127424192e-19
11048.824 6.501445637231201e-19 1.4748436187833721e-19
11049.91 4.408153995844401e-19 1.4409059925186246e-19
11050.995 5.9221496908567e-19 1.5639903413553557e-19
11052.081 4.034057402363839e-19 2.106151168214285e-19
11053.167 4.502442849633622e-19 2.5500299352024204e-19
11054.253 3.9596119100974266e-20 4.25560650802783e-19
11055.339 1.8408933661133716e-19 4.2514622320586115e-19
11056.425 4.602326948113223e-19 2.357131570405049e-19
11057.511 3.2651554795263354e-19 1.8200241399766428e-19
11058.597 5.392501586478194e-19 1.6477190526933888e-19
11059.683 5.930347489467798e-19 2.072499907247111e-19
11060.769 7.959559613926986e-19 2.1025676463009894e-19
11061.855 9.963207033572571e-19 1.8661316754173443e-19
11062.941 5.716732554047409e-19 2.113041492688606e-19
11064.027 6.324195780951972e-19 2.2052707204826737e-19
11065.113 5.38414672757921e-19 2.142362923777078e-19
11066.199 3.448963525104831e-19 1.9631330128454495e-19
11067.285 4.595118133470634e-19 1.9308387027074306e-19
11068.371 6.510214113777572e-19 2.1392565575484059e-19
11069.457 5.711287553007866e-19 3.5478216476611177e-19
11070.543 5.262793214561811e-19 6.083501803646666e-19
11071.629 2.352742963396148e-19 7.222265969427855e-19
11072.715 8.492449702552716e-19 7.205212379024906e-19
11073.801 1.2566223371299441e-18 6.9111388562738215e-19
11074.887 4.019938845241405e-20 4.782828251485613e-19
11075.973 4.453162638181646e-19 1.966770480910806e-19
11077.059 1.0661090868714208e-19 1.4905809226675525e-19
11078.145 1.534342229491651e-19 1.5084192670241298e-19
11079.231 3.295326234554707e-19 1.4904474909357672e-19
11080.317 6.757290163768949e-19 1.508365462741683e-19
11081.403 8.68037452547199e-19 1.9321765252473908e-19
11082.489 5.382346212805548e-19 2.4395752187975146e-19
11083.575 7.936251851807575e-19 2.59393816386039e-19
11084.661 7.916189575081031e-19 2.6325151443116146e-19
11085.747 7.209916705209575e-19 2.5942290178504418e-19
11086.833 3.364307735249575e-19 4.2188947545714245e-19
11087.919 -4.137107834177964e-19 7.95864665345373e-19
11089.005 8.794685214839257e-19 9.9999378890361e-19
11090.09 5.700282076235047e-19 1.0073401132270141e-18
11091.176 2.8291753152141737e-19 9.527622691879189e-19
11092.262 -3.9293737109269225e-19 7.126229642469912e-19
11093.348 6.296429638905841e-19 3.3069139317778484e-19
11094.434 4.552548561182923e-19 1.6757146442297238e-19
11095.52 4.772724302778475e-19 1.527032167447344e-19
11096.606 7.234617031915338e-19 1.4412370871378923e-19
11097.692 5.032843952231233e-19 1.4157211146136706e-19
11098.778 4.086750640757953e-19 1.4103788206140826e-19
11099.864 4.613599443200849e-19 1.403632341081582e-19
11100.95 4.604966273071421e-19 1.425124062557216e-19
11102.036 4.496109001698545e-19 1.432175663762042e-19
11103.122 6.189461204887156e-19 1.4342435479955638e-19
11104.208 4.93024417171673e-19 1.4474459294194254e-19
11105.294 4.254878025645699e-19 1.5162298661557304e-19
11106.38 8.254849859657751e-19 1.6566153736775652e-19
11107.466 8.474240607396809e-19 1.7767874510547188e-19
11108.552 3.769717323163023e-19 1.8448830242215533e-19
11109.638 1.58585079606021e-19 1.9510359429535798e-19
11110.724 4.972094537340665e-19 2.8860063699582663e-19
11111.81 3.190316562456669e-19 3.0868168865506414e-19
11112.896 3.2863834914651973e-19 1.9925289034011505e-19
11113.982 4.562820409283618e-19 1.5048007760732764e-19
11115.068 4.749047550484172e-19 1.5078149239980089e-19
11116.154 2.863000749848248e-19 1.517747157471517e-19
11117.24 4.51057505772559e-19 1.4353042410439227e-19
11118.326 2.9049168278914385e-19 1.4348390276174315e-19
11119.412 2.8030352217174756e-19 1.4191754195973204e-19
11120.498 4.444234043975694e-19 1.4926877510724488e-19
11121.584 5.645550221854188e-19 1.812663145548846e-19
11122.67 6.192479623550304e-19 2.079038400737699e-19
11123.756 6.451956170104396e-19 2.1299076501796576e-19
11124.842 4.1128053767564825e-19 2.0472561012461052e-19
11125.928 6.337856788821636e-19 1.7793668464916968e-19
11127.014 4.4104706087301535e-19 1.4753249191132942e-19
11128.1 4.207546068522762e-19 1.45371324289562e-19
11129.186 3.386334702676141e-19 1.501439218122043e-19
11130.271 2.1314364338119767e-19 1.537519034558698e-19
11131.357 2.1788475615508735e-19 1.8853037896886088e-19
11132.443 6.056083564408185e-19 3.196599463437551e-19
11133.529 3.6190291242409855e-19 3.2626379228149475e-19
11134.615 3.4884729369616145e-19 1.7800875093152491e-19
11135.701 5.55844015807263e-19 1.47770601236738e-19
11136.787 1.967087522449224e-20 1.6544345686292086e-19
11137.873 1.574393027234559e-19 2.6910698844414568e-19
11138.959 9.426795695057081e-19 5.228842701362899e-19
11140.045 8.327520827807422e-19 6.045040551945291e-19
11141.131 8.26087806600357e-19 5.190316971834379e-19
11142.217 8.832406674198508e-19 4.864720269801811e-19
11143.303 2.732262487968385e-19 3.4779126738241843e-19
11144.389 4.082596584029238e-19 1.7632200852375516e-19
11145.475 3.876277817460986e-19 1.556850380311985e-19
11146.561 5.124782063938337e-19 1.5860327002846145e-19
11147.647 4.84955821274626e-19 1.5940131878220254e-19
11148.733 4.445489975731299e-19 1.6071947489060292e-19
11149.819 4.715333137832926e-19 1.6957831424892925e-19
11150.905 4.717015768969495e-19 1.8869643779021774e-19
11151.991 4.353015272647031e-19 2.2061456180756465e-19
11153.077 2.319821210577962e-19 3.8509815496488243e-19
11154.163 6.616150617557729e-20 6.248244901610219e-19
11155.249 5.987365090896178e-19 7.315856537346082e-19
11156.335 6.453142494286696e-19 7.167259506458456e-19
11157.421 8.91503876237446e-20 6.574682908033369e-19
11158.507 7.526353644189576e-19 4.64319620814021e-19
11159.593 5.054407769657869e-19 2.233825890749598e-19
11160.679 2.957869144004047e-19 1.792012486697328e-19
11161.765 5.088475723758674e-19 1.9961108188197042e-19
11162.851 2.5686324850728613e-19 2.725399892079667e-19
11163.937 7.458454786474416e-19 3.3941703356655405e-19
11165.023 9.769856454454489e-19 3.7555897823838353e-19
11166.109 7.257751603552746e-19 3.7791942794043167e-19
11167.195 1.668491158873485e-19 3.392886536479656e-19
11168.281 1.3628396356849553e-19 3.047358051522072e-19
11169.367 4.998775543958873e-19 2.8662055504860286e-19
11170.452 9.447511162411613e-20 2.7947022746406174e-19
11171.538 6.281337078233155e-19 2.876888559736156e-19
11172.624 3.499972601172438e-19 2.751241496935091e-19
11173.71 -2.0613971127273508e-19 2.3637733298192003e-19
11174.796 2.0204039479814823e-20 2.0895326945430077e-19
11175.882 6.37216826458824e-19 1.6589169306408488e-19
11176.968 3.691386958397604e-20 1.4932751485070793e-19
11178.054 4.562345104561587e-19 1.5170196576021169e-19
11179.14 2.9718868226817287e-19 1.5975832556109513e-19
11180.226 6.674623227332809e-20 1.6707082897052814e-19
11181.312 2.836013406017244e-19 1.7856972989864652e-19
11182.398 5.579326236993306e-19 2.7965949655108464e-19
11183.484 4.571867057763306e-20 2.9722052668165993e-19
11184.57 4.775912950908756e-20 1.91366416812408e-19
11185.656 3.4365177797695076e-19 1.869285313658836e-19
11186.742 7.377326942475204e-19 2.632243035372081e-19
11187.828 2.856330172085262e-19 2.027995350746293e-19
11188.914 6.547780117038104e-19 2.0679326085945231e-19
11190.0 1.0537422771408617e-18 2.0696138376191842e-19
11191.086 1.135635305464964e-18 1.9076010939238436e-19
11192.172 8.197699005206254e-19 2.068611793624376e-19
11193.258 1.1518401219038648e-18 2.218577008073088e-19
11194.344 4.518598694444441e-19 2.0199624243970397e-19
11195.43 1.0950415144537415e-18 1.812319276091557e-19
11196.516 3.68187103539913e-19 1.819396950087435e-19
11197.602 5.09356301027749e-19 4.431673283771366e-19
11198.688 5.436810717898468e-19 5.189763262020055e-19
11199.774 5.271674857120792e-19 2.8457682785081935e-19
11200.86 -7.828855524643677e-20 2.3133653011121684e-19
11201.946 4.77991167411881e-19 2.050891801888848e-19
11203.032 2.0925241561674485e-19 2.440517546913473e-19
11204.118 9.17953468867224e-19 2.3052304102877247e-19
11205.204 7.40564964955472e-19 1.9047615335617382e-19
11206.29 1.166607695256682e-19 1.982242842235523e-19
11207.376 6.3482454836047e-19 1.9946105189607053e-19
11208.462 7.917801366737201e-19 2.1667212263617515e-19
11209.548 7.526472920386927e-19 2.3379866264465e-19
11210.633 1.2449184079263228e-18 2.6739707473742373e-19
11211.719 8.322527715333202e-19 3.2598276586002845e-19
11212.805 -3.2901186957556746e-20 4.526981725487757e-19
11213.891 4.879767279514111e-20 5.01016933058547e-19
11214.977 -7.372569019440723e-20 4.017600636706059e-19
11216.063 3.747747889553594e-19 3.6776874882465577e-19
11217.149 1.5808368888653657e-18 3.290426056462453e-19
11218.235 1.1279206348006822e-18 2.76216154663284e-19
11219.321 -1.2942133227438243e-20 2.979742913872169e-19
11220.407 -6.168380702109456e-19 2.6407399645297504e-19
11221.493 -2.9960312015754016e-19 2.4070538762423623e-19
11222.579 1.1997598983761433e-18 2.9398535307499853e-19
11223.665 1.5244628265992557e-18 3.509436363760416e-19
11224.751 9.52899328122592e-19 4.330249673358299e-19
11225.837 2.471544401171958e-18 6.579551093317451e-19
11226.923 1.5027670732801238e-18 7.520694933449336e-19
11228.009 1.9922871808691167e-19 6.549146075747568e-19
11229.095 -7.198005480403068e-19 5.094358857902895e-19
11230.181 3.387772801696247e-19 3.5566366613111265e-19
11231.267 3.0510931135600604e-19 2.469670456701534e-19
11232.353 8.200678708526736e-19 2.1128847090610431e-19
11233.439 3.4531245127305356e-19 2.2650213652764553e-19
11234.525 4.020146577261517e-19 2.8097391491494165e-19
11235.611 1.2149752690402534e-19 3.947354168159841e-19
11236.697 4.487873516483461e-19 4.008996561375487e-19
11237.783 -2.9886076309469833e-19 3.1245287204252032e-19
