lambda flux fluxErr
9752.1719 -6.19218e-19 -5.38168e-19
9753.2579 -6.07120e-19 -4.95253e-19
9754.3439 -1.57185e-19 -3.40797e-19
9755.4299 1.46859e-19 3.54745e-19
9756.5158 9.80377e-19 3.70985e-19
9757.6018 5.02584e-19 3.79895e-19
9758.6878 -5.78587e-19 -3.89094e-19
9759.7738 3.53342e-19 3.85422e-19
9760.8597 -4.99302e-19 -4.75543e-19
9761.9457 -2.15798e-18 -5.14496e-19
9763.0317 -4.61747e-19 -3.62936e-19
9764.1176 3.97753e-19 3.42276e-19
9765.2036 3.53704e-19 3.33197e-19
9766.2896 3.57570e-19 3.26413e-19
9767.3756 4.25477e-20 3.22815e-19
9768.4615 -8.71936e-20 -3.15917e-19
9769.5475 2.12016e-20 3.09058e-19
9770.6335 4.20174e-20 3.46472e-19
9771.7195 1.68817e-19 3.47728e-19
9772.8054 1.94813e-19 3.41589e-19
9773.8914 2.13256e-19 3.93248e-19
9774.9774 7.33416e-19 5.26952e-19
9776.0633 2.96355e-19 4.32822e-19
9777.1493 7.41185e-19 3.13600e-19
9778.2353 1.07082e-18 3.15499e-19
9779.3213 7.40853e-19 3.14044e-19
9780.4072 2.39873e-20 3.04352e-19
9781.4932 -3.40606e-20 -3.14091e-19
9782.5792 1.12452e-19 3.18253e-19
9783.6652 -1.23695e-20 -3.02651e-19
9784.7511 4.32081e-19 4.40531e-19
9785.8371 -9.51997e-20 -4.45054e-19
9786.9231 2.81278e-19 3.00690e-19
9788.0090 3.88851e-19 3.04437e-19
9789.0950 1.00247e-18 3.70417e-19
9790.1810 6.66191e-19 5.64606e-19
9791.2670 2.35814e-19 1.00236e-18
9792.3529 3.03063e-18 1.44942e-18
9793.4389 2.62238e-18 1.57525e-18
9794.5249 1.20917e-18 1.52597e-18
9795.6109 5.88678e-19 1.23476e-18
9796.6968 -2.43601e-20 -6.65015e-19
9797.7828 9.67943e-19 5.68294e-19
9798.8688 1.18720e-18 6.08330e-19
9799.9548 -4.48773e-20 -6.15707e-19
9801.0407 -5.31994e-19 -8.18600e-19
9802.1267 3.56154e-21 8.62416e-19
9803.2127 4.90947e-19 8.54558e-19
9804.2986 1.09645e-18 7.35546e-19
9805.3846 1.08333e-18 4.40223e-19
9806.4706 3.27213e-19 3.02593e-19
9807.5566 -4.45462e-19 -3.41430e-19
9808.6425 5.76214e-19 4.19668e-19
9809.7285 1.12095e-18 4.60312e-19
9810.8145 8.15209e-19 4.61651e-19
9811.9005 1.06123e-18 4.78529e-19
9812.9864 3.35792e-20 5.27949e-19
9814.0724 -4.30956e-19 -5.46857e-19
9815.1584 8.14213e-20 7.14849e-19
9816.2443 7.71935e-19 6.62465e-19
9817.3303 6.81634e-19 4.31156e-19
9818.4163 5.00483e-19 4.50612e-19
9819.5023 1.24331e-18 4.87952e-19
9820.5882 5.70883e-19 4.53760e-19
9821.6742 9.87233e-20 4.14217e-19
9822.7602 4.05816e-19 3.53449e-19
9823.8462 3.14915e-20 3.00679e-19
9824.9321 7.64464e-19 2.99403e-19
9826.0181 3.00791e-19 3.01282e-19
9827.1041 1.28776e-19 3.08134e-19
9828.1900 3.72775e-19 3.45259e-19
9829.2760 8.30505e-19 3.70758e-19
9830.3620 4.68765e-19 3.89738e-19
9831.4480 -2.19206e-19 -3.84657e-19
9832.5339 6.22501e-19 3.60849e-19
9833.6199 4.58578e-19 3.33587e-19
9834.7059 1.63563e-19 3.05443e-19
9835.7919 3.43567e-19 2.97612e-19
9836.8778 1.29890e-19 2.96414e-19
9837.9638 5.28477e-19 2.93508e-19
9839.0498 6.72400e-19 2.89668e-19
9840.1357 4.70182e-19 2.85526e-19
9841.2217 2.46382e-19 2.74774e-19
9842.3077 5.24243e-19 2.72652e-19
9843.3937 7.54712e-19 2.75768e-19
9844.4796 7.97754e-19 2.73844e-19
9845.5656 7.48265e-20 3.72796e-19
9846.6516 -2.22551e-19 -4.22167e-19
9847.7376 -1.13743e-20 -3.44712e-19
9848.8235 -8.86616e-20 -5.54573e-19
9849.9095 7.98406e-19 7.51980e-19
9850.9955 -9.26806e-19 -7.79872e-19
9852.0814 -1.20213e-18 -7.65008e-19
9853.1674 1.02827e-19 6.18351e-19
9854.2534 5.75809e-19 3.46068e-19
9855.3394 2.02793e-19 2.74302e-19
9856.4253 3.43372e-19 2.70540e-19
9857.5113 4.44230e-19 2.63854e-19
9858.5973 6.09183e-21 2.69055e-19
9859.6833 7.09575e-19 2.76012e-19
9860.7692 9.75204e-19 2.76011e-19
9861.8552 4.16883e-19 2.57572e-19
9862.9412 -2.66771e-19 -3.45123e-19
9864.0271 9.83506e-20 3.51587e-19
9865.1131 5.92602e-19 2.67153e-19
9866.1991 1.16015e-18 2.74864e-19
9867.2851 8.77627e-19 2.68653e-19
9868.3710 7.75893e-19 2.67854e-19
9869.4570 1.27272e-18 2.85849e-19
9870.5430 1.13270e-18 3.00953e-19
9871.6290 4.57634e-19 4.27958e-19
9872.7149 1.37392e-18 9.08635e-19
9873.8009 8.21997e-19 1.24958e-18
9874.8869 7.98985e-20 1.27681e-18
9875.9729 8.76480e-19 1.23975e-18
9877.0588 1.78698e-18 1.20196e-18
9878.1448 5.26866e-19 6.77674e-19
9879.2308 8.06892e-19 4.06872e-19
9880.3167 4.92188e-19 2.71485e-19
9881.4027 1.00875e-19 2.67907e-19
9882.4887 -3.89910e-20 -2.65499e-19
9883.5747 4.26638e-19 2.74706e-19
9884.6606 6.76259e-19 2.90304e-19
9885.7466 1.13318e-20 3.03620e-19
9886.8326 6.47859e-19 3.52058e-19
9887.9186 5.09774e-19 3.82178e-19
9889.0045 6.73406e-19 3.70449e-19
9890.0905 4.08747e-19 3.51726e-19
9891.1765 1.52611e-19 3.05974e-19
9892.2624 4.67193e-19 2.60865e-19
9893.3484 4.68103e-19 2.58394e-19
9894.4344 4.53114e-19 3.59103e-19
9895.5204 1.97332e-18 9.09807e-19
9896.6063 4.24337e-19 1.14226e-18
9897.6923 2.22870e-18 9.93494e-19
9898.7783 1.97183e-18 9.36209e-19
9899.8643 1.21436e-18 5.68070e-19
9900.9502 6.81710e-19 3.24592e-19
9902.0362 6.58138e-19 2.90564e-19
9903.1222 6.40018e-19 2.88024e-19
9904.2081 3.22453e-19 2.83085e-19
9905.2941 1.18818e-18 3.58495e-19
9906.3801 6.74454e-19 3.28887e-19
9907.4661 5.30906e-20 3.20333e-19
9908.5520 6.03740e-20 2.42450e-19
9909.6380 4.02034e-19 2.44994e-19
9910.7240 3.91748e-19 2.49018e-19
9911.8100 -2.82562e-19 -2.50180e-19
9912.8959 5.37562e-19 2.63498e-19
9913.9819 4.16213e-19 3.69828e-19
9915.0679 1.07927e-18 8.10088e-19
9916.1538 -1.28023e-19 -1.20405e-18
9917.2398 2.22493e-18 1.26506e-18
9918.3258 4.75943e-19 1.21932e-18
9919.4118 -3.91254e-19 -9.48771e-19
9920.4977 -1.91381e-19 -4.13315e-19
9921.5837 2.71775e-19 2.70487e-19
9922.6697 3.62230e-19 2.66241e-19
9923.7557 -2.69141e-19 -2.52506e-19
9924.8416 5.99301e-19 2.46093e-19
9925.9276 1.41079e-19 2.42377e-19
9927.0136 -1.34697e-19 -2.38767e-19
9928.0995 4.93569e-19 2.55014e-19
9929.1855 8.30678e-20 2.69017e-19
9930.2715 5.42581e-19 2.40255e-19
9931.3575 3.35047e-19 2.42939e-19
9932.4434 2.78856e-19 2.38245e-19
9933.5294 -2.70255e-20 -2.39013e-19
9934.6154 4.42469e-19 2.42157e-19
9935.7014 1.03136e-18 2.55318e-19
9936.7873 1.43856e-19 2.49516e-19
9937.8733 -2.36666e-19 -2.52738e-19
9938.9593 1.89917e-19 2.54379e-19
9940.0452 2.59759e-19 3.77780e-19
9941.1312 4.28704e-20 4.76472e-19
9942.2172 -4.10009e-20 -6.63285e-19
9943.3032 -1.98944e-19 -9.77459e-19
9944.3891 5.72831e-19 1.03297e-18
9945.4751 1.47614e-18 1.09612e-18
9946.5611 5.44575e-19 2.00821e-18
9947.6471 -1.86936e-18 -2.28098e-18
9948.7330 -2.75019e-18 -1.38913e-18
9949.8190 -2.67246e-18 -1.41131e-18
9950.9050 -2.34105e-18 -1.22930e-18
9951.9910 -1.64016e-19 -8.53298e-19
9953.0769 9.55564e-19 5.75863e-19
9954.1629 5.59406e-19 3.91919e-19
9955.2489 2.86481e-19 2.90239e-19
9956.3348 6.82345e-20 4.45000e-19
9957.4208 -2.73932e-19 -9.44811e-19
9958.5068 5.22094e-19 1.15953e-18
9959.5928 6.36002e-19 1.17307e-18
9960.6787 -1.61318e-18 -1.13242e-18
9961.7647 1.92680e-18 1.13289e-18
9962.8507 -1.27373e-19 -1.56579e-18
9963.9367 -1.34099e-18 -1.45677e-18
9965.0226 -1.47632e-19 -1.01333e-18
9966.1086 -6.79747e-19 -9.03353e-19
9967.1946 5.79366e-19 5.56690e-19
9968.2805 1.95089e-19 2.70828e-19
9969.3665 2.11284e-19 2.35981e-19
9970.4525 6.44538e-19 2.42701e-19
9971.5385 2.06006e-19 2.87969e-19
9972.6244 6.59358e-19 4.47869e-19
9973.7104 2.60413e-19 6.32213e-19
9974.7964 6.37998e-19 6.64174e-19
9975.8824 7.26612e-19 6.55320e-19
9976.9683 4.55595e-19 5.51905e-19
9978.0543 7.09006e-19 3.62188e-19
9979.1403 8.47574e-19 5.04815e-19
9980.2262 4.24126e-19 5.37768e-19
9981.3122 2.36230e-19 4.01281e-19
9982.3982 -6.16897e-20 -3.87851e-19
9983.4842 4.74442e-19 3.32745e-19
9984.5701 9.88951e-19 3.66338e-19
9985.6561 9.74619e-19 3.20649e-19
9986.7421 4.07296e-19 2.28143e-19
9987.8281 5.81527e-19 2.31738e-19
9988.9140 5.38418e-19 2.29420e-19
9990.0000 1.26220e-19 2.22866e-19
9991.0860 7.84350e-19 2.27904e-19
9992.1719 4.88748e-19 2.39906e-19
9993.2579 5.72504e-19 3.22090e-19
9994.3439 2.31654e-19 3.02664e-19
9995.4299 7.23204e-19 2.92859e-19
9996.5158 5.24063e-19 2.18791e-19
9997.6018 6.05050e-19 2.21501e-19
9998.6878 6.27359e-19 2.27866e-19
9999.7738 6.32384e-19 2.68182e-19
10000.8600 4.27735e-20 4.24639e-19
10001.9460 2.36917e-19 5.83044e-19
10003.0320 2.12589e-19 6.00591e-19
10004.1180 6.25899e-19 5.22720e-19
10005.2040 2.55675e-19 3.89792e-19
10006.2900 9.69944e-19 2.79192e-19
10007.3760 1.29616e-19 2.40233e-19
10008.4620 4.27889e-19 2.25674e-19
10009.5480 -2.15147e-19 -3.18238e-19
10010.6330 1.16781e-19 3.58971e-19
10011.7190 7.27858e-19 4.03839e-19
10012.8050 2.63160e-19 7.70944e-19
10013.8910 1.10290e-18 1.33794e-18
10014.9770 4.87264e-19 1.55880e-18
10016.0630 3.06172e-18 1.59577e-18
10017.1490 1.16644e-18 1.40983e-18
10018.2350 1.16642e-18 8.80452e-19
10019.3210 2.91752e-19 4.41845e-19
10020.4070 2.39871e-19 3.28630e-19
10021.4930 6.78250e-19 3.45180e-19
10022.5790 4.47746e-19 3.26525e-19
10023.6650 8.89892e-19 3.48806e-19
10024.7510 1.15426e-18 3.82028e-19
10025.8370 1.65103e-18 6.14685e-19
10026.9230 2.46058e-18 1.13890e-18
10028.0090 7.29197e-19 1.18831e-18
10029.0950 -1.15148e-18 -8.64785e-19
10030.1810 1.13603e-18 6.95003e-19
10031.2670 7.42913e-19 3.32248e-19
10032.3530 4.52467e-19 2.36897e-19
10033.4390 6.95483e-19 2.42604e-19
10034.5250 5.40277e-19 2.46911e-19
10035.6110 1.99896e-19 2.35930e-19
10036.6970 4.29445e-19 2.40114e-19
10037.7830 2.46620e-19 2.48591e-19
10038.8690 -1.48815e-19 -2.67665e-19
10039.9550 3.21618e-19 2.74856e-19
10041.0410 4.42099e-19 2.67431e-19
10042.1270 7.43764e-19 3.44978e-19
10043.2130 2.12054e-19 3.65536e-19
10044.2990 6.65528e-19 4.53498e-19
10045.3850 8.18898e-19 5.56347e-19
10046.4710 1.18898e-18 5.71098e-19
10047.5570 9.18811e-19 5.47157e-19
10048.6430 7.47846e-19 3.88984e-19
10049.7290 7.19164e-19 2.32899e-19
10050.8140 1.48850e-19 2.01767e-19
10051.9000 2.89543e-19 2.09783e-19
10052.9860 7.44541e-19 2.15163e-19
10054.0720 6.76332e-19 2.20112e-19
10055.1580 4.88083e-20 2.12539e-19
10056.2440 2.44092e-19 2.10891e-19
10057.3300 1.83509e-19 2.02708e-19
10058.4160 3.46286e-19 2.38086e-19
10059.5020 2.34452e-19 3.11816e-19
10060.5880 2.24998e-19 4.12259e-19
10061.6740 -9.05476e-19 -6.65070e-19
10062.7600 -1.42576e-19 -7.56672e-19
10063.8460 6.09024e-21 7.64218e-19
10064.9320 4.77289e-19 6.91325e-19
10066.0180 6.60860e-19 4.28849e-19
10067.1040 6.58590e-19 3.59028e-19
10068.1900 6.09004e-19 4.08587e-19
10069.2760 8.83186e-19 3.92517e-19
10070.3620 7.15470e-19 5.85743e-19
10071.4480 -1.35756e-18 -8.66455e-19
10072.5340 -2.61697e-19 -6.59361e-19
10073.6200 3.96437e-19 4.96563e-19
10074.7060 9.83943e-19 4.71159e-19
10075.7920 -4.28273e-19 -5.13291e-19
10076.8780 -2.53872e-19 -3.29941e-19
10077.9640 1.86207e-19 2.19713e-19
10079.0500 1.41914e-19 2.21569e-19
10080.1360 2.45446e-19 2.30453e-19
10081.2220 8.14016e-19 4.27403e-19
10082.3080 1.13891e-18 7.72830e-19
10083.3940 8.74269e-19 1.08647e-18
10084.4800 8.20045e-20 1.28613e-18
10085.5660 7.12444e-19 1.15871e-18
10086.6520 9.14382e-19 1.08248e-18
10087.7380 3.83232e-19 6.35461e-19
10088.8240 2.76531e-19 2.67835e-19
10089.9100 4.73950e-19 2.17551e-19
10090.9950 -3.74824e-20 -2.21433e-19
10092.0810 4.57943e-19 2.30170e-19
10093.1670 2.00361e-19 2.17580e-19
10094.2530 1.78564e-19 2.13519e-19
10095.3390 5.85796e-19 2.13545e-19
10096.4250 7.93447e-19 2.31387e-19
10097.5110 2.47364e-19 2.50321e-19
10098.5970 2.09321e-20 2.69472e-19
10099.6830 -2.51264e-19 -2.86145e-19
10100.7690 2.25469e-19 2.82897e-19
10101.8550 1.32363e-19 2.68005e-19
10102.9410 3.84941e-19 2.74220e-19
10104.0270 -7.75895e-19 -5.12855e-19
10105.1130 -5.85450e-19 -7.51115e-19
10106.1990 9.27556e-19 7.77953e-19
10107.2850 1.02624e-18 7.71171e-19
10108.3710 1.58008e-18 8.56283e-19
10109.4570 4.22232e-19 4.05417e-19
10110.5430 -7.94563e-20 -2.09960e-19
10111.6290 2.60980e-20 2.13246e-19
10112.7150 -5.63042e-20 -2.09672e-19
10113.8010 4.15578e-19 2.09817e-19
10114.8870 7.13793e-19 2.12011e-19
10115.9730 4.44923e-19 2.28612e-19
10117.0590 5.15859e-19 2.24619e-19
10118.1450 1.41742e-19 6.15711e-19
10119.2310 6.31237e-19 3.45999e-19
10120.3170 6.80788e-19 2.09718e-19
10121.4030 4.78003e-19 2.08299e-19
10122.4890 9.06793e-19 3.28129e-19
10123.5750 7.42478e-19 5.56302e-19
10124.6610 1.33175e-19 9.24481e-19
10125.7470 -1.43700e-18 -1.24203e-18
10126.8330 4.25367e-19 1.27217e-18
10127.9190 1.58347e-18 1.21797e-18
10129.0050 5.88657e-19 8.43059e-19
10130.0900 3.69197e-19 4.29635e-19
10131.1760 9.47335e-19 4.03234e-19
10132.2620 9.19005e-19 4.20723e-19
10133.3480 7.39219e-19 2.71227e-19
10134.4340 6.33156e-19 3.05844e-19
10135.5200 5.85719e-20 3.07760e-19
10136.6060 4.96945e-19 2.99262e-19
10137.6920 1.60779e-19 2.60836e-19
10138.7780 6.96135e-19 2.28220e-19
10139.8640 1.73857e-19 2.19414e-19
10140.9500 8.06931e-19 2.25089e-19
10142.0360 5.98471e-19 2.13877e-19
10143.1220 1.45107e-20 2.22322e-19
10144.2080 2.50569e-19 2.76829e-19
10145.2940 2.30871e-19 3.41414e-19
10146.3800 3.60691e-19 3.65576e-19
10147.4660 3.26641e-19 3.89755e-19
10148.5520 6.72947e-19 3.75452e-19
10149.6380 1.55886e-19 3.70587e-19
10150.7240 7.70245e-19 4.02521e-19
10151.8100 3.53776e-19 3.71610e-19
10152.8960 1.92416e-19 4.47325e-19
10153.9820 -1.04562e-18 -6.99294e-19
10155.0680 -2.23923e-18 -8.77283e-19
10156.1540 1.85627e-18 8.86443e-19
10157.2400 1.42546e-18 9.87841e-19
10158.3260 5.18968e-19 6.30267e-19
10159.4120 -3.81229e-19 -6.04430e-19
10160.4980 6.67007e-20 4.88150e-19
10161.5840 1.01425e-18 4.92924e-19
10162.6700 5.44796e-19 4.76594e-19
10163.7560 7.97771e-19 3.51858e-19
10164.8420 2.87113e-19 3.22193e-19
10165.9280 7.00182e-19 3.95333e-19
10167.0140 1.37696e-19 3.95437e-19
10168.1000 -1.19262e-19 -4.02605e-19
10169.1860 8.85517e-20 3.81464e-19
10170.2710 5.81210e-20 3.17588e-19
10171.3570 9.02475e-20 4.45878e-19
10172.4430 -7.21865e-19 -9.44910e-19
10173.5290 7.57046e-19 1.27265e-18
10174.6150 1.79269e-18 1.31475e-18
10175.7010 -8.19231e-19 -1.25745e-18
10176.7870 -3.67217e-19 -9.05990e-19
10177.8730 1.95764e-19 3.50270e-19
10178.9590 2.60633e-19 2.41355e-19
10180.0450 6.78533e-20 2.35398e-19
10181.1310 -1.20897e-19 -3.87759e-19
10182.2170 2.43921e-19 6.04959e-19
10183.3030 1.19986e-18 5.25075e-19
10184.3890 5.56083e-19 5.24254e-19
10185.4750 7.18094e-19 4.97956e-19
10186.5610 4.95319e-19 3.40724e-19
10187.6470 4.94166e-19 3.15394e-19
10188.7330 5.52372e-19 3.23089e-19
10189.8190 5.89047e-19 5.46205e-19
10190.9050 2.17120e-18 8.55244e-19
10191.9910 1.03190e-18 9.49100e-19
10193.0770 7.43853e-19 9.51856e-19
10194.1630 -6.04018e-19 -8.54995e-19
10195.2490 -1.65135e-19 -4.47001e-19
10196.3350 1.83507e-19 2.60750e-19
10197.4210 2.34383e-19 2.54397e-19
10198.5070 8.71045e-19 2.60154e-19
10199.5930 5.42557e-19 2.52251e-19
10200.6790 3.65196e-19 2.48407e-19
10201.7650 3.00169e-19 2.49852e-19
10202.8510 7.39743e-19 3.09672e-19
10203.9370 -6.74387e-19 -5.36002e-19
10205.0230 3.80808e-19 8.49817e-19
10206.1090 4.37741e-19 8.63696e-19
10207.1950 1.26054e-18 6.20065e-19
10208.2810 1.05814e-18 4.36519e-19
10209.3670 2.22870e-19 4.73973e-19
10210.4520 -2.07554e-19 -6.52747e-19
10211.5380 1.31971e-18 9.01520e-19
10212.6240 4.23446e-19 1.14702e-18
10213.7100 5.06162e-19 1.11012e-18
10214.7960 -2.76403e-20 -1.02024e-18
10215.8820 -1.60039e-19 -7.86281e-19
10216.9680 8.58891e-19 3.19592e-19
10218.0540 1.36368e-19 2.03495e-19
10219.1400 3.19424e-19 1.97413e-19
10220.2260 3.96005e-19 2.04103e-19
10221.3120 4.48103e-19 2.28887e-19
10222.3980 -2.53175e-20 -2.48385e-19
10223.4840 4.66293e-19 2.50405e-19
10224.5700 5.55776e-19 2.52808e-19
10225.6560 9.59385e-19 3.87598e-19
10226.7420 1.22382e-18 7.36827e-19
10227.8280 1.46173e-18 8.75036e-19
10228.9140 -5.90992e-19 -8.82262e-19
10230.0000 3.61068e-19 8.15150e-19
10231.0860 6.98666e-19 6.17660e-19
10232.1720 4.25328e-19 7.46406e-19
10233.2580 1.89849e-19 7.65358e-19
10234.3440 5.27601e-19 6.55403e-19
10235.4300 7.46210e-19 5.38656e-19
10236.5160 3.62442e-19 2.84968e-19
10237.6020 2.07000e-19 2.39006e-19
10238.6880 3.03587e-19 2.23177e-19
10239.7740 1.99327e-19 1.98368e-19
10240.8600 1.72950e-19 1.91679e-19
10241.9460 1.76292e-19 1.92280e-19
10243.0320 4.59512e-19 1.99304e-19
10244.1180 6.56984e-19 3.51507e-19
10245.2040 5.68397e-19 3.76975e-19
10246.2900 -1.79514e-19 -3.72338e-19
10247.3760 1.49106e-19 1.93802e-19
10248.4620 1.19684e-19 1.88622e-19
10249.5480 3.65677e-19 1.87261e-19
10250.6330 4.59979e-19 1.83905e-19
10251.7190 1.94809e-19 1.83693e-19
10252.8050 1.84082e-19 2.17107e-19
10253.8910 3.93759e-19 2.23872e-19
10254.9770 2.15397e-19 1.92049e-19
10256.0630 4.97247e-19 2.00131e-19
10257.1490 1.11935e-19 2.13080e-19
10258.2350 3.63452e-20 2.23922e-19
10259.3210 5.79268e-19 2.30381e-19
10260.4070 4.49726e-19 2.26492e-19
10261.4930 3.68800e-19 2.07208e-19
10262.5790 5.14091e-19 2.06220e-19
10263.6650 3.68762e-19 2.12743e-19
10264.7510 3.14165e-19 2.13095e-19
10265.8370 2.78589e-19 2.19932e-19
10266.9230 4.40958e-19 2.42682e-19
10268.0090 6.21525e-19 2.56391e-19
10269.0950 1.85444e-19 2.56667e-19
10270.1810 5.63498e-20 3.56944e-19
10271.2670 -1.17347e-18 -6.28764e-19
10272.3530 3.59196e-19 9.94303e-19
10273.4390 -1.53639e-19 -8.09649e-19
10274.5250 7.96689e-19 7.34409e-19
10275.6110 1.33346e-18 6.54333e-19
10276.6970 1.02347e-18 7.57669e-19
10277.7830 8.41672e-21 6.15151e-19
10278.8690 2.98690e-19 5.91521e-19
10279.9550 9.33482e-20 2.22329e-19
10281.0410 2.17963e-19 2.27451e-19
10282.1270 3.71738e-19 2.18280e-19
10283.2130 3.45080e-19 2.19220e-19
10284.2990 5.75046e-19 2.59081e-19
10285.3850 7.29793e-19 4.53896e-19
10286.4710 1.86252e-18 8.59783e-19
10287.5570 2.00827e-18 1.54575e-18
10288.6430 1.04335e-18 1.84683e-18
10289.7290 1.24121e-18 1.81774e-18
10290.8140 1.27158e-18 1.63927e-18
10291.9000 9.78319e-19 1.00744e-18
10292.9860 -1.66726e-19 -3.37153e-19
10294.0720 5.40277e-19 3.57858e-19
10295.1580 5.20412e-19 3.91083e-19
10296.2440 1.19798e-18 6.22186e-19
10297.3300 1.83677e-18 9.50886e-19
10298.4160 6.35877e-19 9.96007e-19
10299.5020 -1.39179e-18 -9.83426e-19
10300.5880 -1.00516e-18 -8.39836e-19
10301.6740 4.24524e-19 4.19658e-19
10302.7600 -2.62887e-19 -2.31500e-19
10303.8460 4.73380e-19 2.43985e-19
10304.9320 7.08694e-19 2.61049e-19
10306.0180 5.14539e-19 2.79282e-19
10307.1040 8.00604e-19 2.95961e-19
10308.1900 4.62565e-19 2.87453e-19
10309.2760 3.72933e-19 3.33168e-19
10310.3620 1.25489e-18 4.87739e-19
10311.4480 9.17033e-20 5.90959e-19
10312.5340 -2.12472e-20 -6.10129e-19
10313.6200 -3.28346e-19 -5.46612e-19
10314.7060 -3.85779e-20 -3.84578e-19
10315.7920 8.04054e-20 2.25526e-19
10316.8780 4.15538e-19 2.06584e-19
10317.9640 6.06033e-19 2.15040e-19
10319.0500 8.83008e-19 2.17821e-19
10320.1360 2.20992e-19 2.02372e-19
10321.2220 3.30759e-19 1.95860e-19
10322.3080 6.38260e-19 2.79820e-19
10323.3940 6.72578e-19 3.06786e-19
10324.4800 5.69116e-19 2.43340e-19
10325.5660 3.87653e-19 2.51938e-19
10326.6520 5.55032e-20 3.58815e-19
10327.7380 4.49237e-19 4.16739e-19
10328.8240 4.73195e-19 3.52601e-19
10329.9100 -4.44951e-20 -3.66305e-19
10330.9950 6.13454e-20 3.41649e-19
10332.0810 6.63085e-19 2.96861e-19
10333.1670 3.56979e-19 2.43322e-19
10334.2530 7.75523e-19 2.10334e-19
10335.3390 5.80698e-19 2.04365e-19
10336.4250 2.72774e-19 2.04425e-19
10337.5110 5.41819e-19 2.08181e-19
10338.5970 7.98602e-19 2.12944e-19
10339.6830 3.77792e-19 2.28115e-19
10340.7690 2.51349e-19 3.26962e-19
10341.8550 5.03196e-19 4.08097e-19
10342.9410 8.56665e-20 4.16933e-19
10344.0270 2.01837e-20 4.05058e-19
10345.1130 -1.24445e-19 -3.26693e-19
10346.1990 5.08499e-19 2.55239e-19
10347.2850 3.56743e-19 4.17009e-19
10348.3710 3.37959e-19 7.12269e-19
10349.4570 4.34224e-19 8.34335e-19
10350.5430 5.70227e-19 8.38809e-19
10351.6290 7.09126e-19 7.50534e-19
10352.7150 -3.06273e-21 -4.66882e-19
10353.8010 5.89252e-19 3.08989e-19
10354.8870 9.54200e-19 4.19423e-19
10355.9730 1.17829e-18 4.92075e-19
10357.0590 5.19868e-19 4.93073e-19
10358.1450 2.81497e-19 4.49560e-19
10359.2310 2.44021e-19 3.32900e-19
10360.3170 2.38332e-19 2.19518e-19
10361.4030 2.51977e-19 2.01023e-19
10362.4890 2.87704e-19 2.25997e-19
10363.5750 1.15348e-18 2.76916e-19
10364.6610 8.79506e-19 2.68231e-19
10365.7470 2.33573e-19 2.00510e-19
10366.8330 4.16761e-19 2.01616e-19
10367.9190 2.42604e-19 1.99947e-19
10369.0050 3.45248e-19 2.02727e-19
10370.0900 3.48116e-19 2.09115e-19
10371.1760 5.95723e-20 2.20001e-19
10372.2620 1.76985e-19 3.36746e-19
10373.3480 7.69800e-20 9.04587e-19
10374.4340 1.19096e-18 1.33322e-18
10375.5200 7.13140e-19 1.40717e-18
10376.6060 -4.91305e-19 -1.38058e-18
10377.6920 8.30215e-19 1.87664e-18
10378.7780 2.88457e-19 7.78935e-19
10379.8640 -7.22340e-20 -4.51188e-19
10380.9500 4.76209e-19 2.24707e-19
10382.0360 4.08409e-19 2.08443e-19
10383.1220 -1.72215e-21 -2.05756e-19
10384.2080 3.81874e-19 2.76444e-19
10385.2940 5.70443e-19 2.76266e-19
10386.3800 2.96174e-19 2.01408e-19
10387.4660 -1.55589e-19 -2.00571e-19
10388.5520 -2.32281e-19 -2.02550e-19
10389.6380 -3.96992e-19 -3.79029e-19
10390.7240 5.98570e-19 3.94858e-19
10391.8100 1.56167e-19 2.17271e-19
10392.8960 3.64867e-19 2.20402e-19
10393.9820 3.13947e-19 2.30342e-19
10395.0680 5.14879e-19 2.35507e-19
10396.1540 5.14327e-19 3.22564e-19
10397.2400 1.57367e-18 8.90953e-19
10398.3260 1.14831e-18 1.20223e-18
10399.4120 5.99880e-19 9.36991e-19
10400.4980 4.27745e-19 8.91862e-19
10401.5840 1.79538e-19 6.13598e-19
10402.6700 5.79673e-19 2.80669e-19
10403.7560 2.96385e-19 2.12027e-19
10404.8420 3.99772e-20 2.15476e-19
10405.9280 1.74054e-19 2.20759e-19
10407.0140 2.41248e-20 2.41200e-19
10408.1000 4.02861e-19 2.96554e-19
10409.1860 1.07039e-19 3.02184e-19
10410.2710 5.19411e-19 2.46353e-19
10411.3570 3.06575e-19 2.54920e-19
10412.4430 4.57629e-19 2.56930e-19
10413.5290 4.58652e-19 2.37407e-19
10414.6150 1.61784e-19 2.15841e-19
10415.7010 4.13489e-19 2.94493e-19
10416.7870 1.10480e-18 5.04047e-19
10417.8730 -1.27002e-19 -9.09004e-19
10418.9590 -1.75280e-18 -3.80431e-18
10420.0450 1.19078e-18 2.31445e-18
10421.1310 -3.05129e-19 -1.63698e-18
10422.2170 2.17365e-19 1.39375e-18
10423.3030 9.29827e-19 1.04091e-18
10424.3890 2.33147e-19 4.76075e-19
10425.4750 1.70819e-19 3.05378e-19
10426.5610 3.06476e-19 2.95537e-19
10427.6470 2.49246e-19 2.69720e-19
10428.7330 3.66504e-19 2.82178e-19
10429.8190 4.61158e-19 3.32498e-19
10430.9050 3.49941e-19 3.66018e-19
10431.9910 3.79514e-19 3.69410e-19
10433.0770 3.36883e-19 3.28595e-19
10434.1630 7.02262e-19 2.58935e-19
10435.2490 7.33625e-19 2.16020e-19
10436.3350 3.85736e-19 1.99274e-19
10437.4210 4.45491e-19 1.91997e-19
10438.5070 9.51041e-19 1.97773e-19
10439.5930 1.33621e-19 1.90511e-19
10440.6790 5.91215e-19 1.98527e-19
10441.7650 4.77716e-19 2.65996e-19
10442.8510 -2.38371e-19 -4.79680e-19
10443.9370 5.94179e-19 4.87079e-19
10445.0230 3.08506e-19 1.95124e-19
10446.1090 -9.96625e-20 -1.95024e-19
10447.1950 3.69021e-19 2.88980e-19
10448.2810 1.15534e-19 3.01689e-19
10449.3670 5.32906e-19 2.26088e-19
10450.4520 3.12527e-19 3.76554e-19
10451.5380 5.09497e-19 6.97356e-19
10452.6240 6.62866e-19 7.87445e-19
10453.7100 4.04264e-19 7.89160e-19
10454.7960 -8.54828e-21 -7.38077e-19
10455.8820 -9.87256e-20 -4.40042e-19
10456.9680 8.01040e-20 2.17839e-19
10458.0540 5.03052e-19 2.54335e-19
10459.1400 4.90613e-19 2.80562e-19
10460.2260 9.65034e-20 2.25461e-19
10461.3120 2.74851e-19 1.83731e-19
10462.3980 5.98310e-19 1.88747e-19
10463.4840 7.78589e-19 1.94136e-19
10464.5700 6.39917e-19 1.94777e-19
10465.6560 3.53656e-19 1.95610e-19
10466.7420 3.91832e-19 2.57293e-19
10467.8280 4.24678e-20 3.56713e-19
10468.9140 2.25761e-19 5.77898e-19
10470.0000 6.21460e-19 1.02214e-18
10471.0860 1.37357e-18 1.18886e-18
10472.1720 1.79010e-18 1.18823e-18
10473.2580 -7.98699e-19 -1.10962e-18
10474.3440 -6.85409e-19 -6.39588e-19
10475.4300 4.78384e-19 2.62960e-19
10476.5160 7.19542e-19 2.37655e-19
10477.6020 6.18668e-19 2.24668e-19
10478.6880 6.31932e-19 2.63150e-19
10479.7740 1.08364e-18 3.59737e-19
10480.8600 6.48079e-19 2.72454e-19
10481.9460 5.48924e-19 2.60930e-19
10483.0320 5.86103e-19 1.99831e-19
10484.1180 6.83755e-19 2.67375e-19
10485.2040 3.79769e-19 2.58506e-19
10486.2900 1.11226e-19 2.51459e-19
10487.3760 -1.02100e-19 -2.97829e-19
10488.4620 1.04190e-18 2.80058e-19
10489.5480 3.15020e-19 2.82797e-19
10490.6330 4.96656e-19 2.81682e-19
10491.7190 8.42273e-19 2.94057e-19
10492.8050 8.50060e-20 2.38227e-19
10493.8910 8.93384e-21 1.99101e-19
10494.9770 1.61609e-19 1.93456e-19
10496.0630 7.34708e-20 2.02251e-19
10497.1490 2.35509e-19 2.04133e-19
10498.2350 6.17883e-19 2.04731e-19
10499.3210 4.17921e-19 2.33387e-19
10500.4070 7.75967e-19 2.59296e-19
10501.4930 7.30396e-19 2.63372e-19
10502.5790 6.26392e-19 2.57865e-19
10503.6650 3.97234e-20 2.26187e-19
10504.7510 6.25649e-19 2.21734e-19
10505.8370 6.72394e-19 2.35426e-19
10506.9230 4.79202e-19 2.36484e-19
10508.0090 2.81637e-19 2.30594e-19
10509.0950 3.27102e-20 3.03697e-19
10510.1810 -1.10665e-19 -5.59970e-19
10511.2670 -3.68600e-19 -6.65906e-19
10512.3530 3.17914e-19 6.80548e-19
10513.4390 2.84652e-19 6.23122e-19
10514.5250 -6.26437e-20 -4.12164e-19
10515.6110 1.52004e-19 3.14725e-19
10516.6970 -6.58391e-20 -2.92596e-19
10517.7830 1.49948e-19 2.83342e-19
10518.8690 2.52582e-19 2.79335e-19
10519.9550 3.14757e-19 2.49987e-19
10521.0410 6.83796e-20 2.17685e-19
10522.1270 8.23303e-20 2.07359e-19
10523.2130 4.59537e-19 2.08180e-19
10524.2990 -1.53927e-20 -3.92221e-19
10525.3850 -9.04285e-19 -8.87438e-19
10526.4710 1.07658e-19 8.42542e-19
10527.5570 -1.91099e-19 -8.75940e-19
10528.6430 1.21186e-18 8.55646e-19
10529.7290 7.95317e-20 6.15341e-19
10530.8140 3.22519e-19 2.90884e-19
10531.9000 7.99842e-19 2.01480e-19
10532.9860 3.56443e-19 1.91014e-19
10534.0720 2.60959e-19 2.47929e-19
10535.1580 3.84479e-19 2.44299e-19
10536.2440 1.78254e-19 1.88333e-19
10537.3300 2.82654e-19 1.90652e-19
10538.4160 4.68999e-19 1.96004e-19
10539.5020 2.78467e-19 1.95317e-19
10540.5880 1.18796e-19 1.91043e-19
10541.6740 2.12614e-19 1.90444e-19
10542.7600 5.66786e-19 1.93032e-19
10543.8460 6.95984e-19 1.89046e-19
10544.9320 6.17052e-19 1.89369e-19
10546.0180 5.52689e-19 1.89835e-19
10547.1040 1.47003e-19 2.48186e-19
10548.1900 2.54966e-19 2.51433e-19
10549.2760 7.12047e-19 1.94327e-19
10550.3620 6.57511e-19 1.90993e-19
10551.4480 2.89682e-20 1.94643e-19
10552.5340 2.96291e-19 2.11364e-19
10553.6200 4.78455e-19 2.39110e-19
10554.7060 5.99169e-19 2.40496e-19
10555.7920 4.76900e-19 2.39437e-19
10556.8780 4.35874e-19 2.87223e-19
10557.9640 -3.73707e-20 -2.47401e-19
10559.0500 1.49160e-19 1.85100e-19
10560.1360 1.05749e-19 1.83981e-19
10561.2220 2.40710e-19 1.84794e-19
10562.3080 4.65152e-19 1.85421e-19
10563.3940 5.08749e-19 1.83583e-19
10564.4800 1.38468e-19 1.81466e-19
10565.5660 2.82280e-19 1.79311e-19
10566.6520 2.26862e-19 1.83687e-19
10567.7380 1.24681e-19 1.84158e-19
10568.8240 3.62791e-19 1.88323e-19
10569.9100 1.65093e-19 1.90125e-19
10570.9950 2.22614e-19 1.90824e-19
10572.0810 1.13814e-20 2.13523e-19
10573.1670 6.34073e-19 3.57535e-19
10574.2530 5.11627e-19 4.51800e-19
10575.3390 9.03280e-19 4.65048e-19
10576.4250 6.96397e-19 4.27169e-19
10577.5110 2.81123e-19 3.22761e-19
10578.5970 -2.59329e-21 -2.01813e-19
10579.6830 5.34974e-20 2.63986e-19
10580.7690 2.90058e-19 2.62136e-19
10581.8550 2.76500e-19 2.15611e-19
10582.9410 1.12805e-19 2.07384e-19
10584.0270 1.39201e-19 1.80057e-19
10585.1130 -2.81760e-20 -2.65630e-19
10586.1990 1.43956e-18 4.76273e-19
10587.2850 4.94945e-19 5.23656e-19
10588.3710 5.63121e-19 7.60518e-19
10589.4570 5.26726e-19 7.61674e-19
10590.5430 2.58607e-19 4.78542e-19
10591.6290 3.93951e-19 2.94125e-19
10592.7150 -1.10302e-19 -2.25318e-19
10593.8010 2.43872e-19 2.05782e-19
10594.8870 6.82749e-19 1.98156e-19
10595.9730 5.22446e-19 2.02172e-19
10597.0590 4.12149e-19 2.05333e-19
10598.1450 6.61230e-19 2.18834e-19
10599.2310 7.71672e-19 2.29902e-19
10600.3170 6.52155e-19 2.30484e-19
10601.4030 2.88621e-19 2.36694e-19
10602.4890 3.28061e-19 2.45686e-19
10603.5750 5.59516e-19 2.31202e-19
10604.6610 6.79296e-19 2.15582e-19
10605.7470 6.06426e-19 2.07570e-19
10606.8330 -1.21829e-19 -1.95919e-19
10607.9190 1.07546e-19 1.97155e-19
10609.0050 1.98583e-19 1.95255e-19
10610.0900 2.14731e-19 1.94839e-19
10611.1760 1.01809e-19 1.97890e-19
10612.2620 2.32991e-19 1.99064e-19
10613.3480 4.65110e-19 2.07967e-19
10614.4340 6.44501e-19 2.01720e-19
10615.5200 7.42611e-19 1.94872e-19
10616.6060 6.88496e-19 1.89455e-19
10617.6920 7.21798e-19 1.86479e-19
10618.7780 3.80311e-19 1.92167e-19
10619.8640 2.57176e-19 1.93702e-19
10620.9500 3.00540e-19 1.83025e-19
10622.0360 6.84260e-20 1.89434e-19
10623.1220 -4.91628e-20 -1.93967e-19
10624.2080 1.44561e-19 1.93231e-19
10625.2940 4.92578e-19 1.95186e-19
10626.3800 1.25070e-19 1.91808e-19
10627.4660 1.39390e-19 1.92475e-19
10628.5520 2.21745e-19 1.90035e-19
10629.6380 2.81792e-20 1.85590e-19
10630.7240 4.13417e-19 1.85167e-19
10631.8100 7.80585e-20 1.73764e-19
10632.8960 1.79742e-19 1.71201e-19
10633.9820 6.03151e-19 1.79071e-19
10635.0680 7.30121e-19 2.07121e-19
10636.1540 3.28896e-19 1.96904e-19
10637.2400 2.60283e-19 1.75873e-19
10638.3260 4.52918e-19 2.44550e-19
10639.4120 2.37907e-18 2.93479e-19
10640.4980 6.18693e-18 4.43092e-19
10641.5840 8.67250e-18 6.10866e-19
10642.6700 6.77618e-18 5.31953e-19
10643.7560 3.03492e-18 3.71003e-19
10644.8420 1.38952e-18 3.09696e-19
10645.9280 8.35089e-19 2.39914e-19
10647.0140 4.04699e-19 1.82652e-19
10648.1000 3.55152e-19 1.75651e-19
10649.1860 2.33149e-19 1.75083e-19
10650.2710 2.79704e-19 1.78009e-19
10651.3570 3.76941e-19 2.15351e-19
10652.4430 6.05295e-19 2.92488e-19
10653.5290 2.00156e-19 3.37519e-19
10654.6150 4.72126e-19 3.69960e-19
10655.7010 8.71990e-19 3.71527e-19
10656.7870 6.36372e-19 3.26830e-19
10657.8730 2.87823e-19 2.36864e-19
10658.9590 1.07098e-19 1.79955e-19
10660.0450 3.99101e-19 1.76766e-19
10661.1310 3.90818e-19 1.79671e-19
10662.2170 4.05048e-19 2.49260e-19
10663.3030 5.71536e-19 2.47082e-19
10664.3890 6.33070e-19 1.98706e-19
10665.4750 3.03501e-19 1.98357e-19
10666.5610 2.83031e-19 2.11482e-19
10667.6470 1.53760e-19 2.00799e-19
10668.7330 9.10674e-19 2.99148e-19
10669.8190 7.14790e-19 2.98223e-19
10670.9050 8.14516e-19 2.55302e-19
10671.9910 4.76931e-19 2.36036e-19
10673.0770 2.18066e-19 1.81123e-19
10674.1630 9.10429e-19 1.97991e-19
10675.2490 8.86928e-19 1.99669e-19
10676.3350 1.02907e-18 1.95430e-19
10677.4210 5.22594e-19 1.81713e-19
10678.5070 2.50540e-19 1.81119e-19
10679.5930 3.35698e-19 1.81045e-19
10680.6790 5.10299e-19 1.81830e-19
10681.7650 2.85647e-19 1.86416e-19
10682.8510 2.73719e-19 2.12967e-19
10683.9370 1.51250e-20 2.59469e-19
10685.0230 -1.56495e-20 -3.28622e-19
10686.1090 5.08280e-19 3.75240e-19
10687.1950 7.26563e-19 4.08166e-19
10688.2810 5.95107e-19 4.41947e-19
10689.3670 1.92520e-19 4.71433e-19
10690.4520 8.07814e-19 4.84835e-19
10691.5380 3.68651e-19 4.78947e-19
10692.6240 1.48233e-19 4.51552e-19
10693.7100 -3.76523e-19 -4.09742e-19
10694.7960 -9.42605e-20 -3.67362e-19
10695.8820 4.89369e-19 3.36878e-19
10696.9680 5.81572e-19 3.50355e-19
10698.0540 1.25611e-18 5.00522e-19
10699.1400 7.95217e-19 5.89714e-19
10700.2260 8.65078e-19 6.08868e-19
10701.3120 9.13270e-19 5.82974e-19
10702.3980 1.89026e-19 4.47064e-19
10703.4840 2.24873e-19 4.84155e-19
10704.5700 5.86100e-20 5.91184e-19
10705.6560 4.49358e-20 4.81652e-19
10706.7420 1.87871e-19 6.22602e-19
10707.8280 4.31667e-19 5.64942e-19
10708.9140 4.63596e-19 3.08106e-19
10710.0000 5.23203e-19 2.56231e-19
10711.0860 2.38263e-19 5.24087e-19
10712.1720 -3.63570e-19 -7.99729e-19
10713.2580 -2.29712e-19 -8.66829e-19
10714.3440 1.65613e-19 8.66029e-19
10715.4300 2.00270e-18 1.04614e-18
10716.5160 7.63056e-19 6.77852e-19
10717.6020 2.95319e-19 3.90458e-19
10718.6880 7.37165e-19 4.93087e-19
10719.7740 -2.06042e-19 -4.45264e-19
10720.8600 1.74373e-19 4.61323e-19
10721.9460 -5.81704e-19 -6.27407e-19
10723.0320 -3.19440e-19 -6.53819e-19
10724.1180 1.48267e-18 7.11025e-19
10725.2040 1.65056e-18 6.02117e-19
10726.2900 6.19002e-19 3.66032e-19
10727.3760 1.20852e-19 3.20576e-19
10728.4620 1.00226e-18 4.40606e-19
10729.5480 3.23194e-18 9.05305e-19
10730.6330 1.86279e-18 1.13176e-18
10731.7190 1.12587e-18 1.14878e-18
10732.8050 4.75300e-19 1.23348e-18
10733.8910 1.04158e-18 8.54636e-19
10734.9770 3.11208e-19 3.42425e-19
10736.0630 4.31106e-19 2.50488e-19
10737.1490 -2.17688e-19 -2.91168e-19
10738.2350 -2.63066e-19 -2.97024e-19
10739.3210 -1.63510e-19 -3.41686e-19
10740.4070 1.68985e-19 3.38789e-19
10741.4930 2.27587e-19 2.66685e-19
10742.5790 1.05366e-19 2.55772e-19
10743.6650 1.12730e-18 5.22506e-19
10744.7510 7.15164e-19 7.35799e-19
10745.8370 5.56039e-19 7.90941e-19
10746.9230 1.40331e-19 7.77324e-19
10748.0090 8.12788e-19 6.12554e-19
10749.0950 3.40930e-19 3.54744e-19
10750.1810 5.73379e-19 2.94328e-19
10751.2670 1.18148e-18 7.61124e-19
10752.3530 1.50820e-18 1.20060e-18
10753.4390 2.23760e-18 1.46300e-18
10754.5250 -9.97003e-19 -1.45213e-18
10755.6110 -2.00427e-18 -1.44624e-18
10756.6970 2.86422e-19 7.53787e-19
10757.7830 5.56933e-19 2.88573e-19
10758.8690 6.06373e-19 2.40498e-19
10759.9550 8.72721e-19 2.06784e-19
10761.0410 4.59515e-19 2.03600e-19
10762.1270 1.78672e-19 2.02599e-19
10763.2130 6.56400e-20 2.38106e-19
10764.2990 1.62670e-19 2.85929e-19
10765.3850 1.63636e-19 2.97490e-19
10766.4710 -1.00075e-19 -3.19372e-19
10767.5570 1.31863e-19 2.72966e-19
10768.6430 2.98380e-19 2.01494e-19
10769.7290 4.38450e-19 1.92675e-19
10770.8140 2.40744e-19 2.02159e-19
10771.9000 4.85380e-19 3.08021e-19
10772.9860 -3.17052e-20 -6.26336e-19
10774.0720 6.94607e-19 7.70090e-19
10775.1580 8.68376e-19 7.86318e-19
10776.2440 1.29855e-19 7.30795e-19
10777.3300 8.78729e-20 4.97346e-19
10778.4160 -1.29617e-21 -2.53841e-19
10779.5020 5.04340e-19 1.97249e-19
10780.5880 1.30011e-19 1.95396e-19
10781.6740 -1.41427e-19 -1.97890e-19
10782.7600 1.42925e-19 2.01106e-19
10783.8460 5.83617e-19 2.03968e-19
10784.9320 6.74230e-19 2.01156e-19
10786.0180 5.11191e-19 1.98309e-19
10787.1040 3.38859e-19 1.92260e-19
10788.1900 3.34241e-19 1.89973e-19
10789.2760 2.10301e-19 1.85095e-19
10790.3620 3.73782e-19 1.85508e-19
10791.4480 3.34071e-19 1.79912e-19
10792.5340 2.29851e-19 2.21081e-19
10793.6200 2.10716e-19 2.67252e-19
10794.7060 2.64049e-19 2.74875e-19
10795.7920 -1.38801e-21 -3.11694e-19
10796.8780 6.60114e-21 3.06713e-19
10797.9640 1.65603e-19 3.72539e-19
10799.0500 9.87748e-20 2.99461e-19
10800.1360 4.12425e-20 1.91732e-19
10801.2220 -8.54012e-20 -2.08069e-19
10802.3080 1.11100e-19 2.40033e-19
10803.3940 4.40903e-19 3.42653e-19
10804.4800 1.97997e-19 3.56943e-19
10805.5660 5.83474e-20 3.41865e-19
10806.6520 2.40250e-19 2.27153e-19
10807.7380 1.75680e-19 1.97090e-19
10808.8240 5.24652e-19 1.98227e-19
10809.9100 5.15841e-19 1.99755e-19
10810.9950 -2.87694e-20 -2.07180e-19
10812.0810 2.58146e-19 2.12324e-19
10813.1670 1.45344e-19 2.07987e-19
10814.2530 1.85333e-19 2.05352e-19
10815.3390 2.92543e-19 1.99473e-19
10816.4250 6.60699e-20 1.99403e-19
10817.5110 2.91183e-19 2.03752e-19
10818.5970 3.62012e-19 2.00746e-19
10819.6830 2.16952e-20 1.87849e-19
10820.7690 8.61504e-20 1.85469e-19
10821.8550 8.15946e-19 1.85391e-19
10822.9410 6.68264e-19 1.85935e-19
10824.0270 4.04734e-19 1.84487e-19
10825.1130 1.37259e-19 1.86021e-19
10826.1990 3.60851e-19 1.87151e-19
10827.2850 2.59881e-19 1.91971e-19
10828.3710 4.26542e-19 2.01978e-19
10829.4570 4.46642e-19 3.60513e-19
10830.5430 2.28437e-18 6.62096e-19
10831.6290 -1.95449e-18 -1.21843e-18
10832.7150 -1.08588e-18 -1.85054e-18
10833.8010 6.16561e-18 2.60057e-18
10834.8870 3.17979e-18 2.49790e-18
10835.9730 -1.88276e-18 -2.04068e-18
10837.0590 -1.20490e-19 -9.70982e-19
10838.1450 7.96436e-19 3.50518e-19
10839.2310 4.29817e-19 3.72879e-19
10840.3170 4.69969e-19 3.93395e-19
10841.4030 -8.90389e-20 -4.70348e-19
10842.4890 1.97567e-18 8.80545e-19
10843.5750 1.61437e-19 1.10087e-18
10844.6610 6.80929e-19 1.13680e-18
10845.7470 1.46825e-18 1.50307e-18
10846.8330 -5.56539e-20 -1.05246e-18
10847.9190 -3.70404e-19 -4.56539e-19
10849.0050 2.35349e-19 2.13333e-19
10850.0900 4.31830e-19 1.99205e-19
10851.1760 4.41972e-19 1.94137e-19
10852.2620 3.87017e-19 2.19974e-19
10853.3480 6.03865e-19 2.61458e-19
10854.4340 2.48626e-19 2.72020e-19
10855.5200 5.11209e-19 2.78948e-19
10856.6060 5.46687e-19 3.53785e-19
10857.6920 3.36341e-20 5.45300e-19
10858.7780 -1.32052e-19 -6.46593e-19
10859.8640 3.22936e-19 7.03871e-19
10860.9500 6.39011e-19 6.39191e-19
10862.0360 2.34452e-19 5.58408e-19
10863.1220 4.64341e-19 4.26381e-19
10864.2080 -4.02215e-20 -2.73127e-19
10865.2940 1.96563e-19 1.76604e-19
10866.3800 7.75926e-20 1.71628e-19
10867.4660 1.34690e-19 1.70979e-19
10868.5520 -2.62946e-20 -1.70713e-19
10869.6380 1.82921e-19 1.68196e-19
10870.7240 2.63522e-19 1.73814e-19
10871.8100 3.25576e-19 1.93834e-19
10872.8960 3.77576e-19 2.11114e-19
10873.9820 4.78077e-19 2.31242e-19
10875.0680 5.95948e-19 2.57192e-19
10876.1540 2.62272e-19 3.23221e-19
10877.2400 4.03725e-19 3.95342e-19
10878.3260 1.30460e-19 4.36551e-19
10879.4120 4.56432e-19 4.21302e-19
10880.4980 5.66045e-19 3.79873e-19
10881.5840 6.64237e-19 3.06765e-19
10882.6700 3.29532e-19 2.08632e-19
10883.7560 2.11015e-19 1.84909e-19
10884.8420 5.87383e-20 2.08318e-19
10885.9280 -9.83644e-21 -2.29490e-19
10887.0140 1.78570e-19 2.49113e-19
10888.1000 5.27333e-19 2.49606e-19
10889.1860 1.41291e-18 2.35652e-19
10890.2710 1.34497e-18 2.12393e-19
10891.3570 1.42187e-18 2.02153e-19
10892.4430 9.23290e-19 1.86117e-19
10893.5290 4.11518e-19 1.79738e-19
10894.6150 4.08697e-19 1.95149e-19
10895.7010 3.13347e-19 3.79229e-19
10896.7870 -7.64783e-19 -7.64872e-19
10897.8730 8.20123e-19 8.96402e-19
10898.9590 -9.14496e-19 -9.54434e-19
10900.0450 -9.12353e-19 -8.87840e-19
10901.1310 -3.46324e-19 -5.14553e-19
10902.2170 1.55189e-19 2.80615e-19
10903.3030 -8.17014e-20 -2.53632e-19
10904.3890 2.62629e-19 2.47737e-19
10905.4750 2.18478e-19 2.27544e-19
10906.5610 1.89766e-19 2.12363e-19
10907.6470 2.64127e-19 1.87434e-19
10908.7330 2.26015e-19 1.77747e-19
10909.8190 1.53337e-19 1.75346e-19
10910.9050 5.59495e-19 1.80202e-19
10911.9910 1.08400e-18 1.90110e-19
10913.0770 1.14786e-18 1.92044e-19
10914.1630 1.61596e-18 2.04218e-19
10915.2490 9.81443e-19 1.84257e-19
10916.3350 6.55794e-19 1.88313e-19
10917.4210 2.74205e-19 1.81060e-19
10918.5070 3.16272e-19 1.76805e-19
10919.5930 4.85689e-19 1.92162e-19
10920.6790 1.43065e-19 2.03212e-19
10921.7650 1.16503e-19 2.19376e-19
10922.8510 3.46725e-20 3.57864e-19
10923.9370 4.90179e-19 9.83467e-19
10925.0230 4.49667e-19 1.54064e-18
10926.1090 1.24329e-18 1.67796e-18
10927.1950 -5.34328e-19 -1.64712e-18
10928.2810 -5.35471e-19 -1.32747e-18
10929.3670 7.37224e-19 5.97710e-19
10930.4520 5.84051e-19 2.82853e-19
10931.5380 3.35470e-19 2.11002e-19
10932.6240 4.43901e-19 2.04469e-19
10933.7100 1.47083e-19 1.98641e-19
10934.7960 -8.06423e-20 -1.92540e-19
10935.8820 3.45598e-19 2.69466e-19
10936.9680 5.70935e-19 2.64347e-19
10938.0540 1.10068e-19 1.83765e-19
10939.1400 2.42324e-19 1.86048e-19
10940.2260 4.25664e-19 1.88943e-19
10941.3120 5.15578e-19 1.91468e-19
10942.3980 4.16519e-19 1.91568e-19
10943.4840 4.14910e-19 1.88925e-19
10944.5700 3.32829e-19 1.88396e-19
10945.6560 2.92631e-19 1.88608e-19
10946.7420 5.07776e-19 1.94865e-19
10947.8280 4.93144e-19 2.73252e-19
10948.9140 6.12102e-19 6.90059e-19
10950.0000 3.97584e-19 1.02859e-18
10951.0860 -5.17664e-19 -1.07806e-18
10952.1720 5.56545e-19 1.04784e-18
10953.2580 -1.67372e-20 -8.25068e-19
10954.3440 4.68582e-19 3.89266e-19
10955.4300 4.58679e-19 2.25552e-19
10956.5160 2.27516e-19 1.92308e-19
10957.6020 1.55113e-19 1.78751e-19
10958.6880 4.73867e-19 1.78016e-19
10959.7740 5.10478e-19 1.75402e-19
10960.8600 6.31284e-19 1.81823e-19
10961.9460 8.14731e-20 1.77011e-19
10963.0320 2.01370e-19 1.83980e-19
10964.1180 5.91961e-19 2.01948e-19
10965.2040 5.59560e-19 2.08848e-19
10966.2900 5.28068e-19 2.26013e-19
10967.3760 3.18947e-19 2.51759e-19
10968.4620 5.92923e-21 2.70581e-19
10969.5480 -1.28310e-19 -2.86602e-19
10970.6330 1.25484e-19 2.88021e-19
10971.7190 -2.15472e-19 -3.95435e-19
10972.8050 9.46223e-19 1.02118e-18
10973.8910 9.05188e-19 1.62733e-18
10974.9770 -1.05718e-18 -1.77658e-18
10976.0630 -1.82434e-18 -1.75693e-18
10977.1490 -4.42467e-19 -1.41517e-18
10978.2350 1.23715e-18 6.97156e-19
10979.3210 -1.49066e-19 -3.51237e-19
10980.4070 6.09987e-19 2.64952e-19
10981.4930 3.86939e-19 2.32392e-19
10982.5790 6.03428e-19 2.15065e-19
10983.6650 7.22128e-19 2.39099e-19
10984.7510 2.17668e-19 2.80343e-19
10985.8370 1.57934e-19 2.86784e-19
10986.9230 4.44178e-19 2.84929e-19
10988.0090 5.31703e-20 2.49933e-19
10989.0950 3.64387e-19 1.96533e-19
10990.1810 8.88410e-20 1.83646e-19
10991.2670 1.77662e-19 1.79516e-19
10992.3530 1.44353e-19 1.80569e-19
10993.4390 4.58382e-19 1.81890e-19
10994.5250 4.19765e-20 1.79699e-19
10995.6110 3.31827e-19 2.51215e-19
10996.6970 5.91917e-19 2.59669e-19
10997.7830 4.43897e-19 1.80847e-19
10998.8690 2.42959e-19 2.12854e-19
10999.9550 4.86865e-19 2.16837e-19
11001.0410 2.11510e-19 2.07146e-19
11002.1270 4.48738e-21 1.94525e-19
11003.2130 -1.75912e-19 -1.98920e-19
11004.2990 5.13598e-19 2.03894e-19
11005.3850 4.43709e-19 2.23801e-19
11006.4710 7.96512e-22 4.78431e-19
11007.5570 -1.64604e-18 -8.60864e-19
11008.6430 7.26886e-19 9.82776e-19
11009.7290 1.08429e-18 1.03314e-18
11010.8140 1.16259e-18 9.09774e-19
11011.9000 1.51730e-19 5.02857e-19
11012.9860 2.77654e-19 2.59125e-19
11014.0720 2.10012e-19 2.01426e-19
11015.1580 5.35533e-19 2.24502e-19
11016.2440 4.72049e-20 2.37229e-19
11017.3300 2.99021e-19 2.24519e-19
11018.4160 2.78600e-19 1.99343e-19
11019.5020 3.12147e-19 1.91240e-19
11020.5880 -1.47987e-19 -1.82389e-19
11021.6740 2.76930e-19 1.86716e-19
11022.7600 4.44939e-19 1.96006e-19
11023.8460 2.44602e-19 1.97033e-19
11024.9320 1.44442e-19 2.66574e-19
11026.0180 6.60123e-19 3.96144e-19
11027.1040 -3.80947e-19 -7.93205e-19
11028.1900 -5.62644e-19 -1.30261e-18
11029.2760 1.73140e-18 1.47860e-18
11030.3620 1.22694e-18 1.49663e-18
11031.4480 6.27747e-19 1.27447e-18
11032.5340 -3.34650e-19 -7.06586e-19
11033.6200 5.23113e-19 3.21092e-19
11034.7060 2.57172e-19 2.11119e-19
11035.7920 1.36569e-19 1.93771e-19
11036.8780 1.48842e-19 1.95748e-19
11037.9640 1.10969e-19 2.02115e-19
11039.0500 2.24179e-19 2.16383e-19
11040.1360 3.33018e-19 3.06362e-19
11041.2220 3.71619e-19 3.09870e-19
11042.3080 2.00163e-19 2.29991e-19
11043.3940 1.55979e-19 2.20756e-19
11044.4800 3.43605e-19 2.07956e-19
11045.5660 9.80663e-20 1.93704e-19
11046.6520 1.50236e-19 1.84657e-19
11047.7380 2.91145e-19 1.80055e-19
11048.8240 4.39484e-20 1.72799e-19
11049.9100 4.18349e-19 1.72632e-19
11050.9950 3.89158e-19 1.79027e-19
11052.0810 4.36247e-19 2.34990e-19
11053.1670 4.64496e-19 2.84513e-19
11054.2530 3.30406e-19 2.88630e-19
11055.3390 3.52792e-19 2.90935e-19
11056.4250 4.10855e-19 2.58379e-19
11057.5110 4.37373e-19 2.06150e-19
11058.5970 6.01178e-19 1.95936e-19
11059.6830 4.30088e-19 1.93298e-19
11060.7690 2.46363e-19 1.89312e-19
11061.8550 2.37120e-19 2.13672e-19
11062.9410 2.88668e-19 2.36156e-19
11064.0270 4.54727e-19 2.47634e-19
11065.1130 4.33700e-19 2.36544e-19
11066.1990 2.65175e-19 2.16067e-19
11067.2850 4.80212e-19 2.14457e-19
11068.3710 3.05445e-19 2.33581e-19
11069.4570 3.00332e-19 3.73909e-19
11070.5430 1.13477e-18 6.44713e-19
11071.6290 3.04335e-20 7.59906e-19
11072.7150 4.36732e-19 7.69815e-19
11073.8010 4.64424e-19 6.97850e-19
11074.8870 2.80965e-19 4.75408e-19
11075.9730 3.96942e-19 2.49323e-19
11077.0590 4.85662e-19 1.90408e-19
11078.1450 5.30867e-19 1.81948e-19
11079.2310 3.58585e-19 1.74972e-19
11080.3170 6.68921e-19 1.83161e-19
11081.4030 3.55550e-19 2.16074e-19
11082.4890 5.49388e-19 2.69427e-19
11083.5750 7.56067e-19 3.01572e-19
11084.6610 1.39449e-19 3.04324e-19
11085.7470 7.68526e-20 2.84111e-19
11086.8330 6.49875e-19 4.48781e-19
11087.9190 9.61125e-19 8.45919e-19
11089.0050 3.81893e-19 1.84121e-18
11090.0900 1.29096e-18 1.90590e-18
11091.1760 -2.76198e-19 -1.00987e-18
11092.2620 -3.45191e-19 -7.26857e-19
11093.3480 3.72855e-19 3.66844e-19
11094.4340 3.28109e-19 2.21834e-19
11095.5200 2.08761e-19 1.83276e-19
11096.6060 4.43631e-20 1.74005e-19
11097.6920 -1.71015e-20 -1.73491e-19
11098.7780 4.13769e-19 1.76798e-19
11099.8640 5.54658e-19 1.79672e-19
11100.9500 2.14928e-19 1.77771e-19
11102.0360 4.05748e-19 1.79452e-19
11103.1220 4.39924e-19 1.71730e-19
11104.2080 3.66014e-19 1.77381e-19
11105.2940 4.15523e-19 1.87727e-19
11106.3800 2.97779e-19 1.95326e-19
11107.4660 1.64415e-19 1.99230e-19
11108.5520 6.29287e-19 2.11330e-19
11109.6380 4.89505e-19 2.08045e-19
11110.7240 4.37641e-19 1.94478e-19
11111.8100 1.71857e-19 1.95316e-19
11112.8960 2.08910e-19 1.83581e-19
11113.9820 2.53317e-19 1.79086e-19
11115.0680 5.04180e-19 1.86314e-19
11116.1540 5.75771e-19 1.82200e-19
11117.2400 1.59368e-19 1.75570e-19
11118.3260 4.26855e-19 1.74443e-19
11119.4120 5.86352e-19 1.74732e-19
11120.4980 4.08556e-19 1.79174e-19
11121.5840 3.02732e-19 2.09217e-19
11122.6700 1.10910e-19 2.32787e-19
11123.7560 -3.86421e-20 -2.41850e-19
11124.8420 3.06375e-19 2.33978e-19
11125.9280 3.33376e-20 2.04092e-19
11127.0140 5.22821e-20 1.81187e-19
11128.1000 4.47683e-19 1.81177e-19
11129.1860 3.55967e-19 1.90821e-19
11130.2710 1.51299e-19 1.95365e-19
11131.3570 2.31950e-19 1.90205e-19
11132.4430 4.12402e-19 1.89325e-19
11133.5290 2.97922e-19 1.87286e-19
11134.6150 2.30024e-19 2.29319e-19
11135.7010 3.33082e-19 2.32062e-19
11136.7870 1.81591e-19 1.98413e-19
11137.8730 5.00389e-19 3.05708e-19
11138.9590 3.24317e-19 5.00686e-19
11140.0450 4.14284e-19 5.75790e-19
11141.1310 -2.12381e-19 -5.65974e-19
11142.2170 -3.88876e-19 -5.17199e-19
11143.3030 4.33607e-19 3.62438e-19
11144.3890 7.06200e-19 2.26270e-19
11145.4750 4.75409e-19 1.87665e-19
11146.5610 1.17493e-19 1.84495e-19
11147.6470 -9.64038e-20 -1.85632e-19
11148.7330 -4.33430e-20 -1.86848e-19
11149.8190 9.47484e-20 2.01065e-19
11150.9050 9.16041e-20 2.33525e-19
11151.9910 2.89667e-19 2.71013e-19
11153.0770 5.03661e-19 4.45604e-19
11154.1630 -2.65333e-19 -6.88737e-19
11155.2490 -1.01793e-18 -8.00491e-19
11156.3350 -3.76806e-19 -7.79095e-19
11157.4210 -4.47461e-20 -7.06732e-19
11158.5070 3.69039e-19 4.93656e-19
11159.5930 3.69383e-19 2.81458e-19
11160.6790 1.78587e-19 2.24934e-19
11161.7650 -9.51245e-20 -2.34237e-19
11162.8510 7.42317e-20 2.97784e-19
11163.9370 5.81326e-19 3.66190e-19
11165.0230 1.48813e-18 4.19292e-19
11166.1090 6.50412e-19 4.11052e-19
11167.1950 -7.90960e-19 -3.81380e-19
11168.2810 -1.54121e-19 -3.49895e-19
11169.3670 2.95188e-19 4.23528e-19
11170.4520 2.79797e-19 4.35894e-19
11171.5380 3.57579e-19 3.38605e-19
11172.6240 4.62133e-19 3.21225e-19
11173.7100 4.32160e-19 2.93583e-19
11174.7960 4.64881e-19 2.59760e-19
11175.8820 3.64217e-19 2.37568e-19
11176.9680 4.50167e-19 2.14150e-19
11178.0540 5.79519e-19 1.85456e-19
11179.1400 3.45784e-19 1.89834e-19
11180.2260 3.24238e-19 2.13350e-19
11181.3120 1.77568e-19 2.20794e-19
11182.3980 2.66645e-19 2.49176e-19
11183.4840 4.05689e-19 2.74151e-19
11184.5700 -3.23134e-20 -2.36313e-19
11185.6560 1.91031e-19 2.09179e-19
11186.7420 4.71829e-19 2.14863e-19
11187.8280 4.85519e-20 2.39920e-19
11188.9140 -1.63398e-19 -2.73845e-19
11190.0000 4.51277e-19 2.73662e-19
11191.0860 3.27469e-19 2.59604e-19
11192.1720 -7.54605e-20 -2.71310e-19
11193.2580 1.63817e-19 2.82790e-19
11194.3440 6.46971e-19 2.58393e-19
11195.4300 5.81278e-19 2.51981e-19
11196.5160 7.43988e-19 2.39819e-19
11197.6020 4.85947e-19 2.17860e-19
11198.6880 4.10011e-19 2.44784e-19
11199.7740 4.06050e-19 2.57858e-19
11200.8600 4.92229e-19 2.45788e-19
11201.9460 1.93837e-19 2.69387e-19
11203.0320 1.98405e-19 3.23247e-19
11204.1180 7.88950e-19 3.03484e-19
11205.2040 4.90280e-19 2.43166e-19
11206.2900 8.33417e-20 2.39321e-19
11207.3760 3.54289e-20 2.55898e-19
11208.4620 -3.60263e-20 -2.64202e-19
11209.5480 1.95043e-19 2.67580e-19
11210.6330 4.86890e-19 2.91533e-19
11211.7190 3.94937e-19 3.60406e-19
11212.8050 1.51180e-19 5.43946e-19
11213.8910 -1.79037e-19 -6.23968e-19
11214.9770 3.48434e-19 5.25014e-19
11216.0630 6.69440e-19 4.70742e-19
11217.1490 2.16595e-19 4.14481e-19
11218.2350 7.45310e-20 4.12442e-19
11219.3210 1.20303e-18 4.46936e-19
11220.4070 2.48945e-19 3.58623e-19
11221.4930 -2.00537e-20 -3.31843e-19
11222.5790 3.97887e-19 3.95291e-19
11223.6650 -5.69139e-19 -6.43953e-19
11224.7510 8.79144e-19 7.45089e-19
11225.8370 8.89314e-19 7.62564e-19
11226.9230 5.40291e-19 1.04757e-18
11228.0090 1.85672e-19 9.02619e-19
11229.0950 4.58623e-19 6.11453e-19
11230.1810 4.70664e-19 4.55552e-19
11231.2670 7.00261e-19 3.42295e-19
11232.3530 7.54905e-19 3.02205e-19
11233.4390 3.51884e-19 3.21327e-19
11234.5250 3.34375e-19 3.96465e-19
11235.6110 1.20750e-18 5.34339e-19
11236.6970 6.06279e-19 5.76351e-19
11237.7830 5.25726e-19 4.51786e-19
