lambda flux fluxErr
9752.1719 7.29445e-19 3.33970e-19
9753.2579 2.86320e-19 3.07103e-19
9754.3439 -1.52952e-21 -2.96733e-19
9755.4299 -4.63157e-19 -3.00739e-19
9756.5158 1.05150e-18 3.16153e-19
9757.6018 2.57768e-19 3.86665e-19
9758.6878 1.65022e-19 4.00182e-19
9759.7738 1.12941e-18 5.61859e-19
9760.8597 -8.00091e-20 -5.42767e-19
9761.9457 8.53210e-19 2.95777e-19
9763.0317 1.00784e-18 3.01418e-19
9764.1176 9.72121e-19 3.01360e-19
9765.2036 4.01173e-19 2.93308e-19
9766.2896 4.65900e-19 2.78512e-19
9767.3756 -2.79170e-20 -2.74842e-19
9768.4615 2.70495e-19 2.71460e-19
9769.5475 4.82416e-20 2.77319e-19
9770.6335 3.24839e-19 2.74058e-19
9771.7195 5.42750e-20 2.70539e-19
9772.8054 5.94440e-19 2.67637e-19
9773.8914 3.63578e-19 3.20226e-19
9774.9774 3.59635e-20 3.28278e-19
9776.0633 2.79935e-19 2.77646e-19
9777.1493 1.27332e-19 2.62097e-19
9778.2353 5.64522e-19 2.72950e-19
9779.3213 3.13726e-19 2.67227e-19
9780.4072 9.26387e-19 2.74218e-19
9781.4932 6.83452e-19 2.90445e-19
9782.5792 -6.09572e-20 -2.86339e-19
9783.6652 3.28318e-19 2.68285e-19
9784.7511 6.68387e-19 2.70109e-19
9785.8371 3.83158e-19 2.63639e-19
9786.9231 2.42080e-19 2.65762e-19
9788.0090 7.75360e-20 2.65445e-19
9789.0950 3.70261e-19 3.27574e-19
9790.1810 4.18035e-19 5.15376e-19
9791.2670 -6.36515e-19 -9.11690e-19
9792.3529 1.55282e-18 1.26000e-18
9793.4389 -9.67454e-20 -1.30818e-18
9794.5249 1.88416e-18 2.18263e-18
9795.6109 2.07483e-18 1.95464e-18
9796.6968 1.64297e-19 6.14084e-19
9797.7828 -4.01350e-19 -3.58893e-19
9798.8688 2.68814e-20 3.72090e-19
9799.9548 -4.55575e-19 -5.57236e-19
9801.0407 3.53700e-19 7.16294e-19
9802.1267 2.46312e-19 7.21688e-19
9803.2127 5.69987e-19 7.19009e-19
9804.2986 8.08742e-19 6.57005e-19
9805.3846 9.12545e-20 3.90121e-19
9806.4706 4.44480e-19 2.70714e-19
9807.5566 5.24860e-19 3.10784e-19
9808.6425 8.09965e-19 3.84568e-19
9809.7285 6.36077e-19 4.07690e-19
9810.8145 3.61863e-19 3.83523e-19
9811.9005 -5.36935e-20 -4.15447e-19
9812.9864 4.64762e-19 4.65535e-19
9814.0724 -9.09497e-19 -4.70809e-19
9815.1584 -7.07936e-21 -4.66406e-19
9816.2443 8.85834e-19 4.60603e-19
9817.3303 6.93823e-19 3.99546e-19
9818.4163 2.08926e-19 3.79606e-19
9819.5023 -3.90750e-19 -4.01521e-19
9820.5882 -3.94815e-19 -3.92696e-19
9821.6742 3.73728e-20 3.66620e-19
9822.7602 6.14291e-19 3.13477e-19
9823.8462 -2.43003e-19 -2.59203e-19
9824.9321 2.75415e-19 2.62462e-19
9826.0181 4.55353e-20 2.59892e-19
9827.1041 9.98955e-19 2.79291e-19
9828.1900 1.80487e-19 3.06094e-19
9829.2760 -8.28677e-20 -3.33253e-19
9830.3620 4.80594e-19 3.43368e-19
9831.4480 4.72248e-19 3.35353e-19
9832.5339 2.23005e-19 3.15452e-19
9833.6199 5.92247e-19 5.02772e-19
9834.7059 -4.06442e-20 -4.46531e-19
9835.7919 3.11549e-19 2.66261e-19
9836.8778 4.33248e-19 2.71523e-19
9837.9638 7.92693e-19 3.03892e-19
9839.0498 5.71024e-19 2.92901e-19
9840.1357 5.20723e-19 2.49955e-19
9841.2217 5.31026e-19 2.38597e-19
9842.3077 4.31128e-19 2.34025e-19
9843.3937 4.91880e-19 2.31319e-19
9844.4796 4.09149e-19 2.40464e-19
9845.5656 4.51094e-19 2.39252e-19
9846.6516 -5.04974e-19 -4.74758e-19
9847.7376 7.13750e-21 5.40830e-19
9848.8235 1.72403e-19 4.82742e-19
9849.9095 3.33474e-19 6.38720e-19
9850.9955 3.72953e-19 6.58200e-19
9852.0814 8.27173e-19 6.42073e-19
9853.1674 2.94787e-19 5.76006e-19
9854.2534 -4.30388e-19 -5.85985e-19
9855.3394 6.15914e-19 4.17952e-19
9856.4253 7.06490e-19 2.41591e-19
9857.5113 6.84582e-19 2.41089e-19
9858.5973 5.12818e-19 2.40113e-19
9859.6833 5.90223e-19 2.44921e-19
9860.7692 1.03385e-19 2.38696e-19
9861.8552 7.84727e-19 2.34783e-19
9862.9412 -2.52249e-19 -2.28273e-19
9864.0271 2.48689e-19 3.99436e-19
9865.1131 -1.28672e-19 -3.91020e-19
9866.1991 5.23842e-19 2.33874e-19
9867.2851 5.15475e-19 2.42659e-19
9868.3710 1.08402e-19 2.44924e-19
9869.4570 -3.63996e-19 -2.47790e-19
9870.5430 -4.46922e-19 -3.03775e-19
9871.6290 1.36491e-19 4.65140e-19
9872.7149 3.31745e-19 8.58351e-19
9873.8009 1.77809e-18 1.07310e-18
9874.8869 5.36502e-19 1.06386e-18
9875.9729 -2.09824e-18 -1.09418e-18
9877.0588 7.57273e-19 8.72071e-19
9878.1448 4.32795e-19 3.94862e-19
9879.2308 4.68332e-19 2.64062e-19
9880.3167 4.21553e-19 2.31066e-19
9881.4027 2.46911e-19 2.33406e-19
9882.4887 -3.68598e-21 -2.39933e-19
9883.5747 2.50310e-19 2.35923e-19
9884.6606 8.93567e-20 2.41360e-19
9885.7466 3.40230e-19 2.65830e-19
9886.8326 4.73418e-19 3.58471e-19
9887.9186 -1.09369e-19 -5.88023e-19
9889.0045 4.96367e-19 5.53071e-19
9890.0905 6.21572e-19 3.10278e-19
9891.1765 2.81239e-19 2.77750e-19
9892.2624 -9.97177e-21 -2.35037e-19
9893.3484 7.46898e-20 2.25594e-19
9894.4344 -3.75816e-19 -3.33753e-19
9895.5204 5.43846e-19 6.11228e-19
9896.6063 6.86609e-19 7.12558e-19
9897.6923 9.87559e-19 7.25906e-19
9898.7783 -5.70742e-19 -1.20767e-18
9899.8643 3.54405e-19 9.25495e-19
9900.9502 7.37006e-19 5.32230e-19
9902.0362 7.82071e-19 2.58336e-19
9903.1222 4.15864e-19 2.51855e-19
9904.2081 1.75413e-19 2.49378e-19
9905.2941 5.86124e-19 2.42167e-19
9906.3801 -2.46043e-19 -2.23485e-19
9907.4661 3.03503e-19 2.16401e-19
9908.5520 2.15638e-19 2.14529e-19
9909.6380 4.70731e-19 2.20021e-19
9910.7240 6.26028e-19 2.24384e-19
9911.8100 3.24541e-19 2.20545e-19
9912.8959 6.07039e-19 2.35190e-19
9913.9819 -1.43331e-19 -3.47155e-19
9915.0679 8.33152e-19 7.85161e-19
9916.1538 3.64059e-19 1.23604e-18
9917.2398 1.80050e-18 1.26128e-18
9918.3258 -8.89848e-19 -1.04616e-18
9919.4118 -3.27984e-19 -8.93500e-19
9920.4977 -4.59679e-19 -4.39818e-19
9921.5837 6.07733e-19 3.90661e-19
9922.6697 -1.75595e-19 -3.59175e-19
9923.7557 7.30974e-19 2.32410e-19
9924.8416 5.73863e-19 2.23638e-19
9925.9276 3.06977e-19 2.23614e-19
9927.0136 2.64016e-19 2.18596e-19
9928.0995 5.56918e-19 2.20298e-19
9929.1855 4.90420e-19 2.19183e-19
9930.2715 5.88206e-19 2.25743e-19
9931.3575 5.37032e-19 2.17132e-19
9932.4434 8.40378e-19 2.16558e-19
9933.5294 5.96657e-19 2.15327e-19
9934.6154 2.73737e-19 2.56082e-19
9935.7014 1.87044e-21 2.57177e-19
9936.7873 5.67517e-19 2.59282e-19
9937.8733 4.29728e-19 2.18191e-19
9938.9593 1.91404e-19 2.22021e-19
9940.0452 2.90759e-19 2.34223e-19
9941.1312 5.92403e-19 3.07829e-19
9942.2172 9.64944e-19 6.28896e-19
9943.3032 1.91133e-18 8.50349e-19
9944.3891 -1.87911e-19 -8.77414e-19
9945.4751 -8.76612e-19 -1.59554e-18
9946.5611 -1.82818e-18 -1.75492e-18
9947.6471 -5.45638e-19 -1.13559e-18
9948.7330 -1.28283e-18 -1.17822e-18
9949.8190 1.90635e-19 1.18448e-18
9950.9050 -2.89785e-19 -1.06664e-18
9951.9910 -6.51252e-19 -7.73798e-19
9953.0769 1.00724e-22 5.34067e-19
9954.1629 7.05371e-19 4.29377e-19
9955.2489 3.93122e-19 3.08976e-19
9956.3348 1.45441e-19 4.25387e-19
9957.4208 -1.92028e-19 -8.55314e-19
9958.5068 -1.40243e-19 -9.69753e-19
9959.5928 1.05594e-18 9.86951e-19
9960.6787 1.89159e-18 9.74754e-19
9961.7647 1.15402e-18 8.09536e-19
9962.8507 7.55610e-19 7.95866e-19
9963.9367 1.37545e-18 8.62750e-19
9965.0226 1.38169e-19 8.51151e-19
9966.1086 2.25595e-19 7.88455e-19
9967.1946 4.43474e-19 5.47897e-19
9968.2805 1.69194e-19 2.60037e-19
9969.3665 7.50727e-19 2.19657e-19
9970.4525 4.37102e-19 2.15363e-19
9971.5385 7.62837e-19 2.64117e-19
9972.6244 6.73266e-19 4.05968e-19
9973.7104 4.33226e-19 5.48003e-19
9974.7964 -1.26883e-19 -5.68289e-19
9975.8824 1.37425e-19 5.61530e-19
9976.9683 4.06638e-19 4.96963e-19
9978.0543 -1.18374e-19 -3.46844e-19
9979.1403 -5.05413e-21 -3.30798e-19
9980.2262 1.18778e-19 3.32760e-19
9981.3122 7.07835e-19 3.97064e-19
9982.3982 -1.01894e-19 -3.87999e-19
9983.4842 5.67766e-21 2.93788e-19
9984.5701 9.21900e-19 2.56238e-19
9985.6561 6.36894e-19 2.21882e-19
9986.7421 2.80613e-19 1.93517e-19
9987.8281 9.10166e-20 1.98078e-19
9988.9140 3.14270e-19 1.96657e-19
9990.0000 5.27590e-19 2.03631e-19
9991.0860 -1.00638e-19 -1.91484e-19
9992.1719 2.28343e-19 3.41379e-19
9993.2579 2.70082e-19 3.43690e-19
9994.3439 2.59040e-19 2.01812e-19
9995.4299 1.18066e-19 1.93962e-19
9996.5158 1.85959e-19 1.95400e-19
9997.6018 4.49601e-19 1.94159e-19
9998.6878 -6.80647e-20 -1.98823e-19
9999.7738 -6.54269e-20 -2.40006e-19
10000.8600 4.57035e-19 3.93842e-19
10001.9460 5.30404e-19 4.49156e-19
10003.0320 7.79536e-19 4.56271e-19
10004.1180 3.40184e-19 4.47650e-19
10005.2040 5.15394e-19 4.21086e-19
10006.2900 4.60867e-19 2.80763e-19
10007.3760 6.55410e-19 2.15731e-19
10008.4620 4.92254e-19 1.96986e-19
10009.5480 7.70406e-19 1.98847e-19
10010.6330 2.12115e-19 2.13045e-19
10011.7190 2.35660e-19 3.53770e-19
10012.8050 -1.21173e-18 -7.08411e-19
10013.8910 1.35335e-19 1.17659e-18
10014.9770 7.78247e-19 1.30717e-18
10016.0630 1.94341e-18 1.32485e-18
10017.1490 1.12264e-18 1.22258e-18
10018.2350 -2.65417e-19 -8.51088e-19
10019.3210 2.15519e-19 4.26270e-19
10020.4070 3.63989e-19 2.27032e-19
10021.4930 4.80074e-19 2.43595e-19
10022.5790 5.25078e-19 2.91756e-19
10023.6650 1.75977e-19 2.89408e-19
10024.7510 5.35453e-20 3.29617e-19
10025.8370 1.15819e-18 5.60842e-19
10026.9230 1.94050e-19 7.21656e-19
10028.0090 9.93184e-19 7.30869e-19
10029.0950 8.12387e-19 7.26786e-19
10030.1810 1.15936e-20 6.33577e-19
10031.2670 -3.80975e-19 -3.29213e-19
10032.3530 4.73824e-19 2.11067e-19
10033.4390 5.16871e-19 2.11325e-19
10034.5250 9.93191e-19 2.26410e-19
10035.6110 6.52063e-19 2.12869e-19
10036.6970 4.27463e-19 2.12385e-19
10037.7830 1.66524e-19 2.20701e-19
10038.8690 5.67193e-19 2.40215e-19
10039.9550 2.10984e-20 2.42763e-19
10041.0410 1.24046e-19 2.30871e-19
10042.1270 1.29012e-20 2.24750e-19
10043.2130 3.42776e-19 2.57812e-19
10044.2990 7.06211e-19 4.12941e-19
10045.3850 3.93486e-19 4.72026e-19
10046.4710 1.31196e-19 4.78552e-19
10047.5570 1.02173e-18 4.69276e-19
10048.6430 1.01722e-19 4.26621e-19
10049.7290 -5.83849e-20 -2.38863e-19
10050.8140 2.56963e-19 1.79115e-19
10051.9000 1.27922e-20 1.74704e-19
10052.9860 9.98005e-20 1.78772e-19
10054.0720 3.62323e-19 1.86484e-19
10055.1580 5.09266e-19 1.86779e-19
10056.2440 3.40242e-19 1.84020e-19
10057.3300 9.13144e-19 1.87265e-19
10058.4160 5.68165e-19 1.89342e-19
10059.5020 2.97737e-19 2.46861e-19
10060.5880 4.87447e-19 3.81086e-19
10061.6740 -2.87706e-19 -6.89874e-19
10062.7600 3.63838e-19 7.26045e-19
10063.8460 9.39823e-20 6.10819e-19
10064.9320 9.67550e-19 5.66824e-19
10066.0180 1.16112e-18 4.21346e-19
10067.1040 3.32354e-19 2.83281e-19
10068.1900 1.09410e-19 3.19548e-19
10069.2760 1.08348e-18 5.62711e-19
10070.3620 5.28595e-19 5.89444e-19
10071.4480 5.86426e-19 4.14314e-19
10072.5340 6.42453e-19 4.29493e-19
10073.6200 5.62832e-19 4.13014e-19
10074.7060 6.74462e-19 3.89656e-19
10075.7920 7.99606e-19 3.30547e-19
10076.8780 2.57455e-19 2.27106e-19
10077.9640 1.60559e-19 1.89381e-19
10079.0500 1.09982e-19 1.91613e-19
10080.1360 -1.38109e-19 -2.34377e-19
10081.2220 2.73357e-19 2.18175e-19
10082.3080 3.93807e-19 4.39214e-19
10083.3940 1.41294e-18 8.63309e-19
10084.4800 -5.79675e-20 -9.55260e-19
10085.5660 9.58756e-20 9.60248e-19
10086.6520 -1.54049e-19 -9.59177e-19
10087.7380 7.46153e-19 6.84727e-19
10088.8240 3.60232e-19 2.47778e-19
10089.9100 5.33690e-19 2.25532e-19
10090.9950 2.95439e-19 2.28766e-19
10092.0810 9.98709e-20 1.94998e-19
10093.1670 2.00693e-19 1.83976e-19
10094.2530 2.08736e-19 1.82744e-19
10095.3390 3.31092e-19 2.14601e-19
10096.4250 3.61728e-19 2.28234e-19
10097.5110 1.42054e-19 2.09038e-19
10098.5970 2.21593e-19 2.68114e-19
10099.6830 4.43056e-19 2.80519e-19
10100.7690 1.62900e-19 2.40498e-19
10101.8550 1.13123e-19 2.32136e-19
10102.9410 7.22155e-19 2.66054e-19
10104.0270 4.19200e-19 4.75567e-19
10105.1130 5.12748e-19 6.42651e-19
10106.1990 1.25107e-18 6.52340e-19
10107.2850 2.63927e-20 6.39627e-19
10108.3710 2.15149e-19 5.52375e-19
10109.4570 1.06538e-19 2.92228e-19
10110.5430 1.21655e-19 1.78909e-19
10111.6290 2.96852e-19 1.73805e-19
10112.7150 7.08226e-19 1.78818e-19
10113.8010 4.30223e-19 1.76421e-19
10114.8870 4.83652e-19 1.71894e-19
10115.9730 5.29384e-19 1.73157e-19
10117.0590 3.77752e-20 1.72832e-19
10118.1450 3.44604e-19 1.74920e-19
10119.2310 6.02055e-19 1.77278e-19
10120.3170 5.74057e-19 1.76083e-19
10121.4030 5.30089e-19 1.79127e-19
10122.4890 3.52537e-19 2.05612e-19
10123.5750 4.46629e-19 4.04358e-19
10124.6610 -1.36273e-19 -8.31336e-19
10125.7470 4.86636e-20 1.05942e-18
10126.8330 -2.01133e-19 -1.06962e-18
10127.9190 -7.01965e-20 -1.03706e-18
10129.0050 1.00258e-18 8.20352e-19
10130.0900 -4.83984e-19 -3.46642e-19
10131.1760 4.37151e-19 2.04194e-19
10132.2620 1.35862e-19 1.94657e-19
10133.3480 1.11712e-19 2.30623e-19
10134.4340 2.80139e-19 2.55557e-19
10135.5200 3.74907e-19 2.61043e-19
10136.6060 6.63506e-19 2.59883e-19
10137.6920 4.40007e-19 2.32752e-19
10138.7780 5.95229e-19 1.99990e-19
10139.8640 2.05200e-19 1.87126e-19
10140.9500 5.30860e-19 1.92219e-19
10142.0360 3.78389e-19 1.85268e-19
10143.1220 2.31047e-19 1.92343e-19
10144.2080 3.75240e-19 2.82385e-19
10145.2940 4.17512e-19 5.16560e-19
10146.3800 2.55992e-19 5.42649e-19
10147.4660 1.20824e-19 3.38252e-19
10148.5520 3.71470e-19 3.27505e-19
10149.6380 5.17941e-19 3.25175e-19
10150.7240 1.01407e-18 6.37804e-19
10151.8100 -5.03115e-19 -1.22875e-18
10152.8960 2.88835e-19 7.00984e-19
10153.9820 7.44651e-19 6.09175e-19
10155.0680 2.52501e-19 6.50678e-19
10156.1540 8.02019e-19 6.50470e-19
10157.2400 1.10031e-18 6.29206e-19
10158.3260 4.43463e-19 4.76177e-19
10159.4120 5.18610e-20 3.97292e-19
10160.4980 3.15243e-19 4.11528e-19
10161.5840 -4.04129e-20 -4.07111e-19
10162.6700 5.98759e-19 4.03127e-19
10163.7560 4.40016e-19 3.33074e-19
10164.8420 7.87751e-20 2.86530e-19
10165.9280 9.43935e-21 3.27952e-19
10167.0140 3.93022e-19 3.32423e-19
10168.1000 -2.11684e-19 -3.46043e-19
10169.1860 1.28026e-19 3.34123e-19
10170.2710 6.35418e-19 2.89477e-19
10171.3570 1.44687e-18 4.61128e-19
10172.4430 1.27040e-18 8.51832e-19
10173.5290 1.61800e-18 1.07595e-18
10174.6150 4.44702e-19 1.09491e-18
10175.7010 8.80796e-21 1.05543e-18
10176.7870 5.71216e-19 8.45377e-19
10177.8730 -3.26642e-19 -4.04201e-19
10178.9590 5.28123e-20 1.86182e-19
10180.0450 2.54104e-19 1.79500e-19
10181.1310 7.36763e-19 2.79349e-19
10182.2170 1.93937e-19 4.04604e-19
10183.3030 1.82231e-19 4.35293e-19
10184.3890 4.49929e-19 4.41579e-19
10185.4750 1.56090e-19 4.93148e-19
10186.5610 7.44539e-19 3.79729e-19
10187.6470 6.84349e-19 2.43170e-19
10188.7330 -5.34558e-20 -2.51751e-19
10189.8190 8.73029e-20 4.88474e-19
10190.9050 6.44878e-19 7.38679e-19
10191.9910 3.36440e-19 7.96219e-19
10193.0770 4.02604e-19 7.90564e-19
10194.1630 5.37431e-19 7.44313e-19
10195.2490 5.79964e-19 4.99684e-19
10196.3350 3.40838e-19 2.35984e-19
10197.4210 2.23841e-19 2.25483e-19
10198.5070 3.64181e-19 2.30518e-19
10199.5930 4.60216e-19 2.28233e-19
10200.6790 5.74197e-19 2.19453e-19
10201.7650 1.01459e-19 2.20320e-19
10202.8510 2.23038e-20 3.09630e-19
10203.9370 5.36112e-20 4.78414e-19
10205.0230 3.75387e-19 5.40792e-19
10206.1090 1.35005e-19 5.42561e-19
10207.1950 4.50616e-19 5.28146e-19
10208.2810 6.10137e-19 4.35769e-19
10209.3670 7.60728e-20 4.47964e-19
10210.4520 6.86734e-19 5.82577e-19
10211.5380 1.19873e-18 8.06987e-19
10212.6240 6.20249e-19 9.74370e-19
10213.7100 -1.08793e-19 -9.52309e-19
10214.7960 4.59252e-19 8.78883e-19
10215.8820 6.65938e-19 7.24641e-19
10216.9680 2.50579e-19 3.91299e-19
10218.0540 5.84869e-19 1.95806e-19
10219.1400 -8.01883e-20 -6.64607e-19
10220.2260 2.41327e-19 7.03137e-19
10221.3120 4.88447e-19 3.72705e-19
10222.3980 -1.54744e-19 -3.86935e-19
10223.4840 -1.25261e-19 -2.44298e-19
10224.5700 4.01791e-19 2.23501e-19
10225.6560 6.38006e-19 3.91692e-19
10226.7420 7.22675e-19 6.43485e-19
10227.8280 5.16439e-19 7.40310e-19
10228.9140 9.09809e-19 7.47475e-19
10230.0000 6.24695e-19 7.14955e-19
10231.0860 1.20537e-19 6.18667e-19
10232.1720 -2.37108e-22 -5.59027e-19
10233.2580 -2.41955e-19 -5.52612e-19
10234.3440 -3.50479e-19 -5.53977e-19
10235.4300 -1.45552e-19 -4.84093e-19
10236.5160 -1.14374e-19 -3.02003e-19
10237.6020 2.43543e-19 2.47547e-19
10238.6880 1.82459e-19 2.29729e-19
10239.7740 3.25195e-19 1.76160e-19
10240.8600 3.17672e-19 1.67894e-19
10241.9460 3.08886e-19 1.64090e-19
10243.0320 3.38506e-19 1.65055e-19
10244.1180 5.04095e-19 1.73269e-19
10245.2040 8.03425e-19 2.02668e-19
10246.2900 6.87910e-19 1.93815e-19
10247.3760 4.13070e-19 1.63781e-19
10248.4620 2.43507e-19 1.65665e-19
10249.5480 -4.62455e-19 -2.80171e-19
10250.6330 3.68286e-19 2.60402e-19
10251.7190 5.45181e-19 1.61183e-19
10252.8050 6.38908e-19 1.62002e-19
10253.8910 4.86570e-19 1.60789e-19
10254.9770 3.76751e-19 1.61095e-19
10256.0630 3.91663e-19 1.69099e-19
10257.1490 5.04009e-19 1.84627e-19
10258.2350 5.81050e-19 1.95459e-19
10259.3210 6.06340e-19 1.95961e-19
10260.4070 5.52307e-19 1.89674e-19
10261.4930 4.14180e-19 1.75455e-19
10262.5790 4.23103e-19 1.68209e-19
10263.6650 6.79381e-19 1.77184e-19
10264.7510 5.97202e-19 1.85954e-19
10265.8370 1.48560e-19 1.90906e-19
10266.9230 1.98716e-19 2.06549e-19
10268.0090 4.05725e-19 2.19257e-19
10269.0950 2.77493e-19 2.18754e-19
10270.1810 8.88702e-20 2.35462e-19
10271.2670 1.60589e-19 3.40548e-19
10272.3530 8.85355e-20 4.20454e-19
10273.4390 7.70771e-20 4.44160e-19
10274.5250 3.05729e-19 4.42836e-19
10275.6110 4.61617e-19 4.06127e-19
10276.6970 4.60814e-19 2.90625e-19
10277.7830 2.88364e-19 2.17824e-19
10278.8690 7.24863e-19 2.03349e-19
10279.9550 7.55133e-19 1.96849e-19
10281.0410 6.48485e-19 1.97777e-19
10282.1270 2.89836e-19 1.88534e-19
10283.2130 3.55127e-19 1.91909e-19
10284.2990 5.04412e-19 2.43254e-19
10285.3850 1.93366e-19 4.29958e-19
10286.4710 1.05570e-18 8.56212e-19
10287.5570 5.12023e-19 1.38400e-18
10288.6430 -1.87754e-18 -1.59594e-18
10289.7290 -1.39819e-18 -1.57826e-18
10290.8140 -6.21613e-19 -1.44722e-18
10291.9000 -5.93067e-19 -1.00725e-18
10292.9860 -4.44900e-19 -7.29319e-19
10294.0720 3.25270e-19 5.22204e-19
10295.1580 5.93952e-19 3.39515e-19
10296.2440 1.21500e-18 6.04419e-19
10297.3300 -2.00275e-20 -8.22593e-19
10298.4160 1.17440e-18 8.57448e-19
10299.5020 1.21223e-18 8.45496e-19
10300.5880 3.03447e-19 7.57251e-19
10301.6740 2.13639e-19 4.61502e-19
10302.7600 7.09104e-19 2.33221e-19
10303.8460 3.23646e-19 2.17074e-19
10304.9320 1.68210e-20 2.28467e-19
10306.0180 1.21141e-19 2.48258e-19
10307.1040 2.00159e-19 2.54232e-19
10308.1900 2.70672e-19 2.49644e-19
10309.2760 5.97854e-19 3.18393e-19
10310.3620 4.83618e-19 4.42550e-19
10311.4480 5.11468e-19 5.14795e-19
10312.5340 4.43836e-19 5.37429e-19
10313.6200 7.93511e-19 4.99161e-19
10314.7060 8.22860e-19 3.72984e-19
10315.7920 1.81184e-19 2.24493e-19
10316.8780 5.17493e-19 1.83879e-19
10317.9640 5.09268e-19 1.82061e-19
10319.0500 4.52557e-19 1.77929e-19
10320.1360 2.55330e-19 1.73965e-19
10321.2220 1.94344e-19 1.67695e-19
10322.3080 4.30775e-19 1.65720e-19
10323.3940 3.95528e-19 1.80033e-19
10324.4800 1.16457e-19 1.88097e-19
10325.5660 1.55446e-19 1.91797e-19
10326.6520 4.08078e-19 2.52190e-19
10327.7380 6.52229e-19 3.03038e-19
10328.8240 5.00973e-19 3.55577e-19
10329.9100 7.66736e-19 3.69337e-19
10330.9950 4.05554e-19 2.94662e-19
10332.0810 5.53297e-20 2.61197e-19
10333.1670 1.38571e-19 2.09533e-19
10334.2530 3.83283e-19 1.73915e-19
10335.3390 7.37048e-19 1.76045e-19
10336.4250 7.51027e-19 1.77046e-19
10337.5110 8.88490e-19 2.00215e-19
10338.5970 8.02323e-19 2.00443e-19
10339.6830 1.32584e-18 2.19940e-19
10340.7690 2.11751e-18 3.34221e-19
10341.8550 3.51370e-18 4.18408e-19
10342.9410 6.14641e-18 5.30588e-19
10344.0270 8.63855e-18 6.51750e-19
10345.1130 9.69779e-18 6.83036e-19
10346.1990 7.80784e-18 5.49027e-19
10347.2850 4.26091e-18 8.05957e-19
10348.3710 2.27315e-18 1.21852e-18
10349.4570 1.82251e-18 1.23017e-18
10350.5430 1.75114e-18 7.21780e-19
10351.6290 1.13411e-18 6.92089e-19
10352.7150 8.37808e-19 4.75506e-19
10353.8010 3.94010e-19 3.10030e-19
10354.8870 6.66848e-19 3.81672e-19
10355.9730 3.08475e-19 4.25012e-19
10357.0590 6.47616e-19 4.37323e-19
10358.1450 4.96658e-19 4.05175e-19
10359.2310 1.93782e-19 3.14129e-19
10360.3170 4.36941e-19 2.01936e-19
10361.4030 2.21339e-19 1.66859e-19
10362.4890 4.42812e-19 6.02018e-19
10363.5750 -2.50129e-19 -6.14367e-19
10364.6610 2.74988e-19 1.62643e-19
10365.7470 5.89527e-19 1.69325e-19
10366.8330 5.62141e-19 1.71398e-19
10367.9190 1.41836e-19 1.73488e-19
10369.0050 1.84629e-19 1.72034e-19
10370.0900 5.48138e-19 1.81031e-19
10371.1760 5.75125e-19 1.90938e-19
10372.2620 7.35317e-19 2.99277e-19
10373.3480 8.74036e-19 8.95183e-19
10374.4340 4.68681e-19 1.17527e-18
10375.5200 1.01500e-18 1.22093e-18
10376.6060 2.13937e-19 1.41130e-18
10377.6920 1.19894e-18 1.20329e-18
10378.7780 1.23689e-19 4.83064e-19
10379.8640 8.56352e-19 2.17977e-19
10380.9500 4.12026e-19 1.84128e-19
10382.0360 1.68198e-19 1.78289e-19
10383.1220 9.34730e-20 1.73592e-19
10384.2080 4.09461e-19 1.76538e-19
10385.2940 5.48938e-19 1.82385e-19
10386.3800 5.14450e-19 1.76419e-19
10387.4660 4.85689e-19 1.74857e-19
10388.5520 1.84883e-19 1.75944e-19
10389.6380 -3.40443e-20 -1.73902e-19
10390.7240 6.27920e-19 1.83244e-19
10391.8100 4.63822e-19 3.09857e-19
10392.8960 1.01081e-18 3.14247e-19
10393.9820 2.96734e-19 1.93788e-19
10395.0680 1.17559e-19 1.96299e-19
10396.1540 4.04155e-19 2.87389e-19
10397.2400 5.41811e-19 6.43036e-19
10398.3260 5.32557e-19 7.82703e-19
10399.4120 8.11634e-19 8.12405e-19
10400.4980 8.41159e-19 7.95748e-19
10401.5840 6.68273e-19 5.96910e-19
10402.6700 2.88303e-19 2.67949e-19
10403.7560 -1.67544e-20 -1.83475e-19
10404.8420 -1.79077e-19 -1.81296e-19
10405.9280 7.40209e-21 1.85107e-19
10407.0140 5.70850e-19 1.83837e-19
10408.1000 3.17518e-19 1.80260e-19
10409.1860 2.65607e-19 1.98877e-19
10410.2710 3.80559e-19 2.10651e-19
10411.3570 1.57604e-19 2.12893e-19
10412.4430 6.55904e-19 2.20847e-19
10413.5290 3.83687e-19 2.03282e-19
10414.6150 2.27628e-19 1.83168e-19
10415.7010 -1.45707e-19 -1.97229e-19
10416.7870 5.92220e-19 2.53352e-19
10417.8730 6.38551e-19 4.08223e-19
10418.9590 -4.73703e-19 -9.92204e-19
10420.0450 8.70177e-19 1.22159e-18
10421.1310 2.08700e-18 1.24483e-18
10422.2170 -1.37956e-18 -1.23289e-18
10423.3030 -2.30438e-19 -9.91397e-19
10424.3890 1.05805e-18 4.76195e-19
10425.4750 8.04567e-19 2.92795e-19
10426.5610 1.53974e-19 2.77170e-19
10427.6470 -2.26855e-19 -2.63643e-19
10428.7330 1.27732e-19 2.76709e-19
10429.8190 5.21760e-19 3.16007e-19
10430.9050 9.58067e-19 3.36618e-19
10431.9910 7.62644e-19 3.28675e-19
10433.0770 1.70471e-19 2.93718e-19
10434.1630 -1.97144e-21 -2.29942e-19
10435.2490 1.45524e-19 1.82597e-19
10436.3350 2.21565e-19 1.67303e-19
10437.4210 3.28327e-19 1.60337e-19
10438.5070 2.20411e-19 1.57812e-19
10439.5930 2.77516e-19 1.59376e-19
10440.6790 2.02613e-19 1.62915e-19
10441.7650 2.70733e-19 1.61757e-19
10442.8510 3.66446e-19 1.59143e-19
10443.9370 3.22661e-19 1.59339e-19
10445.0230 5.04258e-19 1.64093e-19
10446.1090 2.80970e-19 1.92457e-19
10447.1950 2.99949e-19 2.02443e-19
10448.2810 3.93974e-19 1.84435e-19
10449.3670 2.83981e-19 1.97554e-19
10450.4520 2.59562e-19 3.50505e-19
10451.5380 4.09333e-19 6.22367e-19
10452.6240 2.79728e-19 6.82750e-19
10453.7100 -2.21755e-20 -6.83097e-19
10454.7960 8.74737e-19 6.55418e-19
10455.8820 2.81190e-19 4.33477e-19
10456.9680 2.25266e-19 1.99898e-19
10458.0540 6.61075e-19 1.67896e-19
10459.1400 3.07408e-19 1.54156e-19
10460.2260 3.19671e-19 1.56107e-19
10461.3120 2.75612e-19 1.59806e-19
10462.3980 3.59000e-19 1.88307e-19
10463.4840 4.67668e-19 1.90136e-19
10464.5700 4.93297e-19 1.61799e-19
10465.6560 3.60341e-19 1.65797e-19
10466.7420 3.27072e-19 1.70396e-19
10467.8280 6.14059e-19 2.06638e-19
10468.9140 3.42347e-19 5.07260e-19
10470.0000 -2.07348e-18 -9.70460e-19
10471.0860 2.52881e-19 1.06356e-18
10472.1720 -1.14504e-20 -1.06268e-18
10473.2580 1.46328e-18 9.86683e-19
10474.3440 -1.72748e-19 -6.53913e-19
10475.4300 2.53116e-19 2.66297e-19
10476.5160 2.81373e-19 1.81002e-19
10477.6020 7.98120e-19 1.77484e-19
10478.6880 3.29401e-19 1.66901e-19
10479.7740 4.95160e-19 1.63804e-19
10480.8600 3.37332e-19 1.64225e-19
10481.9460 3.59563e-19 1.64159e-19
10483.0320 3.61764e-19 1.66065e-19
10484.1180 3.19939e-19 1.66201e-19
10485.2040 5.35223e-19 1.65517e-19
10486.2900 4.05537e-19 1.65428e-19
10487.3760 8.07958e-20 1.98225e-19
10488.4620 4.50543e-19 2.30404e-19
10489.5480 4.38077e-19 2.38981e-19
10490.6330 5.11106e-19 2.38689e-19
10491.7190 4.66527e-19 2.30980e-19
10492.8050 1.97058e-19 1.86466e-19
10493.8910 1.97103e-19 1.65767e-19
10494.9770 3.40192e-19 1.58763e-19
10496.0630 2.19134e-19 1.62332e-19
10497.1490 5.00141e-19 1.65031e-19
10498.2350 4.51228e-19 1.73726e-19
10499.3210 4.75381e-19 2.03588e-19
10500.4070 2.28841e-19 2.21157e-19
10501.4930 4.25821e-19 2.20852e-19
10502.5790 4.83177e-19 2.17601e-19
10503.6650 4.48290e-19 1.99829e-19
10504.7510 4.50996e-19 1.79377e-19
10505.8370 5.16823e-19 1.85899e-19
10506.9230 5.20604e-19 2.02608e-19
10508.0090 3.27904e-19 2.03276e-19
10509.0950 -1.12064e-19 -3.00614e-19
10510.1810 1.32332e-18 5.12985e-19
10511.2670 4.96666e-19 5.58675e-19
10512.3530 -6.63865e-19 -5.65050e-19
10513.4390 5.51935e-19 5.46789e-19
10514.5250 2.52036e-19 4.03869e-19
10515.6110 3.97697e-19 2.86614e-19
10516.6970 2.58785e-19 2.59171e-19
10517.7830 2.77704e-19 2.45014e-19
10518.8690 1.52342e-19 2.42635e-19
10519.9550 1.87079e-19 2.23204e-19
10521.0410 3.81738e-19 1.91977e-19
10522.1270 6.89997e-19 1.80784e-19
10523.2130 3.82087e-19 1.80565e-19
10524.2990 2.57493e-19 2.83268e-19
10525.3850 9.42643e-19 5.85550e-19
10526.4710 1.14635e-18 7.39257e-19
10527.5570 3.22038e-19 7.57761e-19
10528.6430 2.55402e-19 7.46564e-19
10529.7290 5.88491e-19 5.97950e-19
10530.8140 3.04470e-19 3.03191e-19
10531.9000 2.53497e-19 1.69923e-19
10532.9860 3.90390e-19 1.89049e-19
10534.0720 3.31184e-19 1.85906e-19
10535.1580 3.38368e-19 1.62463e-19
10536.2440 2.80921e-19 1.89202e-19
10537.3300 2.58269e-19 1.94396e-19
10538.4160 -3.75942e-20 -1.63868e-19
10539.5020 5.06051e-19 1.62104e-19
10540.5880 4.02466e-19 1.57303e-19
10541.6740 6.86099e-19 1.67712e-19
10542.7600 4.51122e-19 1.60922e-19
10543.8460 3.48506e-19 1.56039e-19
10544.9320 3.58820e-19 1.60400e-19
10546.0180 3.07422e-19 1.60186e-19
10547.1040 2.96282e-19 1.55332e-19
10548.1900 2.83346e-19 1.56624e-19
10549.2760 2.72485e-19 1.57767e-19
10550.3620 3.98090e-19 1.56572e-19
10551.4480 1.39966e-19 1.60956e-19
10552.5340 3.71999e-19 1.77675e-19
10553.6200 3.65553e-19 1.98334e-19
10554.7060 5.55817e-19 2.06007e-19
10555.7920 8.18694e-19 2.08093e-19
10556.8780 4.06206e-19 1.91893e-19
10557.9640 1.08318e-19 1.66478e-19
10559.0500 3.65254e-19 1.61342e-19
10560.1360 2.30665e-19 1.61349e-19
10561.2220 9.08001e-20 1.58340e-19
10562.3080 2.69919e-19 1.56709e-19
10563.3940 4.18949e-19 1.55553e-19
10564.4800 3.43783e-19 1.54551e-19
10565.5660 3.02941e-19 1.50420e-19
10566.6520 1.38193e-19 1.51737e-19
10567.7380 2.74497e-19 1.52042e-19
10568.8240 2.71650e-19 1.56447e-19
10569.9100 4.24557e-19 1.64039e-19
10570.9950 9.86889e-20 1.63426e-19
10572.0810 1.25344e-19 1.93792e-19
10573.1670 1.57571e-19 3.15186e-19
10574.2530 1.24804e-19 3.76640e-19
10575.3390 1.01170e-19 3.76177e-19
10576.4250 3.05653e-19 3.67969e-19
10577.5110 5.42986e-19 3.02281e-19
10578.5970 2.83207e-19 1.84968e-19
10579.6830 3.67024e-19 1.59768e-19
10580.7690 5.58950e-19 1.63917e-19
10581.8550 4.26884e-19 1.60173e-19
10582.9410 2.79494e-19 1.54751e-19
10584.0270 5.32634e-19 1.56849e-19
10585.1130 4.87478e-19 1.92788e-19
10586.1990 4.87463e-19 3.36816e-19
10587.2850 1.18083e-18 4.66820e-19
10588.3710 1.04708e-18 4.91054e-19
10589.4570 8.01114e-19 4.95607e-19
10590.5430 7.40751e-19 5.08656e-19
10591.6290 9.07679e-19 3.34765e-19
10592.7150 5.41061e-19 2.01143e-19
10593.8010 3.71722e-19 1.77186e-19
10594.8870 1.37293e-19 2.07626e-19
10595.9730 4.52662e-19 2.05446e-19
10597.0590 5.41743e-19 1.76706e-19
10598.1450 6.84353e-19 1.86940e-19
10599.2310 2.45644e-19 1.94774e-19
10600.3170 3.80421e-19 1.98451e-19
10601.4030 2.36818e-19 2.04469e-19
10602.4890 3.92187e-19 2.46860e-19
10603.5750 5.93309e-19 2.89031e-19
10604.6610 7.09772e-19 2.19950e-19
10605.7470 4.44728e-19 1.79021e-19
10606.8330 4.14295e-19 1.67505e-19
10607.9190 8.73423e-19 1.72913e-19
10609.0050 8.45668e-19 1.76052e-19
10610.0900 1.11264e-18 1.84391e-19
10611.1760 7.89738e-19 1.75385e-19
10612.2620 6.04360e-19 1.75749e-19
10613.3480 5.68486e-19 1.77196e-19
10614.4340 5.19907e-19 1.67604e-19
10615.5200 2.96042e-19 1.62000e-19
10616.6060 3.04854e-19 1.55203e-19
10617.6920 2.45587e-19 1.52891e-19
10618.7780 8.46094e-19 1.61001e-19
10619.8640 6.10018e-19 1.60200e-19
10620.9500 2.98583e-19 1.55973e-19
10622.0360 3.25961e-19 1.56713e-19
10623.1220 4.83169e-19 1.64062e-19
10624.2080 3.92966e-19 1.66680e-19
10625.2940 -1.66315e-19 -1.65491e-19
10626.3800 1.64079e-19 1.69053e-19
10627.4660 2.75153e-19 1.65556e-19
10628.5520 5.71942e-19 1.66139e-19
10629.6380 4.15042e-19 1.60457e-19
10630.7240 3.89205e-19 1.57484e-19
10631.8100 3.93716e-19 1.49545e-19
10632.8960 5.51549e-19 1.49361e-19
10633.9820 6.26693e-19 1.55814e-19
10635.0680 3.34430e-19 1.53525e-19
10636.1540 2.61596e-19 1.55013e-19
10637.2400 3.94755e-19 1.55696e-19
10638.3260 6.43733e-19 1.60248e-19
10639.4120 4.13400e-19 1.60907e-19
10640.4980 2.41741e-19 1.81499e-19
10641.5840 5.21546e-19 2.43505e-19
10642.6700 -1.03596e-19 -2.69457e-19
10643.7560 5.27877e-19 2.71283e-19
10644.8420 6.92385e-19 2.65028e-19
10645.9280 4.23675e-19 2.16584e-19
10647.0140 1.57084e-19 1.60466e-19
10648.1000 2.47869e-19 1.48522e-19
10649.1860 3.01746e-19 1.44740e-19
10650.2710 3.95192e-19 1.46567e-19
10651.3570 4.30117e-19 1.60565e-19
10652.4430 5.36126e-19 2.35224e-19
10653.5290 8.32319e-19 3.05112e-19
10654.6150 1.92451e-19 3.24451e-19
10655.7010 -2.08482e-19 -3.23130e-19
10656.7870 3.49375e-19 2.95032e-19
10657.8730 7.21143e-20 2.16288e-19
10658.9590 2.99733e-19 1.54990e-19
10660.0450 2.48221e-19 1.46738e-19
10661.1310 3.89804e-19 1.50736e-19
10662.2170 1.46094e-19 1.44856e-19
10663.3030 3.55044e-19 1.43783e-19
10664.3890 4.36265e-19 1.68684e-19
10665.4750 4.33664e-19 1.67353e-19
10666.5610 4.98121e-19 1.60012e-19
10667.6470 3.94579e-19 1.70963e-19
10668.7330 4.42203e-19 1.73578e-19
10669.8190 1.63626e-19 1.74945e-19
10670.9050 2.96557e-19 1.71896e-19
10671.9910 2.52824e-19 1.61600e-19
10673.0770 4.64727e-19 2.71458e-19
10674.1630 5.29100e-19 2.62034e-19
10675.2490 3.49686e-19 1.53169e-19
10676.3350 2.58875e-19 1.49285e-19
10677.4210 9.07194e-20 1.45854e-19
10678.5070 3.65736e-19 1.49034e-19
10679.5930 4.59574e-19 1.51274e-19
10680.6790 2.68860e-19 2.56577e-19
10681.7650 8.86040e-19 2.77237e-19
10682.8510 6.52068e-19 1.91015e-19
10683.9370 1.07782e-19 2.28433e-19
10685.0230 2.42043e-20 2.94468e-19
10686.1090 2.86954e-19 3.29737e-19
10687.1950 4.95621e-19 3.58241e-19
10688.2810 1.43616e-20 3.90998e-19
10689.3670 2.68137e-19 4.19763e-19
10690.4520 -2.65634e-20 -4.23053e-19
10691.5380 1.17103e-19 4.17809e-19
10692.6240 4.22504e-19 4.07708e-19
10693.7100 4.51139e-19 3.67315e-19
10694.7960 2.03992e-19 3.24353e-19
10695.8820 4.61448e-19 2.96034e-19
10696.9680 7.60635e-19 3.26936e-19
10698.0540 6.25162e-19 4.53569e-19
10699.1400 4.34399e-19 5.06226e-19
10700.2260 4.84281e-19 6.01968e-19
10701.3120 2.28465e-19 6.01128e-19
10702.3980 2.96713e-19 4.27506e-19
10703.4840 1.03444e-18 3.47066e-19
10704.5700 6.57615e-19 4.21177e-19
10705.6560 -2.10187e-19 -4.39342e-19
10706.7420 1.59450e-19 4.17003e-19
10707.8280 1.49771e-19 3.84419e-19
10708.9140 2.86188e-19 2.90264e-19
10710.0000 2.76237e-19 2.41969e-19
10711.0860 3.03049e-19 5.62264e-19
10712.1720 2.87634e-18 8.54527e-19
10713.2580 1.55687e-18 7.61743e-19
10714.3440 1.23588e-18 7.57162e-19
10715.4300 9.34968e-19 6.97165e-19
10716.5160 8.88968e-19 4.67837e-19
10717.6020 -2.62004e-19 -5.82103e-19
10718.6880 7.65005e-19 5.52081e-19
10719.7740 4.11684e-19 3.12835e-19
10720.8600 3.57123e-19 4.09401e-19
10721.9460 3.77464e-19 5.38684e-19
10723.0320 -4.52073e-19 -5.44473e-19
10724.1180 8.72113e-19 5.42684e-19
10725.2040 7.60285e-19 4.95354e-19
10726.2900 3.38650e-19 5.72325e-19
10727.3760 1.06088e-18 4.89407e-19
10728.4620 1.32108e-18 4.38945e-19
10729.5480 1.76182e-18 8.19665e-19
10730.6330 6.66578e-19 9.89405e-19
10731.7190 3.50712e-19 9.81723e-19
10732.8050 3.97847e-19 9.52884e-19
10733.8910 5.93577e-19 7.54157e-19
10734.9770 5.74721e-20 3.31746e-19
10736.0630 3.16950e-20 1.98299e-19
10737.1490 -3.29213e-20 -2.21844e-19
10738.2350 1.47488e-19 2.53829e-19
10739.3210 4.45075e-19 2.57652e-19
10740.4070 8.21476e-19 2.64075e-19
10741.4930 9.13197e-19 2.46844e-19
10742.5790 3.98858e-19 2.49847e-19
10743.6650 5.75338e-20 4.69437e-19
10744.7510 2.46016e-19 6.51623e-19
10745.8370 9.62584e-19 7.02681e-19
10746.9230 1.24061e-18 7.15723e-19
10748.0090 6.99012e-19 1.06376e-18
10749.0950 4.60270e-19 5.90850e-19
10750.1810 4.22088e-19 3.04188e-19
10751.2670 2.40144e-19 6.68141e-19
10752.3530 -5.56979e-19 -1.02097e-18
10753.4390 2.11561e-19 1.08003e-18
10754.5250 1.05580e-18 1.07367e-18
10755.6110 9.68837e-19 9.64166e-19
10756.6970 1.10986e-18 5.68251e-19
10757.7830 4.59370e-19 2.22390e-19
10758.8690 4.42569e-19 1.82071e-19
10759.9550 3.51827e-19 1.72796e-19
10761.0410 4.85974e-19 1.75404e-19
10762.1270 5.90913e-19 1.81719e-19
10763.2130 6.77684e-20 2.05218e-19
10764.2990 3.46109e-19 2.39622e-19
10765.3850 3.52905e-19 2.44324e-19
10766.4710 5.79789e-19 2.40551e-19
10767.5570 4.42134e-19 2.15020e-19
10768.6430 2.55408e-19 1.82402e-19
10769.7290 6.09751e-19 5.99125e-19
10770.8140 3.54180e-19 6.78023e-19
10771.9000 -3.37636e-20 -3.57911e-19
10772.9860 1.04927e-20 5.60699e-19
10774.0720 1.03022e-18 6.76670e-19
10775.1580 7.23890e-19 6.73666e-19
10776.2440 4.78794e-19 6.42158e-19
10777.3300 2.73184e-19 4.95150e-19
10778.4160 1.37585e-19 2.74127e-19
10779.5020 5.91709e-19 1.98974e-19
10780.5880 5.75645e-19 1.68849e-19
10781.6740 2.15754e-19 1.66957e-19
10782.7600 1.77845e-19 1.98597e-19
10783.8460 4.30473e-19 2.02125e-19
10784.9320 3.61945e-19 1.67903e-19
10786.0180 3.44349e-19 1.66450e-19
10787.1040 5.06596e-19 1.63319e-19
10788.1900 5.07582e-19 1.58758e-19
10789.2760 1.45490e-19 1.55648e-19
10790.3620 2.49606e-19 1.53247e-19
10791.4480 5.29901e-19 1.54427e-19
10792.5340 4.13611e-19 1.68511e-19
10793.6200 -2.85651e-20 -2.03275e-19
10794.7060 -6.31033e-20 -2.40088e-19
10795.7920 3.19520e-19 2.60903e-19
10796.8780 3.25573e-19 2.55247e-19
10797.9640 4.48660e-19 2.31813e-19
10799.0500 6.33928e-20 1.96949e-19
10800.1360 2.64126e-20 1.66688e-19
10801.2220 -5.78615e-20 -1.72628e-19
10802.3080 -2.77887e-20 -2.06401e-19
10803.3940 1.54655e-19 2.22716e-19
10804.4800 6.11014e-20 2.24749e-19
10805.5660 -1.27716e-19 -2.24256e-19
10806.6520 1.84636e-19 1.97803e-19
10807.7380 3.82586e-19 1.71440e-19
10808.8240 2.79716e-19 1.95215e-19
10809.9100 4.98098e-19 1.98432e-19
10810.9950 2.06302e-19 1.77565e-19
10812.0810 4.82547e-19 1.83264e-19
10813.1670 4.30117e-19 1.76593e-19
10814.2530 3.57686e-19 1.71189e-19
10815.3390 1.47378e-19 1.70244e-19
10816.4250 2.74783e-19 1.73087e-19
10817.5110 2.50434e-19 1.68739e-19
10818.5970 3.57689e-19 1.60457e-19
10819.6830 3.74392e-19 1.57308e-19
10820.7690 3.16272e-19 1.52157e-19
10821.8550 4.53169e-19 1.52958e-19
10822.9410 1.69288e-19 1.50563e-19
10824.0270 2.90804e-19 1.50825e-19
10825.1130 5.94900e-19 1.57468e-19
10826.1990 3.11012e-19 1.53511e-19
10827.2850 5.80739e-19 1.60010e-19
10828.3710 2.96244e-19 1.83362e-19
10829.4570 2.35941e-20 4.01877e-19
10830.5430 -3.20423e-19 -7.25152e-19
10831.6290 5.36434e-18 1.17803e-18
10832.7150 5.72322e-18 1.65212e-18
10833.8010 8.19603e-20 1.70968e-18
10834.8870 2.69578e-18 1.67586e-18
10835.9730 2.73083e-18 1.47271e-18
10837.0590 2.22024e-19 8.45369e-19
10838.1450 6.22682e-19 3.31698e-19
10839.2310 5.84284e-19 3.33183e-19
10840.3170 3.32435e-19 3.42124e-19
10841.4030 8.84424e-19 4.59720e-19
10842.4890 5.37274e-19 7.87609e-19
10843.5750 3.05304e-19 1.62207e-18
10844.6610 -3.55735e-19 -1.61488e-18
10845.7470 -3.00937e-20 -9.24320e-19
10846.8330 1.75879e-19 7.43646e-19
10847.9190 5.99097e-19 3.52445e-19
10849.0050 4.38257e-19 2.11066e-19
10850.0900 6.39308e-19 1.95665e-19
10851.1760 4.40563e-19 1.66555e-19
10852.2620 4.23763e-19 1.91459e-19
10853.3480 3.50165e-19 2.19481e-19
10854.4340 4.29869e-19 2.29052e-19
10855.5200 4.25055e-19 2.41258e-19
10856.6060 3.28811e-19 3.34447e-19
10857.6920 4.00786e-19 4.90201e-19
10858.7780 7.39558e-19 5.56971e-19
10859.8640 7.55498e-19 5.96891e-19
10860.9500 2.50810e-19 5.68026e-19
10862.0360 6.23611e-19 4.13787e-19
10863.1220 3.79473e-19 2.21981e-19
10864.2080 4.02222e-19 1.64256e-19
10865.2940 4.96372e-19 1.48743e-19
10866.3800 5.26202e-19 1.43608e-19
10867.4660 2.81592e-19 1.40396e-19
10868.5520 9.06665e-20 1.37841e-19
10869.6380 3.70969e-19 1.39495e-19
10870.7240 5.37645e-19 1.48344e-19
10871.8100 2.63234e-19 1.60057e-19
10872.8960 1.24082e-19 1.75735e-19
10873.9820 1.25699e-19 1.94057e-19
10875.0680 3.95134e-19 3.77191e-19
10876.1540 6.62039e-19 4.91805e-19
10877.2400 7.01932e-19 3.40561e-19
10878.3260 -2.05377e-19 -3.69834e-19
10879.4120 -1.95613e-19 -3.55963e-19
10880.4980 -1.43996e-20 -3.32168e-19
10881.5840 -1.66193e-19 -2.72022e-19
10882.6700 1.28218e-19 1.88550e-19
10883.7560 2.86809e-19 1.52595e-19
10884.8420 1.34217e-19 1.75072e-19
10885.9280 4.22081e-19 1.95663e-19
10887.0140 5.97368e-19 2.07004e-19
10888.1000 5.92899e-19 2.08292e-19
10889.1860 3.60245e-19 1.85932e-19
10890.2710 3.42611e-19 1.61835e-19
10891.3570 2.83662e-19 1.46292e-19
10892.4430 4.51694e-19 1.50393e-19
10893.5290 4.46630e-19 1.48924e-19
10894.6150 6.51371e-19 1.73045e-19
10895.7010 5.58633e-19 3.69934e-19
10896.7870 5.53899e-19 6.80543e-19
10897.8730 -3.92049e-20 -7.74761e-19
10898.9590 5.00999e-19 7.76164e-19
10900.0450 6.57769e-19 7.46804e-19
10901.1310 2.37236e-19 5.39864e-19
10902.2170 1.96548e-19 2.52930e-19
10903.3030 2.96800e-19 2.12882e-19
10904.3890 2.67198e-19 2.07905e-19
10905.4750 4.51770e-19 1.91484e-19
10906.5610 5.01342e-19 1.78570e-19
10907.6470 2.64100e-19 1.56673e-19
10908.7330 1.89454e-19 1.41609e-19
10909.8190 2.92283e-19 1.40293e-19
10910.9050 3.42015e-19 1.44110e-19
10911.9910 3.23580e-19 1.44007e-19
10913.0770 2.46026e-19 1.43308e-19
10914.1630 5.03270e-19 1.50248e-19
10915.2490 3.07289e-19 1.46752e-19
10916.3350 4.25126e-19 1.50139e-19
10917.4210 1.76117e-19 1.47472e-19
10918.5070 6.21825e-20 1.47094e-19
10919.5930 4.22599e-19 1.60124e-19
10920.6790 3.96839e-19 1.69414e-19
10921.7650 3.86527e-19 1.88634e-19
10922.8510 -1.96225e-19 -3.54806e-19
10923.9370 -9.53999e-19 -9.14210e-19
10925.0230 3.65945e-19 1.36647e-18
10926.1090 2.84475e-20 1.48344e-18
10927.1950 2.00072e-18 1.45953e-18
10928.2810 2.49977e-18 1.23759e-18
10929.3670 6.69017e-19 6.46067e-19
10930.4520 9.10030e-19 2.57307e-19
10931.5380 2.55646e-19 1.91344e-19
10932.6240 3.99242e-19 1.71013e-19
10933.7100 1.81775e-19 1.69237e-19
10934.7960 9.72604e-20 1.61733e-19
10935.8820 8.72907e-20 1.55706e-19
10936.9680 4.69016e-19 1.58946e-19
10938.0540 2.72931e-19 1.52021e-19
10939.1400 2.59469e-19 1.49900e-19
10940.2260 1.64754e-19 1.52050e-19
10941.3120 5.25221e-19 1.58374e-19
10942.3980 1.02856e-19 1.51902e-19
10943.4840 -3.01425e-20 -1.48891e-19
10944.5700 4.92487e-19 1.49077e-19
10945.6560 2.04123e-19 1.48269e-19
10946.7420 3.90766e-20 1.57844e-19
10947.8280 2.55765e-19 2.63944e-19
10948.9140 -8.10694e-19 -6.37389e-19
10950.0000 -1.16305e-18 -9.06263e-19
10951.0860 -7.67896e-20 -9.25966e-19
10952.1720 1.38156e-18 9.19472e-19
10953.2580 6.08422e-19 7.94347e-19
10954.3440 6.30313e-19 4.18444e-19
10955.4300 5.24459e-19 1.95063e-19
10956.5160 4.01944e-19 1.66857e-19
10957.6020 6.05936e-19 1.54168e-19
10958.6880 2.44803e-19 1.43045e-19
10959.7740 2.87826e-19 1.40353e-19
10960.8600 2.13110e-19 1.39191e-19
10961.9460 1.39768e-19 1.42681e-19
10963.0320 2.38205e-19 1.50092e-19
10964.1180 2.99958e-19 1.66189e-19
10965.2040 4.79188e-19 1.72297e-19
10966.2900 3.57748e-19 1.87659e-19
10967.3760 2.27136e-19 2.10816e-19
10968.4620 4.67962e-20 2.33389e-19
10969.5480 2.10234e-19 2.43026e-19
10970.6330 4.23134e-19 2.49920e-19
10971.7190 2.23526e-19 3.85124e-19
10972.8050 1.69301e-19 9.56271e-19
10973.8910 4.60847e-19 1.45823e-18
10974.9770 1.88296e-18 1.55320e-18
10976.0630 -8.29532e-20 -1.52877e-18
10977.1490 -5.46065e-19 -1.34673e-18
10978.2350 -1.04723e-19 -7.58217e-19
10979.3210 3.04820e-19 3.04816e-19
10980.4070 1.82730e-19 2.26080e-19
10981.4930 3.55694e-19 2.00078e-19
10982.5790 5.86525e-20 1.85096e-19
10983.6650 -1.81101e-19 -2.03835e-19
10984.7510 -2.00342e-19 -2.42831e-19
10985.8370 -4.31441e-19 -2.88193e-19
10986.9230 4.60581e-19 2.85337e-19
10988.0090 6.21746e-19 2.23829e-19
10989.0950 4.18871e-19 1.70174e-19
10990.1810 2.24008e-20 1.51501e-19
10991.2670 5.73343e-19 2.47524e-19
10992.3530 5.44488e-19 2.45469e-19
10993.4390 1.52052e-19 1.72174e-19
10994.5250 2.53272e-19 1.68716e-19
10995.6110 4.40165e-19 1.53484e-19
10996.6970 5.36873e-19 1.51913e-19
10997.7830 3.11817e-19 1.50427e-19
10998.8690 2.50846e-19 1.45935e-19
10999.9550 2.54020e-19 1.45308e-19
11001.0410 2.39382e-19 1.50890e-19
11002.1270 1.98026e-19 2.69770e-19
11003.2130 5.69882e-19 2.81083e-19
11004.2990 2.27266e-19 1.67870e-19
11005.3850 5.87964e-19 1.98985e-19
11006.4710 2.58945e-19 4.44488e-19
11007.5570 6.81149e-20 7.64533e-19
11008.6430 1.03888e-19 8.46129e-19
11009.7290 1.43362e-19 8.63431e-19
11010.8140 7.38426e-19 8.04497e-19
11011.9000 -5.81774e-19 -5.30836e-19
11012.9860 6.80221e-20 3.75364e-19
11014.0720 3.28616e-19 2.79124e-19
11015.1580 2.67795e-19 1.58980e-19
11016.2440 2.62648e-19 1.52949e-19
11017.3300 3.15795e-19 1.49999e-19
11018.4160 4.40533e-19 1.52897e-19
11019.5020 3.07027e-19 1.45643e-19
11020.5880 1.10109e-19 1.45100e-19
11021.6740 5.61920e-19 1.52571e-19
11022.7600 2.73752e-19 1.49399e-19
11023.8460 4.17967e-19 1.53796e-19
11024.9320 1.09312e-19 1.64793e-19
11026.0180 4.44590e-19 2.73046e-19
11027.1040 -1.88326e-18 -7.47040e-19
11028.1900 -3.31571e-18 -1.18553e-18
11029.2760 -2.27226e-18 -1.28952e-18
11030.3620 4.27601e-19 1.29696e-18
11031.4480 1.45748e-18 1.18880e-18
11032.5340 -7.87837e-19 -7.38383e-19
11033.6200 3.36786e-19 2.93877e-19
11034.7060 3.24828e-19 1.84692e-19
11035.7920 2.67425e-19 1.66928e-19
11036.8780 2.44713e-19 1.65874e-19
11037.9640 1.93573e-19 1.70598e-19
11039.0500 -1.00207e-19 -1.82643e-19
11040.1360 -1.33320e-19 -1.92734e-19
11041.2220 2.72571e-19 1.94449e-19
11042.3080 6.30178e-19 3.28127e-19
11043.3940 -1.23855e-19 -3.17859e-19
11044.4800 2.92971e-19 1.75501e-19
11045.5660 3.07911e-19 1.60136e-19
11046.6520 2.56853e-19 1.51587e-19
11047.7380 3.20132e-19 1.47854e-19
11048.8240 3.09234e-19 1.40857e-19
11049.9100 4.62802e-19 1.65079e-19
11050.9950 3.89989e-19 1.71301e-19
11052.0810 2.31485e-19 1.97021e-19
11053.1670 3.88578e-19 2.37839e-19
11054.2530 1.00100e-19 2.45437e-19
11055.3390 2.86739e-19 2.48758e-19
11056.4250 -1.31391e-19 -2.25776e-19
11057.5110 4.54684e-19 1.81626e-19
11058.5970 -9.03173e-22 -1.88541e-19
11059.6830 1.77902e-19 1.83190e-19
11060.7690 2.32542e-19 1.61934e-19
11061.8550 3.55591e-19 1.78136e-19
11062.9410 2.12052e-19 1.94028e-19
11064.0270 2.30949e-19 2.05198e-19
11065.1130 2.42882e-19 2.01246e-19
11066.1990 1.34569e-19 1.86603e-19
11067.2850 4.91168e-20 1.80024e-19
11068.3710 2.10783e-19 1.99900e-19
11069.4570 2.05093e-19 3.25953e-19
11070.5430 6.61131e-19 5.84365e-19
11071.6290 7.26030e-19 6.66304e-19
11072.7150 3.76766e-19 6.80303e-19
11073.8010 6.09344e-19 6.51093e-19
11074.8870 1.59966e-19 4.59161e-19
11075.9730 2.17923e-19 2.07138e-19
11077.0590 2.61357e-19 1.46161e-19
11078.1450 2.91325e-19 1.45943e-19
11079.2310 5.54153e-19 1.44296e-19
11080.3170 1.65807e-20 1.50786e-19
11081.4030 2.61826e-19 1.89925e-19
11082.4890 3.52680e-19 2.29431e-19
11083.5750 1.25226e-19 2.42418e-19
11084.6610 4.22637e-19 2.57200e-19
11085.7470 6.05043e-19 2.62385e-19
11086.8330 -5.58100e-21 -4.08455e-19
11087.9190 -3.39159e-19 -7.75474e-19
11089.0050 1.36059e-18 9.34419e-19
11090.0900 1.18751e-18 9.32265e-19
11091.1760 5.73662e-19 9.08145e-19
11092.2620 -6.08155e-19 -1.21488e-18
11093.3480 6.39896e-19 6.03244e-19
11094.4340 3.14936e-20 1.72711e-19
11095.5200 6.16127e-19 1.53531e-19
11096.6060 3.43911e-19 1.41893e-19
11097.6920 5.68936e-19 1.44864e-19
11098.7780 3.35952e-19 1.40430e-19
11099.8640 4.39786e-19 1.41189e-19
11100.9500 3.02216e-19 1.38362e-19
11102.0360 4.11800e-19 1.42595e-19
11103.1220 4.38718e-19 1.40528e-19
11104.2080 3.78112e-19 1.41050e-19
11105.2940 2.56584e-19 1.49189e-19
11106.3800 1.47997e-19 1.60594e-19
11107.4660 3.78133e-19 1.62943e-19
11108.5520 3.77105e-19 1.67279e-19
11109.6380 4.23718e-19 1.69259e-19
11110.7240 1.16289e-19 1.55570e-19
11111.8100 6.10758e-19 1.58695e-19
11112.8960 4.13681e-19 1.48704e-19
11113.9820 9.77116e-21 1.42974e-19
11115.0680 3.90061e-19 1.49667e-19
11116.1540 5.04636e-19 1.50107e-19
11117.2400 3.39136e-19 1.43186e-19
11118.3260 4.78766e-19 1.45898e-19
11119.4120 4.53652e-19 1.43340e-19
11120.4980 2.76179e-19 1.46926e-19
11121.5840 -3.93322e-20 -1.79325e-19
11122.6700 2.12381e-19 1.98529e-19
11123.7560 3.61279e-19 2.03670e-19
11124.8420 4.46710e-19 2.02772e-19
11125.9280 1.96774e-19 1.78407e-19
11127.0140 1.48460e-19 1.50597e-19
11128.1000 3.72875e-19 1.43216e-19
11129.1860 3.38127e-19 1.48913e-19
11130.2710 6.43882e-19 2.69392e-19
11131.3570 3.56304e-19 2.72777e-19
11132.4430 7.13877e-20 1.49741e-19
11133.5290 1.51346e-19 1.46724e-19
11134.6150 5.31325e-19 1.46619e-19
11135.7010 2.39149e-19 1.46001e-19
11136.7870 2.41288e-21 1.62782e-19
11137.8730 1.68565e-19 2.68373e-19
11138.9590 4.37271e-19 4.62330e-19
11140.0450 4.97826e-19 5.08458e-19
11141.1310 2.82965e-19 4.94031e-19
11142.2170 -2.21160e-19 -4.77406e-19
11143.3030 3.44484e-19 3.58025e-19
11144.3890 4.16684e-19 1.98093e-19
11145.4750 2.10544e-19 1.53200e-19
11146.5610 3.56805e-20 1.52931e-19
11147.6470 1.41924e-19 1.54535e-19
11148.7330 5.53923e-19 1.56759e-19
11149.8190 4.51464e-19 1.65325e-19
11150.9050 7.36361e-19 1.94771e-19
11151.9910 3.86786e-19 2.32358e-19
11153.0770 -2.38584e-19 -4.13671e-19
11154.1630 -9.49254e-21 -6.54777e-19
11155.2490 5.20355e-19 1.34817e-18
11156.3350 7.74624e-19 1.19064e-18
11157.4210 7.42447e-19 6.53532e-19
11158.5070 5.33579e-19 4.82469e-19
11159.5930 4.17846e-19 2.60768e-19
11160.6790 5.92768e-19 1.88278e-19
11161.7650 1.24952e-19 1.97718e-19
11162.8510 9.08765e-19 2.63414e-19
11163.9370 9.92111e-19 3.14383e-19
11165.0230 4.46549e-19 3.48422e-19
11166.1090 1.05936e-19 3.49591e-19
11167.1950 4.06771e-19 3.40654e-19
11168.2810 3.29605e-19 3.19119e-19
11169.3670 2.18025e-19 2.88934e-19
11170.4520 3.45531e-19 2.82235e-19
11171.5380 4.57644e-19 2.98632e-19
11172.6240 7.21551e-19 2.87123e-19
11173.7100 3.54604e-19 2.48480e-19
11174.7960 5.33641e-19 2.15201e-19
11175.8820 1.28188e-19 1.69997e-19
11176.9680 1.02375e-19 1.50037e-19
11178.0540 2.25035e-19 1.53945e-19
11179.1400 5.28651e-19 1.63360e-19
11180.2260 3.87039e-19 1.80125e-19
11181.3120 2.74807e-19 1.87511e-19
11182.3980 6.30582e-20 2.08467e-19
11183.4840 2.27837e-19 2.59314e-19
11184.5700 3.98213e-19 2.25710e-19
11185.6560 7.59008e-19 1.77376e-19
11186.7420 3.48130e-19 1.78414e-19
11187.8280 2.36013e-19 1.98853e-19
11188.9140 7.79843e-19 2.27114e-19
11190.0000 5.83468e-19 2.23378e-19
11191.0860 -5.99057e-20 -2.07701e-19
11192.1720 2.79148e-19 2.15943e-19
11193.2580 1.65860e-19 2.20327e-19
11194.3440 5.84241e-19 2.08336e-19
11195.4300 5.01855e-19 1.88365e-19
11196.5160 1.78156e-19 1.71630e-19
11197.6020 4.82714e-19 1.77963e-19
11198.6880 3.30268e-19 1.97880e-19
11199.7740 3.39190e-20 2.13862e-19
11200.8600 2.10797e-20 1.97561e-19
11201.9460 5.96340e-21 2.09695e-19
11203.0320 2.96502e-19 2.50540e-19
11204.1180 2.36948e-19 2.37429e-19
11205.2040 1.95926e-19 1.94686e-19
11206.2900 5.54646e-19 1.97829e-19
11207.3760 4.60725e-19 2.12837e-19
11208.4620 1.64174e-20 2.22965e-19
11209.5480 -1.45205e-19 -2.40539e-19
11210.6330 -4.88696e-20 -2.58436e-19
11211.7190 5.20680e-19 3.11812e-19
11212.8050 1.47083e-19 4.91899e-19
11213.8910 3.62741e-19 5.60027e-19
11214.9770 3.34782e-19 4.50589e-19
11216.0630 4.59206e-19 4.06716e-19
11217.1490 9.45666e-19 3.79470e-19
11218.2350 6.65313e-19 3.32324e-19
11219.3210 1.53350e-19 6.11572e-19
11220.4070 3.16756e-19 5.14179e-19
11221.4930 -1.08443e-19 -2.46537e-19
11222.5790 3.98944e-19 2.96700e-19
11223.6650 3.25192e-19 3.82029e-19
11224.7510 -5.40200e-19 -8.49628e-19
11225.8370 8.80006e-20 1.21494e-18
11226.9230 6.35784e-19 8.53751e-19
11228.0090 -2.23835e-19 -7.28249e-19
11229.0950 -3.32855e-19 -5.74654e-19
11230.1810 4.92357e-19 4.38838e-19
11231.2670 1.81286e-19 3.05898e-19
11232.3530 3.49190e-19 2.50212e-19
11233.4390 5.48542e-19 2.64806e-19
11234.5250 3.53594e-19 3.28994e-19
11235.6110 4.86966e-19 4.42256e-19
11236.6970 -2.34033e-19 -4.43754e-19
11237.7830 -7.82415e-19 -3.60305e-19
