lambda f_lambda fErr_lambda
9139.667900000377 4.83642737499692e-19 0.0
9140.753900000376 4.83642737499692e-19 0.0
9141.839900000376 4.83642737499692e-19 0.0
9142.925900000375 4.83642737499692e-19 0.0
9144.011900000374 4.83642737499692e-19 0.0
9145.097900000374 4.83642737499692e-19 0.0
9146.183900000373 4.83642737499692e-19 0.0
9147.269900000372 4.83642737499692e-19 0.0
9148.355900000372 4.83642737499692e-19 0.0
9149.44190000037 4.83642737499692e-19 0.0
9150.52790000037 4.83642737499692e-19 0.0
9151.61390000037 4.83642737499692e-19 0.0
9152.699900000369 4.83642737499692e-19 0.0
9153.785900000368 4.83642737499692e-19 0.0
9154.871900000368 4.83642737499692e-19 0.0
9155.957900000367 4.83642737499692e-19 0.0
9157.043900000366 4.83642737499692e-19 0.0
9158.129900000366 4.83642737499692e-19 0.0
9159.215900000365 4.83642737499692e-19 0.0
9160.301900000364 4.83642737499692e-19 0.0
9161.387900000364 4.83642737499692e-19 0.0
9162.473900000363 4.83642737499692e-19 0.0
9163.559900000362 4.83642737499692e-19 0.0
9164.645900000362 4.83642737499692e-19 0.0
9165.73190000036 4.83642737499692e-19 0.0
9166.81790000036 4.83642737499692e-19 0.0
9167.90390000036 4.83642737499692e-19 0.0
9168.989900000359 4.83642737499692e-19 0.0
9170.075900000358 4.83642737499692e-19 0.0
9171.161900000357 4.83642737499692e-19 0.0
9172.247900000357 4.83642737499692e-19 0.0
9173.333900000356 4.83642737499692e-19 0.0
9174.419900000355 4.83642737499692e-19 0.0
9175.505900000355 4.83642737499692e-19 0.0
9176.591900000354 4.83642737499692e-19 0.0
9177.677900000353 4.83642737499692e-19 0.0
9178.763900000353 4.83642737499692e-19 0.0
9179.849900000352 4.83642737499692e-19 0.0
9180.935900000351 4.83642737499692e-19 0.0
9182.02190000035 4.83642737499692e-19 0.0
9183.10790000035 4.83642737499692e-19 0.0
9184.19390000035 4.83642737499692e-19 0.0
9185.279900000349 4.83642737499692e-19 0.0
9186.365900000348 4.83642737499692e-19 0.0
9187.451900000347 4.83642737499692e-19 0.0
9188.537900000347 4.83642737499692e-19 0.0
9189.623900000346 4.83642737499692e-19 0.0
9190.709900000345 4.83642737499692e-19 0.0
9191.795900000345 4.83642737499692e-19 0.0
9192.881900000344 4.83642737499692e-19 0.0
9193.967900000343 4.83642737499692e-19 0.0
9195.053900000343 4.83642737499692e-19 0.0
9196.139900000342 4.83642737499692e-19 0.0
9197.225900000341 4.83642737499692e-19 0.0
9198.31190000034 4.83642737499692e-19 0.0
9199.39790000034 4.83642737499692e-19 0.0
9200.48390000034 4.83642737499692e-19 0.0
9201.569900000339 4.83642737499692e-19 0.0
9202.655900000338 4.83642737499692e-19 0.0
9203.741900000337 4.83642737499692e-19 0.0
9204.827900000337 4.83642737499692e-19 0.0
9205.913900000336 4.83642737499692e-19 0.0
9206.999900000335 4.83642737499692e-19 0.0
9208.085900000335 4.83642737499692e-19 0.0
9209.171900000334 4.83642737499692e-19 0.0
9210.257900000333 4.83642737499692e-19 0.0
9211.343900000333 4.83642737499692e-19 0.0
9212.429900000332 4.83642737499692e-19 0.0
9213.515900000331 4.83642737499692e-19 0.0
9214.60190000033 4.83642737499692e-19 0.0
9215.68790000033 4.83642737499692e-19 0.0
9216.77390000033 4.83642737499692e-19 0.0
9217.859900000329 4.83642737499692e-19 0.0
9218.945900000328 4.83642737499692e-19 0.0
9220.031900000327 4.83642737499692e-19 0.0
9221.117900000327 4.83642737499692e-19 0.0
9222.203900000326 4.83642737499692e-19 0.0
9223.289900000325 4.83642737499692e-19 0.0
9224.375900000325 4.83642737499692e-19 0.0
9225.461900000324 4.83642737499692e-19 0.0
9226.547900000323 4.83642737499692e-19 0.0
9227.633900000323 4.83642737499692e-19 0.0
9228.719900000322 4.83642737499692e-19 0.0
9229.805900000321 4.83642737499692e-19 0.0
9230.89190000032 4.83642737499692e-19 0.0
9231.97790000032 4.83642737499692e-19 0.0
9233.06390000032 4.83642737499692e-19 0.0
9234.149900000319 4.83642737499692e-19 0.0
9235.235900000318 4.83642737499692e-19 0.0
9236.321900000317 4.83642737499692e-19 0.0
9237.407900000317 4.83642737499692e-19 0.0
9238.493900000316 4.83642737499692e-19 0.0
9239.579900000315 4.83642737499692e-19 0.0
9240.665900000315 4.83642737499692e-19 0.0
9241.751900000314 4.83642737499692e-19 0.0
9242.837900000313 4.83642737499692e-19 0.0
9243.923900000313 4.83642737499692e-19 0.0
9245.009900000312 4.83642737499692e-19 0.0
9246.095900000311 4.83642737499692e-19 0.0
9247.18190000031 4.83642737499692e-19 0.0
9248.26790000031 4.83642737499692e-19 0.0
9249.35390000031 4.83642737499692e-19 0.0
9250.439900000309 4.83642737499692e-19 0.0
9251.525900000308 4.83642737499692e-19 0.0
9252.611900000307 4.83642737499692e-19 0.0
9253.697900000307 4.83642737499692e-19 0.0
9254.783900000306 4.83642737499692e-19 0.0
9255.869900000305 4.83642737499692e-19 0.0
9256.955900000305 4.83642737499692e-19 0.0
9258.041900000304 4.83642737499692e-19 0.0
9259.127900000303 4.83642737499692e-19 0.0
9260.213900000303 4.83642737499692e-19 0.0
9261.299900000302 4.83642737499692e-19 0.0
9262.385900000301 4.83642737499692e-19 0.0
9263.4719000003 4.83642737499692e-19 0.0
9264.5579000003 4.83642737499692e-19 0.0
9265.6439000003 4.83642737499692e-19 0.0
9266.729900000299 4.83642737499692e-19 0.0
9267.815900000298 4.83642737499692e-19 0.0
9268.901900000297 4.83642737499692e-19 0.0
9269.987900000297 4.83642737499692e-19 0.0
9271.073900000296 4.83642737499692e-19 0.0
9272.159900000295 4.83642737499692e-19 0.0
9273.245900000295 4.83642737499692e-19 0.0
9274.331900000294 4.83642737499692e-19 0.0
9275.417900000293 4.83642737499692e-19 0.0
9276.503900000293 4.83642737499692e-19 0.0
9277.589900000292 4.83642737499692e-19 0.0
9278.675900000291 4.83642737499692e-19 0.0
9279.76190000029 4.83642737499692e-19 0.0
9280.84790000029 4.83642737499692e-19 0.0
9281.93390000029 4.83642737499692e-19 0.0
9283.019900000289 4.83642737499692e-19 0.0
9284.105900000288 4.83642737499692e-19 0.0
9285.191900000287 4.83642737499692e-19 0.0
9286.277900000287 4.83642737499692e-19 0.0
9287.363900000286 4.83642737499692e-19 0.0
9288.449900000285 4.83642737499692e-19 0.0
9289.535900000285 4.83642737499692e-19 0.0
9290.621900000284 4.83642737499692e-19 0.0
9291.707900000283 4.83642737499692e-19 0.0
9292.793900000283 4.83642737499692e-19 0.0
9293.879900000282 4.83642737499692e-19 0.0
9294.965900000281 4.83642737499692e-19 0.0
9296.05190000028 4.83642737499692e-19 0.0
9297.13790000028 4.83642737499692e-19 0.0
9298.22390000028 4.83642737499692e-19 0.0
9299.309900000279 4.83642737499692e-19 0.0
9300.395900000278 4.83642737499692e-19 0.0
9301.481900000277 4.83642737499692e-19 0.0
9302.567900000276 4.83642737499692e-19 0.0
9303.653900000276 4.83642737499692e-19 0.0
9304.739900000275 4.83642737499692e-19 0.0
9305.825900000274 4.83642737499692e-19 0.0
9306.911900000274 4.83642737499692e-19 0.0
9307.997900000273 4.83642737499692e-19 0.0
9309.083900000272 4.83642737499692e-19 0.0
9310.169900000272 4.83642737499692e-19 0.0
9311.255900000271 4.83642737499692e-19 0.0
9312.34190000027 4.83642737499692e-19 0.0
9313.42790000027 4.83642737499692e-19 0.0
9314.51390000027 4.83642737499692e-19 0.0
9315.599900000268 4.83642737499692e-19 0.0
9316.685900000268 4.83642737499692e-19 0.0
9317.771900000267 4.83642737499692e-19 0.0
9318.857900000266 4.83642737499692e-19 0.0
9319.943900000266 4.83642737499692e-19 0.0
9321.029900000265 4.83642737499692e-19 0.0
9322.115900000264 4.83642737499692e-19 0.0
9323.201900000264 4.83642737499692e-19 0.0
9324.287900000263 4.83642737499692e-19 0.0
9325.373900000262 4.83642737499692e-19 0.0
9326.459900000262 4.83642737499692e-19 0.0
9327.545900000261 4.83642737499692e-19 0.0
9328.63190000026 4.83642737499692e-19 0.0
9329.71790000026 4.83642737499692e-19 0.0
9330.80390000026 4.83642737499692e-19 0.0
9331.889900000258 4.83642737499692e-19 0.0
9332.975900000258 4.83642737499692e-19 0.0
9334.061900000257 4.83642737499692e-19 0.0
9335.147900000256 4.83642737499692e-19 0.0
9336.233900000256 4.83642737499692e-19 0.0
9337.319900000255 4.83642737499692e-19 0.0
9338.405900000254 4.83642737499692e-19 0.0
9339.491900000254 4.83642737499692e-19 0.0
9340.577900000253 4.83642737499692e-19 0.0
9341.663900000252 4.83642737499692e-19 0.0
9342.749900000252 4.83642737499692e-19 0.0
9343.835900000251 4.83642737499692e-19 0.0
9344.92190000025 4.83642737499692e-19 0.0
9346.00790000025 4.83642737499692e-19 0.0
9347.093900000249 4.83642737499692e-19 0.0
9348.179900000248 4.83642737499692e-19 0.0
9349.265900000248 4.83642737499692e-19 0.0
9350.351900000247 4.83642737499692e-19 0.0
9351.437900000246 4.83642737499692e-19 0.0
9352.523900000246 4.83642737499692e-19 0.0
9353.609900000245 4.83642737499692e-19 0.0
9354.695900000244 4.83642737499692e-19 0.0
9355.781900000244 4.83642737499692e-19 0.0
9356.867900000243 4.83642737499692e-19 0.0
9357.953900000242 4.83642737499692e-19 0.0
9359.039900000242 4.83642737499692e-19 0.0
9360.125900000241 4.83642737499692e-19 0.0
9361.21190000024 4.83642737499692e-19 0.0
9362.29790000024 4.83642737499692e-19 0.0
9363.383900000239 4.83642737499692e-19 0.0
9364.469900000238 4.83642737499692e-19 0.0
9365.555900000238 4.83642737499692e-19 0.0
9366.641900000237 4.83642737499692e-19 0.0
9367.727900000236 4.83642737499692e-19 0.0
9368.813900000236 4.83642737499692e-19 0.0
9369.899900000235 4.83642737499692e-19 0.0
9370.985900000234 4.83642737499692e-19 0.0
9372.071900000234 4.83642737499692e-19 0.0
9373.157900000233 4.83642737499692e-19 0.0
9374.243900000232 4.83642737499692e-19 0.0
9375.329900000232 4.83642737499692e-19 0.0
9376.415900000231 4.83642737499692e-19 0.0
9377.50190000023 4.83642737499692e-19 0.0
9378.58790000023 4.83642737499692e-19 0.0
9379.673900000229 4.83642737499692e-19 0.0
9380.759900000228 4.83642737499692e-19 0.0
9381.845900000228 4.83642737499692e-19 0.0
9382.931900000227 4.83642737499692e-19 0.0
9384.017900000226 4.83642737499692e-19 0.0
9385.103900000226 4.83642737499692e-19 0.0
9386.189900000225 4.83642737499692e-19 0.0
9387.275900000224 4.83642737499692e-19 0.0
9388.361900000224 4.83642737499692e-19 0.0
9389.447900000223 4.83642737499692e-19 0.0
9390.533900000222 4.83642737499692e-19 0.0
9391.619900000222 4.83642737499692e-19 0.0
9392.705900000221 4.83642737499692e-19 0.0
9393.79190000022 4.83642737499692e-19 0.0
9394.87790000022 4.83642737499692e-19 0.0
9395.963900000219 4.83642737499692e-19 0.0
9397.049900000218 4.83642737499692e-19 0.0
9398.135900000218 4.83642737499692e-19 0.0
9399.221900000217 4.83642737499692e-19 0.0
9400.307900000216 4.83642737499692e-19 0.0
9401.393900000216 4.83642737499692e-19 0.0
9402.479900000215 4.83642737499692e-19 0.0
9403.565900000214 4.83642737499692e-19 0.0
9404.651900000214 4.83642737499692e-19 0.0
9405.737900000213 4.83642737499692e-19 0.0
9406.823900000212 4.83642737499692e-19 0.0
9407.909900000212 4.83642737499692e-19 0.0
9408.99590000021 4.83642737499692e-19 0.0
9410.08190000021 4.83642737499692e-19 0.0
9411.16790000021 4.83642737499692e-19 0.0
9412.253900000209 4.83642737499692e-19 0.0
9413.339900000208 4.83642737499692e-19 0.0
9414.425900000208 4.83642737499692e-19 0.0
9415.511900000207 4.83642737499692e-19 0.0
9416.597900000206 4.83642737499692e-19 0.0
9417.683900000206 4.83642737499692e-19 0.0
9418.769900000205 4.83642737499692e-19 0.0
9419.855900000204 4.83642737499692e-19 0.0
9420.941900000204 4.83642737499692e-19 0.0
9422.027900000203 4.83642737499692e-19 0.0
9423.113900000202 4.83642737499692e-19 0.0
9424.199900000202 4.83642737499692e-19 0.0
9425.2859000002 4.83642737499692e-19 0.0
9426.3719000002 4.83642737499692e-19 0.0
9427.4579000002 4.83642737499692e-19 0.0
9428.543900000199 4.83642737499692e-19 0.0
9429.629900000198 4.83642737499692e-19 0.0
9430.715900000198 4.83642737499692e-19 0.0
9431.801900000197 4.83642737499692e-19 0.0
9432.887900000196 4.83642737499692e-19 0.0
9433.973900000195 4.83642737499692e-19 0.0
9435.059900000195 4.83642737499692e-19 0.0
9436.145900000194 4.83642737499692e-19 0.0
9437.231900000193 4.83642737499692e-19 0.0
9438.317900000193 4.83642737499692e-19 0.0
9439.403900000192 4.83642737499692e-19 0.0
9440.489900000191 4.83642737499692e-19 0.0
9441.57590000019 4.83642737499692e-19 0.0
9442.66190000019 4.83642737499692e-19 0.0
9443.74790000019 4.83642737499692e-19 0.0
9444.833900000189 4.83642737499692e-19 0.0
9445.919900000188 4.83642737499692e-19 0.0
9447.005900000187 4.83642737499692e-19 0.0
9448.091900000187 4.83642737499692e-19 0.0
9449.177900000186 4.83642737499692e-19 0.0
9450.263900000185 4.83642737499692e-19 0.0
9451.349900000185 4.83642737499692e-19 0.0
9452.435900000184 4.83642737499692e-19 0.0
9453.521900000183 4.83642737499692e-19 0.0
9454.607900000183 4.83642737499692e-19 0.0
9455.693900000182 4.83642737499692e-19 0.0
9456.779900000181 4.83642737499692e-19 0.0
9457.86590000018 4.83642737499692e-19 0.0
9458.95190000018 4.83642737499692e-19 0.0
9460.03790000018 4.83642737499692e-19 0.0
9461.123900000179 4.83642737499692e-19 0.0
9462.209900000178 4.83642737499692e-19 0.0
9463.295900000177 4.83642737499692e-19 0.0
9464.381900000177 4.83642737499692e-19 0.0
9465.467900000176 4.83642737499692e-19 0.0
9466.553900000175 4.83642737499692e-19 0.0
9467.639900000175 4.83642737499692e-19 0.0
9468.725900000174 4.83642737499692e-19 0.0
9469.811900000173 4.83642737499692e-19 0.0
9470.897900000173 4.83642737499692e-19 0.0
9471.983900000172 4.83642737499692e-19 0.0
9473.069900000171 4.83642737499692e-19 0.0
9474.15590000017 4.83642737499692e-19 0.0
9475.24190000017 4.83642737499692e-19 0.0
9476.32790000017 4.83642737499692e-19 0.0
9477.413900000169 4.83642737499692e-19 0.0
9478.499900000168 4.83642737499692e-19 0.0
9479.585900000167 4.83642737499692e-19 0.0
9480.671900000167 4.83642737499692e-19 0.0
9481.757900000166 4.83642737499692e-19 0.0
9482.843900000165 4.83642737499692e-19 0.0
9483.929900000165 4.83642737499692e-19 0.0
9485.015900000164 4.83642737499692e-19 0.0
9486.101900000163 4.83642737499692e-19 0.0
9487.187900000163 4.83642737499692e-19 0.0
9488.273900000162 4.83642737499692e-19 0.0
9489.359900000161 4.83642737499692e-19 0.0
9490.44590000016 4.83642737499692e-19 0.0
9491.53190000016 4.83642737499692e-19 0.0
9492.61790000016 4.83642737499692e-19 0.0
9493.703900000159 4.83642737499692e-19 0.0
9494.789900000158 4.83642737499692e-19 0.0
9495.875900000157 4.83642737499692e-19 0.0
9496.961900000157 4.83642737499692e-19 0.0
9498.047900000156 4.83642737499692e-19 0.0
9499.133900000155 4.83642737499692e-19 0.0
9500.219900000155 4.83642737499692e-19 0.0
9501.305900000154 4.83642737499692e-19 0.0
9502.391900000153 4.83642737499692e-19 0.0
9503.477900000153 4.83642737499692e-19 0.0
9504.563900000152 4.83642737499692e-19 0.0
9505.649900000151 4.83642737499692e-19 0.0
9506.73590000015 4.83642737499692e-19 0.0
9507.82190000015 4.83642737499692e-19 0.0
9508.90790000015 4.83642737499692e-19 0.0
9509.993900000149 4.83642737499692e-19 0.0
9511.079900000148 4.83642737499692e-19 0.0
9512.165900000147 4.83642737499692e-19 0.0
9513.251900000147 4.83642737499692e-19 0.0
9514.337900000146 4.83642737499692e-19 0.0
9515.423900000145 4.83642737499692e-19 0.0
9516.509900000145 4.83642737499692e-19 0.0
9517.595900000144 4.83642737499692e-19 0.0
9518.681900000143 4.83642737499692e-19 0.0
9519.767900000143 4.83642737499692e-19 0.0
9520.853900000142 4.83642737499692e-19 0.0
9521.939900000141 4.83642737499692e-19 0.0
9523.02590000014 4.83642737499692e-19 0.0
9524.11190000014 4.83642737499692e-19 0.0
9525.19790000014 4.83642737499692e-19 0.0
9526.283900000139 4.83642737499692e-19 0.0
9527.369900000138 4.83642737499692e-19 0.0
9528.455900000137 4.83642737499692e-19 0.0
9529.541900000137 4.83642737499692e-19 0.0
9530.627900000136 4.83642737499692e-19 0.0
9531.713900000135 4.83642737499692e-19 0.0
9532.799900000135 4.83642737499692e-19 0.0
9533.885900000134 4.83642737499692e-19 0.0
9534.971900000133 4.83642737499692e-19 0.0
9536.057900000133 4.83642737499692e-19 0.0
9537.143900000132 4.83642737499692e-19 0.0
9538.229900000131 4.83642737499692e-19 0.0
9539.31590000013 4.83642737499692e-19 0.0
9540.40190000013 4.83642737499692e-19 0.0
9541.48790000013 4.83642737499692e-19 0.0
9542.573900000129 4.83642737499692e-19 0.0
9543.659900000128 4.83642737499692e-19 0.0
9544.745900000127 4.83642737499692e-19 0.0
9545.831900000127 4.83642737499692e-19 0.0
9546.917900000126 4.83642737499692e-19 0.0
9548.003900000125 4.83642737499692e-19 0.0
9549.089900000125 4.83642737499692e-19 0.0
9550.175900000124 4.83642737499692e-19 0.0
9551.261900000123 4.83642737499692e-19 0.0
9552.347900000123 4.83642737499692e-19 0.0
9553.433900000122 4.83642737499692e-19 0.0
9554.519900000121 4.83642737499692e-19 0.0
9555.60590000012 4.83642737499692e-19 0.0
9556.69190000012 4.83642737499692e-19 0.0
9557.77790000012 4.83642737499692e-19 0.0
9558.863900000119 4.83642737499692e-19 0.0
9559.949900000118 4.83642737499692e-19 0.0
9561.035900000117 4.83642737499692e-19 0.0
9562.121900000117 4.83642737499692e-19 0.0
9563.207900000116 4.83642737499692e-19 0.0
9564.293900000115 4.83642737499692e-19 0.0
9565.379900000115 4.83642737499692e-19 0.0
9566.465900000114 4.83642737499692e-19 0.0
9567.551900000113 4.83642737499692e-19 0.0
9568.637900000112 4.83642737499692e-19 0.0
9569.723900000112 4.83642737499692e-19 0.0
9570.809900000111 4.83642737499692e-19 0.0
9571.89590000011 4.83642737499692e-19 0.0
9572.98190000011 4.83642737499692e-19 0.0
9574.06790000011 4.83642737499692e-19 0.0
9575.153900000108 4.83642737499692e-19 0.0
9576.239900000108 4.83642737499692e-19 0.0
9577.325900000107 4.83642737499692e-19 0.0
9578.411900000106 4.83642737499692e-19 0.0
9579.497900000106 4.83642737499692e-19 0.0
9580.583900000105 4.83642737499692e-19 0.0
9581.669900000104 4.83642737499692e-19 0.0
9582.755900000104 4.83642737499692e-19 0.0
9583.841900000103 4.83642737499692e-19 0.0
9584.927900000102 4.83642737499692e-19 0.0
9586.013900000102 4.83642737499692e-19 0.0
9587.099900000101 4.83642737499692e-19 0.0
9588.1859000001 4.83642737499692e-19 0.0
9589.2719000001 4.83642737499692e-19 0.0
9590.3579000001 4.83642737499692e-19 0.0
9591.443900000098 4.83642737499692e-19 0.0
9592.529900000098 4.83642737499692e-19 0.0
9593.615900000097 4.83642737499692e-19 0.0
9594.701900000096 4.83642737499692e-19 0.0
9595.787900000096 4.83642737499692e-19 0.0
9596.873900000095 4.83642737499692e-19 0.0
9597.959900000094 4.83642737499692e-19 0.0
9599.045900000094 4.83642737499692e-19 0.0
9600.131900000093 4.83642737499692e-19 0.0
9601.217900000092 4.83642737499692e-19 0.0
9602.303900000092 4.83642737499692e-19 0.0
9603.389900000091 4.83642737499692e-19 0.0
9604.47590000009 4.83642737499692e-19 0.0
9605.56190000009 4.83642737499692e-19 0.0
9606.647900000089 4.83642737499692e-19 0.0
9607.733900000088 4.83642737499692e-19 0.0
9608.819900000088 4.83642737499692e-19 0.0
9609.905900000087 4.83642737499692e-19 0.0
9610.991900000086 4.83642737499692e-19 0.0
9612.077900000086 4.83642737499692e-19 0.0
9613.163900000085 4.83642737499692e-19 0.0
9614.249900000084 4.83642737499692e-19 0.0
9615.335900000084 4.83642737499692e-19 0.0
9616.421900000083 4.83642737499692e-19 0.0
9617.507900000082 4.83642737499692e-19 0.0
9618.593900000082 4.83642737499692e-19 0.0
9619.679900000081 4.83642737499692e-19 0.0
9620.76590000008 4.83642737499692e-19 0.0
9621.85190000008 4.83642737499692e-19 0.0
9622.937900000079 4.83642737499692e-19 0.0
9624.023900000078 4.83642737499692e-19 0.0
9625.109900000078 4.83642737499692e-19 0.0
9626.195900000077 4.83642737499692e-19 0.0
9627.281900000076 4.83642737499692e-19 0.0
9628.367900000076 4.83642737499692e-19 0.0
9629.453900000075 4.83642737499692e-19 0.0
9630.539900000074 4.83642737499692e-19 0.0
9631.625900000074 4.83642737499692e-19 0.0
9632.711900000073 4.83642737499692e-19 0.0
9633.797900000072 4.83642737499692e-19 0.0
9634.883900000072 4.83642737499692e-19 0.0
9635.969900000071 4.83642737499692e-19 0.0
9637.05590000007 4.83642737499692e-19 0.0
9638.14190000007 4.83642737499692e-19 0.0
9639.227900000069 4.83642737499692e-19 0.0
9640.313900000068 4.83642737499692e-19 0.0
9641.399900000068 4.83642737499692e-19 0.0
9642.485900000067 4.83642737499692e-19 0.0
9643.571900000066 4.83642737499692e-19 0.0
9644.657900000066 4.83642737499692e-19 0.0
9645.743900000065 4.83642737499692e-19 0.0
9646.829900000064 4.83642737499692e-19 0.0
9647.915900000064 4.83642737499692e-19 0.0
9649.001900000063 4.83642737499692e-19 0.0
9650.087900000062 4.83642737499692e-19 0.0
9651.173900000062 4.83642737499692e-19 0.0
9652.259900000061 4.83642737499692e-19 0.0
9653.34590000006 4.83642737499692e-19 0.0
9654.43190000006 4.83642737499692e-19 0.0
9655.517900000059 4.83642737499692e-19 0.0
9656.603900000058 4.83642737499692e-19 0.0
9657.689900000058 4.83642737499692e-19 0.0
9658.775900000057 4.83642737499692e-19 0.0
9659.861900000056 4.83642737499692e-19 0.0
9660.947900000056 4.83642737499692e-19 0.0
9662.033900000055 4.83642737499692e-19 0.0
9663.119900000054 4.83642737499692e-19 0.0
9664.205900000054 4.83642737499692e-19 0.0
9665.291900000053 4.83642737499692e-19 0.0
9666.377900000052 4.83642737499692e-19 0.0
9667.463900000052 4.83642737499692e-19 0.0
9668.549900000051 4.83642737499692e-19 0.0
9669.63590000005 4.83642737499692e-19 0.0
9670.72190000005 4.83642737499692e-19 0.0
9671.807900000049 4.83642737499692e-19 0.0
9672.893900000048 4.83642737499692e-19 0.0
9673.979900000048 4.83642737499692e-19 0.0
9675.065900000047 4.83642737499692e-19 0.0
9676.151900000046 4.83642737499692e-19 0.0
9677.237900000046 4.83642737499692e-19 0.0
9678.323900000045 4.83642737499692e-19 0.0
9679.409900000044 4.83642737499692e-19 0.0
9680.495900000044 4.83642737499692e-19 0.0
9681.581900000043 4.83642737499692e-19 0.0
9682.667900000042 4.83642737499692e-19 0.0
9683.753900000042 4.83642737499692e-19 0.0
9684.83990000004 4.83642737499692e-19 0.0
9685.92590000004 4.83642737499692e-19 0.0
9687.01190000004 4.83642737499692e-19 0.0
9688.097900000039 4.83642737499692e-19 0.0
9689.183900000038 4.83642737499692e-19 0.0
9690.269900000038 4.83642737499692e-19 0.0
9691.355900000037 4.83642737499692e-19 0.0
9692.441900000036 4.83642737499692e-19 0.0
9693.527900000036 4.83642737499692e-19 0.0
9694.613900000035 4.83642737499692e-19 0.0
9695.699900000034 4.83642737499692e-19 0.0
9696.785900000034 4.83642737499692e-19 0.0
9697.871900000033 4.83642737499692e-19 0.0
9698.957900000032 4.83642737499692e-19 0.0
9700.043900000031 4.83642737499692e-19 0.0
9701.12990000003 4.83642737499692e-19 0.0
9702.21590000003 4.83642737499692e-19 0.0
9703.30190000003 4.83642737499692e-19 0.0
9704.387900000029 4.83642737499692e-19 0.0
9705.473900000028 4.83642737499692e-19 0.0
9706.559900000027 4.83642737499692e-19 0.0
9707.645900000027 4.83642737499692e-19 0.0
9708.731900000026 4.83642737499692e-19 0.0
9709.817900000025 4.83642737499692e-19 0.0
9710.903900000025 4.83642737499692e-19 0.0
9711.989900000024 4.83642737499692e-19 0.0
9713.075900000023 4.83642737499692e-19 0.0
9714.161900000023 4.83642737499692e-19 0.0
9715.247900000022 4.83642737499692e-19 0.0
9716.333900000021 4.83642737499692e-19 0.0
9717.41990000002 4.83642737499692e-19 0.0
9718.50590000002 4.83642737499692e-19 0.0
9719.59190000002 4.83642737499692e-19 0.0
9720.677900000019 4.83642737499692e-19 0.0
9721.763900000018 4.83642737499692e-19 0.0
9722.849900000017 4.83642737499692e-19 0.0
9723.935900000017 4.83642737499692e-19 0.0
9725.021900000016 4.83642737499692e-19 0.0
9726.107900000015 4.83642737499692e-19 0.0
9727.193900000015 4.83642737499692e-19 0.0
9728.279900000014 4.83642737499692e-19 0.0
9729.365900000013 4.83642737499692e-19 0.0
9730.451900000013 4.83642737499692e-19 0.0
9731.537900000012 4.83642737499692e-19 0.0
9732.623900000011 4.83642737499692e-19 0.0
9733.70990000001 4.83642737499692e-19 0.0
9734.79590000001 4.83642737499692e-19 0.0
9735.88190000001 4.83642737499692e-19 0.0
9736.967900000009 4.83642737499692e-19 0.0
9738.053900000008 4.83642737499692e-19 0.0
9739.139900000007 4.83642737499692e-19 0.0
9740.225900000007 4.83642737499692e-19 0.0
9741.311900000006 4.83642737499692e-19 0.0
9742.397900000005 4.83642737499692e-19 0.0
9743.483900000005 4.83642737499692e-19 0.0
9744.569900000004 4.83642737499692e-19 0.0
9745.655900000003 4.83642737499692e-19 0.0
9746.741900000003 4.83642737499692e-19 0.0
9747.827900000002 4.83642737499692e-19 0.0
9748.913900000001 4.83642737499692e-19 0.0
9749.9999 4.83642737499692e-19 0.0
9751.0859 4.83642737499692e-19 0.0
9752.1719 -2.106359877295505e-18 5.477418601753092e-19
9753.2579 1.1080060590535426e-18 5.028832835051709e-19
9754.3439 1.0522797092503864e-18 5.10196222666854e-19
9755.4299 8.735270286998784e-19 5.199292939125668e-19
9756.5158 -9.690553374938734e-19 4.715761388241063e-19
9757.6018 -2.4331239087892112e-18 4.81513682713832e-19
9758.6878 -3.077642329584787e-19 4.85170550480091e-19
9759.7738 1.3932231792115567e-18 4.873705529035863e-19
9760.8597 -3.759977190917966e-19 5.026284566658104e-19
9761.9457 -1.4929505902539952e-20 4.857907264659383e-19
9763.0317 -1.3028877254824329e-18 4.85996932905812e-19
9764.1176 -2.219794786096806e-18 4.829703872715923e-19
9765.2036 2.502404870515903e-18 4.756245901222255e-19
9766.2896 -1.2991642913534007e-18 4.774735521856485e-19
9767.3756 -6.604844940412418e-19 4.63979109525346e-19
9768.4615 1.9771946917925665e-18 4.585020080506529e-19
9769.5475 1.6206971435508633e-18 4.4761208411703195e-19
9770.6335 2.854265898469861e-19 4.530212071821845e-19
9771.7195 1.4506521812817106e-18 4.496562824499985e-19
9772.8054 1.6381909348736114e-19 4.20557822960154e-19
9773.8914 1.3802914452901495e-18 4.113806626767719e-19
9774.9774 -1.001145017327143e-18 4.1918520397288857e-19
9776.0633 1.143207131844518e-18 3.8429497885021955e-19
9777.1493 -1.3004705810617983e-18 4.129551828489161e-19
9778.2353 -1.3370940781324919e-18 4.0209337206801757e-19
9779.3213 -1.2550810449843316e-19 3.943658157183673e-19
9780.4072 1.3952167239706695e-18 3.8759797218804056e-19
9781.4932 -4.654798127170303e-19 4.279506869152117e-19
9782.5792 8.107865042944172e-19 4.083002628080824e-19
9783.6652 2.1553705183226237e-18 4.234469511831095e-19
9784.7511 2.4890253011539654e-18 4.147353028741613e-19
9785.8371 7.385277183407366e-19 4.035712839297194e-19
9786.9231 4.635238826251776e-19 4.138242157960685e-19
9788.009 -2.7908990081619954e-19 3.9134176636242056e-19
9789.095 2.4426464966581645e-18 4.732380071859356e-19
9790.181 8.3066978326668e-19 7.804397167347783e-19
9791.267 7.386567079578501e-19 1.4486890301910502e-18
9792.3529 -9.097085521712185e-19 2.189500374795261e-18
9793.4389 5.037615923742064e-19 2.3704522717630015e-18
9794.5249 3.3645358755923757e-18 2.355148378175907e-18
9795.6109 5.30537109063248e-19 2.1321039261876486e-18
9796.6968 2.3523626760200247e-19 1.1994316890691568e-18
9797.7828 2.1713290377555495e-18 6.738929592739018e-19
9798.8688 -1.105730970806996e-18 6.195030438180616e-19
9799.9548 -3.5682702469423486e-19 9.2958186377587e-19
9801.0407 3.2576531754894877e-19 1.258193297950722e-18
9802.1267 1.350881572301373e-18 1.2849728752599524e-18
9803.2127 3.112827358940205e-18 1.2942824729759972e-18
9804.2986 -1.2187032873422783e-19 1.2311479943641606e-18
9805.3846 -2.446960366033877e-19 6.962393911830564e-19
9806.4706 1.2265156831785606e-18 4.559633987335681e-19
9807.5566 2.788245630398016e-19 4.6394573880722875e-19
9808.6425 1.5092260003867657e-21 5.342753382709292e-19
9809.7285 -1.3367778301340854e-18 5.658445978111221e-19
9810.8145 8.590176728760058e-20 5.701226884061124e-19
9811.9005 1.0240305419744487e-19 6.484714779413815e-19
9812.9864 3.1782841101174344e-19 7.714096946253529e-19
9814.0724 -1.3304007671368939e-19 7.944363332747134e-19
9815.1584 -1.5301710913309485e-19 8.12997979962627e-19
9816.2443 3.6752174050098485e-19 8.040752174388516e-19
9817.3303 1.6710596306669289e-18 6.65724842002815e-19
9818.4163 2.525814975445412e-18 6.029205125353429e-19
9819.5023 8.120411851796e-19 5.902997491327716e-19
9820.5882 5.098333208528267e-19 5.991138089866658e-19
9821.6742 -2.695848592918741e-19 5.649799710804265e-19
9822.7602 9.302869407937166e-19 4.800301350743788e-19
9823.8462 -9.31551767616569e-19 3.982344811175796e-19
9824.9321 1.0907138202622777e-18 4.0337701698438672e-19
9826.0181 8.446180609317254e-19 3.859799556967691e-19
9827.1041 1.0472811064903635e-19 4.1013508155934724e-19
9828.19 3.7244371805950508e-19 4.65632888359226e-19
9829.276 7.650884679678271e-19 5.1411432989043e-19
9830.362 6.041599195159754e-19 5.597624656906583e-19
9831.448 -1.2761436032459874e-18 5.693207775970837e-19
9832.5339 1.4501022129206333e-18 5.340064944275396e-19
9833.6199 8.640110154401099e-19 4.904715284376081e-19
9834.7059 -8.487713609935403e-19 4.1804470890483447e-19
9835.7919 4.065361305653957e-19 3.865267170873491e-19
9836.8778 8.56276407865096e-19 3.8891391965082577e-19
9837.9638 2.743481124358294e-19 3.8628908683255725e-19
9839.0498 1.9596566000913204e-18 3.8399502655105984e-19
9840.1357 4.86262023372629e-19 3.6926740813431007e-19
9841.2217 1.355795027888813e-18 3.643402036034061e-19
9842.3077 -5.223803702759074e-19 3.685957783375341e-19
9843.3937 1.8994337300323e-18 3.538598855205444e-19
9844.4796 -1.58594707379722e-18 3.66333121646952e-19
9845.5656 1.6346801967875872e-18 3.4982618399878665e-19
9846.6516 1.3438130840839947e-18 3.681093129641294e-19
9847.7376 5.109497866941736e-19 4.794840827390856e-19
9848.8235 -1.5231382402726642e-18 7.8465705800082275e-19
9849.9095 -1.8545969703442103e-18 1.1055367054440127e-18
9850.9955 5.93808062438198e-19 1.1473885211324951e-18
9852.0814 1.8531109691350962e-18 1.129221636070013e-18
9853.1674 -1.0534985096856602e-18 1.0151773231712306e-18
9854.2534 6.947740332785931e-19 5.501277081787276e-19
9855.3394 6.82588360571187e-19 3.805625929627056e-19
9856.4253 6.46933974603904e-19 3.585787628336386e-19
9857.5113 2.221632599689911e-19 3.5809762539557975e-19
9858.5973 3.032128669157343e-19 3.416034455872299e-19
9859.6833 1.1990154852919111e-18 3.5451924924641237e-19
9860.7692 -2.3701381394368384e-19 3.3035075379997274e-19
9861.8552 9.684188836371083e-19 3.396736292335102e-19
9862.9412 -5.366899060302699e-19 3.3792297382808244e-19
9864.0271 1.2557334800437144e-19 3.381734353378147e-19
9865.1131 -3.552832716630608e-19 3.422590362150161e-19
9866.1991 1.149519509468227e-18 3.403937978356798e-19
9867.2851 7.344158619222167e-19 3.2555729139938116e-19
9868.371 1.8507834044411545e-18 3.559354202312034e-19
9869.457 7.658150870918513e-19 3.7631666318284107e-19
9870.543 2.8772663133682597e-19 3.994757070044135e-19
9871.629 1.0157943589479005e-18 6.152150874601324e-19
9872.7149 -1.6772729957497676e-19 1.3598647490592674e-18
9873.8009 -6.7729493340246494e-18 1.892485051939167e-18
9874.8869 8.26575305391643e-19 2.129381788469981e-18
9875.9729 -1.0894836519673032e-18 1.974412284992236e-18
9877.0588 2.2542557884364187e-18 1.5383397687590018e-18
9878.1448 1.210412115336121e-18 6.784034575673938e-19
9879.2308 1.3327121589374356e-18 4.296395837131791e-19
9880.3167 -2.0120445759269133e-19 3.7750801104337254e-19
9881.4027 9.05893092526754e-20 3.437198500583951e-19
9882.4887 1.8760803736248128e-19 3.4306034773857783e-19
9883.5747 -5.185535357365855e-19 3.535889529736455e-19
9884.6606 6.64073642847919e-19 3.814070598293194e-19
9885.7466 -2.1645603015162456e-19 4.0754890915613907e-19
9886.8326 1.3850997387677262e-18 4.703319763250359e-19
9887.9186 -5.135255633707831e-19 5.09799160415754e-19
9889.0045 2.522519805243735e-19 5.026954634543514e-19
9890.0905 6.635189663437081e-19 4.840468780537819e-19
9891.1765 5.189000592440912e-19 4.414629161100545e-19
9892.2624 2.9362794912080827e-19 3.614902273644983e-19
9893.3484 2.2122881109948784e-19 3.6343091414197746e-19
9894.4344 8.913646596789664e-19 5.545819842141778e-19
9895.5204 -1.206452600322941e-18 1.0083126075461453e-18
9896.6063 2.2026813089910602e-18 1.2321023883661547e-18
9897.6923 2.759015213931427e-18 1.3150903631326603e-18
9898.7783 3.702295833783728e-18 1.2702363860443548e-18
9899.8643 2.001814741387834e-18 9.203599548387255e-19
9900.9502 -6.8783652141394205e-19 5.173849824752803e-19
9902.0362 5.000870624552441e-19 4.2954012597441974e-19
9903.1222 -1.3898234709308427e-19 3.9482622660903983e-19
9904.2081 1.7178702595081324e-19 3.968329991052986e-19
9905.2941 4.476083020476853e-19 3.896540030808684e-19
9906.3801 1.2577541091859849e-18 3.556718996562127e-19
9907.4661 -5.234053846682146e-19 4.0733934953416167e-19
9908.552 1.5967442960583021e-18 3.57814091305405e-19
9909.638 1.28209080401622e-18 3.620038195659163e-19
9910.724 1.186836904819926e-18 3.5277036038952815e-19
9911.81 1.8399008830126816e-18 3.678568674980725e-19
9912.8959 9.366349194908822e-19 3.7805797267066527e-19
9913.9819 7.2019842451948295e-19 5.520437445375052e-19
9915.0679 3.1858688556163152e-18 1.1911445234766899e-18
9916.1538 -1.5268929102594208e-18 1.818416694593361e-18
9917.2398 -6.719215906613876e-19 1.911576097598566e-18
9918.3258 2.9447568706721577e-18 1.893940276550262e-18
9919.4118 6.730239914733862e-19 1.5891095140143222e-18
9920.4977 -3.980322529096022e-19 7.203448159192543e-19
9921.5837 -1.272930025964045e-19 4.1779777182502812e-19
9922.6697 1.1823760224717328e-18 3.5511820951407026e-19
9923.7557 3.213743905899438e-19 3.3680879083047337e-19
9924.8416 1.023224657851427e-18 3.2394042165049357e-19
9925.9276 1.020969769633671e-18 3.295956333143351e-19
9927.0136 -1.360836567448612e-19 3.2847212931009525e-19
9928.0995 1.6882654242027974e-18 3.485380655137716e-19
9929.1855 8.464570036398752e-19 3.4447012646381675e-19
9930.2715 -4.610637963693949e-19 3.531892320681848e-19
9931.3575 1.684939084933303e-19 3.511880360325341e-19
9932.4434 -2.310661460160489e-18 3.496591555526078e-19
9933.5294 -1.3018666897451054e-18 3.3615101251508267e-19
9934.6154 6.172751649634168e-19 3.299108768693973e-19
9935.7014 6.634001762560245e-19 3.1630564738756747e-19
9936.7873 5.607888307447576e-19 3.118342926452588e-19
9937.8733 1.6923723080167572e-18 3.2868725345270715e-19
9938.9593 -1.939946817453853e-18 3.5136005661873593e-19
9940.0452 -7.1853362108377565e-19 3.5630365229825915e-19
9941.1312 1.2095134727370247e-18 4.557817247615142e-19
9942.2172 -1.1899662070266717e-18 8.427325738928865e-19
9943.3032 -2.2455851659937867e-18 1.2280724844455927e-18
9944.3891 9.656966505395186e-20 1.3126642951729983e-18
9945.4751 -3.2751291233263647e-19 1.4914910010401032e-18
9946.5611 -2.0236596341210302e-18 1.6824943780323356e-18
9947.6471 -2.1585750311164418e-19 1.7910998949326738e-18
9948.733 2.8411870456202558e-18 1.8902353131393555e-18
9949.819 3.410823024940908e-19 1.8758705505265097e-18
9950.905 2.238651163781129e-18 1.6449801857488598e-18
9951.991 -1.0637548596303508e-18 1.1734327940837942e-18
9953.0769 3.646652700838092e-19 1.0306424951203058e-18
9954.1629 -6.303019526181349e-20 6.545397441641827e-19
9955.2489 -3.381860461367385e-19 4.259289390620904e-19
9956.3348 -3.1022486458894805e-19 6.368845288587049e-19
9957.4208 -1.6307767760881182e-18 1.214472314228872e-18
9958.5068 -1.9554864207453787e-19 1.5131821783805544e-18
9959.5928 -3.9244744501041913e-19 1.5444520591232631e-18
9960.6787 1.835119417416188e-18 1.5520670817846834e-18
9961.7647 2.2216824652344014e-18 1.3374831257263132e-18
9962.8507 1.5831926972040813e-18 1.4423040396182423e-18
9963.9367 -2.3352121251544794e-18 1.5334117589128362e-18
9965.0226 -1.6860510861827046e-18 1.5300001510465016e-18
9966.1086 1.3833551940657237e-18 1.4181431443678101e-18
9967.1946 6.294349613703662e-20 9.210870399361217e-19
9968.2805 1.107100089457487e-18 4.597345552460975e-19
9969.3665 1.7170560781583753e-19 3.6675704938837936e-19
9970.4525 4.569599987593452e-19 3.2613721612967204e-19
9971.5385 -6.022233372128988e-19 3.835325957924696e-19
9972.6244 -2.553792975656902e-19 5.995698275944249e-19
9973.7104 1.1594531483219584e-18 8.022658243906007e-19
9974.7964 -2.193619233919781e-18 8.803103472866527e-19
9975.8824 9.28360508714787e-19 8.767059448953807e-19
9976.9683 -1.0427967831255545e-19 9.017694259364035e-19
9978.0543 -1.1194787287585e-18 6.654331606675303e-19
9979.1403 1.9032185191358655e-19 5.5773274118477e-19
9980.2262 6.755971969641803e-19 5.105514138386032e-19
9981.3122 7.720331424601544e-19 5.194437299798862e-19
9982.3982 -2.0329353962554172e-19 4.962509634090604e-19
9983.4842 -2.2081242351011288e-19 4.354441869030836e-19
9984.5701 1.4113427148059309e-18 3.776251130545024e-19
9985.6561 1.3792767647310426e-18 3.388097079771325e-19
9986.7421 5.087353996724779e-19 3.191333876797896e-19
9987.8281 7.135894852174307e-19 3.1932011433216263e-19
9988.914 4.1937495989223233e-19 3.127910847892621e-19
9990.0 6.811839780777521e-19 3.0804701073522445e-19
9991.086 -5.738550524540424e-19 3.1403552906763004e-19
9992.1719 -2.2131226864008357e-19 3.193212128118628e-19
9993.2579 8.410813173163455e-19 3.2322151933219863e-19
9994.3439 -8.269347028021105e-21 3.2611462000318374e-19
9995.4299 -1.6518303977440152e-18 3.4810388765931893e-19
9996.5158 5.861844909334737e-20 3.228986798603758e-19
9997.6018 5.391958621859903e-19 3.1828004859171176e-19
9998.6878 7.913131644680966e-19 3.2622991768737137e-19
9999.7738 3.084941465149411e-19 4.1930794200987926e-19
10000.86 2.4558839662972074e-19 6.326836026579776e-19
10001.946 6.553301282214333e-19 7.638794232712683e-19
10003.032 -1.2177648954296364e-18 8.149160064047722e-19
10004.118 9.543263581422518e-19 7.811432050220299e-19
10005.204 5.274268947158879e-20 5.865153506261287e-19
10006.29 -4.0879863648370785e-19 3.971518779614996e-19
10007.376 2.2371013509123545e-19 3.4860222898480984e-19
10008.462 2.201740358142854e-19 3.1151852909214937e-19
10009.548 7.320815967219645e-19 3.192081351959303e-19
10010.633 -7.25118475167707e-20 3.531138346529921e-19
10011.719 -6.152982137309429e-19 5.364738469119934e-19
10012.805 -4.4255803944210186e-20 1.0519126830456775e-18
10013.891 -4.339214531496448e-18 1.8091625224913097e-18
10014.977 -1.1743584715693418e-18 2.1385956828676616e-18
10016.063 5.798637349177422e-18 2.177988910581775e-18
10017.149 2.416865765967406e-18 2.034793411278658e-18
10018.235 -2.007606327519146e-18 1.366610693218656e-18
10019.321 -4.918005816450952e-19 7.34791851611599e-19
10020.407 4.1192826464322625e-19 4.202649573616903e-19
10021.493 2.608875336859347e-19 3.896846938756937e-19
10022.579 -1.3062978497657998e-19 4.214694252542295e-19
10023.665 8.390295027605074e-19 4.499607901504442e-19
10024.751 2.207485301635092e-18 5.094048144334941e-19
10025.837 5.013682491557266e-19 8.142206137642513e-19
10026.923 -1.384085882693212e-18 1.1125073523685801e-18
10028.009 -1.6116870535921402e-18 1.1623323625524328e-18
10029.095 -9.300476418765498e-19 1.1599772104083324e-18
10030.181 4.120862966803078e-19 1.0084549974473448e-18
10031.267 3.5323906438532843e-19 5.053986973354834e-19
10032.353 -5.531507124131372e-19 3.658826085375267e-19
10033.439 7.640892542125678e-19 3.3494074193328064e-19
10034.525 8.116961142669739e-19 3.2740140243996936e-19
10035.611 -9.429740858806762e-19 3.271645363044934e-19
10036.697 3.821737200506451e-19 3.397357348038705e-19
10037.783 5.059705855221038e-19 3.533676828501541e-19
10038.869 2.0573330410446498e-19 3.8321108616583727e-19
10039.955 5.054877193699054e-19 3.8190055512830716e-19
10041.041 5.835680009267371e-19 3.625429563885685e-19
10042.127 3.2431965503814105e-19 3.5229668022549723e-19
10043.213 4.1404990898215217e-20 4.1805239884354914e-19
10044.299 3.6998044906253316e-19 6.06359693851266e-19
10045.385 9.229707134313596e-19 7.300470947967088e-19
10046.471 1.893959804551569e-18 7.503992695422106e-19
10047.557 9.878838409256502e-19 7.472619411332751e-19
10048.643 6.900870868923947e-19 6.266429514286204e-19
10049.729 9.830177679147314e-19 3.4654113208907753e-19
10050.814 3.7646535712792655e-19 2.805964309396136e-19
10051.9 -1.0469709031474833e-18 2.8623111647743306e-19
10052.986 -7.158079373460582e-19 2.756401731725606e-19
10054.072 4.601867503530319e-19 2.8428381024572164e-19
10055.158 -1.089981850336242e-19 2.8583659893375186e-19
10056.244 2.1066557229098113e-20 3.280926574378793e-19
10057.33 4.906634979916992e-19 2.8023422534491628e-19
10058.416 5.741352894377873e-19 2.9497483190898916e-19
10059.502 2.4913830766349205e-20 4.086691901079583e-19
10060.588 5.690592453753026e-19 6.231622485091111e-19
10061.674 2.2542285783846206e-18 9.459449048154514e-19
10062.76 1.993938672127868e-18 1.0060205020900245e-18
10063.846 -1.691282828550077e-20 9.678163998232822e-19
10064.932 1.415979738132101e-18 8.966730226233314e-19
10066.018 1.2042662775904344e-20 6.198141836213703e-19
10067.104 -1.48948431925891e-19 4.782724320361169e-19
10068.19 6.333456388069709e-19 4.926146128014443e-19
10069.276 5.121856348764393e-19 5.036428089095763e-19
10070.362 -3.1748285736118723e-19 5.464967391300056e-19
10071.448 8.648870552693458e-19 6.613255727466986e-19
10072.534 3.131879800544086e-19 7.050163044448162e-19
10073.62 5.948096248340814e-19 6.965682572444489e-19
10074.706 9.618401021377696e-19 6.591645295101816e-19
10075.792 2.8209072242244313e-19 5.46298093609879e-19
10076.878 5.093464712728657e-19 3.844159761989213e-19
10077.964 9.032533493509822e-19 3.2770760937714247e-19
10079.05 1.2413230827650697e-18 3.203488772376126e-19
10080.136 5.805755320638742e-19 3.3072944503087934e-19
10081.222 -4.1677285962478344e-19 3.6446335969610863e-19
10082.308 -3.0647640130464473e-19 6.447151335645793e-19
10083.394 2.3827210314526317e-18 1.2884537922791258e-18
10084.48 1.3845945687668599e-18 1.6744969857367756e-18
10085.566 8.453232111244368e-20 1.5976627955985064e-18
10086.652 3.365541700479441e-19 1.528934430022041e-18
10087.738 -3.173098815485305e-18 9.623949480297277e-19
10088.824 -1.4700100099102712e-18 4.519730419774609e-19
10089.91 4.1236786223806534e-19 3.559386876429841e-19
10090.995 1.0418260187717373e-18 3.4288056453759057e-19
10092.081 1.2060838282859628e-18 3.4110061536487167e-19
10093.167 -1.3128828136905382e-18 3.274667873475498e-19
10094.253 2.6233254320473693e-20 3.190241643883518e-19
10095.339 2.6913326163793664e-19 3.145390081622026e-19
10096.425 1.0920940453537044e-18 3.8578458850016723e-19
10097.511 2.6203716701932483e-19 3.470106015280866e-19
10098.597 1.3845225907820356e-20 3.538740498585163e-19
10099.683 -2.0617759211034018e-20 3.7715941726545847e-19
10100.769 4.404303354381122e-19 3.831902918432674e-19
10101.855 -3.4777257083186173e-19 3.979463681873603e-19
10102.941 3.638409059088127e-19 4.13365735100498e-19
10104.027 1.6267789076174989e-18 6.610152927020545e-19
10105.113 -9.45271015445837e-19 9.691215545109074e-19
10106.199 -1.1199368992014922e-18 1.0135133271096495e-18
10107.285 -1.4598436588207697e-18 1.0055610703851042e-18
10108.371 -8.085627425587452e-19 8.447772041634472e-19
10109.457 -8.026164274205423e-19 4.206681306643243e-19
10110.543 6.847288020950279e-19 3.233429557610332e-19
10111.629 1.1295558313728667e-18 2.839750479675648e-19
10112.715 1.0458213526841e-18 2.639116561069823e-19
10113.801 4.963103334794977e-19 2.763259047885027e-19
10114.887 7.529865246721725e-19 2.825805930518122e-19
10115.973 8.788569020191825e-19 2.731886492243524e-19
10117.059 5.087504175481604e-19 2.786093325373687e-19
10118.145 6.387977137834939e-19 2.7727519243255584e-19
10119.231 1.2424724933943161e-18 2.7314085196388866e-19
10120.317 5.586443744349488e-19 2.7758390667667507e-19
10121.403 2.0212772662301363e-19 2.83506720012002e-19
10122.489 5.646344592208433e-19 3.2376431970378747e-19
10123.575 8.444902848298042e-19 5.3396442580698235e-19
10124.661 -1.4000958734166692e-18 1.147643747394931e-18
10125.747 -2.3018555740323956e-19 1.641396967519993e-18
10126.833 3.9528828623519438e-19 1.6677915907460247e-18
10127.919 -6.39872474515129e-19 1.6431741572691546e-18
10129.005 3.998520093402103e-19 1.246006927046902e-18
10130.09 9.265714068567389e-19 5.363898247325454e-19
10131.176 5.759187745279841e-19 3.68976968973935e-19
10132.262 2.4063684468126206e-19 3.474650862867261e-19
10133.348 8.852838772433398e-19 3.8546306465143065e-19
10134.434 8.983285983250361e-19 4.2045845653511255e-19
10135.52 -4.966797322208728e-19 4.453718475060921e-19
10136.606 -5.705833729181189e-19 4.303376280042852e-19
10137.692 2.3827576564946775e-20 3.7330545274030746e-19
10138.778 9.370050384977096e-19 3.137803215050061e-19
10139.864 3.090851660516184e-19 3.016560603317736e-19
10140.95 7.085983069570653e-19 3.0056823630090827e-19
10142.036 5.095557230432587e-19 2.965082300300146e-19
10143.122 4.1920823143566845e-19 3.224183866961011e-19
10144.208 7.75750755823312e-19 4.1104658389981743e-19
10145.294 3.3151539145949707e-19 4.716960164219932e-19
10146.38 -7.574331412635926e-20 4.961304743517829e-19
10147.466 -1.543003055648661e-19 5.290483253247107e-19
10148.552 -3.195266806635245e-20 5.110962138212412e-19
10149.638 -3.385088104232448e-19 5.205013912315453e-19
10150.724 2.1760992840101804e-19 5.257334534134513e-19
10151.81 1.9414703924219303e-19 5.209561862728014e-19
10152.896 -2.0879587300079785e-19 6.645917223923636e-19
10153.982 -6.7937016105434915e-19 9.2001397699165e-19
10155.068 -5.280782789175306e-20 1.0154109130047383e-18
10156.154 2.9012828178913627e-19 1.0346587852331597e-18
10157.24 -1.3656120979316439e-18 9.94596305586716e-19
10158.326 1.0425788133672532e-18 7.362596837390659e-19
10159.412 9.865360814923487e-19 7.013117284200902e-19
10160.498 7.767898394378131e-19 7.422114682475087e-19
10161.584 2.6033797219034036e-20 7.22409334486604e-19
10162.67 3.6360698372159463e-19 6.910845537676992e-19
10163.756 1.0164588323215864e-18 5.264447821981465e-19
10164.842 5.294987512139256e-19 5.039330195350067e-19
10165.928 -3.0296726204421347e-19 5.395053772182924e-19
10167.014 5.726275135631393e-19 5.529686073154478e-19
10168.1 2.207304222408753e-19 5.671132796991636e-19
10169.186 3.03494722533822e-19 5.309060559886757e-19
10170.271 -9.996194609142288e-19 4.563417493981701e-19
10171.357 -1.3728149161843094e-19 6.304944235603447e-19
10172.443 1.3690424786340867e-18 1.2042182130823393e-18
10173.529 -2.0210760570078046e-18 1.7259345754364458e-18
10174.615 -4.1631967984601144e-18 1.7939048650698138e-18
10175.701 1.7964190419014096e-18 1.762864457151962e-18
10176.787 4.079720826716044e-18 1.4593323438445595e-18
10177.873 1.5786540170283436e-18 6.26870932028906e-19
10178.959 1.4774291838500687e-18 3.9790744221238527e-19
10180.045 9.204409970901952e-19 3.4946908022981157e-19
10181.131 -4.744712514251097e-20 4.671152419545645e-19
10182.217 1.5476426843262562e-18 7.489333602449407e-19
10183.303 -8.238547590597531e-19 8.02358406760119e-19
10184.389 -1.7104375896947658e-18 7.721111801344716e-19
10185.475 -2.6902265905078587e-19 7.441578234694013e-19
10186.561 -4.252552438209019e-20 5.833513044331849e-19
10187.647 5.390828621440722e-19 4.2221465961173005e-19
10188.733 1.121382392857788e-18 4.0859589902633276e-19
10189.819 8.442893798330482e-19 6.747856085687414e-19
10190.905 1.1022177720049868e-18 1.3320309107745829e-18
10191.991 -9.624281819737318e-19 1.4401724433099969e-18
10193.077 1.6632973128303665e-19 1.4301889906188128e-18
10194.163 7.136168899453819e-19 1.320894410844442e-18
10195.249 1.2070424719110685e-18 9.85597899918738e-19
10196.335 -8.335459491388597e-20 4.533855040764715e-19
10197.421 1.4584855868054615e-19 3.6799380305298214e-19
10198.507 5.151498250794173e-19 3.535398318255539e-19
10199.593 1.2316679430569486e-18 3.4765209771254036e-19
10200.679 -3.6543856171219036e-19 3.4713837895937504e-19
10201.765 -2.2650913513768595e-20 3.6567285974263503e-19
10202.851 1.1412028999451553e-20 4.939355084341144e-19
10203.937 6.0977305219941385e-19 7.8957429526626015e-19
10205.023 -2.1710686078591796e-19 9.461201670321652e-19
10206.109 1.1437637391791353e-18 9.649466932028802e-19
10207.195 1.7874512629410997e-18 9.48614210209159e-19
10208.281 1.1134303780078565e-18 7.219386143563075e-19
10209.367 1.6358976952402e-18 7.45209865332907e-19
10210.452 -1.1026049942848674e-19 8.944371247271242e-19
10211.538 1.0132639674649793e-18 1.300988935332977e-18
10212.624 -6.925380587396437e-21 1.685944349474272e-18
10213.71 -9.521252299458276e-19 1.6944339727593179e-18
10214.796 -6.28965737552264e-19 1.6629285572481081e-18
10215.882 -1.02580921959871e-18 1.3242381716464267e-18
10216.968 -1.3443529450831205e-19 5.977805880266161e-19
10218.054 2.923533054964833e-19 3.913907883424434e-19
10219.14 1.084784706204425e-19 3.323559960245063e-19
10220.226 2.1623426310028838e-19 3.249090447795629e-19
10221.312 6.787639487905616e-19 3.499198570245962e-19
10222.398 8.895131164422958e-19 3.68319722909028e-19
10223.484 9.773475461632089e-19 3.752665366531091e-19
10224.57 8.051554070941894e-19 3.8711245917433147e-19
10225.656 -1.0797660852340884e-18 5.644531869560426e-19
10226.742 -3.8456765581341966e-19 9.479490041342156e-19
10227.828 6.016751111131819e-19 1.1647175521757379e-18
10228.914 3.0621011064661716e-19 1.1774023686906895e-18
10230.0 9.540349930605637e-19 1.145945231572867e-18
10231.086 -4.963836899841962e-19 1.3042819736172392e-18
10232.172 -6.600609554329292e-19 1.1258071944963822e-18
10233.258 -1.2442301611461876e-18 9.977790441006569e-19
10234.344 2.452942190075284e-20 1.0006402975147653e-18
10235.43 1.4900760667529316e-18 8.5749862628704675e-19
10236.516 7.462465295867283e-19 4.872729563253334e-19
10237.602 1.0858802111863166e-18 3.7999844575002477e-19
10238.688 6.526420923803457e-19 3.395233337271919e-19
10239.774 9.443422344124941e-19 3.105037657359092e-19
10240.86 4.429393274016967e-19 3.0438833640969647e-19
10241.946 3.3486733564257107e-19 2.9597644938152607e-19
10243.032 7.6206650864053e-19 3.025373513432078e-19
10244.118 6.410064410267627e-19 3.0881840270039206e-19
10245.204 9.808731753639637e-19 3.0909737589394565e-19
10246.29 1.295450844659341e-18 3.032914109882489e-19
10247.376 5.66534301832289e-19 3.006278810103117e-19
10248.462 1.3519956605336757e-19 3.117694460701939e-19
10249.548 9.630975991239326e-19 2.935112588933357e-19
10250.633 1.2697202288441343e-18 2.858936658407218e-19
10251.719 8.706587018496681e-19 2.9523862261319684e-19
10252.805 2.12721920959576e-19 2.960031889806105e-19
10253.891 1.617937378827578e-19 2.979134242385481e-19
10254.977 3.7234881562168124e-19 3.3152031478585407e-19
10256.063 6.673800731531902e-19 3.5478971201133463e-19
10257.149 -5.419689209832675e-19 3.4397645650577566e-19
10258.235 -1.4140380690052005e-19 3.426458530768937e-19
10259.321 5.676463096482476e-19 3.4436798957195616e-19
10260.407 9.975607040780013e-19 3.3769271474630845e-19
10261.493 6.091181323758685e-19 3.1469122707496897e-19
10262.579 -1.4957925359980032e-20 3.048903255460302e-19
10263.665 4.53036843796969e-19 3.147226497430966e-19
10264.751 -2.604205772473806e-19 3.1900681650457987e-19
10265.837 1.2583722136670447e-18 3.7065276390230757e-19
10266.923 5.248792568231637e-19 3.7884095222149034e-19
10268.009 -7.10432147193085e-19 3.675522839265084e-19
10269.095 -1.2831234270967174e-19 3.70200070372571e-19
10270.181 5.430159408407601e-19 4.0894759120544515e-19
10271.267 1.2021833028646553e-18 5.262079871480085e-19
10272.353 1.747107672879882e-18 6.333002762011819e-19
10273.439 1.26132294661745e-18 6.832586251274931e-19
10274.525 4.609558670261416e-21 6.855390220638054e-19
10275.611 9.0974827661266e-19 6.410096641929055e-19
10276.697 1.9655849731897334e-19 4.562911909920603e-19
10277.783 7.872529637464668e-19 3.8113722451379186e-19
10278.869 6.668377406660404e-19 3.533878572745641e-19
10279.955 -4.857739840765751e-19 3.445812684302806e-19
10281.041 3.0310770772078357e-19 3.5116997330214293e-19
10282.127 1.2238455457721473e-18 3.391305739330143e-19
10283.213 6.253192239022886e-19 3.3769383693555383e-19
10284.299 8.308094080314988e-20 4.1736297908123684e-19
10285.385 -9.985004568943705e-19 6.761565390639479e-19
10286.471 2.7473146837971105e-18 1.2814190471924529e-18
10287.557 5.097059052813753e-19 2.2851240042466194e-18
10288.643 2.1027367139482132e-18 2.7884540120326964e-18
10289.729 1.0447233800632246e-18 2.8591688310788157e-18
10290.814 8.456409484300688e-21 2.699296855222005e-18
10291.9 4.482694626128819e-18 1.6766256662592583e-18
10292.986 1.6832274966731514e-18 8.256541325830152e-19
10294.072 8.991935430669048e-19 6.513644735053386e-19
10295.158 1.9273661217115158e-19 6.49716174133324e-19
10296.244 9.950714285683377e-19 9.429960804122852e-19
10297.33 2.5982596498390114e-19 1.4523020861372577e-18
10298.416 1.6436934997093029e-18 1.5865094852375197e-18
10299.502 3.6804359636314795e-18 1.5425536535444162e-18
10300.588 4.683578062170978e-19 1.3856113259192658e-18
10301.674 9.591564470500465e-19 7.359550774371896e-19
10302.76 9.517616059928206e-19 4.524465232254889e-19
10303.846 2.484453192673111e-19 3.943579205551165e-19
10304.932 -8.406964016418306e-20 3.884994455046996e-19
10306.018 -5.501599818044613e-20 4.1803237114111725e-19
10307.104 1.3837013336516044e-18 4.360477283049786e-19
10308.19 7.261129072186652e-19 4.387609995412926e-19
10309.276 -6.134322907342264e-19 5.385063126387194e-19
10310.362 -1.145731350069341e-18 7.524620408855725e-19
10311.448 -1.026157651319954e-18 8.966031703123504e-19
10312.534 -1.0457127788376305e-18 9.192354188527854e-19
10313.62 8.44906955635662e-19 8.650390364131e-19
10314.706 -5.601320593577961e-19 6.690886520265215e-19
10315.792 -6.991108245518652e-19 4.0398875117574627e-19
10316.878 -6.096287527845138e-20 3.3901253187577555e-19
10317.964 1.0378938397302277e-19 3.233654860499975e-19
10319.05 3.21934544461812e-20 3.204325927640133e-19
10320.136 -5.367706849188337e-19 3.161285217372533e-19
10321.222 2.928631307555682e-19 3.1611420351896416e-19
10322.308 -1.6440070866785292e-19 3.0754533135745944e-19
10323.394 5.249338154274486e-21 3.193788153132221e-19
10324.48 -7.881237644894535e-19 3.382741632762353e-19
10325.566 3.631729241510593e-19 3.470430110249317e-19
10326.652 8.166612010435243e-19 3.82365755223994e-19
10327.738 3.433145964767327e-19 4.443218486437816e-19
10328.824 2.133889545122888e-18 5.032008604603366e-19
10329.91 2.0870188622753974e-18 5.270904814130093e-19
10330.995 1.357529784188219e-18 5.195173826691656e-19
10332.081 7.002923826199802e-19 4.626911649881696e-19
10333.167 -1.9073002378752194e-19 3.8024112736236364e-19
10334.253 -2.61080950263965e-19 3.21061505915308e-19
10335.339 -5.617570444482594e-19 3.1488779994694143e-19
10336.425 1.8617027467089623e-19 3.127953673014857e-19
10337.511 1.515265794014257e-19 3.055052628213997e-19
10338.597 3.562610787423441e-19 3.1057344572906693e-19
10339.683 2.6056972432132806e-19 3.426403663882034e-19
10340.769 3.4950536112173286e-19 4.493935819195693e-19
10341.855 5.266074763637772e-19 5.320737192018962e-19
10342.941 -1.862837617740123e-19 5.908565651683782e-19
10344.027 5.52688686868315e-19 5.803535520015782e-19
10345.113 7.427295788529573e-19 4.753921161621598e-19
10346.199 7.066672780973431e-19 4.1929164416277434e-19
10347.285 6.763500520659541e-19 6.035644987687288e-19
10348.371 1.0599833253749019e-18 1.0771919877540582e-18
10349.457 3.1706440507785046e-18 1.266436709896878e-18
10350.543 2.2113646801332912e-18 1.288476075551411e-18
10351.629 2.7355699677773916e-18 1.2318149359860247e-18
10352.715 6.1957397525719045e-19 7.63202286437369e-19
10353.801 -7.546368700957117e-19 5.602986013267594e-19
10354.887 -3.343197660676695e-19 5.893419575498259e-19
10355.973 -3.7606759882519055e-19 6.411693938840128e-19
10357.059 -8.047742590607062e-19 6.428570727140837e-19
10358.145 -4.3007051144829486e-19 6.882438875653858e-19
10359.231 3.66174954104002e-19 5.222082364077858e-19
10360.317 9.472653051160594e-19 3.6200674920409564e-19
10361.403 -4.713040578810217e-19 3.187844291023234e-19
10362.489 6.336578534911318e-22 3.0721169843386494e-19
10363.575 1.2516990771082742e-18 3.0422472687341627e-19
10364.661 7.088862075486129e-19 3.103566406543495e-19
10365.747 -2.6265862380476953e-20 3.106165758569943e-19
10366.833 1.1689293856348375e-18 3.125429347136149e-19
10367.919 6.231200771221718e-19 3.127000141151183e-19
10369.005 -1.6881173708352418e-19 3.1861569772867694e-19
10370.09 -3.6789819394986557e-19 3.313228500594791e-19
10371.176 1.55106564495996e-19 3.44505893133884e-19
10372.262 9.88544402090827e-19 5.046030887424026e-19
10373.348 -6.694088630244955e-19 1.1468658910658292e-18
10374.434 -3.284876675481962e-19 2.0432514252087088e-18
10375.52 -1.3032408751392076e-18 2.1898017903911047e-18
10376.606 1.4244022407586175e-20 2.184907792898854e-18
10377.692 6.167895879643036e-19 1.8131596221294257e-18
10378.778 3.4012994583244095e-19 7.720981671132161e-19
10379.864 -7.03554941002133e-20 4.690749986548291e-19
10380.95 -6.155770347966408e-19 3.6595624009655353e-19
10382.036 -3.7449366520138157e-19 3.2740073154669026e-19
10383.122 -3.1845714626872083e-19 3.169071249282434e-19
10384.208 -6.474343728803911e-19 3.1604522632117475e-19
10385.294 -6.534843746142277e-19 3.2055994802484003e-19
10386.38 -2.299442758076326e-19 3.0666386616186404e-19
10387.466 6.586846165765171e-21 3.0768854048873118e-19
10388.552 1.874899415955569e-19 3.123273088866588e-19
10389.638 -7.637179286117995e-19 3.1597459208878616e-19
10390.724 -3.7839492522363023e-19 3.239993470940991e-19
10391.81 6.191952495710902e-19 3.289501400135591e-19
10392.896 -2.492461706429588e-20 3.3053872425286686e-19
10393.982 1.2240677532289229e-18 3.388820397700037e-19
10395.068 -2.4918896854749895e-19 3.5121927806007374e-19
10396.154 -9.665101303178786e-19 4.916731403283413e-19
10397.24 -1.979198361786255e-18 9.335426823941628e-19
10398.326 6.786239157167694e-19 1.3527085290166364e-18
10399.412 5.76772965176941e-19 1.4028046351476217e-18
10400.498 -7.465600173185801e-19 1.4535089113473585e-18
10401.584 6.14171304994622e-19 1.053897210996973e-18
10402.67 5.319990663606531e-19 5.091259719776811e-19
10403.756 3.8571233293624915e-19 3.9181921474482093e-19
10404.842 6.171362257735939e-19 3.660907585844967e-19
10405.928 8.647724320725395e-20 3.5995030123428964e-19
10407.014 -1.1624614732255075e-19 3.4611328614452615e-19
10408.1 4.524217275128117e-19 3.531149100610614e-19
10409.186 -1.4192989444376038e-20 3.771880888817003e-19
10410.271 -8.352276380899411e-19 3.981646590354165e-19
10411.357 1.6244369602550058e-19 4.072254235328303e-19
10412.443 2.800048396601485e-19 4.1238526125953563e-19
10413.529 -8.791079297780036e-19 4.2032541333221593e-19
10414.615 -4.1963691807044405e-19 4.841121737380414e-19
10415.701 5.069688958058215e-19 4.35132319387687e-19
10416.787 3.738294873293707e-19 4.436810105806831e-19
10417.873 1.3720380758128042e-18 6.632502784137871e-19
10418.959 4.0844916302495455e-18 1.3749312366533812e-18
10420.045 -1.0658639480597743e-18 2.1209491217994485e-18
10421.131 -1.2998620098071455e-18 2.215711532266004e-18
10422.217 5.282017657940221e-18 2.2037502145228368e-18
10423.303 1.8688926436514664e-18 1.7360445003147413e-18
10424.389 7.478494995782334e-19 8.13176999218754e-19
10425.475 6.167698598078224e-19 5.796238504258917e-19
10426.561 -1.2103829198287127e-18 5.052811210546607e-19
10427.647 -6.669223414353647e-19 4.564651803111206e-19
10428.733 1.2529299017547012e-19 4.477630871689392e-19
10429.819 8.71229554720408e-19 4.69362981245473e-19
10430.905 -3.867389844992336e-20 4.970449802205474e-19
10431.991 -3.489702910491417e-20 5.064077354400009e-19
10433.077 1.0532866719674047e-18 4.774973044872426e-19
10434.163 8.416714952179863e-19 4.0971028716665854e-19
10435.249 4.777401968417026e-19 3.5891987919399316e-19
10436.335 9.445842816885777e-21 3.3780339172986085e-19
10437.421 -8.180868537919877e-19 3.255020854682507e-19
10438.507 2.4861892103757557e-19 3.2903923673903685e-19
10439.593 1.3288165778135662e-19 3.326855923123302e-19
10440.679 3.514856056250208e-19 3.340172617324245e-19
10441.765 -6.897230401910347e-19 3.28360816932172e-19
10442.851 -7.737747120768414e-19 3.289469589807692e-19
10443.937 8.137958279190824e-19 3.225426611553466e-19
10445.023 4.962258610787672e-20 3.1019652081156534e-19
10446.109 -1.3205230137862316e-18 2.990238706946093e-19
10447.195 -1.7986961384123175e-20 3.0128019553998174e-19
10448.281 -6.025294513517778e-20 3.116695197450107e-19
10449.367 -1.6255749537962643e-20 3.364926580916454e-19
10450.452 7.911408721349722e-19 5.133565316595766e-19
10451.538 1.6595023822495186e-18 9.801170510914138e-19
10452.624 8.805016168645091e-19 1.176679485319326e-18
10453.71 -4.0243096712899756e-19 1.2003093877993009e-18
10454.796 -1.133513822643537e-18 1.1498197639742632e-18
10455.882 7.733467136803605e-19 7.002226377407507e-19
10456.968 1.3940298404244487e-18 3.993463169104123e-19
10458.054 9.913392019040666e-19 3.153733787383232e-19
10459.14 5.555780981675395e-19 2.8848016911777545e-19
10460.226 6.810080167504466e-19 2.7625252370581717e-19
10461.312 5.654209797709574e-19 2.727799830527676e-19
10462.398 1.639680523958255e-19 2.7730300262403303e-19
10463.484 -2.625647607460995e-19 2.877337026467696e-19
10464.57 -2.337729657148399e-19 2.923436835817938e-19
10465.656 6.849285273607562e-19 3.2083552763841556e-19
10466.742 1.587332461803214e-19 3.188701678403002e-19
10467.828 2.4118256678886317e-19 3.6370855181408695e-19
10468.914 8.972051320445484e-19 6.514705176498682e-19
10470.0 -1.227137925393154e-18 1.4862102239659138e-18
10471.086 2.4992130592575754e-19 1.786111924729092e-18
10472.172 -5.359407474769371e-19 1.806099439825615e-18
10473.258 1.1584843955068092e-18 1.7292082120967117e-18
10474.344 5.265933414062597e-19 1.1137591371244269e-18
10475.43 4.602977037107899e-19 5.198260742767892e-19
10476.516 5.584721664345707e-20 3.620820912104615e-19
10477.602 3.361750154255618e-19 3.14070928454888e-19
10478.688 1.0206304405758592e-19 2.9112736071569187e-19
10479.774 -1.6980018751390407e-19 2.864786336923747e-19
10480.86 -5.9688206400877e-20 2.9596069880547743e-19
10481.946 2.569983914685603e-19 2.950668951984183e-19
10483.032 2.701468112423862e-19 2.8346503407234056e-19
10484.118 -2.2193655899472133e-19 2.8249205619847457e-19
10485.204 7.866642498844145e-20 2.8291771955018164e-19
10486.29 7.479076899514318e-19 2.9005692908979513e-19
10487.376 -3.7817836446201015e-20 3.4260006557552165e-19
10488.462 3.622098540978209e-19 4.0210446859230326e-19
10489.548 1.055479736688801e-18 4.1835760352297076e-19
10490.633 -8.322222883946882e-20 4.189800655310173e-19
10491.719 3.3859827943201833e-19 3.844486455843422e-19
10492.805 2.3838739588378555e-19 3.2102214673624854e-19
10493.891 7.433684269828594e-19 2.965556283339995e-19
10494.977 5.275969598266022e-19 2.8949213819468493e-19
10496.063 4.0433079028006486e-19 2.866637141182583e-19
10497.149 -6.92693896550032e-19 2.936621534566665e-19
10498.235 4.6340155674763107e-20 3.08025538541651e-19
10499.321 3.655422706030828e-19 3.3722576163373075e-19
10500.407 -1.6182849473700207e-19 3.5737903232204045e-19
10501.493 -1.2149641971486374e-19 3.6109229419129855e-19
10502.579 6.860688558048057e-19 3.564713234200709e-19
10503.665 1.6834026468543242e-19 3.348345594161111e-19
10504.751 8.47306034473716e-19 3.125969986886739e-19
10505.837 4.362261121289342e-19 3.293867772239318e-19
10506.923 2.244025298935793e-19 3.4885805508314146e-19
10508.009 4.71069127423596e-19 3.440248471056056e-19
10509.095 -4.454462294216223e-19 4.68096559187759e-19
10510.181 -9.251890180026788e-19 7.963984721117644e-19
10511.267 -1.6193472202411892e-19 9.551308808524221e-19
10512.353 5.857666180292387e-19 9.780715908694366e-19
10513.439 -3.4913459415381146e-19 9.59011467445756e-19
10514.525 -2.4002073213459674e-19 6.746971921980274e-19
10515.611 1.998222503536392e-19 5.129933491855419e-19
10516.697 -5.756116879135881e-19 4.549566661049457e-19
10517.783 1.5964213482103725e-19 4.316171491948613e-19
10518.869 4.662701926196551e-19 4.174396909636157e-19
10519.955 7.803607172175205e-19 3.7646112068121004e-19
10521.041 1.1209921566091635e-18 3.2813854316286656e-19
10522.127 7.685804201419796e-19 3.0424919395961685e-19
10523.213 6.613311588080656e-19 3.0905508082762634e-19
10524.299 1.5615435130843253e-18 4.723641254898205e-19
10525.385 5.891847492230446e-19 9.164271038992664e-19
10526.471 -1.124687847745614e-18 1.2515674855062141e-18
10527.557 -1.3713882638710948e-18 1.3174692940074238e-18
10528.643 7.794161245361165e-19 1.3009778008524506e-18
10529.729 9.203945018309058e-19 1.0171139530756978e-18
10530.814 4.620986279677594e-19 5.129451181385269e-19
10531.9 -5.075154405216419e-19 3.5166975590341517e-19
10532.986 -8.337832190410038e-19 3.065579510666425e-19
10534.072 5.079449223051223e-19 2.869096869661641e-19
10535.158 8.389749713289633e-19 2.7654271966439714e-19
10536.244 5.166249710879658e-20 2.8192829716209106e-19
10537.33 -1.6869704482077802e-19 2.917643206986628e-19
10538.416 5.142513353115721e-19 2.8261161101597824e-19
10539.502 -1.9214480421396794e-19 2.734941291040434e-19
10540.588 -1.4715804110633967e-18 2.7126642343836554e-19
10541.674 -5.355762783199724e-19 2.7393841608735744e-19
10542.76 3.6859032131454337e-19 2.7339117968877635e-19
10543.846 2.1862877790368304e-19 2.6379940592916486e-19
10544.932 6.686488750160777e-19 2.5634192298358493e-19
10546.018 9.756162729623524e-19 2.573740968144389e-19
10547.104 6.490269498124829e-19 2.660370757081467e-19
10548.19 1.2281852350559442e-18 2.728461022236094e-19
10549.276 8.144183751986336e-19 2.7370893399643963e-19
10550.362 7.73822678040924e-19 2.7107358102966724e-19
10551.448 7.822146152935945e-19 2.8470449456025535e-19
10552.534 7.134879302146327e-19 3.123809367440652e-19
10553.62 3.509106241037168e-19 3.383268883731999e-19
10554.706 6.00575363650616e-19 3.5187801794288308e-19
10555.792 -1.4645177484791506e-19 3.5376033797791795e-19
10556.878 -2.1410202717441525e-19 3.3162837002746386e-19
10557.964 5.797277678183004e-19 2.958781907941624e-19
10559.05 1.2696610423831698e-18 2.8313792434713625e-19
10560.136 1.4765208155799646e-18 2.743334593287259e-19
10561.222 5.5348712727372305e-19 2.620631529814316e-19
10562.308 2.719679640670855e-19 2.6374164195495834e-19
10563.394 7.613971797281438e-19 2.6050965971700563e-19
10564.48 9.717188442387962e-19 2.578502177139924e-19
10565.566 6.554239520052203e-19 2.5613087046141963e-19
10566.652 -1.5047738714492399e-19 2.564294483069204e-19
10567.738 2.541381646579757e-19 2.598113189056092e-19
10568.824 1.9908492849328064e-20 2.7880512029236967e-19
10569.91 -3.3636686335107457e-20 2.8467046330377816e-19
10570.995 5.180575566509933e-20 2.717352802133097e-19
10572.081 -5.422521075765381e-19 3.174875621673225e-19
10573.167 -5.372316764409093e-19 4.724736192376285e-19
10574.253 -5.325652686575847e-19 6.383331237528027e-19
10575.339 5.259829854563768e-19 6.527454264771481e-19
10576.425 -6.461630371810707e-20 6.247229117868504e-19
10577.511 -5.685931126704065e-19 4.996235112767838e-19
10578.597 -1.4020912688836517e-19 3.3714701712427946e-19
10579.683 1.3721668391794683e-19 2.926382111610304e-19
10580.769 1.211790058709123e-18 2.7994788247664424e-19
10581.855 7.618837946567923e-19 2.6358093800573616e-19
10582.941 9.011855589282236e-19 2.603266992482183e-19
10584.027 9.076567866473984e-19 2.6280301164317456e-19
10585.113 2.36070377959863e-19 3.140979207040706e-19
10586.199 -3.1845266955774873e-19 5.008595718688793e-19
10587.285 -4.838556147876427e-19 7.534834388865561e-19
10588.371 7.533327682105583e-19 8.990211381395824e-19
10589.457 -2.013593163367167e-19 9.000332703458215e-19
10590.543 -8.145195569942908e-19 7.2072861477884e-19
10591.629 1.678820006434201e-19 4.617130982681171e-19
10592.715 4.724082063307836e-19 3.5127428422550374e-19
10593.801 -8.718321387681909e-20 3.0325024310087152e-19
10594.887 -5.9343564308901645e-21 2.864910077196636e-19
10595.973 9.071872023415796e-21 2.9189351415863423e-19
10597.059 2.751393246139469e-19 3.378735010092101e-19
10598.145 2.3063030569118744e-19 3.3475595274939517e-19
10599.231 4.513844548560607e-19 3.2750434357781367e-19
10600.317 1.2758215806641162e-19 3.316916670113927e-19
10601.403 3.1902693273561153e-19 3.3904183301084893e-19
10602.489 7.4185234043052135e-19 3.4092100691664917e-19
10603.575 8.122168923387968e-19 3.218907727577978e-19
10604.661 3.666008247796274e-19 3.0621596723029405e-19
10605.747 1.342269365017825e-19 3.028125871853464e-19
10606.833 -4.380022117284333e-19 2.910510704570926e-19
10607.919 -1.3273095346353323e-19 2.751354428572237e-19
10609.005 -3.831509725698383e-19 2.7718878716415e-19
10610.09 -4.081535167334437e-20 2.8634426435361435e-19
10611.176 1.7197894611511577e-19 2.852042699436882e-19
10612.262 9.556780857064134e-20 2.7687181957151646e-19
10613.348 4.720756761620832e-19 2.7878774569157884e-19
10614.434 9.637324093296236e-20 2.7143225282204233e-19
10615.52 -3.9652447258103586e-20 2.7241140739401053e-19
10616.606 3.669364075196295e-19 2.687880053614638e-19
10617.692 3.5964183311172616e-19 2.6495479058747157e-19
10618.778 -4.300584605199433e-20 2.680789198904257e-19
10619.864 3.1442122640853807e-19 2.683421114803197e-19
10620.95 1.2823371442545715e-19 2.6257315620097595e-19
10622.036 -7.6209301055489085e-19 2.6488649928754943e-19
10623.122 -1.7679779497984255e-19 2.692611888100772e-19
10624.208 3.7690286329770197e-19 2.763530041573676e-19
10625.294 3.2064519722113635e-19 2.7903573427274075e-19
10626.38 4.221927100776121e-19 2.7849673631478863e-19
10627.466 -1.8422296711810003e-19 2.7207182244409286e-19
10628.552 -1.620457621565345e-19 2.6436366636410646e-19
10629.638 4.3191297332526124e-19 2.629059644462902e-19
10630.724 4.080509599136319e-19 2.600150546162188e-19
10631.81 1.902090408991641e-19 2.557905000996944e-19
10632.896 4.148913694883289e-19 2.5065878368007484e-19
10633.982 7.357636145680772e-19 2.554162234466916e-19
10635.068 5.569692040509907e-19 2.789354533363386e-19
10636.154 3.132837840380012e-19 2.8092774900708664e-19
10637.24 -1.803700840036721e-19 2.656017715204557e-19
10638.326 1.817526179329841e-19 2.66959087255697e-19
10639.412 1.0302887926453712e-19 2.732916513548381e-19
10640.498 -7.876934402411954e-20 3.088916985759199e-19
10641.584 -3.0732654653590297e-19 3.7881918324045534e-19
10642.67 -1.980972324361731e-19 4.2999829126374886e-19
10643.756 4.219439046884898e-19 4.406964152662723e-19
10644.842 4.53758841716144e-19 4.296271711614656e-19
10645.928 2.7811641729735903e-19 3.6113750794231966e-19
10647.014 -1.9757883282425527e-19 2.9693286472373453e-19
10648.1 2.4720676098433994e-20 2.634681825790103e-19
10649.186 -4.3163350759266425e-19 2.587569140716826e-19
10650.271 -2.1151709598563234e-19 2.607113712926832e-19
10651.357 5.389428740027215e-19 2.815667278320268e-19
10652.443 9.131996714922584e-19 3.5414833157845444e-19
10653.529 8.594877543069329e-19 4.72308494195087e-19
10654.615 2.456820053804401e-19 5.22661165870936e-19
10655.701 -1.238995466120096e-19 5.274315337284586e-19
10656.787 -4.199217291512468e-19 4.800309657340789e-19
10657.873 -3.576384432983338e-19 3.5747763087974333e-19
10658.959 -2.93287970920882e-19 2.7868307813564087e-19
10660.045 4.0769521548189056e-19 2.590623416622904e-19
10661.131 2.0087930186978946e-19 2.658803266490767e-19
10662.217 3.9402071424203705e-19 2.66801412952591e-19
10663.303 8.813724011124075e-20 2.6420603716755235e-19
10664.389 -3.9823318421122565e-19 2.618789419877892e-19
10665.475 8.50064149295545e-20 2.622288690969058e-19
10666.561 3.4848975735207233e-19 2.737161740382454e-19
10667.647 7.903903888826382e-19 2.920709914293303e-19
10668.733 6.504380573482684e-19 3.180359500779101e-19
10669.819 4.709145163263682e-19 3.293701622531926e-19
10670.905 1.1015689014261303e-19 3.3848853584068006e-19
10671.991 -4.935065556539986e-19 2.994895206473614e-19
10673.077 4.496955281895515e-19 2.6214892370494387e-19
10674.163 1.032010241020218e-18 2.570353533066035e-19
10675.249 4.62201176202831e-19 2.5518184513968436e-19
10676.335 -5.638977050312123e-20 2.5299569876041757e-19
10677.421 1.3411992209149648e-19 2.528919008912339e-19
10678.507 4.454059501508665e-19 2.527648045135205e-19
10679.593 7.088169737744972e-19 2.5501232733968455e-19
10680.679 6.409856817596362e-19 2.619480944936467e-19
10681.765 3.7319991476378437e-19 2.8114064443528004e-19
10682.851 5.194483815571219e-19 3.2021766515647033e-19
10683.937 9.329805996600472e-19 3.8112568304527865e-19
10685.023 5.48916249315262e-19 4.630314631550076e-19
10686.109 3.4973037295166744e-19 5.168851486503326e-19
10687.195 4.500137039895737e-19 5.576183586942012e-19
10688.281 -2.5991327126732166e-19 6.118660206182008e-19
10689.367 -4.894315795472256e-19 6.6293593887609855e-19
10690.452 2.847138655321064e-19 6.684308051980018e-19
10691.538 8.362936232096032e-19 6.593508707325683e-19
10692.624 -4.859058229054338e-19 6.426091503281556e-19
10693.71 -3.609867487414543e-19 5.786747327187551e-19
10694.796 2.571019072555402e-19 5.096514742882653e-19
10695.882 5.810906434166804e-19 4.786984704777493e-19
10696.968 7.512726884251894e-19 5.265171427494014e-19
10698.054 1.2115525739406207e-20 7.10005845898081e-19
10699.14 -3.2780335113032003e-19 8.279482331378013e-19
10700.226 1.3266309353350342e-18 8.522356155562511e-19
10701.312 2.404396011796313e-18 8.502400155568576e-19
10702.398 1.5376008582508771e-18 6.63438465812398e-19
10703.484 1.5900538733733079e-18 5.763223218405565e-19
10704.57 6.272647860841622e-19 6.553935733085723e-19
10705.656 -2.330958826826982e-19 6.894387239883497e-19
10706.742 -2.1483597317984516e-19 6.598739702566727e-19
10707.828 3.2812318732876933e-19 6.27515385521533e-19
10708.914 1.4752248955173376e-19 4.760738544439626e-19
10710.0 4.4400404229484145e-19 4.357346039311028e-19
10711.086 -8.661051960016431e-19 6.67456295005747e-19
10712.172 -4.1258423882617437e-19 1.167982521563287e-18
10713.258 2.7043164209764154e-19 1.2480346380966083e-18
10714.344 -1.3410902652901857e-18 1.2611883740619789e-18
10715.43 4.597177889022372e-19 1.1261553929635935e-18
10716.516 2.050450175598255e-18 7.472924083207333e-19
10717.602 1.2606320708366588e-18 5.694481271960462e-19
10718.688 1.0281377655027856e-18 5.404258625420699e-19
10719.774 9.247216118879882e-19 5.43211319573898e-19
10720.86 7.648334244629928e-20 6.363086343537745e-19
10721.946 -8.84347275461669e-19 8.628670404892727e-19
10723.032 1.4131109350377207e-19 8.977114608160332e-19
10724.118 1.4145564259599383e-18 8.939219051649072e-19
10725.204 1.4951083800972685e-18 7.953047638479918e-19
10726.29 1.539489757575775e-18 5.717041268165528e-19
10727.376 1.6648178864743416e-18 4.941755387683714e-19
10728.462 1.6804359357562534e-18 6.3269969303396505e-19
10729.548 8.567192497650946e-19 1.2850093878105633e-18
10730.633 1.3876357970247744e-18 1.6773096421136824e-18
10731.719 5.869435866944094e-19 1.7036532658623376e-18
10732.805 -6.911876207693244e-19 1.6550343703975738e-18
10733.891 3.098007535379653e-19 1.1375091391999403e-18
10734.977 9.551093699040524e-19 5.631809417247671e-19
10736.063 8.589612212494425e-19 3.997364646581177e-19
10737.149 4.930866683198114e-19 3.8535076540450126e-19
10738.235 -3.811009054720112e-19 4.043665608895902e-19
10739.321 -4.002727875844776e-19 4.1211416843999113e-19
10740.407 -9.661906753883043e-19 4.113610640809368e-19
10741.493 -7.088783486635611e-19 3.9016270099377395e-19
10742.579 -8.88775588777278e-19 4.075626209461304e-19
10743.665 1.905448547754828e-19 6.813000190851709e-19
10744.751 1.042724173964679e-18 1.0714897564470863e-18
10745.837 1.4091450504815376e-19 1.1315683150214084e-18
10746.923 -9.60801982833903e-19 1.1348131771533454e-18
10748.009 -1.6725460801435125e-18 9.504731788695393e-19
10749.095 1.548437952451646e-19 5.911200277766048e-19
10750.181 -3.4285567185321563e-19 5.267517260323007e-19
10751.267 -8.728728848934734e-19 9.624367016490405e-19
10752.353 -3.935624326078566e-19 1.8204870764842997e-18
10753.439 -1.128802020792479e-18 1.8880105635878267e-18
10754.525 -1.4183969246277346e-18 1.884245675625801e-18
10755.611 -8.435706963963187e-19 1.6306098914848258e-18
10756.697 1.7983744802277774e-18 7.951460568173882e-19
10757.783 -5.637189767964191e-19 4.709213010315752e-19
10758.869 -4.176045027532111e-19 3.5956275569068304e-19
10759.955 -5.951041784773641e-19 3.157879068703808e-19
10761.041 1.8004331616413482e-19 3.0599720688708964e-19
10762.127 1.0466250360981579e-19 3.025571616570916e-19
10763.213 1.8712150833055562e-19 3.385325035845448e-19
10764.299 3.507746654613627e-19 3.822643943264632e-19
10765.385 -4.801718489361052e-19 3.867225782832969e-19
10766.471 -2.2691178526292945e-19 3.8186325745549523e-19
10767.557 3.241615961234494e-19 3.519999657940045e-19
10768.643 8.012788783991523e-19 3.033658559038537e-19
10769.729 5.026921239599446e-19 2.87203604830087e-19
10770.814 1.85477940758451e-19 3.081045464343041e-19
10771.9 6.517203058887517e-19 4.2158413453907986e-19
10772.986 6.431548580783297e-19 9.10966101696642e-19
10774.072 5.309403158443259e-19 1.1348614578193774e-18
10775.158 -1.3398353031663933e-19 1.148702309814671e-18
10776.244 -1.6782317884798187e-18 1.1281216876713252e-18
10777.33 -3.842704940567429e-20 7.972537427718715e-19
10778.416 3.0264074885968406e-19 4.406580377393167e-19
10779.502 5.100129822652712e-19 3.40854832635277e-19
10780.588 2.7237386474332304e-19 3.169327228004104e-19
10781.674 2.7767707608484124e-19 3.0780376714367894e-19
10782.76 2.3830023172751426e-19 3.2214983646989895e-19
10783.846 2.2925500303825663e-19 3.2345560922446574e-19
10784.932 1.0136923307392301e-18 2.8490997148805605e-19
10786.018 9.552041835116107e-19 2.7014720069105303e-19
10787.104 1.0633379867996672e-18 2.707854444594072e-19
10788.19 5.192124759317737e-19 2.7005648720505207e-19
10789.276 1.1716759667435115e-18 2.7029521514723516e-19
10790.362 1.0564764938315409e-18 2.6680504774918616e-19
10791.448 2.0160591601620038e-19 2.6587661227186624e-19
10792.534 -1.3826394252695348e-19 2.890014002334836e-19
10793.62 -5.226164387666627e-19 3.714695833607184e-19
10794.706 -6.978923716531571e-19 4.61246945096717e-19
10795.792 -8.697863189035253e-19 4.486605670760602e-19
10796.878 -1.621086866035604e-19 4.05112916603236e-19
10797.964 3.495735823604361e-19 3.7145789098269505e-19
10799.05 -8.750783089751262e-19 3.3147504273195126e-19
10800.136 -9.497656400540366e-19 2.973202867006227e-19
10801.222 5.167673710966066e-19 2.9990105518261734e-19
10802.308 4.797309952898034e-19 3.395569450605937e-19
10803.394 -3.0965834064008353e-19 3.591505352382177e-19
10804.48 2.2344855851172657e-19 3.6207575814861646e-19
10805.566 4.153962124088457e-19 3.571653937479632e-19
10806.652 -2.4902751244861123e-19 3.2738784460549495e-19
10807.738 -1.0085932964571505e-19 2.9681566533223673e-19
10808.824 2.4263990901428904e-20 2.9078261024228233e-19
10809.91 -6.963695300801425e-19 3.2809088688823456e-19
10810.995 6.746631283745661e-20 3.5643866598429685e-19
10812.081 5.6982388719099195e-19 3.3115258432476266e-19
10813.167 1.60757260656308e-19 3.321299494475707e-19
10814.253 -3.3166065019426143e-19 3.43105696928608e-19
10815.339 1.2493990464068514e-18 3.031193303480345e-19
10816.425 1.1978761572916971e-18 2.886499810519265e-19
10817.511 -6.264195201167995e-20 2.80224903615508e-19
10818.597 4.2038252348336606e-19 2.7801454522855454e-19
10819.683 -1.1899175652534482e-19 2.804973920668768e-19
10820.769 -1.9721251517965815e-19 2.725622979874219e-19
10821.855 -4.518505048125332e-19 2.641556388808813e-19
10822.941 -5.539546545225669e-19 2.650838004330918e-19
10824.027 4.723066566861517e-21 2.7043511488336374e-19
10825.113 3.582743573748862e-19 2.6838516820847904e-19
10826.199 5.680176606264037e-19 2.702871107491359e-19
10827.285 -9.463851896116886e-20 2.7844817179662837e-19
10828.371 6.907878514560315e-19 3.1318539886268566e-19
10829.457 2.0634356061202164e-19 5.371095021152692e-19
10830.543 -1.6993031375267892e-19 9.973606151754613e-19
10831.629 -1.4738297996982554e-18 1.8054153399269615e-18
10832.715 -2.0678267519516615e-18 2.840792373875123e-18
10833.801 -3.452541889095377e-18 3.0252773151469257e-18
10834.887 -9.112695291651932e-19 2.9561922615011306e-18
10835.973 -5.870631336923933e-19 2.520052187146626e-18
10837.059 1.6283030357932698e-18 1.3113832759703906e-18
10838.145 2.0151515228834956e-18 7.050687718553548e-19
10839.231 1.0367344985735596e-18 6.380704209593177e-19
10840.317 6.92418624716201e-19 6.1783912551743e-19
10841.403 2.2821016701974e-19 7.206471412849687e-19
10842.489 1.1667154644259797e-18 1.374728316899313e-18
10843.575 2.8371622933542582e-18 1.6912444268999268e-18
10844.661 3.504256330614283e-18 1.7148975176952898e-18
10845.747 2.364250920711195e-18 1.6851089462094895e-18
10846.833 8.905820249879968e-19 1.3038311795805114e-18
10847.919 -1.1652618206260016e-18 6.884770516150105e-19
10849.005 1.2815710013500858e-18 3.696997205352547e-19
10850.09 9.941245032377106e-19 3.1053398023339777e-19
10851.176 -2.1471050205236759e-19 2.9657462135482537e-19
10852.262 9.470021828448916e-19 3.3097498892355693e-19
10853.348 1.673761072770035e-19 3.8183186335050236e-19
10854.434 4.229325077116559e-19 3.920144569203059e-19
10855.52 2.521963863972842e-19 4.1142298190582483e-19
10856.606 -7.092769100757022e-19 5.527618170785605e-19
10857.692 -4.987462652227205e-19 8.445481781885474e-19
10858.778 -2.357143210539551e-18 9.69123660974718e-19
10859.864 -1.7875381871731347e-18 9.739528920617778e-19
10860.95 2.7342233313314627e-19 1.0129871323500388e-18
10862.036 -9.065865497054509e-19 7.761362577849486e-19
10863.122 -7.169935412289365e-19 4.0933783235187726e-19
10864.208 1.5141980960292413e-18 3.1485416342404465e-19
10865.294 1.1101711893834264e-18 2.7349963157235e-19
10866.38 -3.3174658495896124e-19 2.6215543809439955e-19
10867.466 -5.446210300760279e-19 2.4776854987019307e-19
10868.552 9.33423757801579e-19 2.4316220160781182e-19
10869.638 -2.5348338227725772e-21 2.422110197333502e-19
10870.724 8.4839595722687085e-19 2.7959257569319483e-19
10871.81 3.342315574199206e-19 2.9915107837598006e-19
10872.896 8.96314822873698e-19 3.247680657885001e-19
10873.982 -5.556371319343215e-19 3.4606620410821665e-19
10875.068 1.1396706462062154e-18 3.710295127201739e-19
10876.154 -1.36232841474506e-18 4.5711193767228975e-19
10877.24 3.158257736061607e-19 5.47528928975542e-19
10878.326 -1.7375150106852236e-18 6.176160281681961e-19
10879.412 -9.525052234917884e-20 6.072804620960405e-19
10880.498 -1.5255840617336567e-18 5.767261488003156e-19
10881.584 5.379630989541434e-19 4.749154030309974e-19
10882.67 -2.641139150279994e-19 3.4339569212560805e-19
10883.756 2.263007134430702e-19 2.7797840903514703e-19
10884.842 6.612767141909688e-19 3.0206168482205565e-19
10885.928 -1.0512225184250933e-18 3.2483177428674293e-19
10887.014 -4.6061265989927037e-20 3.3875675739717207e-19
10888.1 2.3962169346633656e-19 3.4283703873464086e-19
10889.186 3.857704430796919e-19 3.1719702491446268e-19
10890.271 -6.118793336245981e-19 3.149652874245659e-19
10891.357 -5.253331663918672e-20 3.18780939975804e-19
10892.443 3.0485656219457874e-19 2.869920514845631e-19
10893.529 6.077799932751736e-20 2.845017865776357e-19
10894.615 7.075778739489405e-19 3.0263510992516173e-19
10895.701 -4.796880854700264e-19 5.779087715683701e-19
10896.787 2.0250253383145068e-18 1.1798278914685674e-18
10897.873 3.9891955244977405e-18 1.3552418179658655e-18
10898.959 2.3119700867926886e-18 1.3623866521076041e-18
10900.045 2.6518421438369985e-18 1.3227487078822392e-18
10901.131 2.2507172675411506e-19 9.061682120639773e-19
10902.217 8.653169807958673e-19 4.616437124215084e-19
10903.303 -2.5017492768599755e-19 3.9321689461955586e-19
10904.389 -8.139423871523781e-19 3.6799814307897386e-19
10905.475 -6.354712828862633e-19 3.254346694407888e-19
10906.561 -4.919458079645545e-19 3.0347351560972137e-19
10907.647 3.814571181673058e-19 2.7021382537038995e-19
10908.733 2.6805938269754615e-19 2.540422396035152e-19
10909.819 1.3574002831043647e-19 2.541192430480737e-19
10910.905 -5.605437795352517e-20 2.5689217407243325e-19
10911.991 -8.497227245578496e-19 2.528315311291007e-19
10913.077 4.3142894762778443e-19 2.537701443347365e-19
10914.163 9.844010175708086e-19 2.528682920661201e-19
10915.249 1.453061655534036e-19 2.4726656413669006e-19
10916.335 -3.6118276067254187e-20 2.5203511445239456e-19
10917.421 1.978896535551078e-19 2.61242878158305e-19
10918.507 -5.232458727860209e-19 2.6448327933848183e-19
10919.593 -5.901528031252383e-19 2.7728304188727505e-19
10920.679 4.392310691567313e-19 2.905805462735175e-19
10921.765 3.876170676236478e-19 3.183502204539443e-19
10922.851 -8.911199435421486e-19 5.236605598419535e-19
10923.937 -2.73322243839829e-19 1.4549957959922896e-18
10925.023 -1.2833567130838778e-18 2.416946281560165e-18
10926.109 3.353974737414043e-18 2.5927772143733364e-18
10927.195 5.576651154321392e-18 2.573976597887594e-18
10928.281 7.905411287159332e-18 2.2642383799143845e-18
10929.367 1.0321848225305378e-18 1.0697125978761722e-18
10930.452 3.8062175865537674e-19 5.348082261581732e-19
10931.538 3.5269369607601347e-19 3.885805267556742e-19
10932.624 4.894135997117081e-19 3.3758004659115464e-19
10933.71 -2.109470375891402e-20 3.20853247312524e-19
10934.796 -2.0322938891187685e-19 3.6503041665884382e-19
10935.882 -3.163097456469712e-20 3.03325925345631e-19
10936.968 -1.5806928128742496e-19 2.7744439420992733e-19
10938.054 5.698115227995365e-19 2.6962370963844847e-19
10939.14 2.382798099159676e-19 2.675850033910205e-19
10940.226 1.3402913824145719e-18 2.7457795873529558e-19
10941.312 -1.9696511217690753e-19 2.7698633029650383e-19
10942.398 2.8372426295992997e-19 2.8645722768011847e-19
10943.484 7.200737880979837e-19 2.8258169832597565e-19
10944.57 -3.341742426579212e-19 2.7277792486410536e-19
10945.656 8.887680213115427e-20 2.7348134016381997e-19
10946.742 6.884276303575251e-19 2.8699344545480483e-19
10947.828 7.9185624023567845e-19 4.266079895513251e-19
10948.914 -8.847526116482543e-19 9.318857783689841e-19
10950.0 8.642639014685577e-19 1.5403425225305264e-18
10951.086 -1.7691667530557516e-18 1.6152190464658489e-18
10952.172 1.0044827455547642e-18 1.8219511449250797e-18
10953.258 1.8530531406581376e-18 1.4093848307609276e-18
10954.344 5.213976920231359e-19 6.461455619753576e-19
10955.43 2.54319602803311e-19 3.9444087984399035e-19
10956.516 3.1028501940532727e-21 3.270536484823673e-19
10957.602 -1.6534334029140066e-19 2.897726185617626e-19
10958.688 -2.9004585459961137e-19 2.715787435956834e-19
10959.774 1.178476784179728e-18 2.7963725951096545e-19
10960.86 1.214552866338897e-18 2.632025780194848e-19
10961.946 7.095845923856814e-19 2.6889814271322155e-19
10963.032 4.738952674192308e-19 2.7947536677983996e-19
10964.118 1.170037387732401e-19 2.9831264033242847e-19
10965.204 9.297941602682979e-19 2.967553246994504e-19
10966.29 -1.1710621204928384e-19 3.2453731324356e-19
10967.376 1.3595601511641425e-19 3.616238559877884e-19
10968.462 4.039483132965281e-19 3.947622445692545e-19
10969.548 1.0289418818140362e-18 4.465155681994171e-19
10970.633 1.5443703831813408e-18 4.594364055293387e-19
10971.719 -4.600378331611188e-19 6.1922309293628775e-19
10972.805 -2.0250255695719334e-18 1.3147216672117433e-18
10973.891 -4.393405399082276e-19 2.482102382806805e-18
10974.977 -6.099788408436974e-19 2.697015753539457e-18
10976.063 -2.723334630784103e-18 2.7169443266054926e-18
10977.149 -1.5378718690361563e-18 2.3948436240345593e-18
10978.235 3.5912228034632294e-19 1.1429371270894546e-18
10979.321 -7.317266952285574e-19 6.156883520842521e-19
10980.407 -7.655073646945634e-19 4.495610746321439e-19
10981.493 9.606409952650773e-19 3.7230331010112103e-19
10982.579 8.717530259830179e-20 3.3477622374876643e-19
10983.665 4.537195858595893e-19 3.7302029143513446e-19
10984.751 -8.897598450687795e-20 4.2537314039044114e-19
10985.837 -1.8544411739143539e-19 4.414234357031376e-19
10986.923 5.77878928273053e-19 4.399230255752388e-19
10988.009 -2.844873193003775e-19 3.9916514770846827e-19
10989.095 -7.383920890606126e-19 3.119837273208569e-19
10990.181 4.1211803618993213e-19 2.840752729507952e-19
10991.267 3.8747419661559374e-19 2.7420525179971513e-19
10992.353 5.527215426636302e-19 2.672450144756349e-19
10993.439 3.6316744534150213e-19 2.6409708385502197e-19
10994.525 -2.907790954088372e-19 2.6361700508846052e-19
10995.611 -2.6772945150517464e-19 2.845754214106403e-19
10996.697 5.221868273607863e-19 2.829695325689731e-19
10997.783 1.0147003463266366e-18 2.6281039595086827e-19
10998.869 5.032173200327885e-19 2.6467119443706083e-19
10999.955 2.7699254495137756e-19 2.630123196701792e-19
11001.041 -4.797588525617442e-19 2.881909217817161e-19
11002.127 2.0055725200702493e-20 2.920900849202518e-19
11003.213 1.014662043959612e-18 2.930663756077034e-19
11004.299 6.987581401324424e-19 3.0056798939506834e-19
11005.385 3.513852454256841e-19 3.855779582347171e-19
11006.471 -8.319524109850023e-19 6.385441990493741e-19
11007.557 9.285237455804511e-19 1.236041022407497e-18
11008.643 1.1494584302568861e-18 1.4714581161542699e-18
11009.729 1.0019234565248114e-18 1.5082229083051934e-18
11010.814 8.420382317985947e-19 1.3984870992048374e-18
11011.9 3.7022948594484956e-19 8.08782736297764e-19
11012.986 1.2356779560566524e-18 4.414740490796485e-19
11014.072 1.5378280265045354e-18 3.3981681931283446e-19
11015.158 8.77205583118304e-19 3.130877767762265e-19
11016.244 6.418631103350681e-19 3.677189517806966e-19
11017.33 7.453065466440205e-19 3.54049797496313e-19
11018.416 1.033598180650304e-18 2.7926128984738026e-19
11019.502 2.09185198813126e-18 2.680921719036545e-19
11020.588 5.273350755662025e-18 2.791436240311317e-19
11021.674 9.047087121719813e-18 2.9109618674478723e-19
11022.76 1.1294665361488458e-17 3.1620339713657733e-19
11023.846 1.0160431690035276e-17 3.1649102241572936e-19
11024.932 6.600360767828738e-18 3.249174429767168e-19
11026.018 3.0732741290737865e-18 4.379326701582458e-19
11027.104 3.478195573670293e-18 1.0098611924224207e-18
11028.19 1.6909683632353981e-18 2.109110511041637e-18
11029.276 -1.1907885344001938e-18 2.2440151764062244e-18
11030.362 1.0976369331601334e-18 2.2905070696812643e-18
11031.448 8.806654763488825e-19 2.049714695210256e-18
11032.534 4.6112618060130636e-20 1.0905154820513489e-18
11033.62 1.4916932612389114e-20 5.690221442427929e-19
11034.706 5.403045026684477e-19 3.883741073574868e-19
11035.792 9.819206150589013e-19 3.158907469191545e-19
11036.878 1.3101563496977696e-18 2.9558914910006504e-19
11037.964 9.899712495821675e-19 2.95044212622828e-19
11039.05 -1.875662852498373e-20 3.064959693277374e-19
11040.136 6.621526606480468e-20 3.221735476694769e-19
11041.222 1.914175235813601e-19 3.227274042217937e-19
11042.308 5.606074459606819e-20 3.273795504224771e-19
11043.394 -1.2087753911613358e-19 3.234699496595112e-19
11044.48 6.950883565133122e-19 3.0233117163020544e-19
11045.566 1.2295893740004753e-18 2.7872645327503935e-19
11046.652 4.906025537147437e-19 2.6455438124273436e-19
11047.738 3.310781919304385e-19 2.6332941232856315e-19
11048.824 2.060837575190918e-19 2.601650315525741e-19
11049.91 -3.648309362886903e-19 2.5208044037030137e-19
11050.995 -7.404189965204674e-19 2.6284105933700403e-19
11052.081 5.448052398044084e-20 3.409848823708804e-19
11053.167 4.5891546012868e-19 4.123879968772592e-19
11054.253 5.460963157400584e-19 4.2883543987147864e-19
11055.339 4.589316369357568e-19 4.562163917582374e-19
11056.425 1.340415621550946e-18 4.28369423326618e-19
11057.511 1.5567098687142503e-18 3.6626965215125e-19
11058.597 1.0769580154616924e-18 3.0458572998557556e-19
11059.683 5.444343079772707e-19 2.933104467421692e-19
11060.769 1.7591377422300733e-19 2.795009777649373e-19
11061.855 -1.9900479911314353e-19 3.0372359927912133e-19
11062.941 3.2176930159878883e-19 3.319135771469807e-19
11064.027 -1.4314576371232718e-19 3.491559910530019e-19
11065.113 7.437069756001024e-20 3.422600097216973e-19
11066.199 9.690029324961392e-19 3.2164083480871604e-19
11067.285 -2.9716067525301613e-19 3.157487947012962e-19
11068.371 4.142084239887911e-20 3.530843611727167e-19
11069.457 2.643241211908962e-19 4.864842638381318e-19
11070.543 -8.437839942246567e-19 9.444667035819045e-19
11071.629 -1.309629642065303e-18 1.1349938610848638e-18
11072.715 -1.2788764832252512e-18 1.144346423793201e-18
11073.801 2.7364583600153677e-18 1.0756088060862335e-18
11074.887 1.889829641850214e-18 7.123850222913719e-19
11075.973 -8.805527045052806e-19 4.0958855572941906e-19
11077.059 -8.589117125552445e-20 3.0454487786859157e-19
11078.145 5.395943251163179e-19 2.8695318797928893e-19
11079.231 -1.5376827512419088e-19 1.9649062774902108e-19
11080.317 5.124764069406584e-19 2.8159506349430227e-19
11081.403 -2.6509191782580135e-19 3.38335935750673e-19
11082.489 2.6337489268405347e-18 2.186947250188658e-19
11083.575 -8.44040817817378e-21 4.638678897856391e-19
11084.661 2.731812612354697e-19 4.460936858495273e-19
11085.747 7.827196274169841e-19 4.749797342542427e-19
11086.833 8.187794740063919e-19 6.250168157917868e-19
11087.919 4.339311213798887e-19 1.2891627356386481e-18
11089.005 8.801677460735557e-19 1.6006169499087205e-18
11090.09 -2.9322356734306026e-19 1.6392790807914662e-18
11091.176 -1.0808791546605038e-18 1.6392293573486737e-18
11092.262 5.581026254508054e-19 1.1731157404401602e-18
11093.348 1.1642075084505131e-18 6.438598425045144e-19
11094.434 1.4298990617190554e-18 3.872466427809624e-19
11095.52 3.7180415317605115e-19 2.942272452085488e-19
11096.606 5.9501497789350675e-19 2.678229729036747e-19
11097.692 8.924455989848684e-19 2.5775736363427745e-19
11098.778 4.129031767599065e-19 2.5500005316983095e-19
11099.864 9.307969953425489e-19 2.5801677316961006e-19
11100.95 9.807374366294693e-19 2.6250389938713355e-19
11102.036 9.735680116946243e-19 2.95327581386883e-19
11103.122 -1.6992368084414105e-19 2.6179274599809876e-19
11104.208 1.3324424668150824e-19 2.682022423226837e-19
11105.294 -8.751349471091944e-20 2.823003435532276e-19
11106.38 -3.101027030318981e-19 2.787386907207299e-19
11107.466 9.534740388331219e-20 2.879678518460427e-19
11108.552 9.71219270879822e-19 2.9256027373756833e-19
11109.638 5.166310037578052e-19 2.8668155143114148e-19
11110.724 -1.386300071186433e-19 2.8058693525519224e-19
11111.81 -8.394606861244138e-19 2.773500786984859e-19
11112.896 -3.068179401571115e-19 2.6349346716250236e-19
11113.982 -4.1028696777039644e-19 2.613560023018235e-19
11115.068 3.784796688952208e-19 2.6453499810529523e-19
11116.154 4.291486363395721e-19 2.7146773901150093e-19
11117.24 -3.5823450400276753e-19 2.585428664940159e-19
11118.326 -2.5039092443792724e-19 2.5646037341761766e-19
11119.412 -5.2099105826797866e-20 2.5975019266101304e-19
11120.498 1.9244799741781684e-19 2.7953774865658755e-19
11121.584 4.164345196386065e-19 3.593132764665001e-19
11122.67 6.196888014073202e-19 3.69261824658129e-19
11123.756 9.440068966705769e-19 3.6304627915218543e-19
11124.842 1.9017493879760018e-19 3.556472863491154e-19
11125.928 8.315917026198499e-19 3.222026469196119e-19
11127.014 1.0196910441259195e-18 2.7540064549377723e-19
11128.1 -3.7846652915103124e-19 2.6210853378874266e-19
11129.186 -2.603567564534301e-19 2.685729004671481e-19
11130.271 -2.101420018127569e-19 2.716662352914629e-19
11131.357 4.569609579082124e-19 2.750467536422706e-19
11132.443 6.577064957953837e-19 2.8315414289433663e-19
11133.529 2.2974396808562237e-19 2.6869573274979444e-19
11134.615 8.895796930418336e-19 2.629179406392528e-19
11135.701 6.252185429386963e-20 2.7355733437672637e-19
11136.787 3.14726230984246e-19 2.9857149868508813e-19
11137.873 1.2607294602991247e-18 4.403114038396273e-19
11138.959 -7.862280590774278e-19 7.526077169698316e-19
11140.045 8.398612715858973e-19 8.482876228671315e-19
11141.131 7.998460349855127e-19 8.223468891152049e-19
11142.217 -7.34698218166896e-19 7.912501035812048e-19
11143.303 1.107115668569771e-18 6.032956897549384e-19
11144.389 -1.5941594114419412e-19 3.5647218303611876e-19
11145.475 1.766313631006079e-19 2.916587045223957e-19
11146.561 6.93719338475687e-19 2.944318935712879e-19
11147.647 -5.843794621843174e-19 2.8695374084300463e-19
11148.733 1.8573767246446726e-19 2.8273603709232517e-19
11149.819 9.474568108657781e-19 2.937280942811489e-19
11150.905 4.776754784844342e-19 3.38770010900605e-19
11151.991 -2.1067631308129985e-18 3.869102475568063e-19
11153.077 6.764933553080554e-19 6.585159471394657e-19
11154.163 1.4310122299304666e-18 1.0843592803958898e-18
11155.249 1.1779700217589454e-19 1.212000193594183e-18
11156.335 1.2599308463523925e-18 1.1540152361172923e-18
11157.421 -5.380899059121594e-19 1.103557839011014e-18
11158.507 6.166622672753319e-19 8.038853824803571e-19
11159.593 5.937286536695793e-19 6.480925091781944e-19
11160.679 4.396388373880337e-19 3.58499977829217e-19
11161.765 9.793560363318651e-20 3.4698568283480085e-19
11162.851 7.451725256020648e-19 4.189570949039215e-19
11163.937 -6.425692280175293e-19 4.957030351676517e-19
11165.023 2.821561863888601e-19 5.506732221696011e-19
11166.109 5.41107065679995e-19 6.087063772739676e-19
11167.195 -1.4770195439222936e-19 5.645244847310075e-19
11168.281 1.0537332078524017e-18 5.206377030083448e-19
11169.367 1.6347373507369197e-18 4.712103851121027e-19
11170.452 7.365067896059064e-19 4.625456200674291e-19
11171.538 1.5295814016184834e-19 4.861066198785138e-19
11172.624 -1.8573388165747045e-19 4.751334872440975e-19
11173.71 1.5780236890869382e-19 4.2998667817454116e-19
11174.796 9.74248619176858e-19 3.771240280957856e-19
11175.882 -4.990234089719808e-19 3.129515063564171e-19
11176.968 6.126554826545252e-19 2.780098182611388e-19
11178.054 4.880344306287842e-19 2.780861547691604e-19
11179.14 -3.8287568982907795e-19 2.8847767671073072e-19
11180.226 -1.6840470981451587e-19 2.955336629193511e-19
11181.312 -6.580164175239058e-20 3.1384619120280562e-19
11182.398 2.5576054975640006e-19 3.5433421467935386e-19
11183.484 6.648308786997623e-19 3.762309707981158e-19
11184.57 4.467582058310339e-20 3.4359584971620684e-19
11185.656 3.7063442850132236e-19 3.135352454103654e-19
11186.742 8.751376731691419e-19 3.2188793366954207e-19
11187.828 1.751691359836803e-18 3.7282681282259063e-19
11188.914 8.945842224005153e-19 4.488836247258873e-19
11190.0 2.5596368391070684e-19 4.365155545230881e-19
11191.086 2.1250606386853207e-19 4.314793802273804e-19
11192.172 -5.546165503249889e-19 4.3092714338672626e-19
11193.258 7.595514758530112e-19 4.910683782843103e-19
11194.344 4.173640523484259e-19 3.8918487192072487e-19
11195.43 -1.1467585026722199e-19 3.2731137151864196e-19
11196.516 4.2791685801591306e-19 3.1029153125423713e-19
11197.602 8.08123462629754e-19 3.5476126763644465e-19
11198.688 -5.0838722952526715e-19 3.7262768224488036e-19
11199.774 2.962979200046231e-19 3.931063579521229e-19
11200.86 1.8267349115602416e-19 3.62863775370655e-19
11201.946 -6.080422535970637e-19 3.820688048468944e-19
11203.032 1.2833652423795041e-18 5.09812105527172e-19
11204.118 1.3229219989726848e-18 4.392460479113707e-19
11205.204 8.375114919114874e-19 3.6241163493288537e-19
11206.29 1.2232945907645824e-18 3.5801335061742777e-19
11207.376 1.0621411900683883e-18 3.6364344158289383e-19
11208.462 6.643990668557611e-20 3.83818192212135e-19
11209.548 -3.256744563686644e-19 4.080985076483413e-19
11210.633 -1.4047538609686233e-18 4.384306888462155e-19
11211.719 -1.2519439831187585e-18 5.400689337942004e-19
11212.805 3.487387443441459e-19 7.916747017277145e-19
11213.891 -6.16122443417497e-19 9.004650229217781e-19
11214.977 4.3197344973728574e-19 9.262356355311504e-20
11216.063 -3.848427551687918e-19 1.6563576239241757e-19
11217.149 2.0719597515649249e-19 2.6950321863040693e-19
11218.235 nan 1.2285888977061634e-13
11219.321 nan 1.4108388398564222e-13
11220.407 nan 1.2693503305747486e-13
11221.493 nan 1.17605938822701e-13
11222.579 nan 1.362692692398238e-13
11223.665 nan 1.5736652332507728e-13
11224.751 nan 1.5368935410868017e-13
11225.837 nan 1.5528920778531483e-13
11226.923 nan 1.5112319732202488e-13
11228.009 nan 1.3035905256304727e-13
11229.095 nan 1.092354986155939e-13
11230.181 nan 1.0150948114924444e-13
11231.267 nan 1.0042674959157537e-13
11232.353 nan 1.0300680495279196e-13
11233.439 nan 1.1363602499665203e-13
11234.525 nan 1.4194971792448095e-13
11235.611 nan 1.8689070285043337e-13
11236.697 nan 1.990935385829044e-13
11237.783 nan 1.6346385109850827e-13
