lambda f_lambda fErr_lambda
9139.667900000377 9.736437320490957e-19 0.0
9140.753900000376 9.736437320490957e-19 0.0
9141.839900000376 9.736437320490957e-19 0.0
9142.925900000375 9.736437320490957e-19 0.0
9144.011900000374 9.736437320490957e-19 0.0
9145.097900000374 9.736437320490957e-19 0.0
9146.183900000373 9.736437320490957e-19 0.0
9147.269900000372 9.736437320490957e-19 0.0
9148.355900000372 9.736437320490957e-19 0.0
9149.44190000037 9.736437320490957e-19 0.0
9150.52790000037 9.736437320490957e-19 0.0
9151.61390000037 9.736437320490957e-19 0.0
9152.699900000369 9.736437320490957e-19 0.0
9153.785900000368 9.736437320490957e-19 0.0
9154.871900000368 9.736437320490957e-19 0.0
9155.957900000367 9.736437320490957e-19 0.0
9157.043900000366 9.736437320490957e-19 0.0
9158.129900000366 9.736437320490957e-19 0.0
9159.215900000365 9.736437320490957e-19 0.0
9160.301900000364 9.736437320490957e-19 0.0
9161.387900000364 9.736437320490957e-19 0.0
9162.473900000363 9.736437320490957e-19 0.0
9163.559900000362 9.736437320490957e-19 0.0
9164.645900000362 9.736437320490957e-19 0.0
9165.73190000036 9.736437320490957e-19 0.0
9166.81790000036 9.736437320490957e-19 0.0
9167.90390000036 9.736437320490957e-19 0.0
9168.989900000359 9.736437320490957e-19 0.0
9170.075900000358 9.736437320490957e-19 0.0
9171.161900000357 9.736437320490957e-19 0.0
9172.247900000357 9.736437320490957e-19 0.0
9173.333900000356 9.736437320490957e-19 0.0
9174.419900000355 9.736437320490957e-19 0.0
9175.505900000355 9.736437320490957e-19 0.0
9176.591900000354 9.736437320490957e-19 0.0
9177.677900000353 9.736437320490957e-19 0.0
9178.763900000353 9.736437320490957e-19 0.0
9179.849900000352 9.736437320490957e-19 0.0
9180.935900000351 9.736437320490957e-19 0.0
9182.02190000035 9.736437320490957e-19 0.0
9183.10790000035 9.736437320490957e-19 0.0
9184.19390000035 9.736437320490957e-19 0.0
9185.279900000349 9.736437320490957e-19 0.0
9186.365900000348 9.736437320490957e-19 0.0
9187.451900000347 9.736437320490957e-19 0.0
9188.537900000347 9.736437320490957e-19 0.0
9189.623900000346 9.736437320490957e-19 0.0
9190.709900000345 9.736437320490957e-19 0.0
9191.795900000345 9.736437320490957e-19 0.0
9192.881900000344 9.736437320490957e-19 0.0
9193.967900000343 9.736437320490957e-19 0.0
9195.053900000343 9.736437320490957e-19 0.0
9196.139900000342 9.736437320490957e-19 0.0
9197.225900000341 9.736437320490957e-19 0.0
9198.31190000034 9.736437320490957e-19 0.0
9199.39790000034 9.736437320490957e-19 0.0
9200.48390000034 9.736437320490957e-19 0.0
9201.569900000339 9.736437320490957e-19 0.0
9202.655900000338 9.736437320490957e-19 0.0
9203.741900000337 9.736437320490957e-19 0.0
9204.827900000337 9.736437320490957e-19 0.0
9205.913900000336 9.736437320490957e-19 0.0
9206.999900000335 9.736437320490957e-19 0.0
9208.085900000335 9.736437320490957e-19 0.0
9209.171900000334 9.736437320490957e-19 0.0
9210.257900000333 9.736437320490957e-19 0.0
9211.343900000333 9.736437320490957e-19 0.0
9212.429900000332 9.736437320490957e-19 0.0
9213.515900000331 9.736437320490957e-19 0.0
9214.60190000033 9.736437320490957e-19 0.0
9215.68790000033 9.736437320490957e-19 0.0
9216.77390000033 9.736437320490957e-19 0.0
9217.859900000329 9.736437320490957e-19 0.0
9218.945900000328 9.736437320490957e-19 0.0
9220.031900000327 9.736437320490957e-19 0.0
9221.117900000327 9.736437320490957e-19 0.0
9222.203900000326 9.736437320490957e-19 0.0
9223.289900000325 9.736437320490957e-19 0.0
9224.375900000325 9.736437320490957e-19 0.0
9225.461900000324 9.736437320490957e-19 0.0
9226.547900000323 9.736437320490957e-19 0.0
9227.633900000323 9.736437320490957e-19 0.0
9228.719900000322 9.736437320490957e-19 0.0
9229.805900000321 9.736437320490957e-19 0.0
9230.89190000032 9.736437320490957e-19 0.0
9231.97790000032 9.736437320490957e-19 0.0
9233.06390000032 9.736437320490957e-19 0.0
9234.149900000319 9.736437320490957e-19 0.0
9235.235900000318 9.736437320490957e-19 0.0
9236.321900000317 9.736437320490957e-19 0.0
9237.407900000317 9.736437320490957e-19 0.0
9238.493900000316 9.736437320490957e-19 0.0
9239.579900000315 9.736437320490957e-19 0.0
9240.665900000315 9.736437320490957e-19 0.0
9241.751900000314 9.736437320490957e-19 0.0
9242.837900000313 9.736437320490957e-19 0.0
9243.923900000313 9.736437320490957e-19 0.0
9245.009900000312 9.736437320490957e-19 0.0
9246.095900000311 9.736437320490957e-19 0.0
9247.18190000031 9.736437320490957e-19 0.0
9248.26790000031 9.736437320490957e-19 0.0
9249.35390000031 9.736437320490957e-19 0.0
9250.439900000309 9.736437320490957e-19 0.0
9251.525900000308 9.736437320490957e-19 0.0
9252.611900000307 9.736437320490957e-19 0.0
9253.697900000307 9.736437320490957e-19 0.0
9254.783900000306 9.736437320490957e-19 0.0
9255.869900000305 9.736437320490957e-19 0.0
9256.955900000305 9.736437320490957e-19 0.0
9258.041900000304 9.736437320490957e-19 0.0
9259.127900000303 9.736437320490957e-19 0.0
9260.213900000303 9.736437320490957e-19 0.0
9261.299900000302 9.736437320490957e-19 0.0
9262.385900000301 9.736437320490957e-19 0.0
9263.4719000003 9.736437320490957e-19 0.0
9264.5579000003 9.736437320490957e-19 0.0
9265.6439000003 9.736437320490957e-19 0.0
9266.729900000299 9.736437320490957e-19 0.0
9267.815900000298 9.736437320490957e-19 0.0
9268.901900000297 9.736437320490957e-19 0.0
9269.987900000297 9.736437320490957e-19 0.0
9271.073900000296 9.736437320490957e-19 0.0
9272.159900000295 9.736437320490957e-19 0.0
9273.245900000295 9.736437320490957e-19 0.0
9274.331900000294 9.736437320490957e-19 0.0
9275.417900000293 9.736437320490957e-19 0.0
9276.503900000293 9.736437320490957e-19 0.0
9277.589900000292 9.736437320490957e-19 0.0
9278.675900000291 9.736437320490957e-19 0.0
9279.76190000029 9.736437320490957e-19 0.0
9280.84790000029 9.736437320490957e-19 0.0
9281.93390000029 9.736437320490957e-19 0.0
9283.019900000289 9.736437320490957e-19 0.0
9284.105900000288 9.736437320490957e-19 0.0
9285.191900000287 9.736437320490957e-19 0.0
9286.277900000287 9.736437320490957e-19 0.0
9287.363900000286 9.736437320490957e-19 0.0
9288.449900000285 9.736437320490957e-19 0.0
9289.535900000285 9.736437320490957e-19 0.0
9290.621900000284 9.736437320490957e-19 0.0
9291.707900000283 9.736437320490957e-19 0.0
9292.793900000283 9.736437320490957e-19 0.0
9293.879900000282 9.736437320490957e-19 0.0
9294.965900000281 9.736437320490957e-19 0.0
9296.05190000028 9.736437320490957e-19 0.0
9297.13790000028 9.736437320490957e-19 0.0
9298.22390000028 9.736437320490957e-19 0.0
9299.309900000279 9.736437320490957e-19 0.0
9300.395900000278 9.736437320490957e-19 0.0
9301.481900000277 9.736437320490957e-19 0.0
9302.567900000276 9.736437320490957e-19 0.0
9303.653900000276 9.736437320490957e-19 0.0
9304.739900000275 9.736437320490957e-19 0.0
9305.825900000274 9.736437320490957e-19 0.0
9306.911900000274 9.736437320490957e-19 0.0
9307.997900000273 9.736437320490957e-19 0.0
9309.083900000272 9.736437320490957e-19 0.0
9310.169900000272 9.736437320490957e-19 0.0
9311.255900000271 9.736437320490957e-19 0.0
9312.34190000027 9.736437320490957e-19 0.0
9313.42790000027 9.736437320490957e-19 0.0
9314.51390000027 9.736437320490957e-19 0.0
9315.599900000268 9.736437320490957e-19 0.0
9316.685900000268 9.736437320490957e-19 0.0
9317.771900000267 9.736437320490957e-19 0.0
9318.857900000266 9.736437320490957e-19 0.0
9319.943900000266 9.736437320490957e-19 0.0
9321.029900000265 9.736437320490957e-19 0.0
9322.115900000264 9.736437320490957e-19 0.0
9323.201900000264 9.736437320490957e-19 0.0
9324.287900000263 9.736437320490957e-19 0.0
9325.373900000262 9.736437320490957e-19 0.0
9326.459900000262 9.736437320490957e-19 0.0
9327.545900000261 9.736437320490957e-19 0.0
9328.63190000026 9.736437320490957e-19 0.0
9329.71790000026 9.736437320490957e-19 0.0
9330.80390000026 9.736437320490957e-19 0.0
9331.889900000258 9.736437320490957e-19 0.0
9332.975900000258 9.736437320490957e-19 0.0
9334.061900000257 9.736437320490957e-19 0.0
9335.147900000256 9.736437320490957e-19 0.0
9336.233900000256 9.736437320490957e-19 0.0
9337.319900000255 9.736437320490957e-19 0.0
9338.405900000254 9.736437320490957e-19 0.0
9339.491900000254 9.736437320490957e-19 0.0
9340.577900000253 9.736437320490957e-19 0.0
9341.663900000252 9.736437320490957e-19 0.0
9342.749900000252 9.736437320490957e-19 0.0
9343.835900000251 9.736437320490957e-19 0.0
9344.92190000025 9.736437320490957e-19 0.0
9346.00790000025 9.736437320490957e-19 0.0
9347.093900000249 9.736437320490957e-19 0.0
9348.179900000248 9.736437320490957e-19 0.0
9349.265900000248 9.736437320490957e-19 0.0
9350.351900000247 9.736437320490957e-19 0.0
9351.437900000246 9.736437320490957e-19 0.0
9352.523900000246 9.736437320490957e-19 0.0
9353.609900000245 9.736437320490957e-19 0.0
9354.695900000244 9.736437320490957e-19 0.0
9355.781900000244 9.736437320490957e-19 0.0
9356.867900000243 9.736437320490957e-19 0.0
9357.953900000242 9.736437320490957e-19 0.0
9359.039900000242 9.736437320490957e-19 0.0
9360.125900000241 9.736437320490957e-19 0.0
9361.21190000024 9.736437320490957e-19 0.0
9362.29790000024 9.736437320490957e-19 0.0
9363.383900000239 9.736437320490957e-19 0.0
9364.469900000238 9.736437320490957e-19 0.0
9365.555900000238 9.736437320490957e-19 0.0
9366.641900000237 9.736437320490957e-19 0.0
9367.727900000236 9.736437320490957e-19 0.0
9368.813900000236 9.736437320490957e-19 0.0
9369.899900000235 9.736437320490957e-19 0.0
9370.985900000234 9.736437320490957e-19 0.0
9372.071900000234 9.736437320490957e-19 0.0
9373.157900000233 9.736437320490957e-19 0.0
9374.243900000232 9.736437320490957e-19 0.0
9375.329900000232 9.736437320490957e-19 0.0
9376.415900000231 9.736437320490957e-19 0.0
9377.50190000023 9.736437320490957e-19 0.0
9378.58790000023 9.736437320490957e-19 0.0
9379.673900000229 9.736437320490957e-19 0.0
9380.759900000228 9.736437320490957e-19 0.0
9381.845900000228 9.736437320490957e-19 0.0
9382.931900000227 9.736437320490957e-19 0.0
9384.017900000226 9.736437320490957e-19 0.0
9385.103900000226 9.736437320490957e-19 0.0
9386.189900000225 9.736437320490957e-19 0.0
9387.275900000224 9.736437320490957e-19 0.0
9388.361900000224 9.736437320490957e-19 0.0
9389.447900000223 9.736437320490957e-19 0.0
9390.533900000222 9.736437320490957e-19 0.0
9391.619900000222 9.736437320490957e-19 0.0
9392.705900000221 9.736437320490957e-19 0.0
9393.79190000022 9.736437320490957e-19 0.0
9394.87790000022 9.736437320490957e-19 0.0
9395.963900000219 9.736437320490957e-19 0.0
9397.049900000218 9.736437320490957e-19 0.0
9398.135900000218 9.736437320490957e-19 0.0
9399.221900000217 9.736437320490957e-19 0.0
9400.307900000216 9.736437320490957e-19 0.0
9401.393900000216 9.736437320490957e-19 0.0
9402.479900000215 9.736437320490957e-19 0.0
9403.565900000214 9.736437320490957e-19 0.0
9404.651900000214 9.736437320490957e-19 0.0
9405.737900000213 9.736437320490957e-19 0.0
9406.823900000212 9.736437320490957e-19 0.0
9407.909900000212 9.736437320490957e-19 0.0
9408.99590000021 9.736437320490957e-19 0.0
9410.08190000021 9.736437320490957e-19 0.0
9411.16790000021 9.736437320490957e-19 0.0
9412.253900000209 9.736437320490957e-19 0.0
9413.339900000208 9.736437320490957e-19 0.0
9414.425900000208 9.736437320490957e-19 0.0
9415.511900000207 9.736437320490957e-19 0.0
9416.597900000206 9.736437320490957e-19 0.0
9417.683900000206 9.736437320490957e-19 0.0
9418.769900000205 9.736437320490957e-19 0.0
9419.855900000204 9.736437320490957e-19 0.0
9420.941900000204 9.736437320490957e-19 0.0
9422.027900000203 9.736437320490957e-19 0.0
9423.113900000202 9.736437320490957e-19 0.0
9424.199900000202 9.736437320490957e-19 0.0
9425.2859000002 9.736437320490957e-19 0.0
9426.3719000002 9.736437320490957e-19 0.0
9427.4579000002 9.736437320490957e-19 0.0
9428.543900000199 9.736437320490957e-19 0.0
9429.629900000198 9.736437320490957e-19 0.0
9430.715900000198 9.736437320490957e-19 0.0
9431.801900000197 9.736437320490957e-19 0.0
9432.887900000196 9.736437320490957e-19 0.0
9433.973900000195 9.736437320490957e-19 0.0
9435.059900000195 9.736437320490957e-19 0.0
9436.145900000194 9.736437320490957e-19 0.0
9437.231900000193 9.736437320490957e-19 0.0
9438.317900000193 9.736437320490957e-19 0.0
9439.403900000192 9.736437320490957e-19 0.0
9440.489900000191 9.736437320490957e-19 0.0
9441.57590000019 9.736437320490957e-19 0.0
9442.66190000019 9.736437320490957e-19 0.0
9443.74790000019 9.736437320490957e-19 0.0
9444.833900000189 9.736437320490957e-19 0.0
9445.919900000188 9.736437320490957e-19 0.0
9447.005900000187 9.736437320490957e-19 0.0
9448.091900000187 9.736437320490957e-19 0.0
9449.177900000186 9.736437320490957e-19 0.0
9450.263900000185 9.736437320490957e-19 0.0
9451.349900000185 9.736437320490957e-19 0.0
9452.435900000184 9.736437320490957e-19 0.0
9453.521900000183 9.736437320490957e-19 0.0
9454.607900000183 9.736437320490957e-19 0.0
9455.693900000182 9.736437320490957e-19 0.0
9456.779900000181 9.736437320490957e-19 0.0
9457.86590000018 9.736437320490957e-19 0.0
9458.95190000018 9.736437320490957e-19 0.0
9460.03790000018 9.736437320490957e-19 0.0
9461.123900000179 9.736437320490957e-19 0.0
9462.209900000178 9.736437320490957e-19 0.0
9463.295900000177 9.736437320490957e-19 0.0
9464.381900000177 9.736437320490957e-19 0.0
9465.467900000176 9.736437320490957e-19 0.0
9466.553900000175 9.736437320490957e-19 0.0
9467.639900000175 9.736437320490957e-19 0.0
9468.725900000174 9.736437320490957e-19 0.0
9469.811900000173 9.736437320490957e-19 0.0
9470.897900000173 9.736437320490957e-19 0.0
9471.983900000172 9.736437320490957e-19 0.0
9473.069900000171 9.736437320490957e-19 0.0
9474.15590000017 9.736437320490957e-19 0.0
9475.24190000017 9.736437320490957e-19 0.0
9476.32790000017 9.736437320490957e-19 0.0
9477.413900000169 9.736437320490957e-19 0.0
9478.499900000168 9.736437320490957e-19 0.0
9479.585900000167 9.736437320490957e-19 0.0
9480.671900000167 9.736437320490957e-19 0.0
9481.757900000166 9.736437320490957e-19 0.0
9482.843900000165 9.736437320490957e-19 0.0
9483.929900000165 9.736437320490957e-19 0.0
9485.015900000164 9.736437320490957e-19 0.0
9486.101900000163 9.736437320490957e-19 0.0
9487.187900000163 9.736437320490957e-19 0.0
9488.273900000162 9.736437320490957e-19 0.0
9489.359900000161 9.736437320490957e-19 0.0
9490.44590000016 9.736437320490957e-19 0.0
9491.53190000016 9.736437320490957e-19 0.0
9492.61790000016 9.736437320490957e-19 0.0
9493.703900000159 9.736437320490957e-19 0.0
9494.789900000158 9.736437320490957e-19 0.0
9495.875900000157 9.736437320490957e-19 0.0
9496.961900000157 9.736437320490957e-19 0.0
9498.047900000156 9.736437320490957e-19 0.0
9499.133900000155 9.736437320490957e-19 0.0
9500.219900000155 9.736437320490957e-19 0.0
9501.305900000154 9.736437320490957e-19 0.0
9502.391900000153 9.736437320490957e-19 0.0
9503.477900000153 9.736437320490957e-19 0.0
9504.563900000152 9.736437320490957e-19 0.0
9505.649900000151 9.736437320490957e-19 0.0
9506.73590000015 9.736437320490957e-19 0.0
9507.82190000015 9.736437320490957e-19 0.0
9508.90790000015 9.736437320490957e-19 0.0
9509.993900000149 9.736437320490957e-19 0.0
9511.079900000148 9.736437320490957e-19 0.0
9512.165900000147 9.736437320490957e-19 0.0
9513.251900000147 9.736437320490957e-19 0.0
9514.337900000146 9.736437320490957e-19 0.0
9515.423900000145 9.736437320490957e-19 0.0
9516.509900000145 9.736437320490957e-19 0.0
9517.595900000144 9.736437320490957e-19 0.0
9518.681900000143 9.736437320490957e-19 0.0
9519.767900000143 9.736437320490957e-19 0.0
9520.853900000142 9.736437320490957e-19 0.0
9521.939900000141 9.736437320490957e-19 0.0
9523.02590000014 9.736437320490957e-19 0.0
9524.11190000014 9.736437320490957e-19 0.0
9525.19790000014 9.736437320490957e-19 0.0
9526.283900000139 9.736437320490957e-19 0.0
9527.369900000138 9.736437320490957e-19 0.0
9528.455900000137 9.736437320490957e-19 0.0
9529.541900000137 9.736437320490957e-19 0.0
9530.627900000136 9.736437320490957e-19 0.0
9531.713900000135 9.736437320490957e-19 0.0
9532.799900000135 9.736437320490957e-19 0.0
9533.885900000134 9.736437320490957e-19 0.0
9534.971900000133 9.736437320490957e-19 0.0
9536.057900000133 9.736437320490957e-19 0.0
9537.143900000132 9.736437320490957e-19 0.0
9538.229900000131 9.736437320490957e-19 0.0
9539.31590000013 9.736437320490957e-19 0.0
9540.40190000013 9.736437320490957e-19 0.0
9541.48790000013 9.736437320490957e-19 0.0
9542.573900000129 9.736437320490957e-19 0.0
9543.659900000128 9.736437320490957e-19 0.0
9544.745900000127 9.736437320490957e-19 0.0
9545.831900000127 9.736437320490957e-19 0.0
9546.917900000126 9.736437320490957e-19 0.0
9548.003900000125 9.736437320490957e-19 0.0
9549.089900000125 9.736437320490957e-19 0.0
9550.175900000124 9.736437320490957e-19 0.0
9551.261900000123 9.736437320490957e-19 0.0
9552.347900000123 9.736437320490957e-19 0.0
9553.433900000122 9.736437320490957e-19 0.0
9554.519900000121 9.736437320490957e-19 0.0
9555.60590000012 9.736437320490957e-19 0.0
9556.69190000012 9.736437320490957e-19 0.0
9557.77790000012 9.736437320490957e-19 0.0
9558.863900000119 9.736437320490957e-19 0.0
9559.949900000118 9.736437320490957e-19 0.0
9561.035900000117 9.736437320490957e-19 0.0
9562.121900000117 9.736437320490957e-19 0.0
9563.207900000116 9.736437320490957e-19 0.0
9564.293900000115 9.736437320490957e-19 0.0
9565.379900000115 9.736437320490957e-19 0.0
9566.465900000114 9.736437320490957e-19 0.0
9567.551900000113 9.736437320490957e-19 0.0
9568.637900000112 9.736437320490957e-19 0.0
9569.723900000112 9.736437320490957e-19 0.0
9570.809900000111 9.736437320490957e-19 0.0
9571.89590000011 9.736437320490957e-19 0.0
9572.98190000011 9.736437320490957e-19 0.0
9574.06790000011 9.736437320490957e-19 0.0
9575.153900000108 9.736437320490957e-19 0.0
9576.239900000108 9.736437320490957e-19 0.0
9577.325900000107 9.736437320490957e-19 0.0
9578.411900000106 9.736437320490957e-19 0.0
9579.497900000106 9.736437320490957e-19 0.0
9580.583900000105 9.736437320490957e-19 0.0
9581.669900000104 9.736437320490957e-19 0.0
9582.755900000104 9.736437320490957e-19 0.0
9583.841900000103 9.736437320490957e-19 0.0
9584.927900000102 9.736437320490957e-19 0.0
9586.013900000102 9.736437320490957e-19 0.0
9587.099900000101 9.736437320490957e-19 0.0
9588.1859000001 9.736437320490957e-19 0.0
9589.2719000001 9.736437320490957e-19 0.0
9590.3579000001 9.736437320490957e-19 0.0
9591.443900000098 9.736437320490957e-19 0.0
9592.529900000098 9.736437320490957e-19 0.0
9593.615900000097 9.736437320490957e-19 0.0
9594.701900000096 9.736437320490957e-19 0.0
9595.787900000096 9.736437320490957e-19 0.0
9596.873900000095 9.736437320490957e-19 0.0
9597.959900000094 9.736437320490957e-19 0.0
9599.045900000094 9.736437320490957e-19 0.0
9600.131900000093 9.736437320490957e-19 0.0
9601.217900000092 9.736437320490957e-19 0.0
9602.303900000092 9.736437320490957e-19 0.0
9603.389900000091 9.736437320490957e-19 0.0
9604.47590000009 9.736437320490957e-19 0.0
9605.56190000009 9.736437320490957e-19 0.0
9606.647900000089 9.736437320490957e-19 0.0
9607.733900000088 9.736437320490957e-19 0.0
9608.819900000088 9.736437320490957e-19 0.0
9609.905900000087 9.736437320490957e-19 0.0
9610.991900000086 9.736437320490957e-19 0.0
9612.077900000086 9.736437320490957e-19 0.0
9613.163900000085 9.736437320490957e-19 0.0
9614.249900000084 9.736437320490957e-19 0.0
9615.335900000084 9.736437320490957e-19 0.0
9616.421900000083 9.736437320490957e-19 0.0
9617.507900000082 9.736437320490957e-19 0.0
9618.593900000082 9.736437320490957e-19 0.0
9619.679900000081 9.736437320490957e-19 0.0
9620.76590000008 9.736437320490957e-19 0.0
9621.85190000008 9.736437320490957e-19 0.0
9622.937900000079 9.736437320490957e-19 0.0
9624.023900000078 9.736437320490957e-19 0.0
9625.109900000078 9.736437320490957e-19 0.0
9626.195900000077 9.736437320490957e-19 0.0
9627.281900000076 9.736437320490957e-19 0.0
9628.367900000076 9.736437320490957e-19 0.0
9629.453900000075 9.736437320490957e-19 0.0
9630.539900000074 9.736437320490957e-19 0.0
9631.625900000074 9.736437320490957e-19 0.0
9632.711900000073 9.736437320490957e-19 0.0
9633.797900000072 9.736437320490957e-19 0.0
9634.883900000072 9.736437320490957e-19 0.0
9635.969900000071 9.736437320490957e-19 0.0
9637.05590000007 9.736437320490957e-19 0.0
9638.14190000007 9.736437320490957e-19 0.0
9639.227900000069 9.736437320490957e-19 0.0
9640.313900000068 9.736437320490957e-19 0.0
9641.399900000068 9.736437320490957e-19 0.0
9642.485900000067 9.736437320490957e-19 0.0
9643.571900000066 9.736437320490957e-19 0.0
9644.657900000066 9.736437320490957e-19 0.0
9645.743900000065 9.736437320490957e-19 0.0
9646.829900000064 9.736437320490957e-19 0.0
9647.915900000064 9.736437320490957e-19 0.0
9649.001900000063 9.736437320490957e-19 0.0
9650.087900000062 9.736437320490957e-19 0.0
9651.173900000062 9.736437320490957e-19 0.0
9652.259900000061 9.736437320490957e-19 0.0
9653.34590000006 9.736437320490957e-19 0.0
9654.43190000006 9.736437320490957e-19 0.0
9655.517900000059 9.736437320490957e-19 0.0
9656.603900000058 9.736437320490957e-19 0.0
9657.689900000058 9.736437320490957e-19 0.0
9658.775900000057 9.736437320490957e-19 0.0
9659.861900000056 9.736437320490957e-19 0.0
9660.947900000056 9.736437320490957e-19 0.0
9662.033900000055 9.736437320490957e-19 0.0
9663.119900000054 9.736437320490957e-19 0.0
9664.205900000054 9.736437320490957e-19 0.0
9665.291900000053 9.736437320490957e-19 0.0
9666.377900000052 9.736437320490957e-19 0.0
9667.463900000052 9.736437320490957e-19 0.0
9668.549900000051 9.736437320490957e-19 0.0
9669.63590000005 9.736437320490957e-19 0.0
9670.72190000005 9.736437320490957e-19 0.0
9671.807900000049 9.736437320490957e-19 0.0
9672.893900000048 9.736437320490957e-19 0.0
9673.979900000048 9.736437320490957e-19 0.0
9675.065900000047 9.736437320490957e-19 0.0
9676.151900000046 9.736437320490957e-19 0.0
9677.237900000046 9.736437320490957e-19 0.0
9678.323900000045 9.736437320490957e-19 0.0
9679.409900000044 9.736437320490957e-19 0.0
9680.495900000044 9.736437320490957e-19 0.0
9681.581900000043 9.736437320490957e-19 0.0
9682.667900000042 9.736437320490957e-19 0.0
9683.753900000042 9.736437320490957e-19 0.0
9684.83990000004 9.736437320490957e-19 0.0
9685.92590000004 9.736437320490957e-19 0.0
9687.01190000004 9.736437320490957e-19 0.0
9688.097900000039 9.736437320490957e-19 0.0
9689.183900000038 9.736437320490957e-19 0.0
9690.269900000038 9.736437320490957e-19 0.0
9691.355900000037 9.736437320490957e-19 0.0
9692.441900000036 9.736437320490957e-19 0.0
9693.527900000036 9.736437320490957e-19 0.0
9694.613900000035 9.736437320490957e-19 0.0
9695.699900000034 9.736437320490957e-19 0.0
9696.785900000034 9.736437320490957e-19 0.0
9697.871900000033 9.736437320490957e-19 0.0
9698.957900000032 9.736437320490957e-19 0.0
9700.043900000031 9.736437320490957e-19 0.0
9701.12990000003 9.736437320490957e-19 0.0
9702.21590000003 9.736437320490957e-19 0.0
9703.30190000003 9.736437320490957e-19 0.0
9704.387900000029 9.736437320490957e-19 0.0
9705.473900000028 9.736437320490957e-19 0.0
9706.559900000027 9.736437320490957e-19 0.0
9707.645900000027 9.736437320490957e-19 0.0
9708.731900000026 9.736437320490957e-19 0.0
9709.817900000025 9.736437320490957e-19 0.0
9710.903900000025 9.736437320490957e-19 0.0
9711.989900000024 9.736437320490957e-19 0.0
9713.075900000023 9.736437320490957e-19 0.0
9714.161900000023 9.736437320490957e-19 0.0
9715.247900000022 9.736437320490957e-19 0.0
9716.333900000021 9.736437320490957e-19 0.0
9717.41990000002 9.736437320490957e-19 0.0
9718.50590000002 9.736437320490957e-19 0.0
9719.59190000002 9.736437320490957e-19 0.0
9720.677900000019 9.736437320490957e-19 0.0
9721.763900000018 9.736437320490957e-19 0.0
9722.849900000017 9.736437320490957e-19 0.0
9723.935900000017 9.736437320490957e-19 0.0
9725.021900000016 9.736437320490957e-19 0.0
9726.107900000015 9.736437320490957e-19 0.0
9727.193900000015 9.736437320490957e-19 0.0
9728.279900000014 9.736437320490957e-19 0.0
9729.365900000013 9.736437320490957e-19 0.0
9730.451900000013 9.736437320490957e-19 0.0
9731.537900000012 9.736437320490957e-19 0.0
9732.623900000011 9.736437320490957e-19 0.0
9733.70990000001 9.736437320490957e-19 0.0
9734.79590000001 9.736437320490957e-19 0.0
9735.88190000001 9.736437320490957e-19 0.0
9736.967900000009 9.736437320490957e-19 0.0
9738.053900000008 9.736437320490957e-19 0.0
9739.139900000007 9.736437320490957e-19 0.0
9740.225900000007 9.736437320490957e-19 0.0
9741.311900000006 9.736437320490957e-19 0.0
9742.397900000005 9.736437320490957e-19 0.0
9743.483900000005 9.736437320490957e-19 0.0
9744.569900000004 9.736437320490957e-19 0.0
9745.655900000003 9.736437320490957e-19 0.0
9746.741900000003 9.736437320490957e-19 0.0
9747.827900000002 9.736437320490957e-19 0.0
9748.913900000001 9.736437320490957e-19 0.0
9749.9999 9.736437320490957e-19 0.0
9751.0859 9.736437320490957e-19 0.0
9752.1719 3.0917073349378757e-18 8.639303502239857e-19
9753.2579 3.510025074420072e-20 7.801130776496643e-19
9754.3439 1.2453129694604889e-18 7.60064695525059e-19
9755.4299 5.042201459158708e-18 7.616172308154174e-19
9756.5158 1.914221456136722e-18 7.5808540764948295e-19
9757.6018 1.2928729003461993e-18 7.477079947278822e-19
9758.6878 1.7977697940653198e-18 7.70572912146469e-19
9759.7738 2.0105524368318193e-18 7.6405278245729685e-19
9760.8597 -1.6071776790684817e-18 7.473842670665331e-19
9761.9457 1.0782977102641798e-20 6.968010288555003e-19
9763.0317 -2.573663256792229e-18 7.003454335941799e-19
9764.1176 1.0724659368811117e-18 7.766665512216025e-19
9765.2036 1.6084411987762683e-18 7.460278255784198e-19
9766.2896 1.7771191032188702e-18 6.998583757282408e-19
9767.3756 5.959231808000593e-19 6.510962122004027e-19
9768.4615 6.275896486742391e-19 6.395136460800443e-19
9769.5475 1.564467112926039e-18 6.042307521030492e-19
9770.6335 2.28525059393664e-18 6.245942423748265e-19
9771.7195 -2.814325265139067e-18 6.474248921011181e-19
9772.8054 -8.865135455091832e-19 6.313209977958021e-19
9773.8914 2.3160451178978594e-18 6.085805688777077e-19
9774.9774 1.814907218117645e-18 6.234595588295007e-19
9776.0633 2.2891722065206557e-18 6.199834466005474e-19
9777.1493 1.298980897374437e-18 6.088807115984722e-19
9778.2353 -1.7077676218548925e-18 6.193876843035846e-19
9779.3213 8.748215272170799e-19 6.209217984043736e-19
9780.4072 2.6053229637998435e-18 6.280750545193389e-19
9781.4932 2.4962189810863563e-18 6.435279439709018e-19
9782.5792 1.658513447189923e-18 6.787029924491902e-19
9783.6652 3.282883811245008e-18 5.770228331096322e-19
9784.7511 6.185072983830204e-19 6.237416798483982e-19
9785.8371 3.062337639527903e-18 6.24387702105046e-19
9786.9231 1.198960160839469e-18 6.3592871131099295e-19
9788.009 5.427731782198067e-19 6.864327802139737e-19
9789.095 8.646888005420859e-19 8.818440010670458e-19
9790.181 1.5420401862197824e-18 1.459543565580892e-18
9791.267 1.4231764544928642e-18 2.425111156912463e-18
9792.3529 -1.3668403902890762e-18 3.833406684692685e-18
9793.4389 -1.3949018875571135e-18 4.317867470365281e-18
9794.5249 -9.957772463075971e-18 4.26011144168587e-18
9795.6109 -5.901433475523735e-18 3.3311963171132243e-18
9796.6968 -9.151755634105673e-21 1.6113805844026434e-18
9797.7828 6.23792590261573e-20 1.0696955744232987e-18
9798.8688 4.466357531704502e-22 1.1062634298998368e-18
9799.9548 -1.7916286485233606e-18 1.5219605920657506e-18
9801.0407 -1.0226203785542049e-19 2.285092923022594e-18
9802.1267 -2.543321624830628e-18 2.3651369425123446e-18
9803.2127 1.3512697534293744e-18 2.3284353927457093e-18
9804.2986 4.143053995726514e-18 1.861021027839255e-18
9805.3846 1.855747099439626e-18 9.679820908855118e-19
9806.4706 1.0028838975506589e-18 6.632714141578449e-19
9807.5566 -6.25800212016418e-19 6.965419604145605e-19
9808.6425 -1.64846428241202e-18 8.845065340118426e-19
9809.7285 3.7416806755716303e-19 9.920541213229147e-19
9810.8145 -5.675948626226262e-19 1.0253598253250034e-18
9811.9005 -2.189569612723147e-19 1.1391758065223208e-18
9812.9864 1.5206245919180513e-18 1.3384428347954519e-18
9814.0724 8.31091396825305e-19 1.4585165867482964e-18
9815.1584 -2.535762587228415e-18 1.4908587353507245e-18
9816.2443 2.759177641720011e-19 1.3570702115276523e-18
9817.3303 6.266711469251481e-19 1.101366318778526e-18
9818.4163 7.64992917963016e-19 9.327803676379675e-19
9819.5023 3.5399515066320994e-19 9.790473802655456e-19
9820.5882 1.4766384190915035e-18 9.746228069769003e-19
9821.6742 9.507373678438688e-19 8.861193319445956e-19
9822.7602 1.1827291052582019e-18 7.2409138452943765e-19
9823.8462 7.326056298338351e-19 6.216039180877757e-19
9824.9321 -3.7120866991567845e-19 6.19396095886926e-19
9826.0181 -3.6251805917446883e-19 6.410443488993347e-19
9827.1041 2.4981245135515328e-18 6.647032160828267e-19
9828.19 2.4111174323866214e-18 7.513187786521937e-19
9829.276 4.9222689790471187e-20 8.69880346746684e-19
9830.362 1.5266863625042434e-18 9.169648238046001e-19
9831.448 -9.787317660216704e-19 9.01778214002673e-19
9832.5339 5.710931625229869e-19 8.474021367333814e-19
9833.6199 2.5654990525269224e-18 7.4041978287975615e-19
9834.7059 7.011414743766811e-19 6.357504801525205e-19
9835.7919 -6.185938334230445e-19 5.976086765830201e-19
9836.8778 -4.0876463657785804e-18 6.291282490328701e-19
9837.9638 -2.192437765463177e-19 5.874029932075896e-19
9839.0498 1.8934162611960097e-18 5.698194785368275e-19
9840.1357 8.79076331133353e-19 5.653350242189341e-19
9841.2217 1.0478044616285907e-18 5.351851692832758e-19
9842.3077 1.2378529157792937e-18 5.42301057500481e-19
9843.3937 1.2943197207987217e-18 5.404996382242558e-19
9844.4796 2.1970409433317597e-18 5.525142276735675e-19
9845.5656 -1.4406331083098205e-20 5.78690074209207e-19
9846.6516 1.443101464335731e-19 6.176547426878482e-19
9847.7376 1.0206291320961426e-19 7.594260308768587e-19
9848.8235 -1.0338798343348188e-19 1.2349615014054186e-18
9849.9095 1.0036258799519219e-18 1.9397743048887666e-18
9850.9955 -2.5638969600077487e-18 2.0726196486315863e-18
9852.0814 -2.237674430704296e-18 2.0500336057168046e-18
9853.1674 -1.8246837546912716e-19 1.5770628527558727e-18
9854.2534 -3.257896248768066e-18 7.8223940237027e-19
9855.3394 -5.346727053592295e-19 5.462511811724655e-19
9856.4253 9.229856561998747e-19 5.148255355469847e-19
9857.5113 6.094195530943624e-19 5.296623508839797e-19
9858.5973 1.638346283720462e-18 5.422854692072343e-19
9859.6833 1.3253291803355548e-18 5.266917409381355e-19
9860.7692 1.0124971823595421e-18 5.23426239486931e-19
9861.8552 -2.155160921774408e-18 5.32043483506663e-19
9862.9412 -9.18150385214177e-19 5.262512587657966e-19
9864.0271 -3.4910661060599814e-19 5.412570742829077e-19
9865.1131 7.146090563975399e-19 5.517879076449228e-19
9866.1991 5.151003173495458e-19 5.423164469439938e-19
9867.2851 1.3083038915781022e-19 5.533077848140312e-19
9868.371 -3.7271255981328813e-20 5.460757427602735e-19
9869.457 -1.5291171779808732e-19 5.935228204037331e-19
9870.543 -1.711608508204494e-18 7.366512999037795e-19
9871.629 -2.9542272496544583e-18 1.1117608001602476e-18
9872.7149 -5.380746435757313e-18 2.2710771547679925e-18
9873.8009 -1.2154689620213112e-17 3.53020783672333e-18
9874.8869 -8.545595395059802e-19 3.5337697303831426e-18
9875.9729 3.673266738257675e-19 3.3035049851297597e-18
9877.0588 -7.130283566956282e-19 2.0935593528517993e-18
9878.1448 8.355284375936369e-19 8.618694060560066e-19
9879.2308 -7.129600166319809e-19 5.879086946815404e-19
9880.3167 -1.8292554464474222e-18 5.576480034067115e-19
9881.4027 -2.0485887601562821e-19 5.416559618887724e-19
9882.4887 3.416470155994706e-18 5.531353085191975e-19
9883.5747 1.0302503858298087e-18 5.628516427561581e-19
9884.6606 7.015167367319772e-19 5.931579232489222e-19
9885.7466 -1.5883678436496021e-19 6.263889003991874e-19
9886.8326 -6.857750734849516e-19 7.209396336508773e-19
9887.9186 8.671438102906623e-20 7.774073799945166e-19
9889.0045 6.679613208468374e-19 7.596440141163313e-19
9890.0905 -7.9038650058369755e-19 7.201791125795169e-19
9891.1765 -1.967981841186684e-18 6.277220170616545e-19
9892.2624 2.7486550765973882e-19 5.817498473099598e-19
9893.3484 -9.12944120563753e-19 6.699732135333547e-19
9894.4344 1.4995027982098414e-18 9.411212622029361e-19
9895.5204 1.1968874249881678e-18 1.7213803413323294e-18
9896.6063 -6.55805610422615e-19 2.3410106900530745e-18
9897.6923 1.865874871372172e-18 2.3082498138429708e-18
9898.7783 6.15362111664892e-20 2.0856381327414302e-18
9899.8643 1.3518840867443363e-18 1.3351298342350453e-18
9900.9502 4.534879478001633e-19 7.551603712032622e-19
9902.0362 -4.868592964652343e-19 6.248393597534613e-19
9903.1222 -4.716121429473138e-19 6.14724035232523e-19
9904.2081 -3.7804048873776994e-19 5.919340179500822e-19
9905.2941 1.726819058137717e-18 5.677240580240071e-19
9906.3801 4.481411335478956e-19 5.2019699443405895e-19
9907.4661 2.1722602303065556e-18 4.880822385418704e-19
9908.552 2.2746379991117297e-19 4.82502663734551e-19
9909.638 1.9536371326534433e-18 4.705341472128895e-19
9910.724 7.904459501726811e-19 4.806060649008937e-19
9911.81 3.141825152506696e-19 5.341804718752155e-19
9912.8959 1.6018285115080978e-18 6.749064300140433e-19
9913.9819 4.002751523322475e-18 1.0356108242421385e-18
9915.0679 5.2782386929707585e-18 2.0701960237311636e-18
9916.1538 4.834697449489637e-18 3.3276736965338815e-18
9917.2398 2.9689551179984873e-18 3.3903739052714563e-18
9918.3258 1.8927913938070204e-19 3.2440195089859515e-18
9919.4118 5.118957127936457e-18 2.2868969891833905e-18
9920.4977 8.6865088475019e-19 8.713701801266907e-19
9921.5837 2.0066256315266416e-18 5.21689519640847e-19
9922.6697 1.3592129968255433e-18 4.754631931251109e-19
9923.7557 5.264070697555871e-19 4.604683966478552e-19
9924.8416 1.3493460132877055e-18 4.643578463607389e-19
9925.9276 5.33727757141538e-19 4.677924063769895e-19
9927.0136 1.0357977983428822e-18 4.740911074109707e-19
9928.0995 2.8174192631483214e-18 4.800695805415617e-19
9929.1855 3.10224432359027e-18 4.531607653345027e-19
9930.2715 2.094119922553854e-18 4.584890434835721e-19
9931.3575 7.898353575969832e-19 4.572415644121492e-19
9932.4434 1.3417217626598482e-19 4.649592292952486e-19
9933.5294 6.47801061276915e-19 4.914772087983567e-19
9934.6154 1.560567232791793e-18 5.082806361679077e-19
9935.7014 -1.4161567898082454e-19 4.961345667625893e-19
9936.7873 4.1638005899953697e-19 5.026327826692712e-19
9937.8733 5.638269847708384e-19 5.174216437902153e-19
9938.9593 9.504290208462546e-19 5.342682013595403e-19
9940.0452 1.0171297504492968e-19 6.1422285160716e-19
9941.1312 -9.60879815383044e-19 7.99517860684113e-19
9942.2172 -3.857507307022404e-19 1.431415991629302e-18
9943.3032 -2.9030577999091866e-18 2.2271757336940316e-18
9944.3891 1.9380824618095713e-18 2.420228399499544e-18
9945.4751 -1.0899178984888305e-18 2.6012108124504195e-18
9946.5611 -4.899291906491182e-18 2.8829858964813085e-18
9947.6471 4.806518601614577e-18 3.0938885665051786e-18
9948.733 -2.2047224484846624e-18 3.29479156126009e-18
9949.819 8.883667729804763e-20 3.2574440676829574e-18
9950.905 7.72413875938047e-18 2.7191320913261803e-18
9951.991 1.3470009159773857e-18 1.8868836532642846e-18
9953.0769 4.982689431979288e-19 1.266729613345103e-18
9954.1629 -8.995775938463534e-19 8.649136069240422e-19
9955.2489 -1.0111523002290817e-18 7.592699745827408e-19
9956.3348 -1.4139843868870768e-18 1.0342433099833515e-18
9957.4208 -3.648386350708682e-18 2.0973619155004856e-18
9958.5068 -4.5834528795646134e-18 2.7127464969355907e-18
9959.5928 8.066072871869407e-19 2.718328314387256e-18
9960.6787 -3.976625307757122e-18 2.649616848257305e-18
9961.7647 1.4736003718639043e-18 2.281848792823495e-18
9962.8507 5.15697761770289e-18 2.4099497177258836e-18
9963.9367 3.766775743205648e-18 2.906325934234719e-18
9965.0226 -7.6013149638099615e-19 2.7895581443892928e-18
9966.1086 3.5663612844304075e-19 2.3030828039467626e-18
9967.1946 2.117400938207692e-18 1.2191871475540792e-18
9968.2805 2.685764517087898e-19 6.260642202011865e-19
9969.3665 1.490070362046591e-18 5.333613838384338e-19
9970.4525 1.8234071439365941e-19 5.171816736438951e-19
9971.5385 1.997293277079391e-18 6.173746442567209e-19
9972.6244 1.916096635403895e-18 9.593255322143334e-19
9973.7104 2.6886431230024636e-18 1.5183203019719589e-18
9974.7964 2.789566516635543e-18 1.5563592570146497e-18
9975.8824 2.3137298338370325e-19 1.4981818782959356e-18
9976.9683 3.082269401584657e-19 1.208972049164614e-18
9978.0543 -9.784849323548999e-19 8.495411875205173e-19
9979.1403 6.673236796224572e-19 7.9908673203484995e-19
9980.2262 2.119186109615096e-18 7.967827255513154e-19
9981.3122 1.5983125914281736e-18 8.333869587185561e-19
9982.3982 5.771187196052693e-19 8.142018651706376e-19
9983.4842 -4.6553446771449225e-20 6.598356648601787e-19
9984.5701 -1.9718992854687227e-19 5.439699403274483e-19
9985.6561 9.169919753829137e-19 4.650302959817332e-19
9986.7421 1.2511900637159228e-18 4.600663841486617e-19
9987.8281 3.027656703317986e-19 4.470777822478445e-19
9988.914 1.4658283655173532e-18 4.33262342424834e-19
9990.0 2.2222805927272317e-18 4.2721571190196994e-19
9991.086 9.828439377242877e-19 4.335969802119078e-19
9992.1719 -1.3673628940018295e-19 4.385392048565097e-19
9993.2579 5.329457753367543e-19 4.347780444218322e-19
9994.3439 -6.269423971630086e-19 4.389911679809955e-19
9995.4299 1.1470391722285005e-18 4.3223107219056477e-19
9996.5158 1.9278716969355293e-18 4.274889410072709e-19
9997.6018 1.584972235335099e-18 4.262160845816384e-19
9998.6878 -8.823754138628894e-19 4.794561685904362e-19
9999.7738 1.3797361836602739e-18 6.315357154635775e-19
10000.86 -8.05724178993419e-19 1.1394517077670315e-18
10001.946 1.5246906448141722e-18 1.3957753252217737e-18
10003.032 7.173050439900373e-19 1.4634004007061863e-18
10004.118 2.011752232277382e-18 1.2936577220568131e-18
10005.204 1.7114579489154878e-18 8.646438314542977e-19
10006.29 1.8805464689523393e-18 5.592741011328192e-19
10007.376 1.5515098147512581e-18 4.623297799261516e-19
10008.462 6.396252192474505e-19 4.27552694943242e-19
10009.548 -5.750981369969599e-19 4.685706429660108e-19
10010.633 1.6627034457972754e-18 6.27110926702557e-19
10011.719 6.575586977202848e-19 1.0020984208308116e-18
10012.805 7.023418641007249e-18 1.7701624972592983e-18
10013.891 4.889048641421593e-18 3.069129406303995e-18
10014.977 4.458159503720731e-18 3.663863214760215e-18
10016.063 2.3113730208116667e-18 3.686584762145411e-18
10017.149 -2.2367802131556663e-18 3.2206041410041313e-18
10018.235 -3.0621639105716163e-18 1.9322691854077564e-18
10019.321 7.429817783994877e-19 9.093451489321767e-19
10020.407 1.6059280928154292e-18 5.431512924177317e-19
10021.493 9.743104864644124e-19 5.528674522290337e-19
10022.579 1.0950598091263136e-18 6.917642371534289e-19
10023.665 -1.064578725989119e-18 7.803369443742466e-19
10024.751 -1.155567679502008e-18 8.925041414781645e-19
10025.837 2.241741775902244e-18 1.3417570948449104e-18
10026.923 1.844221373130257e-18 1.9808827350305377e-18
10028.009 -1.384646251411334e-19 2.0366234634773545e-18
10029.095 2.0927093393468304e-18 2.0524787386933638e-18
10030.181 1.322588819793091e-19 1.48398483028803e-18
10031.267 6.758566283958019e-19 6.592355047090717e-19
10032.353 1.6171296421269374e-18 4.697454996963665e-19
10033.439 1.159675068083244e-19 4.552386353891892e-19
10034.525 -3.615198427746568e-19 4.552370661336499e-19
10035.611 -5.217749590965457e-19 4.629291600479411e-19
10036.697 -3.947807205627281e-19 4.998198505942062e-19
10037.783 7.256312832577741e-19 5.422674826246193e-19
10038.869 1.4389350425495653e-19 5.809984786325485e-19
10039.955 -6.550867619962637e-20 5.928308893336675e-19
10041.041 1.810165677522506e-18 5.642667859850425e-19
10042.127 -7.198233685046337e-19 5.56363654432509e-19
10043.213 1.2702987854568801e-20 6.431053485816352e-19
10044.299 1.5188865152165605e-18 9.95166413308749e-19
10045.385 1.0837206194651094e-18 1.2515716861862069e-18
10046.471 8.362701015080135e-19 1.255618808361307e-18
10047.557 7.628463028963667e-19 1.1628167710255921e-18
10048.643 -6.912954414876154e-19 7.610792655966963e-19
10049.729 -1.3032737006867912e-18 4.499016580606836e-19
10050.814 -1.2795116729774103e-18 3.953596653004237e-19
10051.9 8.893363119951909e-19 3.9719919566777063e-19
10052.986 -7.98908753405183e-20 4.0147518250094003e-19
10054.072 -5.641163640970197e-19 3.9160593616599754e-19
10055.158 -1.1578669561645997e-18 3.9161501675039305e-19
10056.244 1.7702027861215426e-19 3.9041935106084615e-19
10057.33 8.74175687218284e-19 4.0140577213820174e-19
10058.416 -4.864114147321839e-19 4.467518176445232e-19
10059.502 -1.0743569661767373e-18 6.457208443451334e-19
10060.588 6.353549355038942e-19 9.892546902718185e-19
10061.674 -5.954018144056567e-19 1.4795469778938817e-18
10062.76 7.954741364081684e-19 1.6773813964777064e-18
10063.846 3.465345746235986e-18 1.6254454938286365e-18
10064.932 -7.272547098148255e-19 1.4219918344107712e-18
10066.018 -7.072580952612824e-19 8.938093473026218e-19
10067.104 1.6642164442923842e-19 6.777262951470114e-19
10068.19 -9.659012891598994e-19 7.759070227757519e-19
10069.276 -4.527325134219025e-20 8.530000230814979e-19
10070.362 6.448713702556717e-19 9.08033341606671e-19
10071.448 2.197176068778021e-18 1.0839785266909663e-18
10072.534 -2.0014494005475574e-19 1.179001031046769e-18
10073.62 -1.105005093540356e-18 1.1522323482333316e-18
10074.706 -2.156867000943213e-18 1.0961059432291603e-18
10075.792 -8.3059285561984195e-19 8.289891355059892e-19
10076.878 8.934053045051834e-19 5.370700350810168e-19
10077.964 8.587092852545116e-19 4.515703900768112e-19
10079.05 -6.293397616567236e-19 4.589521655640963e-19
10080.136 -1.557527658137248e-20 5.167302329213777e-19
10081.222 6.947488578150514e-19 6.428508972044395e-19
10082.308 3.898069451257803e-18 9.972301588894195e-19
10083.394 1.856378881707928e-18 2.1610837453283386e-18
10084.48 -6.527316841460658e-20 2.6091925978680743e-18
10085.566 -4.3324817772855263e-19 2.616072146246767e-18
10086.652 7.393115594408422e-18 2.4214446712394387e-18
10087.738 2.1333037106150536e-18 1.1561328056663384e-18
10088.824 -9.246692187460578e-20 5.175845087570429e-19
10089.91 1.0499553740374593e-18 4.248502839159958e-19
10090.995 -1.3002761205293277e-20 4.423264232953184e-19
10092.081 -1.215636941839208e-19 4.385811029263719e-19
10093.167 2.0524278644044922e-19 4.3361196212863064e-19
10094.253 9.501180046265544e-19 4.150546770878997e-19
10095.339 4.648647799895195e-19 3.988608178169695e-19
10096.425 9.923616722811939e-19 4.564586075727194e-19
10097.511 1.6238271876128411e-18 5.184741141103331e-19
10098.597 -1.642135699644573e-18 5.593465990799613e-19
10099.683 -1.829581801840392e-18 5.756128119053327e-19
10100.769 -7.665975774231327e-19 5.72311079573785e-19
10101.855 -1.0633939631755245e-18 5.67955955950797e-19
10102.941 5.7267065877444e-19 6.38340224902515e-19
10104.027 1.1825247275129002e-18 1.0543802909193942e-18
10105.113 -1.3519501359644652e-18 1.6624287052727327e-18
10106.199 -1.3414305313694057e-18 1.7424498761730175e-18
10107.285 2.1905420471992847e-18 1.6805549630267896e-18
10108.371 1.2550231128125476e-19 1.1909854197665892e-18
10109.457 -2.1358512817230952e-19 5.526903263460639e-19
10110.543 1.1084348807712591e-18 3.9447570927166064e-19
10111.629 -1.0041387395483373e-19 3.722929776407659e-19
10112.715 -1.012730854279007e-18 3.788463823410893e-19
10113.801 -5.114313720915683e-19 3.7613008766411396e-19
10114.887 -5.94174105337802e-19 3.6873771627512016e-19
10115.973 6.730814331532821e-19 3.645948046398046e-19
10117.059 8.91558757779147e-19 3.6139561149788277e-19
10118.145 -3.340173217616912e-19 3.580528488286995e-19
10119.231 -1.3743842076063645e-18 3.788758163914954e-19
10120.317 5.734219984171907e-19 3.902693900018134e-19
10121.403 8.522283422890606e-19 4.70635912443531e-19
10122.489 -7.447845613699989e-19 6.301123737192781e-19
10123.575 3.5238399064389695e-19 9.488724801930508e-19
10124.661 -7.025701168222592e-19 1.9266155447115456e-18
10125.747 -1.3199479196538403e-18 2.7578111434082008e-18
10126.833 -2.7594589645334795e-18 2.9208159022146697e-18
10127.919 1.0891132004095158e-18 2.7454634291535144e-18
10129.005 1.9576090568534148e-20 1.589547116158757e-18
10130.09 -4.844189742034507e-19 6.177265660399213e-19
10131.176 -2.2411396614122865e-19 4.38211550331035e-19
10132.262 3.0151561469462377e-19 4.6504508534446145e-19
10133.348 5.211130613548897e-19 5.807571215718573e-19
10134.434 1.0396674553398845e-19 6.780670894422181e-19
10135.52 -1.355772941165704e-18 6.87191023479111e-19
10136.606 -1.0254008000291925e-18 6.542877063372959e-19
10137.692 1.3473988153690328e-18 5.5504227663881695e-19
10138.778 -8.522586981817687e-20 4.572196004770627e-19
10139.864 4.585903061406684e-19 4.380779753783879e-19
10140.95 9.257852182133845e-19 4.486603811651508e-19
10142.036 3.7506448538497193e-19 4.462281778731023e-19
10143.122 9.45543665257702e-19 4.588346092328844e-19
10144.208 -9.428805455196763e-19 5.879576210226472e-19
10145.294 5.442415139168752e-19 7.476676561325202e-19
10146.38 9.345499375998286e-19 8.267922876917738e-19
10147.466 8.170769722508984e-19 8.439031190212732e-19
10148.552 2.13317126689821e-18 8.151670247849538e-19
10149.638 1.0230515755952232e-18 8.602829138781875e-19
10150.724 1.2063581112135957e-19 9.03612362613649e-19
10151.81 1.1183230107791345e-18 8.704466085146721e-19
10152.896 2.463779098526353e-18 1.0263159903090492e-18
10153.982 1.548700663498633e-18 1.523045303583413e-18
10155.068 -2.3135774220599343e-18 1.7694753072839076e-18
10156.154 -2.2120451407337113e-18 1.788974118181198e-18
10157.24 -3.0045087105295234e-19 1.6055662923889911e-18
10158.326 2.3223766077488247e-20 1.2012122931045096e-18
10159.412 -1.5768745738671846e-19 1.0653276725256448e-18
10160.498 -7.254926302808797e-19 1.1785668117416456e-18
10161.584 -3.040503983116325e-19 1.1801084395290749e-18
10162.67 1.2341164566410743e-18 1.0978975314782979e-18
10163.756 8.217743308571727e-19 7.716276194691564e-19
10164.842 1.823250075044486e-18 7.330333122301547e-19
10165.928 1.7363682676307504e-18 8.934006754044028e-19
10167.014 8.16428409686836e-19 9.152618999599656e-19
10168.1 -7.322966629437603e-19 9.190506578506061e-19
10169.186 7.423621260223243e-19 8.452432156440453e-19
10170.271 9.043123646629795e-19 7.765253844739407e-19
10171.357 1.6903873539614774e-18 1.023287272762892e-18
10172.443 5.310010839572736e-19 1.9893113640366595e-18
10173.529 3.862806558126862e-20 2.92969954692237e-18
10174.615 2.1141873546145435e-18 3.0628502359568423e-18
10175.701 -3.611261515677935e-18 2.8799549952992623e-18
10176.787 -1.1994171893031064e-18 1.8505502987437627e-18
10177.873 4.561564010759041e-19 6.743628396500402e-19
10178.959 -6.607174969020418e-20 4.4101542331081e-19
10180.045 1.3559924300793924e-18 4.5759599678778e-19
10181.131 1.2207822631052286e-18 6.681944099434179e-19
10182.217 1.4379651179574638e-18 1.162308406487178e-18
10183.303 7.364445809758251e-19 1.2995579512788445e-18
10184.389 5.17385157815808e-19 1.2831301687869822e-18
10185.475 9.286076225202484e-19 1.1298003577690008e-18
10186.561 3.343168893642738e-19 7.716294484866625e-19
10187.647 1.806849464943102e-18 6.197633661218611e-19
10188.733 4.17181774423495e-19 6.966015095389648e-19
10189.819 1.3484321647852154e-18 1.122106092292213e-18
10190.905 -3.54561549799641e-18 2.1366599175221682e-18
10191.991 -4.179892281847649e-18 2.3885679396623505e-18
10193.077 2.383480229021991e-18 2.387021215112006e-18
10194.163 9.025158653405062e-19 2.0084294131620913e-18
10195.249 2.8222709452574753e-19 9.184621263956765e-19
10196.335 5.570987697023661e-19 5.644559283472043e-19
10197.421 -4.489534972171854e-19 5.26904342688921e-19
10198.507 -6.320753121177488e-19 5.190382886649301e-19
10199.593 -4.3129958667567377e-19 5.175221371874949e-19
10200.679 -9.681253085219512e-20 5.381677684098372e-19
10201.765 -2.233328502968219e-19 5.959136795940013e-19
10202.851 1.5640918016310591e-18 7.413739769710045e-19
10203.937 -6.460546110985254e-19 1.256793173580719e-18
10205.023 1.2459576788930666e-18 1.6258231134938747e-18
10206.109 1.4206163692833855e-18 1.6410893668358303e-18
10207.195 -4.342443391166952e-19 1.4720518978390626e-18
10208.281 1.5106631700001215e-18 1.0525976512195955e-18
10209.367 4.179779746200353e-18 1.0755376367019695e-18
10210.452 1.766285127182481e-18 1.485383554289695e-18
10211.538 -2.5105870856663536e-18 2.1115009918218715e-18
10212.624 1.4406643562422193e-18 2.885753909443495e-18
10213.71 4.40381493485421e-19 2.763469713484338e-18
10214.796 2.3200978770867938e-18 2.565051738177733e-18
10215.882 3.5070719136962575e-18 1.7337577202288751e-18
10216.968 1.2645015752697373e-18 6.627829278575403e-19
10218.054 1.0142389739177097e-18 4.361013620160529e-19
10219.14 4.1658833844830464e-19 4.1983601507688818e-19
10220.226 2.6101596102984453e-19 4.2463613791723903e-19
10221.312 1.3008095829350178e-18 4.872920795504951e-19
10222.398 2.6401060432695134e-18 5.215484015660918e-19
10223.484 1.7676160297742317e-19 5.345799532649944e-19
10224.57 1.4348139918267604e-18 6.256835887981544e-19
10225.656 3.141964417446006e-18 8.438507105030361e-19
10226.742 2.0631387083655375e-18 1.532100255763341e-18
10227.828 2.89970219297818e-19 1.919879984372619e-18
10228.914 -4.914339924065488e-19 2.0123909113622343e-18
10230.0 1.8927902197376785e-18 1.994627913631718e-18
10231.086 5.594111771040894e-19 1.5652117661012235e-18
10232.172 1.2211718167366983e-18 1.5833311117827483e-18
10233.258 -4.429237420109035e-18 1.6364970177216952e-18
10234.344 -2.8776779950291915e-19 1.6431289900812686e-18
10235.43 4.473492334395953e-19 1.241162204492808e-18
10236.516 9.422406693046383e-19 6.182456323411401e-19
10237.602 -2.1478318882211003e-19 4.762955496554769e-19
10238.688 -3.12491542563479e-19 4.2930115771489565e-19
10239.774 3.4544613702943034e-19 3.790029929166777e-19
10240.86 2.865434645137596e-19 3.68675689709902e-19
10241.946 6.426306716547821e-19 3.749779781684732e-19
10243.032 -1.8325962804443012e-19 3.8547514927422843e-19
10244.118 -1.5862401366012587e-19 3.992136008656376e-19
10245.204 -1.0227213000494444e-19 3.946457382144405e-19
10246.29 1.9845663046003432e-18 4.047185290248633e-19
10247.376 -2.343638821492548e-19 3.836588138278277e-19
10248.462 -4.978214556537471e-19 3.636696968005912e-19
10249.548 8.710345315366783e-20 3.501409386308993e-19
10250.633 1.0614204325083056e-18 3.6084884239449163e-19
10251.719 -2.728099267052601e-19 3.526709819763079e-19
10252.805 1.3910464231053767e-18 3.522429054354574e-19
10253.891 -1.3414411857410317e-20 3.649518295982035e-19
10254.977 -4.778919544678257e-19 3.813906679591687e-19
10256.063 -2.182312220980176e-19 3.8946151650510406e-19
10257.149 -1.0434725310178092e-18 4.373082081769188e-19
10258.235 -4.12988284430388e-19 4.541727421863689e-19
10259.321 9.023730803245524e-19 4.521250048584492e-19
10260.407 -2.2916605614069956e-19 4.457949099653959e-19
10261.493 8.70414462942636e-19 3.9949496362507796e-19
10262.579 8.92694415770775e-19 3.780663740849346e-19
10263.665 3.0384895017433544e-19 3.9741003085063913e-19
10264.751 1.2191524878243573e-19 4.2449674126097937e-19
10265.837 1.1904407394651314e-18 4.574929523751607e-19
10266.923 3.3968602824153945e-19 4.974637593731083e-19
10268.009 9.13675878369032e-20 5.099074472473565e-19
10269.095 -1.5297167401865934e-19 5.096210038014063e-19
10270.181 1.233066888705651e-18 5.46508881089826e-19
10271.267 -1.3023593757317431e-18 7.080282745408698e-19
10272.353 -2.3997666786901864e-18 1.0535178683969946e-18
10273.439 -1.3498959128076753e-18 1.1141874660012803e-18
10274.525 2.351684414989371e-19 1.0913739423711993e-18
10275.611 -2.210179052669117e-19 9.475657245184774e-19
10276.697 2.0035370202630943e-18 6.19932916885374e-19
10277.783 5.490613145481039e-19 5.092423323580943e-19
10278.869 1.3587811471684715e-18 4.56079497857393e-19
10279.955 -4.799728969330048e-19 4.39713894573766e-19
10281.041 -4.503939174995944e-19 4.481608168539325e-19
10282.127 1.5147072477457269e-19 4.614888315044177e-19
10283.213 5.091084779015377e-19 5.120798874507309e-19
10284.299 2.531477484081543e-19 6.628813191826744e-19
10285.385 -1.9265646267173374e-18 1.1798944844638846e-18
10286.471 -2.527739189993849e-19 2.0122327358908616e-18
10287.557 4.4297958851175744e-18 3.6848710374302465e-18
10288.643 -7.930083406836916e-18 4.9124260346714026e-18
10289.729 1.644628878317353e-18 4.5641030328797814e-18
10290.814 -5.705965042676187e-19 4.018404286590451e-18
10291.9 -2.6317816138874447e-18 1.902195659848854e-18
10292.986 5.631260613558994e-19 8.96745732443166e-19
10294.072 2.493536157310915e-18 8.894376949516422e-19
10295.158 -1.84666238716206e-18 9.988088765918452e-19
10296.244 -7.993784587957473e-19 1.4291636782652535e-18
10297.33 1.6796261318506238e-18 2.389354226639004e-18
10298.416 1.6210441176851614e-18 2.522622516625582e-18
10299.502 1.3112503820857097e-18 2.492171539617684e-18
10300.588 -5.919732837200442e-19 2.040485216422565e-18
10301.674 -1.2111559707019549e-18 9.02633446351372e-19
10302.76 1.2472146597167796e-18 5.513495181643156e-19
10303.846 -3.9310265487391276e-19 5.163226186322813e-19
10304.932 -1.8602827669142436e-18 5.377783667328609e-19
10306.018 -1.29981885892832e-18 6.09378026967689e-19
10307.104 2.5077793875555603e-19 6.844342175625195e-19
10308.19 1.047749500675167e-18 7.000046332043465e-19
10309.276 9.129212581763692e-19 8.074713293868203e-19
10310.362 1.3220764475119173e-18 1.164889804465773e-18
10311.448 9.537302250286969e-19 1.4516859394248146e-18
10312.534 1.1757755539648746e-18 1.4357683458069424e-18
10313.62 1.5858079491138527e-18 1.332320458394419e-18
10314.706 3.8104085484123707e-19 8.562115774546974e-19
10315.792 -7.874683125719663e-19 4.810435293879817e-19
10316.878 -5.678210483070625e-19 4.1818048977393123e-19
10317.964 1.1543544507680802e-20 4.1443864159457897e-19
10319.05 -8.628542530967743e-19 4.211112808600403e-19
10320.136 5.925722366866809e-19 4.205010463060516e-19
10321.222 8.73018144995269e-19 3.7808737065073816e-19
10322.308 3.798497684444043e-19 3.710994512201717e-19
10323.394 5.804308968886366e-19 4.0747357055058496e-19
10324.48 -1.4320584478703828e-19 4.616036875377434e-19
10325.566 9.123722483672067e-19 4.763765591799502e-19
10326.652 -4.839082668288576e-19 5.3810206412333525e-19
10327.738 -9.003343224768687e-19 6.5413438794670325e-19
10328.824 -5.834047408377218e-20 7.715104743764889e-19
10329.91 -8.224063193328639e-19 8.686814295368299e-19
10330.995 -1.050310016339844e-19 8.956100426692094e-19
10332.081 -6.751902421316157e-19 7.18055692951317e-19
10333.167 7.665504787477493e-19 4.937160502330164e-19
10334.253 8.652856888343732e-19 3.8648210403553287e-19
10335.339 -4.404877344626716e-19 3.827593774596423e-19
10336.425 8.019116121072618e-19 3.87864509410354e-19
10337.511 -2.61515096643013e-19 3.919342236165506e-19
10338.597 -1.0675909075995053e-18 4.0835810486230337e-19
10339.683 4.897818986023993e-19 4.474743326982296e-19
10340.769 -3.1925750452326045e-19 6.669970237508196e-19
10341.855 -1.2448256112303731e-18 8.737948437263464e-19
10342.941 -8.799706092304789e-19 8.917354268415535e-19
10344.027 5.720722179445229e-19 8.594269364742452e-19
10345.113 -8.497880303428219e-19 7.007224806616724e-19
10346.199 7.386664545294871e-19 6.179263061447661e-19
10347.285 3.5391610793491815e-19 8.795313788985838e-19
10348.371 9.186693790232025e-19 1.7236810946912373e-18
10349.457 -1.147327607989644e-19 2.072237183526126e-18
10350.543 4.1814059078324747e-19 2.0661072450563128e-18
10351.629 1.8212241309346e-18 1.8512115935910163e-18
10352.715 2.550627413586275e-18 1.0431954444899894e-18
10353.801 2.1038595519413863e-18 7.053030774079381e-19
10354.887 9.693343875768236e-19 8.806231530421118e-19
10355.973 -3.7848343791251324e-19 1.0374343094162538e-18
10357.059 -3.0817112180987685e-19 1.0384682075864385e-18
10358.145 1.5383479251134212e-18 9.519427172863597e-19
10359.231 1.922419921238132e-18 6.80612843538747e-19
10360.317 1.2617323481125953e-18 4.377980559757114e-19
10361.403 5.070822299328279e-19 3.7808492203097717e-19
10362.489 -2.7446357866676477e-19 3.8037566310072527e-19
10363.575 -2.882366935347085e-19 3.9698989870889862e-19
10364.661 -6.947076196131306e-19 4.135758402654323e-19
10365.747 4.441908022455416e-21 3.9203485234612754e-19
10366.833 -1.372762868412664e-19 4.165784895671249e-19
10367.919 1.0038669207962338e-19 4.2595754721307113e-19
10369.005 1.0074375933249078e-18 4.120527104567178e-19
10370.09 6.393765206144969e-19 4.4719797379051255e-19
10371.176 -3.02709461184997e-19 5.868640073617854e-19
10372.262 -2.723772912456265e-19 8.84655749538657e-19
10373.348 6.857795448910806e-18 1.888582341365658e-18
10374.434 1.273294327617106e-17 3.456592855451332e-18
10375.52 -9.690632214193107e-19 3.6744130612686164e-18
10376.606 -8.574041322338269e-19 3.485700739202536e-18
10377.692 -4.7952761617622715e-18 2.4102966592631185e-18
10378.778 1.395571002622664e-18 8.078439512024465e-19
10379.864 8.108212735370549e-19 4.914327918363431e-19
10380.95 4.0378633773891403e-19 4.322487976803434e-19
10382.036 9.737934441651183e-19 4.044471832728186e-19
10383.122 1.57924277436676e-19 4.0673690962090136e-19
10384.208 7.7085448339457e-19 4.319132545605682e-19
10385.294 -3.839418262897114e-19 4.2583923174988662e-19
10386.38 -5.173698033790547e-19 4.0338442326628e-19
10387.466 -8.395049011029808e-19 3.98020562514326e-19
10388.552 -8.16860907793823e-20 4.0911486601134725e-19
10389.638 6.619384972416525e-19 4.095254522059638e-19
10390.724 -2.4077175866517484e-19 4.208677500863568e-19
10391.81 -3.887870126991206e-19 4.3285634158722064e-19
10392.896 8.163071671684446e-19 4.539770825377149e-19
10393.982 1.8323607477001714e-18 4.843333042323202e-19
10395.068 7.198929777192019e-19 5.449367896794424e-19
10396.154 1.5612575679207162e-18 7.128185713233216e-19
10397.24 3.165134802619533e-18 1.4706426809037535e-18
10398.326 2.3918116155607016e-18 2.1998868030800753e-18
10399.412 -9.72124694015428e-19 2.2726839500963602e-18
10400.498 3.0804436842534987e-18 2.311910932087245e-18
10401.584 -4.205958945953924e-19 1.3483489117981996e-18
10402.67 3.467408273240958e-19 5.946514213662096e-19
10403.756 7.115716853997389e-19 4.473414440784907e-19
10404.842 1.031547598072158e-18 4.470142114608071e-19
10405.928 5.216199364428102e-19 4.512987973261024e-19
10407.014 5.209785968231202e-19 4.4604289941915055e-19
10408.1 1.999580717109784e-18 4.409477802342506e-19
10409.186 5.13756930915324e-19 4.863782314844977e-19
10410.271 -1.4750568083648182e-18 5.417576617374512e-19
10411.357 3.252053650121262e-19 5.675285934615892e-19
10412.443 -1.9864834204492522e-19 5.631704852000912e-19
10413.529 5.254090853537675e-19 5.254052161150432e-19
10414.615 7.41681054835758e-20 4.692871430962895e-19
10415.701 1.2434104316957242e-19 4.940682359157407e-19
10416.787 8.79720546217736e-19 7.06976644664914e-19
10417.873 1.343483825768689e-19 1.0348435858833523e-18
10418.959 2.0156630686656902e-19 2.160749257723361e-18
10420.045 8.829932344203413e-20 3.557547734333889e-18
10421.131 4.03822911667603e-18 3.657949946495476e-18
10422.217 7.27058340848618e-18 3.492171477876636e-18
10423.303 3.342292709070523e-18 2.2865468950932508e-18
10424.389 1.600132606934027e-20 9.370292644026525e-19
10425.475 -1.4558025576547649e-18 7.20267554328923e-19
10426.561 -7.070940044159597e-19 6.835247522830654e-19
10427.647 1.7411287661063628e-18 5.919641122607879e-19
10428.733 -1.6647373251796838e-19 5.739219635845022e-19
10429.819 -3.5322441755490467e-19 6.9849392713825255e-19
10430.905 -7.940709837155511e-19 7.686707642977299e-19
10431.991 -1.2336092184909775e-19 7.631653458301431e-19
10433.077 1.509514533101399e-18 6.678858087573085e-19
10434.163 4.279631534681025e-20 5.179321218518898e-19
10435.249 8.045863356159522e-19 4.577260220621517e-19
10436.335 2.656129215870769e-19 3.986940228356791e-19
10437.421 -8.180718468573694e-19 3.744912221798372e-19
10438.507 4.477990228397422e-19 3.5871195477023936e-19
10439.593 4.944574171129639e-19 3.621558064972933e-19
10440.679 -5.179761689798887e-19 3.689629174634572e-19
10441.765 -1.0882150706394435e-18 3.6314594494214915e-19
10442.851 5.346490157838035e-19 3.641088096410612e-19
10443.937 9.566911562373172e-19 3.6714280742607535e-19
10445.023 1.0437206814123433e-18 3.8570379515855856e-19
10446.109 -2.22774854933063e-20 3.8212411123839055e-19
10447.195 1.6466166930768185e-18 4.0384181329637027e-19
10448.281 6.443626537126331e-20 4.432883450661815e-19
10449.367 8.083839622502318e-19 5.200198134974944e-19
10450.452 -2.2119220075311613e-18 7.527638366558385e-19
10451.538 -3.143848646142558e-18 1.6027431836275808e-18
10452.624 2.203918766132047e-18 1.9618735692004923e-18
10453.71 -3.0328237389084617e-18 1.9783511631801856e-18
10454.796 6.021834779025925e-19 1.829726330084132e-18
10455.882 -1.0548569464509832e-18 9.167851461975545e-19
10456.968 -6.96197572718024e-20 4.577623565740534e-19
10458.054 1.3862974367024228e-19 3.921338952261918e-19
10459.14 -1.4476529310299593e-18 4.004942261345734e-19
10460.226 7.412021016179752e-19 3.9097607435073307e-19
10461.312 4.2782749427963553e-19 3.746456820806045e-19
10462.398 6.448104148879862e-19 3.739062058584089e-19
10463.484 1.3622771303176981e-18 3.7984999466620384e-19
10464.57 2.6396910818095583e-18 3.819206600954401e-19
10465.656 1.5460755364259148e-18 4.116731878117089e-19
10466.742 6.650359282018565e-20 4.71506049274708e-19
10467.828 -1.161954794876933e-18 6.138238148777602e-19
10468.914 -2.323760093117977e-18 1.0321510102009503e-18
10470.0 -7.952729696622491e-19 2.3735165704812927e-18
10471.086 6.052637843877821e-18 2.9952098119865794e-18
10472.172 1.6453564691532602e-18 2.98949682119061e-18
10473.258 -1.3640050023317425e-18 2.6671839034650546e-18
10474.344 1.6920249653592295e-18 1.2468808700737903e-18
10475.43 8.385725073327324e-19 5.582592597238923e-19
10476.516 3.0511392840260086e-19 4.358609558260772e-19
10477.602 4.7473972513132445e-19 4.004187608724418e-19
10478.688 -4.2712353429731647e-19 3.913398391631612e-19
10479.774 -4.941747036976193e-19 4.0080229133725064e-19
10480.86 2.865379412165723e-19 3.899470247470999e-19
10481.946 8.75185304934227e-19 3.822581571539407e-19
10483.032 4.324774746423091e-21 3.8097655901854364e-19
10484.118 -2.6673080612271495e-19 3.76555765028959e-19
10485.204 -9.547670629139389e-19 3.944377678006929e-19
10486.29 1.8364343996673084e-19 4.1084073710698804e-19
10487.376 7.578256440841386e-19 4.95075141255686e-19
10488.462 9.841055634315374e-19 5.994957586573506e-19
10489.548 -9.603401624362521e-19 6.252374413933132e-19
10490.633 6.138252298412441e-19 6.274717873437139e-19
10491.719 -6.393288694807864e-19 5.53071523623844e-19
10492.805 -1.117699384757041e-18 4.312311541241266e-19
10493.891 4.1098535221322734e-19 3.858429108503715e-19
10494.977 5.663514603346975e-19 3.747621216148128e-19
10496.063 4.566888399304305e-19 3.9723833327454497e-19
10497.149 5.250413727487679e-19 3.972696119942806e-19
10498.235 -1.2666454225624217e-19 4.080686474980634e-19
10499.321 6.311209161129451e-19 4.653134315937407e-19
10500.407 1.4277947321830862e-18 5.199808490880879e-19
10501.493 3.589756999263249e-19 5.443399434328255e-19
10502.579 1.4762090282819002e-18 5.100539634076887e-19
10503.665 3.514344020397551e-19 4.510620827343115e-19
10504.751 5.013473207149635e-19 4.109492611584602e-19
10505.837 -2.0247785401118222e-19 4.24515297320418e-19
10506.923 -3.1714594810515654e-19 4.433887304231695e-19
10508.009 -4.133128512591729e-19 4.933882425733521e-19
10509.095 1.1628988984623297e-19 6.570306859752999e-19
10510.181 4.584950277121141e-19 1.271458906732082e-18
10511.267 2.7441735555793174e-18 1.5839653464084219e-18
10512.353 2.0504881144831042e-18 1.612967054764135e-18
10513.439 9.701176949181586e-19 1.494707007371571e-18
10514.525 -1.2716337583395372e-19 9.083637009337583e-19
10515.611 1.1704243346721724e-19 6.6464903764747725e-19
10516.697 -1.1405938551364116e-18 6.554632242562646e-19
10517.783 1.8049678374326083e-19 6.478981568512958e-19
10518.869 1.0230184846248135e-18 6.193428923924766e-19
10519.955 -8.776376830569403e-20 5.312743599066105e-19
10521.041 7.381832408991766e-19 4.443210116651812e-19
10522.127 2.639576823310541e-19 4.1683634876750467e-19
10523.213 9.135765773444348e-19 4.559401660232259e-19
10524.299 8.082702722144595e-19 6.441350929398032e-19
10525.385 3.181836705025757e-18 1.3893462348670393e-18
10526.471 1.0291447197981682e-18 2.17670926367447e-18
10527.557 6.38660190206662e-19 2.2043396074740753e-18
10528.643 3.0199144259176276e-19 2.105268290897185e-18
10529.729 1.834315714660426e-18 1.4162975500619976e-18
10530.814 1.4169399331553744e-18 5.868644596449467e-19
10531.9 -6.811494358600551e-19 4.026017539212413e-19
10532.986 7.247996804965944e-19 3.7140430807156697e-19
10534.072 2.1395079046333563e-19 3.6325410715339076e-19
10535.158 4.630245966168429e-19 3.636605143576206e-19
10536.244 1.9502038349953952e-19 3.8238430472257155e-19
10537.33 4.745232139946687e-19 4.025483830062656e-19
10538.416 1.3651960137493938e-18 4.141104222742107e-19
10539.502 1.3856761251727775e-19 3.9209831549351877e-19
10540.588 -1.1053267983914474e-19 3.8370233661446614e-19
10541.674 1.5224512812317275e-20 3.839459102280581e-19
10542.76 5.951617979550658e-19 3.9207760724117347e-19
10543.846 1.4805886692558156e-19 3.896758057273595e-19
10544.932 -2.93685940341078e-19 3.678390464339202e-19
10546.018 9.123154881855161e-19 3.8656507405175086e-19
10547.104 -2.4100520591983596e-19 3.748975436742733e-19
10548.19 -2.556131718490002e-19 3.763592599095314e-19
10549.276 2.03815099376576e-19 3.856621191273946e-19
10550.362 5.167140036666428e-19 3.8461003673289305e-19
10551.448 5.025142586612563e-19 3.8149038950020207e-19
10552.534 -1.74792177337763e-18 4.522505026897101e-19
10553.62 6.19191293083332e-19 5.155861946750154e-19
10554.706 1.2698158446751604e-18 5.360733642507138e-19
10555.792 1.5083319896716338e-18 5.387215314700836e-19
10556.878 1.8576813982145785e-18 4.687339400652667e-19
10557.964 1.1354815488343756e-18 3.9724642836301876e-19
10559.05 1.2265116560525569e-19 3.784456433964599e-19
10560.136 1.6510824488455936e-18 3.6537773194632724e-19
10561.222 9.857605562492764e-19 3.7468985511399313e-19
10562.308 1.455232169683655e-18 3.583870087292249e-19
10563.394 1.4308063396317009e-18 3.627092715872795e-19
10564.48 -9.326428488725069e-20 3.610769284822583e-19
10565.566 -4.593766423133734e-19 3.6494555975616274e-19
10566.652 2.6297315065690764e-19 3.5966977670506766e-19
10567.738 2.9113952638663337e-19 3.5960259476359717e-19
10568.824 -3.614747949429734e-19 3.6387227141206793e-19
10569.91 1.0928397008510489e-18 3.7266470501749683e-19
10570.995 1.3526978978056333e-18 4.007251398299486e-19
10572.081 1.1197530255828071e-18 4.487091029394117e-19
10573.167 5.785124035910258e-19 7.290693247609007e-19
10574.253 2.8193411320500833e-18 1.0333616662743285e-18
10575.339 2.2055031739984794e-18 1.1070313409842406e-18
10576.425 1.613445484300817e-18 1.084427817584695e-18
10577.511 -3.221972948315863e-19 7.05581438873774e-19
10578.597 8.974778247405388e-19 4.1571552939830864e-19
10579.683 1.3987902412616208e-19 3.6968770370941983e-19
10580.769 9.484545188552074e-20 3.7000961064827866e-19
10581.855 3.7050824168523676e-19 3.698893696986952e-19
10582.941 4.743458529001252e-19 3.6684372835583616e-19
10584.027 2.184931174559021e-19 3.790242778557211e-19
10585.113 1.5437153641251244e-18 4.655326971783869e-19
10586.199 -1.5762836422446266e-20 8.370959527793833e-19
10587.285 9.517628767381006e-20 1.3479023730408396e-18
10588.371 -9.732798084938044e-19 1.4269307165562359e-18
10589.457 -7.842929092581185e-19 1.3954303531796587e-18
10590.543 -1.2392131332928281e-18 1.1547541984132897e-18
10591.629 7.561359749497807e-19 6.334273325584186e-19
10592.715 5.689093041547526e-19 4.846281101021818e-19
10593.801 9.5662456136267e-19 4.192952057141077e-19
10594.887 8.772783292906976e-19 3.9062335712256205e-19
10595.973 6.152131603365272e-19 4.1666204428657753e-19
10597.059 -1.2180773295655313e-18 4.431058523274354e-19
10598.145 1.3941400535685283e-18 4.615897139137374e-19
10599.231 8.01887845422076e-19 4.899192432025256e-19
10600.317 -5.783080880555621e-19 5.055090532143197e-19
10601.403 -9.805002488045127e-19 5.11316526558785e-19
10602.489 4.0830854082133194e-19 5.039573548093105e-19
10603.575 1.8543630072002776e-19 4.639786022828301e-19
10604.661 2.0558861195898586e-18 4.369655563294366e-19
10605.747 2.221277805910763e-18 4.1457878920309333e-19
10606.833 8.476638875643727e-19 4.1770926399737256e-19
10607.919 2.00161230386564e-18 4.205265745970616e-19
10609.005 1.0926264739357045e-18 4.0547581430612737e-19
10610.09 -2.723538855865475e-19 3.945043394170133e-19
10611.176 -2.1738189368364334e-21 4.1087230617591624e-19
10612.262 -5.206955923642641e-19 4.2075990889294763e-19
10613.348 7.188593874633764e-19 4.440164910963658e-19
10614.434 -5.305654692035417e-20 4.076840349697314e-19
10615.52 8.21854204245862e-19 3.794484788222568e-19
10616.606 3.2048778909291284e-19 3.8028335344371314e-19
10617.692 -7.380791346283869e-19 3.7639662156789176e-19
10618.778 2.2298326993530377e-19 3.9893184624151814e-19
10619.864 1.4640164314731116e-18 3.847398354337e-19
10620.95 5.340850355988198e-19 3.7824352091477517e-19
10622.036 -5.513919783190118e-20 3.808145460588333e-19
10623.122 -2.0792285972738377e-19 3.865568828176789e-19
10624.208 9.651911264879875e-19 3.9227829640297176e-19
10625.294 1.1555623761290136e-18 3.944427569728299e-19
10626.38 1.1482142444736164e-18 4.1299240106123503e-19
10627.466 3.743288421714787e-20 4.2470146911241114e-19
10628.552 -4.100327340589432e-19 3.9035495648132584e-19
10629.638 -5.748529750224461e-19 3.888056865999978e-19
10630.724 -5.501676211356675e-19 3.752814410655139e-19
10631.81 4.0842264251704025e-19 3.4553096706071635e-19
10632.896 9.015155369309511e-20 3.533910666550667e-19
10633.982 -7.425333044073907e-21 3.485435731202412e-19
10635.068 6.549423501240537e-19 3.4254494954061234e-19
10636.154 8.722461204136835e-19 3.3878119559900103e-19
10637.24 -4.1234659111753326e-19 3.409678487575499e-19
10638.326 7.379156625444511e-20 3.5291507198710537e-19
10639.412 6.271979042920882e-19 3.6211038840779423e-19
10640.498 5.369236366056603e-19 4.1354876756889016e-19
10641.584 -6.284705073634819e-19 5.973590774599799e-19
10642.67 1.1846459936569728e-18 7.204959665879686e-19
10643.756 5.756393649265828e-19 7.119023828952202e-19
10644.842 -1.043328243043532e-20 6.788041898071206e-19
10645.928 2.1859891782008756e-18 5.114584692213536e-19
10647.014 1.938019872106813e-19 3.9569724185617007e-19
10648.1 1.1460285523388753e-19 3.7115640020098097e-19
10649.186 4.994974865325142e-19 3.4378851105712404e-19
10650.271 -1.1218485420988654e-18 3.4535240682378945e-19
10651.357 -4.241182595742538e-19 3.8431579364938817e-19
10652.443 8.232064695980163e-19 5.363767027978279e-19
10653.529 3.287378992642349e-19 7.7829289172130265e-19
10654.615 1.474772376183294e-18 8.78195233374275e-19
10655.701 2.282562033448592e-18 8.80032923097117e-19
10656.787 2.4927956362507935e-18 7.961328456471558e-19
10657.873 4.546630588938025e-19 4.978380385304343e-19
10658.959 -5.58824601453097e-19 3.628684756111264e-19
10660.045 -1.5182048953744623e-19 3.6342600395441826e-19
10661.131 -3.802812193471395e-19 3.546017375395852e-19
10662.217 -4.2019533740221425e-19 3.5839991254479186e-19
10663.303 7.432967942443743e-19 3.6220996269483185e-19
10664.389 1.4179899796569046e-19 3.660843329915184e-19
10665.475 6.347651397404846e-19 3.708657933710778e-19
10666.561 -4.767611571203205e-19 3.859283355263157e-19
10667.647 2.456491296132575e-19 4.2365405617998524e-19
10668.733 -5.69524082136414e-19 4.339470724488974e-19
10669.819 8.279889981699619e-19 4.399529912995421e-19
10670.905 5.87425850157134e-19 4.169785347011078e-19
10671.991 1.7672695708952694e-18 3.788396837627993e-19
10673.077 1.7397648396776003e-18 3.654716499616791e-19
10674.163 1.433814672591721e-19 3.7424847893159845e-19
10675.249 -1.429054541455916e-19 3.5691067018463504e-19
10676.335 1.6569172244806706e-18 3.604710894537155e-19
10677.421 1.093099832345057e-18 3.6125769890375226e-19
10678.507 6.385792890540564e-19 3.665686632958644e-19
10679.593 1.5755918118711401e-18 3.7428053401029313e-19
10680.679 4.572946812096631e-19 3.6770988811493934e-19
10681.765 -2.451083030398494e-19 3.875627661796261e-19
10682.851 1.1606634164763999e-19 4.741286490632489e-19
10683.937 7.230599975156874e-19 5.792623216904571e-19
10685.023 2.9869189259693052e-19 7.618783254036219e-19
10686.109 9.311882591986944e-22 8.48448591093652e-19
10687.195 1.4719847581688604e-18 9.13046409298078e-19
10688.281 1.5131410642439779e-18 1.0098902264468475e-18
10689.367 -1.4778728258170215e-18 1.0666650975422419e-18
10690.452 1.4454189988460646e-18 1.0879913160888366e-18
10691.538 2.7509400711675926e-18 1.0906442079328341e-18
10692.624 1.104400853182768e-18 1.069682168313118e-18
10693.71 1.2189616510944378e-18 9.437994314597463e-19
10694.796 -3.827091292995984e-20 8.267120782541005e-19
10695.882 2.225804037140231e-19 7.665151373821221e-19
10696.968 -1.3755925052678684e-19 7.951852895186543e-19
10698.054 -2.5747375550951513e-20 1.1450850910683581e-18
10699.14 1.2906267821998646e-18 1.4466421080605224e-18
10700.226 4.0103989559092637e-19 1.422719487331973e-18
10701.312 2.5698435251376944e-18 1.3762197383973522e-18
10702.398 9.702083176482536e-20 9.96173719969852e-19
10703.484 8.035879996470497e-20 7.85205391936915e-19
10704.57 7.467385870610764e-19 1.0214971071091714e-18
10705.656 1.2640191052895025e-20 1.1312220624213985e-18
10706.742 1.3202121555510074e-18 1.1023946930501208e-18
10707.828 -1.9836448649340996e-18 1.0319538125687248e-18
10708.914 -5.525968832355543e-19 6.444623032770454e-19
10710.0 7.440397737888363e-19 5.916265451264552e-19
10711.086 1.1245113473086367e-18 1.1236033710962797e-18
10712.172 -3.1263586147495406e-19 1.9866547597016114e-18
10713.258 3.4279989354035943e-18 2.1372910418688083e-18
10714.344 -2.499196581313942e-18 2.097332600803535e-18
10715.43 -2.9480356466755236e-18 1.813169486664841e-18
10716.516 9.006189835046693e-19 1.0146922973194719e-18
10717.602 8.327308109066263e-19 8.481721027250837e-19
10718.688 1.5795310548609752e-18 8.000100117481036e-19
10719.774 4.913971605614518e-19 7.392945133047579e-19
10720.86 1.843639046164182e-18 9.300228858491935e-19
10721.946 1.979010632664034e-18 1.4556481241932196e-18
10723.032 1.2668495079952622e-18 1.5184810031995176e-18
10724.118 -1.6487959811334613e-18 1.4841878564787844e-18
10725.204 -2.78681663128297e-18 1.2079398132760919e-18
10726.29 2.0066657855180402e-19 7.902501204264708e-19
10727.376 -2.36141943419027e-22 7.487426527744232e-19
10728.462 1.2587305129854147e-18 9.504074946117137e-19
10729.548 2.2813701659577142e-18 1.9380879182098107e-18
10730.633 2.3403891654547706e-19 2.868640724079771e-18
10731.719 -1.0957970420353917e-18 2.979701407121808e-18
10732.805 -6.70831333204348e-18 2.69962990878375e-18
10733.891 1.1384831578944695e-18 1.4272715163439176e-18
10734.977 1.0538903421673288e-18 5.651659266557255e-19
10736.063 -8.853320237480504e-20 4.502297457419585e-19
10737.149 1.2547035295884028e-18 5.066123927680522e-19
10738.235 4.617286542976275e-19 6.116144753784662e-19
10739.321 1.7931116851947336e-19 6.233572848021412e-19
10740.407 -7.954856804447403e-21 6.045104003970461e-19
10741.493 8.845645337568868e-19 5.645902904900419e-19
10742.579 1.7691082808254438e-19 5.663696665249933e-19
10743.665 7.065624310704099e-19 1.0243853322508367e-18
10744.751 -2.2757170681587177e-18 1.777426548415248e-18
10745.837 9.590452750790544e-19 1.884216024299658e-18
10746.923 4.479024982222098e-18 1.942824089526894e-18
10748.009 2.055223006726229e-18 1.4096536051055807e-18
10749.095 -3.8283232904117916e-19 7.339884056320954e-19
10750.181 2.6124711078987755e-19 6.942596608766558e-19
10751.267 -8.4555428449043595e-19 1.3085869430979598e-18
10752.353 -2.1628274006747994e-18 2.8923446351504774e-18
10753.439 1.847229065991293e-18 3.152252145914219e-18
10754.525 -2.5084948694103837e-18 3.074351805883554e-18
10755.611 -6.4636615998721734e-18 2.4260425704417614e-18
10756.697 -2.5220512256772264e-18 8.178052991835547e-19
10757.783 1.0177779369387198e-19 4.667344102362298e-19
10758.869 -9.615694745121476e-19 4.258710638379908e-19
10759.955 1.485670089984056e-19 4.1607998710973864e-19
10761.041 5.977620348132678e-19 4.152683904941187e-19
10762.127 2.1527391962645557e-19 4.2000064181624552e-19
10763.213 1.2919462768237088e-18 4.797220227469049e-19
10764.299 -1.5504042683454314e-19 5.489231086295758e-19
10765.385 4.095800378058133e-19 5.608343501138481e-19
10766.471 1.280053999862727e-18 5.570621040056915e-19
10767.557 1.0818292297943204e-18 4.99458722349102e-19
10768.643 7.479254110527093e-19 4.2554915398307193e-19
10769.729 3.2209457748082288e-19 4.138895909545158e-19
10770.814 1.1621284819126984e-18 4.378077998782241e-19
10771.9 -4.671665321263452e-19 6.087460364471265e-19
10772.986 -1.8317845912698024e-18 1.3877962399689745e-18
10774.072 1.2150588586782068e-18 1.8971335786374506e-18
10775.158 5.122909538188003e-19 1.9024653810179986e-18
10776.244 2.578052697817618e-18 1.793507410920938e-18
10777.33 -1.6618888182004288e-19 9.323134979406395e-19
10778.416 8.28262514377372e-20 4.662096622365694e-19
10779.502 -8.354904498937151e-19 4.0736827541069435e-19
10780.588 5.76880898881336e-19 4.098239935266607e-19
10781.674 4.171547938741025e-19 4.142828913118973e-19
10782.76 -6.671834439735455e-20 4.3195549935433714e-19
10783.846 -1.489754192982633e-18 4.294926764791783e-19
10784.932 3.89597861227703e-19 4.187514164004999e-19
10786.018 9.3836928792291e-19 4.0870182513899237e-19
10787.104 1.6615921606690712e-19 4.015621703590238e-19
10788.19 5.627189723684615e-20 4.03052555453775e-19
10789.276 -7.838242998553051e-20 3.93422578407417e-19
10790.362 3.470052065301947e-19 3.9369808862849077e-19
10791.448 1.0419343771261883e-18 3.831419355781634e-19
10792.534 -6.679790485996685e-19 4.0144701408648818e-19
10793.62 -1.007211716315135e-18 4.806903361031375e-19
10794.706 -1.0843751030981484e-18 5.638815848991172e-19
10795.792 -7.697402135897373e-19 6.094389419446985e-19
10796.878 -9.896931254896845e-19 5.978626164463551e-19
10797.964 6.702858707092591e-19 5.408549544295959e-19
10799.05 2.748148620147268e-20 4.601788437645343e-19
10800.136 -7.706636926572755e-19 3.9255421384471733e-19
10801.222 -7.384923608008077e-20 4.181405278261137e-19
10802.308 -7.519665741891252e-19 4.98417232250047e-19
10803.394 -7.255033686882416e-20 5.460003327427833e-19
10804.48 -1.4850497221572e-19 5.567906573147453e-19
10805.566 -2.838491522863843e-19 5.288691500292077e-19
10806.652 2.98707655099091e-19 4.605351152298621e-19
10807.738 6.068971047071333e-19 3.928906429273244e-19
10808.824 1.2616118179709112e-18 4.045689789105183e-19
10809.91 4.679706480634057e-19 4.3316453396835514e-19
10810.995 1.0298775241877424e-18 4.314699234591884e-19
10812.081 2.145170924417246e-21 4.339261496395783e-19
10813.167 -1.099697528352077e-18 4.2933214919837574e-19
10814.253 1.28169064136773e-18 4.3353658092349203e-19
10815.339 1.1564316196140378e-18 4.231413625671338e-19
10816.425 1.55198185346088e-19 4.1756326314567315e-19
10817.511 -2.4707678269766245e-19 4.0961372030214942e-19
10818.597 -6.965031239257119e-20 3.952359768953191e-19
10819.683 7.420685010086471e-19 3.9256797116825033e-19
10820.769 3.0162541409669433e-19 4.1071674275688613e-19
10821.855 5.221063482712696e-19 3.699885097303312e-19
10822.941 -4.5633438709444615e-20 3.598199647741925e-19
10824.027 2.8327599216885933e-19 3.6127056815502666e-19
10825.113 6.185760059788979e-19 3.7420080609946986e-19
10826.199 -4.794057010512859e-19 3.8549671656992227e-19
10827.285 -4.265965720242169e-19 4.0556357153278357e-19
10828.371 7.603135045620282e-21 4.665272553772563e-19
10829.457 -1.9678712477881125e-18 7.272471749529651e-19
10830.543 -1.4826175494571008e-18 1.5189611982455618e-18
10831.629 5.468552051659443e-18 2.566452144079862e-18
10832.715 2.6968555270045458e-18 4.4693540145600046e-18
10833.801 5.1516312395354074e-18 4.883576004502614e-18
10834.887 5.697342661962658e-18 4.699544020215907e-18
10835.973 -2.027283671377213e-18 3.599942915009386e-18
10837.059 -5.719535676482252e-19 1.1737382498453723e-18
10838.145 1.4435463532000678e-19 7.321298278703929e-19
10839.231 2.0912422550977334e-19 8.568392448647787e-19
10840.317 -1.4460067584018981e-18 9.220486655600031e-19
10841.403 1.740050836595567e-18 1.1431208145486358e-18
10842.489 6.009552874637588e-18 1.9834874062677597e-18
10843.575 5.454424150602592e-18 2.700437029177881e-18
10844.661 1.9412465978031006e-19 2.7478174169878188e-18
10845.747 -4.2736353321681335e-18 2.623628595153766e-18
10846.833 -1.8984325875554737e-18 1.5447071170646827e-18
10847.919 6.9458074821796e-19 6.154147466122085e-19
10849.005 -1.2366137148665874e-19 4.315944617866141e-19
10850.09 -6.402856817272501e-20 4.0053890700028066e-19
10851.176 -4.304039414733853e-20 4.04750287232769e-19
10852.262 2.0502704597063718e-19 4.689983568696686e-19
10853.348 1.207465002478105e-19 5.871462154611187e-19
10854.434 9.94826625355403e-19 6.296411175846731e-19
10855.52 1.14533511834312e-18 6.434652004607877e-19
10856.606 -3.965026244265233e-19 8.073817274186474e-19
10857.692 -8.85816850784498e-19 1.2719878741002362e-18
10858.778 -1.061764858716881e-19 1.5644501539951435e-18
10859.864 5.8032847958898e-19 1.6080918740612687e-18
10860.95 4.5626432828124653e-20 1.489513849068007e-18
10862.036 6.88117285071067e-19 8.90018444862543e-19
10863.122 1.1315187620485975e-18 4.93216617532056e-19
10864.208 -1.868400748936373e-18 4.0026406354809764e-19
10865.294 -8.35716968647767e-19 3.555545697623891e-19
10866.38 3.7045077076153205e-20 3.4409812219653333e-19
10867.466 2.7887993976562175e-19 3.4695666807518693e-19
10868.552 -4.566413007592763e-19 3.4451101839539453e-19
10869.638 8.827581789953689e-19 3.455437146143353e-19
10870.724 4.060095562399658e-19 3.659305882956427e-19
10871.81 7.359074890830786e-19 4.164282412313816e-19
10872.896 2.1040581916053848e-19 4.773419264228851e-19
10873.982 -8.184794986981037e-19 5.12014369725091e-19
10875.068 7.773505327578902e-19 5.535128540972905e-19
10876.154 4.364019245690827e-19 6.531307696437876e-19
10877.24 3.4752605265800097e-20 8.195865904816668e-19
10878.326 2.630809513655748e-18 9.561897479487003e-19
10879.412 2.9857695310202142e-18 9.608398824227957e-19
10880.498 2.1549441489593352e-18 8.888297165883564e-19
10881.584 1.8630015849212297e-18 6.592239207402139e-19
10882.67 8.051071981277568e-19 4.2103226256768023e-19
10883.756 7.717402699705344e-19 3.644583726263717e-19
10884.842 -2.8051647031969142e-19 4.1660520703409737e-19
10885.928 1.1072900479814732e-18 4.66309959817688e-19
10887.014 1.3773506586755483e-18 5.083316629190408e-19
10888.1 7.518173236020596e-19 4.954622364508985e-19
10889.186 -2.0649109221010012e-20 4.443179907490876e-19
10890.271 -2.4972498303119256e-19 3.95790164881992e-19
10891.357 6.237530020789057e-19 3.5373440484779223e-19
10892.443 8.91776287396074e-19 3.596349209675235e-19
10893.529 1.7109384628393978e-18 3.737377631787033e-19
10894.615 1.3945780015510157e-18 4.0535768900221195e-19
10895.701 1.0751903135701638e-18 6.695178890430502e-19
10896.787 -1.42788205990427e-18 1.7307814212214209e-18
10897.873 9.437962098932436e-20 2.2006024807035247e-18
10898.959 5.700886362930712e-19 2.2144047577763196e-18
10900.045 4.062465041649784e-19 2.0182375428621787e-18
10901.131 2.0047818946317255e-18 9.993793496750702e-19
10902.217 8.783410895657472e-19 5.831110969459491e-19
10903.303 -1.7248834685683354e-20 5.547960872788611e-19
10904.389 -5.86710127930951e-19 5.384536047766065e-19
10905.475 3.513707857284215e-19 4.825003115230111e-19
10906.561 -2.5518880514327037e-19 4.452791705078468e-19
10907.647 4.2570853391037134e-19 3.740178591603849e-19
10908.733 1.0377031851638182e-18 3.417936283810878e-19
10909.819 5.3861974206878766e-20 3.419127269541164e-19
10910.905 1.8468996626679294e-19 3.4670013528169053e-19
10911.991 1.0546230411344084e-19 3.513640684849152e-19
10913.077 5.539067319037445e-19 3.4771031436463815e-19
10914.163 1.2993922148497791e-19 3.4456353744798843e-19
10915.249 4.47687508030125e-19 3.5582664614608493e-19
10916.335 -7.088568106092319e-19 3.7139013449645776e-19
10917.421 -1.1027562871562565e-18 3.578523709066142e-19
10918.507 -1.5047810463297482e-19 3.64876457750971e-19
10919.593 2.7876519759014223e-19 3.9205092112600177e-19
10920.679 -2.5923632976510566e-19 4.152691513350663e-19
10921.765 1.1926590323065673e-18 4.680690235133889e-19
10922.851 1.51071848560023e-18 6.6398135469105e-19
10923.937 2.186419245729797e-18 1.757347181229632e-18
10925.023 7.487781829316465e-19 3.812920403078138e-18
10926.109 -1.3573522231686897e-18 4.134273392146735e-18
10927.195 -3.8573738575433935e-18 4.045312835444666e-18
10928.281 1.5002487771391045e-18 2.8521171345763284e-18
10929.367 3.724434338668413e-19 9.48311939734298e-19
10930.452 3.4916665868383156e-19 5.266969513423455e-19
10931.538 1.0812460773218721e-18 4.6518299449527e-19
10932.624 1.5496157375597165e-18 4.337972982486004e-19
10933.71 -4.129141865157091e-19 4.166847036320333e-19
10934.796 -1.979906905878002e-19 3.9903165265583446e-19
10935.882 6.310200150014197e-19 3.9967759208423256e-19
10936.968 1.5862455838897594e-18 3.9322754158409e-19
10938.054 1.0627963475599835e-19 3.982878487492852e-19
10939.14 -5.474238523001188e-19 3.963183432614358e-19
10940.226 -5.3819023245083985e-20 4.009097013591722e-19
10941.312 9.955345305173521e-19 3.96664463668946e-19
10942.398 1.275973688578407e-18 3.994349958406468e-19
10943.484 -1.8131863756873934e-19 3.850936704443978e-19
10944.57 4.87067206002793e-19 3.832842032829691e-19
10945.656 7.389503529111365e-19 3.813782099000595e-19
10946.742 -1.622068903766625e-19 3.9719056936613287e-19
10947.828 1.0677638771085743e-18 5.181578453961048e-19
10948.914 1.055143620856626e-18 1.2536695214217892e-18
10950.0 9.025893972403321e-20 2.4799778931476058e-18
10951.086 -5.17747756476235e-20 2.602298173070298e-18
10952.172 4.4427712232152146e-18 2.5622046822540065e-18
10953.258 3.523799780721405e-18 1.8490724570566595e-18
10954.344 -7.267284934327942e-19 7.375697242552359e-19
10955.43 4.0052025403156196e-20 4.469435596193387e-19
10956.516 1.1245014579036158e-18 3.98737532332043e-19
10957.602 1.4060789649400399e-18 3.729386545272965e-19
10958.688 -2.698928286759565e-19 3.669299123929968e-19
10959.774 9.634619151281775e-19 3.6479902517503784e-19
10960.86 1.5363861782740692e-18 3.715456139681786e-19
10961.946 7.083058696422257e-19 3.71353730760443e-19
10963.032 7.697558540152816e-19 3.8370369642499814e-19
10964.118 7.616363036343753e-19 4.200776769928383e-19
10965.204 1.583878371491388e-18 4.400922603020839e-19
10966.29 1.987792701369699e-18 4.9081974694775195e-19
10967.376 2.374540610615397e-19 5.336825697366099e-19
10968.462 -3.433745897937628e-19 5.961882440124286e-19
10969.548 2.3062261870330256e-19 6.535039898392324e-19
10970.633 4.025499573687497e-19 6.644203699229875e-19
10971.719 9.119701271209987e-19 8.36499218919259e-19
10972.805 1.8369031291429843e-18 1.9792182307759175e-18
10973.891 -7.735672906787016e-20 4.023375352227606e-18
10974.977 -2.242823482574166e-18 4.386565795466836e-18
10976.063 2.535054968927491e-18 4.4642173568746075e-18
10977.149 3.884815651262919e-18 3.3432092757721888e-18
10978.235 -2.375449221444776e-18 1.211051414370564e-18
10979.321 4.93335831841386e-19 6.261268192121896e-19
10980.407 1.4526002909853887e-18 5.187224570298744e-19
10981.493 3.7357294667549315e-19 4.8145558209802365e-19
10982.579 -8.829743124904019e-19 4.46700225896901e-19
10983.665 -1.5471622601007927e-18 5.195978470562999e-19
10984.751 -1.0060808572163143e-19 6.580762494138937e-19
10985.837 3.2941274510080683e-19 6.816277915417671e-19
10986.923 5.697534283794063e-19 6.949404561329602e-19
10988.009 -1.5106316433841847e-18 5.934526124331654e-19
10989.095 -1.8244268949173415e-19 4.291584334387687e-19
10990.181 5.326142553775984e-20 3.75762958995554e-19
10991.267 7.226438713916556e-19 3.800593459941054e-19
10992.353 5.0269382167982e-19 3.6804710767762404e-19
10993.439 4.209777914560989e-19 3.62527108128684e-19
10994.525 6.018776880442558e-19 3.8034274199737584e-19
10995.611 8.79711674163074e-19 3.850554855059467e-19
10996.697 1.1262884166230345e-18 3.7132031660513764e-19
10997.783 1.0977884482811806e-18 3.673714435778464e-19
10998.869 7.890010101393587e-19 3.712618161306371e-19
10999.955 4.904093249028707e-19 3.668535674231843e-19
11001.041 7.90734523068977e-19 3.7521826968122075e-19
11002.127 1.7255064939698173e-18 4.175133478096743e-19
11003.213 9.196322973917906e-20 4.2328454811650914e-19
11004.299 -4.646223168910534e-19 4.41307055936991e-19
11005.385 3.747899191226546e-19 4.724215591016154e-19
11006.471 1.6967698450716819e-18 8.012315169952304e-19
11007.557 1.9488376385249704e-18 2.073065718807774e-18
11008.643 -8.469770209146611e-19 2.449308958213448e-18
11009.729 -7.286550682292253e-18 2.48204108685024e-18
11010.814 7.81925933960811e-21 2.145449411034012e-18
11011.9 1.987488982204274e-18 9.226621765195404e-19
11012.986 1.4731252296181982e-18 4.731135061201033e-19
11014.072 1.7956620626470846e-18 4.005527319392137e-19
11015.158 1.2662577492460471e-18 3.870687550786399e-19
11016.244 6.747475692592021e-19 3.8142490760711614e-19
11017.33 -9.07452658864195e-19 3.7815748768792447e-19
11018.416 -1.4136462492601635e-19 3.7682734783267814e-19
11019.502 -9.020821550206621e-20 3.86802117826694e-19
11020.588 1.8203653572416202e-18 3.832588510535416e-19
11021.674 1.6168420772403054e-18 3.809548401427482e-19
11022.76 5.156320028725847e-19 3.9158843056920556e-19
11023.846 1.3065702298583782e-18 3.9680007067166047e-19
11024.932 7.366726089968931e-19 4.3036829504057795e-19
11026.018 -1.2755068873150358e-18 5.570987370632438e-19
11027.104 -7.995299825296856e-19 1.280364057622051e-18
11028.19 -5.1015460984094936e-18 3.206760097417005e-18
11029.276 -4.592798844840928e-18 3.719452096651253e-18
11030.362 5.37797599145562e-18 3.798950741679966e-18
11031.448 3.6035435933084436e-18 3.181896781080906e-18
11032.534 -4.122611046525106e-19 1.3021091006910025e-18
11033.62 6.05279346263906e-19 5.460179075520818e-19
11034.706 9.685762711854234e-19 4.115149382799573e-19
11035.792 1.019737674997704e-18 3.958174961720868e-19
11036.878 1.5567326731782101e-18 4.20096257619568e-19
11037.964 9.750245267436964e-19 4.2041912928980466e-19
11039.05 1.2937870962587407e-18 4.3178404205996194e-19
11040.136 -6.614554194426389e-20 4.593915697958217e-19
11041.222 -1.7538249093765995e-19 4.676823147293293e-19
11042.308 7.441754743878366e-19 4.896830861902553e-19
11043.394 -1.619667686132879e-19 4.859335846768818e-19
11044.48 1.947890120349459e-18 4.429765525563011e-19
11045.566 -3.13643053650226e-19 3.992290153205031e-19
11046.652 1.4228299718366469e-19 3.752242207684483e-19
11047.738 2.4227533592825e-19 3.6048835331062544e-19
11048.824 1.0019936748956914e-18 3.4532460518942403e-19
11049.91 -3.806197430333281e-19 3.3655954019106816e-19
11050.995 4.976873219948898e-19 3.538250740240038e-19
11052.081 -7.061748872201491e-19 4.823475465774707e-19
11053.167 4.773824786623272e-19 6.434562199833002e-19
11054.253 9.9371190018486e-19 6.874008287085276e-19
11055.339 1.5281910701922505e-19 7.074280889349084e-19
11056.425 5.805511000399681e-20 5.754135933472846e-19
11057.511 1.0540975990513392e-18 4.413279746347603e-19
11058.597 6.067586280062742e-19 4.1295589431989966e-19
11059.683 1.3813300307662187e-18 3.8825628302239207e-19
11060.769 5.885589833856998e-19 3.955325751499333e-19
11061.855 8.76640516222139e-19 4.515735972179112e-19
11062.941 1.0774560919075093e-18 4.992307401073985e-19
11064.027 5.661521795612463e-19 5.177433001439295e-19
11065.113 4.17883307925544e-19 4.959308804684516e-19
11066.199 6.831106301452269e-19 4.488212198471274e-19
11067.285 1.776761585626529e-18 4.2969888962335956e-19
11068.371 1.4325874326909707e-18 4.716767203137697e-19
11069.457 -1.1011737553986063e-18 6.588607643440135e-19
11070.543 -2.410374199642804e-18 1.4533289051797078e-18
11071.629 2.0019496183054883e-18 1.841317224104742e-18
11072.715 2.10906075268341e-18 1.8606750749505855e-18
11073.801 7.249781844434125e-19 1.739538890228061e-18
11074.887 -9.064720221522249e-19 9.379782190913926e-19
11075.973 -5.176531123526802e-19 4.659248177869592e-19
11077.059 -7.177248771888788e-19 3.73275270478409e-19
11078.145 -3.752893643990762e-19 3.631644178341482e-19
11079.231 1.478358517656794e-18 3.716681121087114e-19
11080.317 2.7930628273500758e-18 3.7616944881804472e-19
11081.403 1.377825411891974e-18 4.509347207894489e-19
11082.489 7.797205933549793e-19 6.204671800221017e-19
11083.575 4.749497918273717e-19 6.818404593979227e-19
11084.661 1.9454684576132537e-19 6.87020149907721e-19
11085.747 -7.802753070599121e-19 6.629662109481102e-19
11086.833 2.9235001629304963e-19 8.557691101264297e-19
11087.919 -1.4536278856246271e-18 1.845303926680574e-18
11089.005 2.732695318830659e-18 2.585163628847641e-18
11090.09 1.1932676598142235e-18 2.6465010633977854e-18
11091.176 -2.226388382940805e-18 2.5131621902106375e-18
11092.262 2.8527371950528668e-18 1.5557351282996697e-18
11093.348 1.67680987192912e-18 6.861195705697073e-19
11094.434 1.061078368427461e-18 4.312104704145349e-19
11095.52 4.81062414952605e-19 3.5625322525762513e-19
11096.606 -8.080165182199505e-20 3.468221717068876e-19
11097.692 6.285425980647807e-19 3.4652154982875465e-19
11098.778 -1.6800630707671063e-20 3.480677435970163e-19
11099.864 -2.814453614695074e-19 3.4584838781731843e-19
11100.95 4.719820067169676e-19 3.496230484800955e-19
11102.036 8.572683516945824e-19 3.506821767843275e-19
11103.122 4.1748122909575377e-19 3.672508508301913e-19
11104.208 -7.396803155260418e-19 3.968354208968217e-19
11105.294 -6.610473808861211e-19 3.99021230829113e-19
11106.38 3.868842157765177e-19 4.142884442239272e-19
11107.466 4.0807487828857464e-19 4.37910202837226e-19
11108.552 8.792766088818683e-19 4.1800176780929777e-19
11109.638 -4.153854021325355e-20 4.187526428847337e-19
11110.724 1.240735275239571e-19 4.0772705389367773e-19
11111.81 -2.3300642254099467e-19 3.981637417946562e-19
11112.896 -1.0202565547737675e-19 4.0302510393920654e-19
11113.982 5.713043439385314e-19 3.8302235840332895e-19
11115.068 -1.4509275439504403e-18 3.7013457753837763e-19
11116.154 -1.8027065927021346e-19 3.624514288200829e-19
11117.24 1.7541861437814702e-19 3.5014616595206413e-19
11118.326 5.33348561164966e-19 3.549718120034571e-19
11119.412 -3.8283159789604124e-19 3.6305819136695703e-19
11120.498 5.110046657351503e-19 3.7534560866104505e-19
11121.584 -2.1495764439513896e-19 4.752720043147785e-19
11122.67 1.4996836213443996e-19 5.79151275030913e-19
11123.756 -2.6815473104788396e-19 5.700623365901253e-19
11124.842 -1.1880616685615258e-19 5.460714447752856e-19
11125.928 4.624971531122819e-19 4.635693218687238e-19
11127.014 3.5541055130935796e-19 3.93365082646052e-19
11128.1 -1.681767508733522e-17 3.2900337835858573e-19
11129.186 5.660861534183465e-19 4.0655646695016313e-19
11130.271 4.323550848772685e-20 4.217079842154011e-19
11131.357 -5.259151628759193e-19 4.11013100757634e-19
11132.443 -2.481933281394051e-19 4.028532603035314e-19
11133.529 1.3702647867011066e-19 3.8352201010480246e-19
11134.615 1.8492294283676388e-18 3.84860410588551e-19
11135.701 2.27865438145842e-18 4.0955575294622485e-19
11136.787 -4.0307498759386093e-19 4.396929605279908e-19
11137.873 3.0962674803641563e-19 5.772745058681687e-19
11138.959 1.2459024687014717e-18 1.1093177954380722e-18
11140.045 1.5029890397894112e-18 1.3865460126914402e-18
11141.131 2.0216421216142723e-18 1.360778873926918e-18
11142.217 1.4569744927642921e-18 1.243977407934093e-18
11143.303 1.8105106113182323e-18 7.439200246034048e-19
11144.389 4.899858430019411e-19 4.393744346014753e-19
11145.475 1.1073043257156498e-18 3.912217229490435e-19
11146.561 2.180451489526212e-18 3.9898563542917714e-19
11147.647 6.633966874393529e-19 4.107172021552791e-19
11148.733 -6.430954611037458e-20 4.579981965612541e-19
11149.819 1.984058468847872e-18 5.061855107904648e-19
11150.905 1.2183680891423055e-19 5.028637510118281e-19
11151.991 -2.5019540714391773e-18 5.102461780851987e-19
11153.077 -3.5249261982124317e-19 7.91241402425726e-19
11154.163 -1.0606626417459416e-18 1.5664198748810938e-18
11155.249 2.0617050089668858e-19 1.8835750663027102e-18
11156.335 9.903360334065385e-19 1.8929338262081456e-18
11157.421 3.8489126419916346e-18 1.6944531288513059e-18
11158.507 6.143715160234998e-19 1.033741977131293e-18
11159.593 2.1374574551645492e-18 5.65249052737176e-19
11160.679 2.6193308724899314e-19 5.138779967808584e-19
11161.765 5.567287638010475e-19 5.898267215405905e-19
11162.851 -1.673233929359022e-18 7.822199006612424e-19
11163.937 -2.2344158988344846e-19 9.570709802387591e-19
11165.023 3.0881268313083057e-19 1.0381615492803001e-18
11166.109 1.635294609284564e-19 1.0099545054794023e-18
11167.195 -1.2858120113057743e-19 8.835117329796e-19
11168.281 -8.843633539750991e-19 7.570910182965019e-19
11169.367 -4.914883089460148e-19 7.245184568913371e-19
11170.452 -7.422485633997968e-19 7.6674352952978375e-19
11171.538 6.629588543828888e-20 7.832733454197712e-19
11172.624 -1.9191935989737423e-18 7.077790715614811e-19
11173.71 2.1634640819250646e-18 5.799748763716945e-19
11174.796 1.1575348096934178e-18 4.548554203820196e-19
11175.882 9.33717880225891e-19 3.86283676180774e-19
11176.968 7.470236843305467e-19 3.743223913763175e-19
11178.054 -2.5850857299482923e-19 3.8857695691095664e-19
11179.14 2.1603331599830367e-19 3.982703698451073e-19
11180.226 9.240199410368935e-19 4.401862407737486e-19
11181.312 1.5895730927131526e-19 5.040591153940973e-19
11182.398 -1.4599622274763073e-19 5.314348649236434e-19
11183.484 -2.8606991932618332e-19 5.035351746209554e-19
11184.57 -4.605465616396508e-19 4.660254987215973e-19
11185.656 1.438835142858456e-18 4.596167539689336e-19
11186.742 -6.117068771871054e-19 5.267019346726946e-19
11187.828 1.2819553347372759e-18 6.178473414799108e-19
11188.914 2.186780970015878e-18 6.53672054807077e-19
11190.0 2.2221158488572486e-18 6.402072056327374e-19
11191.086 -5.144671533716639e-19 6.660709473338298e-19
11192.172 -9.743498263715115e-19 6.590897498606587e-19
11193.258 -1.6282874202160455e-18 5.858578712832988e-19
11194.344 7.062904030290605e-19 4.940337895726277e-19
11195.43 1.3502541749904677e-18 4.520362981155913e-19
11196.516 1.0516942829824132e-18 4.730037810062862e-19
11197.602 6.192202418528921e-19 5.070453790488844e-19
11198.688 7.075861174176093e-19 5.274183465323369e-19
11199.774 1.8121059665029416e-19 5.302053737977702e-19
11200.86 4.71375407252063e-19 5.783263756423635e-19
11201.946 1.840396464336003e-18 6.5337270184533115e-19
11203.032 1.767654372296168e-18 6.23177594360491e-19
11204.118 1.3416451626637652e-18 5.302337678620695e-19
11205.204 8.892685380954504e-19 5.179548936168304e-19
11206.29 -2.3646174417366695e-18 5.228434456302121e-19
11207.376 -1.9408858544049364e-18 5.36012787012815e-19
11208.462 -1.3228074777816365e-19 5.57568456596335e-19
11209.548 1.7401984580637757e-20 6.369581538772482e-19
11210.633 2.7979361066368156e-18 8.195887952573859e-19
11211.719 1.5727585136792376e-18 9.484799743491164e-19
11212.805 -1.4253063783148207e-18 1.0515151569678216e-18
11213.891 -1.0477209341385617e-18 1.0278871157242766e-18
11214.977 -7.362974289884616e-19 9.817184343282458e-19
11216.063 9.98631859957902e-19 1.0071091642291249e-18
11217.149 1.4679940453737209e-18 1.0315456787325207e-18
11218.235 -2.0912405714321126e-18 9.394387097512798e-19
11219.321 -1.9808614104526522e-19 8.383927837484393e-19
11220.407 1.87584345519173e-18 7.847177281349468e-19
11221.493 1.0716962782804645e-18 8.382264164294025e-19
11222.579 -2.2568166688469702e-18 9.524856193420227e-19
11223.665 1.5816990961591795e-18 1.0193730056063626e-18
11224.751 5.173028085822284e-19 1.2534726338227573e-18
11225.837 -4.903001250918697e-18 1.570190841962495e-18
11226.923 -9.132819124577942e-20 1.4972428409838787e-18
11228.009 1.8947268670909813e-18 1.2456257391520627e-18
11229.095 -7.795124890303949e-19 1.0086633376192891e-18
11230.181 -7.179610939664294e-20 7.561013288667001e-19
11231.267 -1.1333898145449496e-19 6.106056454424536e-19
11232.353 -1.42037449667326e-19 6.516857671610134e-19
11233.439 -4.013247182489009e-19 8.071219187909738e-19
11234.525 -1.8076339449210123e-18 1.0488181085145797e-18
11235.611 9.667876818709814e-19 1.2028110788131695e-18
11236.697 2.790442322435891e-18 1.003908099185391e-18
11237.783 3.6246088668895593e-19 7.144075961355326e-19
