lambda f_lambda fErr_lambda
9139.667900000377 1.954213517093797e-19 0.0
9140.753900000376 1.954213517093797e-19 0.0
9141.839900000376 1.954213517093797e-19 0.0
9142.925900000375 1.954213517093797e-19 0.0
9144.011900000374 1.954213517093797e-19 0.0
9145.097900000374 1.954213517093797e-19 0.0
9146.183900000373 1.954213517093797e-19 0.0
9147.269900000372 1.954213517093797e-19 0.0
9148.355900000372 1.954213517093797e-19 0.0
9149.44190000037 1.954213517093797e-19 0.0
9150.52790000037 1.954213517093797e-19 0.0
9151.61390000037 1.954213517093797e-19 0.0
9152.699900000369 1.954213517093797e-19 0.0
9153.785900000368 1.954213517093797e-19 0.0
9154.871900000368 1.954213517093797e-19 0.0
9155.957900000367 1.954213517093797e-19 0.0
9157.043900000366 1.954213517093797e-19 0.0
9158.129900000366 1.954213517093797e-19 0.0
9159.215900000365 1.954213517093797e-19 0.0
9160.301900000364 1.954213517093797e-19 0.0
9161.387900000364 1.954213517093797e-19 0.0
9162.473900000363 1.954213517093797e-19 0.0
9163.559900000362 1.954213517093797e-19 0.0
9164.645900000362 1.954213517093797e-19 0.0
9165.73190000036 1.954213517093797e-19 0.0
9166.81790000036 1.954213517093797e-19 0.0
9167.90390000036 1.954213517093797e-19 0.0
9168.989900000359 1.954213517093797e-19 0.0
9170.075900000358 1.954213517093797e-19 0.0
9171.161900000357 1.954213517093797e-19 0.0
9172.247900000357 1.954213517093797e-19 0.0
9173.333900000356 1.954213517093797e-19 0.0
9174.419900000355 1.954213517093797e-19 0.0
9175.505900000355 1.954213517093797e-19 0.0
9176.591900000354 1.954213517093797e-19 0.0
9177.677900000353 1.954213517093797e-19 0.0
9178.763900000353 1.954213517093797e-19 0.0
9179.849900000352 1.954213517093797e-19 0.0
9180.935900000351 1.954213517093797e-19 0.0
9182.02190000035 1.954213517093797e-19 0.0
9183.10790000035 1.954213517093797e-19 0.0
9184.19390000035 1.954213517093797e-19 0.0
9185.279900000349 1.954213517093797e-19 0.0
9186.365900000348 1.954213517093797e-19 0.0
9187.451900000347 1.954213517093797e-19 0.0
9188.537900000347 1.954213517093797e-19 0.0
9189.623900000346 1.954213517093797e-19 0.0
9190.709900000345 1.954213517093797e-19 0.0
9191.795900000345 1.954213517093797e-19 0.0
9192.881900000344 1.954213517093797e-19 0.0
9193.967900000343 1.954213517093797e-19 0.0
9195.053900000343 1.954213517093797e-19 0.0
9196.139900000342 1.954213517093797e-19 0.0
9197.225900000341 1.954213517093797e-19 0.0
9198.31190000034 1.954213517093797e-19 0.0
9199.39790000034 1.954213517093797e-19 0.0
9200.48390000034 1.954213517093797e-19 0.0
9201.569900000339 1.954213517093797e-19 0.0
9202.655900000338 1.954213517093797e-19 0.0
9203.741900000337 1.954213517093797e-19 0.0
9204.827900000337 1.954213517093797e-19 0.0
9205.913900000336 1.954213517093797e-19 0.0
9206.999900000335 1.954213517093797e-19 0.0
9208.085900000335 1.954213517093797e-19 0.0
9209.171900000334 1.954213517093797e-19 0.0
9210.257900000333 1.954213517093797e-19 0.0
9211.343900000333 1.954213517093797e-19 0.0
9212.429900000332 1.954213517093797e-19 0.0
9213.515900000331 1.954213517093797e-19 0.0
9214.60190000033 1.954213517093797e-19 0.0
9215.68790000033 1.954213517093797e-19 0.0
9216.77390000033 1.954213517093797e-19 0.0
9217.859900000329 1.954213517093797e-19 0.0
9218.945900000328 1.954213517093797e-19 0.0
9220.031900000327 1.954213517093797e-19 0.0
9221.117900000327 1.954213517093797e-19 0.0
9222.203900000326 1.954213517093797e-19 0.0
9223.289900000325 1.954213517093797e-19 0.0
9224.375900000325 1.954213517093797e-19 0.0
9225.461900000324 1.954213517093797e-19 0.0
9226.547900000323 1.954213517093797e-19 0.0
9227.633900000323 1.954213517093797e-19 0.0
9228.719900000322 1.954213517093797e-19 0.0
9229.805900000321 1.954213517093797e-19 0.0
9230.89190000032 1.954213517093797e-19 0.0
9231.97790000032 1.954213517093797e-19 0.0
9233.06390000032 1.954213517093797e-19 0.0
9234.149900000319 1.954213517093797e-19 0.0
9235.235900000318 1.954213517093797e-19 0.0
9236.321900000317 1.954213517093797e-19 0.0
9237.407900000317 1.954213517093797e-19 0.0
9238.493900000316 1.954213517093797e-19 0.0
9239.579900000315 1.954213517093797e-19 0.0
9240.665900000315 1.954213517093797e-19 0.0
9241.751900000314 1.954213517093797e-19 0.0
9242.837900000313 1.954213517093797e-19 0.0
9243.923900000313 1.954213517093797e-19 0.0
9245.009900000312 1.954213517093797e-19 0.0
9246.095900000311 1.954213517093797e-19 0.0
9247.18190000031 1.954213517093797e-19 0.0
9248.26790000031 1.954213517093797e-19 0.0
9249.35390000031 1.954213517093797e-19 0.0
9250.439900000309 1.954213517093797e-19 0.0
9251.525900000308 1.954213517093797e-19 0.0
9252.611900000307 1.954213517093797e-19 0.0
9253.697900000307 1.954213517093797e-19 0.0
9254.783900000306 1.954213517093797e-19 0.0
9255.869900000305 1.954213517093797e-19 0.0
9256.955900000305 1.954213517093797e-19 0.0
9258.041900000304 1.954213517093797e-19 0.0
9259.127900000303 1.954213517093797e-19 0.0
9260.213900000303 1.954213517093797e-19 0.0
9261.299900000302 1.954213517093797e-19 0.0
9262.385900000301 1.954213517093797e-19 0.0
9263.4719000003 1.954213517093797e-19 0.0
9264.5579000003 1.954213517093797e-19 0.0
9265.6439000003 1.954213517093797e-19 0.0
9266.729900000299 1.954213517093797e-19 0.0
9267.815900000298 1.954213517093797e-19 0.0
9268.901900000297 1.954213517093797e-19 0.0
9269.987900000297 1.954213517093797e-19 0.0
9271.073900000296 1.954213517093797e-19 0.0
9272.159900000295 1.954213517093797e-19 0.0
9273.245900000295 1.954213517093797e-19 0.0
9274.331900000294 1.954213517093797e-19 0.0
9275.417900000293 1.954213517093797e-19 0.0
9276.503900000293 1.954213517093797e-19 0.0
9277.589900000292 1.954213517093797e-19 0.0
9278.675900000291 1.954213517093797e-19 0.0
9279.76190000029 1.954213517093797e-19 0.0
9280.84790000029 1.954213517093797e-19 0.0
9281.93390000029 1.954213517093797e-19 0.0
9283.019900000289 1.954213517093797e-19 0.0
9284.105900000288 1.954213517093797e-19 0.0
9285.191900000287 1.954213517093797e-19 0.0
9286.277900000287 1.954213517093797e-19 0.0
9287.363900000286 1.954213517093797e-19 0.0
9288.449900000285 1.954213517093797e-19 0.0
9289.535900000285 1.954213517093797e-19 0.0
9290.621900000284 1.954213517093797e-19 0.0
9291.707900000283 1.954213517093797e-19 0.0
9292.793900000283 1.954213517093797e-19 0.0
9293.879900000282 1.954213517093797e-19 0.0
9294.965900000281 1.954213517093797e-19 0.0
9296.05190000028 1.954213517093797e-19 0.0
9297.13790000028 1.954213517093797e-19 0.0
9298.22390000028 1.954213517093797e-19 0.0
9299.309900000279 1.954213517093797e-19 0.0
9300.395900000278 1.954213517093797e-19 0.0
9301.481900000277 1.954213517093797e-19 0.0
9302.567900000276 1.954213517093797e-19 0.0
9303.653900000276 1.954213517093797e-19 0.0
9304.739900000275 1.954213517093797e-19 0.0
9305.825900000274 1.954213517093797e-19 0.0
9306.911900000274 1.954213517093797e-19 0.0
9307.997900000273 1.954213517093797e-19 0.0
9309.083900000272 1.954213517093797e-19 0.0
9310.169900000272 1.954213517093797e-19 0.0
9311.255900000271 1.954213517093797e-19 0.0
9312.34190000027 1.954213517093797e-19 0.0
9313.42790000027 1.954213517093797e-19 0.0
9314.51390000027 1.954213517093797e-19 0.0
9315.599900000268 1.954213517093797e-19 0.0
9316.685900000268 1.954213517093797e-19 0.0
9317.771900000267 1.954213517093797e-19 0.0
9318.857900000266 1.954213517093797e-19 0.0
9319.943900000266 1.954213517093797e-19 0.0
9321.029900000265 1.954213517093797e-19 0.0
9322.115900000264 1.954213517093797e-19 0.0
9323.201900000264 1.954213517093797e-19 0.0
9324.287900000263 1.954213517093797e-19 0.0
9325.373900000262 1.954213517093797e-19 0.0
9326.459900000262 1.954213517093797e-19 0.0
9327.545900000261 1.954213517093797e-19 0.0
9328.63190000026 1.954213517093797e-19 0.0
9329.71790000026 1.954213517093797e-19 0.0
9330.80390000026 1.954213517093797e-19 0.0
9331.889900000258 1.954213517093797e-19 0.0
9332.975900000258 1.954213517093797e-19 0.0
9334.061900000257 1.954213517093797e-19 0.0
9335.147900000256 1.954213517093797e-19 0.0
9336.233900000256 1.954213517093797e-19 0.0
9337.319900000255 1.954213517093797e-19 0.0
9338.405900000254 1.954213517093797e-19 0.0
9339.491900000254 1.954213517093797e-19 0.0
9340.577900000253 1.954213517093797e-19 0.0
9341.663900000252 1.954213517093797e-19 0.0
9342.749900000252 1.954213517093797e-19 0.0
9343.835900000251 1.954213517093797e-19 0.0
9344.92190000025 1.954213517093797e-19 0.0
9346.00790000025 1.954213517093797e-19 0.0
9347.093900000249 1.954213517093797e-19 0.0
9348.179900000248 1.954213517093797e-19 0.0
9349.265900000248 1.954213517093797e-19 0.0
9350.351900000247 1.954213517093797e-19 0.0
9351.437900000246 1.954213517093797e-19 0.0
9352.523900000246 1.954213517093797e-19 0.0
9353.609900000245 1.954213517093797e-19 0.0
9354.695900000244 1.954213517093797e-19 0.0
9355.781900000244 1.954213517093797e-19 0.0
9356.867900000243 1.954213517093797e-19 0.0
9357.953900000242 1.954213517093797e-19 0.0
9359.039900000242 1.954213517093797e-19 0.0
9360.125900000241 1.954213517093797e-19 0.0
9361.21190000024 1.954213517093797e-19 0.0
9362.29790000024 1.954213517093797e-19 0.0
9363.383900000239 1.954213517093797e-19 0.0
9364.469900000238 1.954213517093797e-19 0.0
9365.555900000238 1.954213517093797e-19 0.0
9366.641900000237 1.954213517093797e-19 0.0
9367.727900000236 1.954213517093797e-19 0.0
9368.813900000236 1.954213517093797e-19 0.0
9369.899900000235 1.954213517093797e-19 0.0
9370.985900000234 1.954213517093797e-19 0.0
9372.071900000234 1.954213517093797e-19 0.0
9373.157900000233 1.954213517093797e-19 0.0
9374.243900000232 1.954213517093797e-19 0.0
9375.329900000232 1.954213517093797e-19 0.0
9376.415900000231 1.954213517093797e-19 0.0
9377.50190000023 1.954213517093797e-19 0.0
9378.58790000023 1.954213517093797e-19 0.0
9379.673900000229 1.954213517093797e-19 0.0
9380.759900000228 1.954213517093797e-19 0.0
9381.845900000228 1.954213517093797e-19 0.0
9382.931900000227 1.954213517093797e-19 0.0
9384.017900000226 1.954213517093797e-19 0.0
9385.103900000226 1.954213517093797e-19 0.0
9386.189900000225 1.954213517093797e-19 0.0
9387.275900000224 1.954213517093797e-19 0.0
9388.361900000224 1.954213517093797e-19 0.0
9389.447900000223 1.954213517093797e-19 0.0
9390.533900000222 1.954213517093797e-19 0.0
9391.619900000222 1.954213517093797e-19 0.0
9392.705900000221 1.954213517093797e-19 0.0
9393.79190000022 1.954213517093797e-19 0.0
9394.87790000022 1.954213517093797e-19 0.0
9395.963900000219 1.954213517093797e-19 0.0
9397.049900000218 1.954213517093797e-19 0.0
9398.135900000218 1.954213517093797e-19 0.0
9399.221900000217 1.954213517093797e-19 0.0
9400.307900000216 1.954213517093797e-19 0.0
9401.393900000216 1.954213517093797e-19 0.0
9402.479900000215 1.954213517093797e-19 0.0
9403.565900000214 1.954213517093797e-19 0.0
9404.651900000214 1.954213517093797e-19 0.0
9405.737900000213 1.954213517093797e-19 0.0
9406.823900000212 1.954213517093797e-19 0.0
9407.909900000212 1.954213517093797e-19 0.0
9408.99590000021 1.954213517093797e-19 0.0
9410.08190000021 1.954213517093797e-19 0.0
9411.16790000021 1.954213517093797e-19 0.0
9412.253900000209 1.954213517093797e-19 0.0
9413.339900000208 1.954213517093797e-19 0.0
9414.425900000208 1.954213517093797e-19 0.0
9415.511900000207 1.954213517093797e-19 0.0
9416.597900000206 1.954213517093797e-19 0.0
9417.683900000206 1.954213517093797e-19 0.0
9418.769900000205 1.954213517093797e-19 0.0
9419.855900000204 1.954213517093797e-19 0.0
9420.941900000204 1.954213517093797e-19 0.0
9422.027900000203 1.954213517093797e-19 0.0
9423.113900000202 1.954213517093797e-19 0.0
9424.199900000202 1.954213517093797e-19 0.0
9425.2859000002 1.954213517093797e-19 0.0
9426.3719000002 1.954213517093797e-19 0.0
9427.4579000002 1.954213517093797e-19 0.0
9428.543900000199 1.954213517093797e-19 0.0
9429.629900000198 1.954213517093797e-19 0.0
9430.715900000198 1.954213517093797e-19 0.0
9431.801900000197 1.954213517093797e-19 0.0
9432.887900000196 1.954213517093797e-19 0.0
9433.973900000195 1.954213517093797e-19 0.0
9435.059900000195 1.954213517093797e-19 0.0
9436.145900000194 1.954213517093797e-19 0.0
9437.231900000193 1.954213517093797e-19 0.0
9438.317900000193 1.954213517093797e-19 0.0
9439.403900000192 1.954213517093797e-19 0.0
9440.489900000191 1.954213517093797e-19 0.0
9441.57590000019 1.954213517093797e-19 0.0
9442.66190000019 1.954213517093797e-19 0.0
9443.74790000019 1.954213517093797e-19 0.0
9444.833900000189 1.954213517093797e-19 0.0
9445.919900000188 1.954213517093797e-19 0.0
9447.005900000187 1.954213517093797e-19 0.0
9448.091900000187 1.954213517093797e-19 0.0
9449.177900000186 1.954213517093797e-19 0.0
9450.263900000185 1.954213517093797e-19 0.0
9451.349900000185 1.954213517093797e-19 0.0
9452.435900000184 1.954213517093797e-19 0.0
9453.521900000183 1.954213517093797e-19 0.0
9454.607900000183 1.954213517093797e-19 0.0
9455.693900000182 1.954213517093797e-19 0.0
9456.779900000181 1.954213517093797e-19 0.0
9457.86590000018 1.954213517093797e-19 0.0
9458.95190000018 1.954213517093797e-19 0.0
9460.03790000018 1.954213517093797e-19 0.0
9461.123900000179 1.954213517093797e-19 0.0
9462.209900000178 1.954213517093797e-19 0.0
9463.295900000177 1.954213517093797e-19 0.0
9464.381900000177 1.954213517093797e-19 0.0
9465.467900000176 1.954213517093797e-19 0.0
9466.553900000175 1.954213517093797e-19 0.0
9467.639900000175 1.954213517093797e-19 0.0
9468.725900000174 1.954213517093797e-19 0.0
9469.811900000173 1.954213517093797e-19 0.0
9470.897900000173 1.954213517093797e-19 0.0
9471.983900000172 1.954213517093797e-19 0.0
9473.069900000171 1.954213517093797e-19 0.0
9474.15590000017 1.954213517093797e-19 0.0
9475.24190000017 1.954213517093797e-19 0.0
9476.32790000017 1.954213517093797e-19 0.0
9477.413900000169 1.954213517093797e-19 0.0
9478.499900000168 1.954213517093797e-19 0.0
9479.585900000167 1.954213517093797e-19 0.0
9480.671900000167 1.954213517093797e-19 0.0
9481.757900000166 1.954213517093797e-19 0.0
9482.843900000165 1.954213517093797e-19 0.0
9483.929900000165 1.954213517093797e-19 0.0
9485.015900000164 1.954213517093797e-19 0.0
9486.101900000163 1.954213517093797e-19 0.0
9487.187900000163 1.954213517093797e-19 0.0
9488.273900000162 1.954213517093797e-19 0.0
9489.359900000161 1.954213517093797e-19 0.0
9490.44590000016 1.954213517093797e-19 0.0
9491.53190000016 1.954213517093797e-19 0.0
9492.61790000016 1.954213517093797e-19 0.0
9493.703900000159 1.954213517093797e-19 0.0
9494.789900000158 1.954213517093797e-19 0.0
9495.875900000157 1.954213517093797e-19 0.0
9496.961900000157 1.954213517093797e-19 0.0
9498.047900000156 1.954213517093797e-19 0.0
9499.133900000155 1.954213517093797e-19 0.0
9500.219900000155 1.954213517093797e-19 0.0
9501.305900000154 1.954213517093797e-19 0.0
9502.391900000153 1.954213517093797e-19 0.0
9503.477900000153 1.954213517093797e-19 0.0
9504.563900000152 1.954213517093797e-19 0.0
9505.649900000151 1.954213517093797e-19 0.0
9506.73590000015 1.954213517093797e-19 0.0
9507.82190000015 1.954213517093797e-19 0.0
9508.90790000015 1.954213517093797e-19 0.0
9509.993900000149 1.954213517093797e-19 0.0
9511.079900000148 1.954213517093797e-19 0.0
9512.165900000147 1.954213517093797e-19 0.0
9513.251900000147 1.954213517093797e-19 0.0
9514.337900000146 1.954213517093797e-19 0.0
9515.423900000145 1.954213517093797e-19 0.0
9516.509900000145 1.954213517093797e-19 0.0
9517.595900000144 1.954213517093797e-19 0.0
9518.681900000143 1.954213517093797e-19 0.0
9519.767900000143 1.954213517093797e-19 0.0
9520.853900000142 1.954213517093797e-19 0.0
9521.939900000141 1.954213517093797e-19 0.0
9523.02590000014 1.954213517093797e-19 0.0
9524.11190000014 1.954213517093797e-19 0.0
9525.19790000014 1.954213517093797e-19 0.0
9526.283900000139 1.954213517093797e-19 0.0
9527.369900000138 1.954213517093797e-19 0.0
9528.455900000137 1.954213517093797e-19 0.0
9529.541900000137 1.954213517093797e-19 0.0
9530.627900000136 1.954213517093797e-19 0.0
9531.713900000135 1.954213517093797e-19 0.0
9532.799900000135 1.954213517093797e-19 0.0
9533.885900000134 1.954213517093797e-19 0.0
9534.971900000133 1.954213517093797e-19 0.0
9536.057900000133 1.954213517093797e-19 0.0
9537.143900000132 1.954213517093797e-19 0.0
9538.229900000131 1.954213517093797e-19 0.0
9539.31590000013 1.954213517093797e-19 0.0
9540.40190000013 1.954213517093797e-19 0.0
9541.48790000013 1.954213517093797e-19 0.0
9542.573900000129 1.954213517093797e-19 0.0
9543.659900000128 1.954213517093797e-19 0.0
9544.745900000127 1.954213517093797e-19 0.0
9545.831900000127 1.954213517093797e-19 0.0
9546.917900000126 1.954213517093797e-19 0.0
9548.003900000125 1.954213517093797e-19 0.0
9549.089900000125 1.954213517093797e-19 0.0
9550.175900000124 1.954213517093797e-19 0.0
9551.261900000123 1.954213517093797e-19 0.0
9552.347900000123 1.954213517093797e-19 0.0
9553.433900000122 1.954213517093797e-19 0.0
9554.519900000121 1.954213517093797e-19 0.0
9555.60590000012 1.954213517093797e-19 0.0
9556.69190000012 1.954213517093797e-19 0.0
9557.77790000012 1.954213517093797e-19 0.0
9558.863900000119 1.954213517093797e-19 0.0
9559.949900000118 1.954213517093797e-19 0.0
9561.035900000117 1.954213517093797e-19 0.0
9562.121900000117 1.954213517093797e-19 0.0
9563.207900000116 1.954213517093797e-19 0.0
9564.293900000115 1.954213517093797e-19 0.0
9565.379900000115 1.954213517093797e-19 0.0
9566.465900000114 1.954213517093797e-19 0.0
9567.551900000113 1.954213517093797e-19 0.0
9568.637900000112 1.954213517093797e-19 0.0
9569.723900000112 1.954213517093797e-19 0.0
9570.809900000111 1.954213517093797e-19 0.0
9571.89590000011 1.954213517093797e-19 0.0
9572.98190000011 1.954213517093797e-19 0.0
9574.06790000011 1.954213517093797e-19 0.0
9575.153900000108 1.954213517093797e-19 0.0
9576.239900000108 1.954213517093797e-19 0.0
9577.325900000107 1.954213517093797e-19 0.0
9578.411900000106 1.954213517093797e-19 0.0
9579.497900000106 1.954213517093797e-19 0.0
9580.583900000105 1.954213517093797e-19 0.0
9581.669900000104 1.954213517093797e-19 0.0
9582.755900000104 1.954213517093797e-19 0.0
9583.841900000103 1.954213517093797e-19 0.0
9584.927900000102 1.954213517093797e-19 0.0
9586.013900000102 1.954213517093797e-19 0.0
9587.099900000101 1.954213517093797e-19 0.0
9588.1859000001 1.954213517093797e-19 0.0
9589.2719000001 1.954213517093797e-19 0.0
9590.3579000001 1.954213517093797e-19 0.0
9591.443900000098 1.954213517093797e-19 0.0
9592.529900000098 1.954213517093797e-19 0.0
9593.615900000097 1.954213517093797e-19 0.0
9594.701900000096 1.954213517093797e-19 0.0
9595.787900000096 1.954213517093797e-19 0.0
9596.873900000095 1.954213517093797e-19 0.0
9597.959900000094 1.954213517093797e-19 0.0
9599.045900000094 1.954213517093797e-19 0.0
9600.131900000093 1.954213517093797e-19 0.0
9601.217900000092 1.954213517093797e-19 0.0
9602.303900000092 1.954213517093797e-19 0.0
9603.389900000091 1.954213517093797e-19 0.0
9604.47590000009 1.954213517093797e-19 0.0
9605.56190000009 1.954213517093797e-19 0.0
9606.647900000089 1.954213517093797e-19 0.0
9607.733900000088 1.954213517093797e-19 0.0
9608.819900000088 1.954213517093797e-19 0.0
9609.905900000087 1.954213517093797e-19 0.0
9610.991900000086 1.954213517093797e-19 0.0
9612.077900000086 1.954213517093797e-19 0.0
9613.163900000085 1.954213517093797e-19 0.0
9614.249900000084 1.954213517093797e-19 0.0
9615.335900000084 1.954213517093797e-19 0.0
9616.421900000083 1.954213517093797e-19 0.0
9617.507900000082 1.954213517093797e-19 0.0
9618.593900000082 1.954213517093797e-19 0.0
9619.679900000081 1.954213517093797e-19 0.0
9620.76590000008 1.954213517093797e-19 0.0
9621.85190000008 1.954213517093797e-19 0.0
9622.937900000079 1.954213517093797e-19 0.0
9624.023900000078 1.954213517093797e-19 0.0
9625.109900000078 1.954213517093797e-19 0.0
9626.195900000077 1.954213517093797e-19 0.0
9627.281900000076 1.954213517093797e-19 0.0
9628.367900000076 1.954213517093797e-19 0.0
9629.453900000075 1.954213517093797e-19 0.0
9630.539900000074 1.954213517093797e-19 0.0
9631.625900000074 1.954213517093797e-19 0.0
9632.711900000073 1.954213517093797e-19 0.0
9633.797900000072 1.954213517093797e-19 0.0
9634.883900000072 1.954213517093797e-19 0.0
9635.969900000071 1.954213517093797e-19 0.0
9637.05590000007 1.954213517093797e-19 0.0
9638.14190000007 1.954213517093797e-19 0.0
9639.227900000069 1.954213517093797e-19 0.0
9640.313900000068 1.954213517093797e-19 0.0
9641.399900000068 1.954213517093797e-19 0.0
9642.485900000067 1.954213517093797e-19 0.0
9643.571900000066 1.954213517093797e-19 0.0
9644.657900000066 1.954213517093797e-19 0.0
9645.743900000065 1.954213517093797e-19 0.0
9646.829900000064 1.954213517093797e-19 0.0
9647.915900000064 1.954213517093797e-19 0.0
9649.001900000063 1.954213517093797e-19 0.0
9650.087900000062 1.954213517093797e-19 0.0
9651.173900000062 1.954213517093797e-19 0.0
9652.259900000061 1.954213517093797e-19 0.0
9653.34590000006 1.954213517093797e-19 0.0
9654.43190000006 1.954213517093797e-19 0.0
9655.517900000059 1.954213517093797e-19 0.0
9656.603900000058 1.954213517093797e-19 0.0
9657.689900000058 1.954213517093797e-19 0.0
9658.775900000057 1.954213517093797e-19 0.0
9659.861900000056 1.954213517093797e-19 0.0
9660.947900000056 1.954213517093797e-19 0.0
9662.033900000055 1.954213517093797e-19 0.0
9663.119900000054 1.954213517093797e-19 0.0
9664.205900000054 1.954213517093797e-19 0.0
9665.291900000053 1.954213517093797e-19 0.0
9666.377900000052 1.954213517093797e-19 0.0
9667.463900000052 1.954213517093797e-19 0.0
9668.549900000051 1.954213517093797e-19 0.0
9669.63590000005 1.954213517093797e-19 0.0
9670.72190000005 1.954213517093797e-19 0.0
9671.807900000049 1.954213517093797e-19 0.0
9672.893900000048 1.954213517093797e-19 0.0
9673.979900000048 1.954213517093797e-19 0.0
9675.065900000047 1.954213517093797e-19 0.0
9676.151900000046 1.954213517093797e-19 0.0
9677.237900000046 1.954213517093797e-19 0.0
9678.323900000045 1.954213517093797e-19 0.0
9679.409900000044 1.954213517093797e-19 0.0
9680.495900000044 1.954213517093797e-19 0.0
9681.581900000043 1.954213517093797e-19 0.0
9682.667900000042 1.954213517093797e-19 0.0
9683.753900000042 1.954213517093797e-19 0.0
9684.83990000004 1.954213517093797e-19 0.0
9685.92590000004 1.954213517093797e-19 0.0
9687.01190000004 1.954213517093797e-19 0.0
9688.097900000039 1.954213517093797e-19 0.0
9689.183900000038 1.954213517093797e-19 0.0
9690.269900000038 1.954213517093797e-19 0.0
9691.355900000037 1.954213517093797e-19 0.0
9692.441900000036 1.954213517093797e-19 0.0
9693.527900000036 1.954213517093797e-19 0.0
9694.613900000035 1.954213517093797e-19 0.0
9695.699900000034 1.954213517093797e-19 0.0
9696.785900000034 1.954213517093797e-19 0.0
9697.871900000033 1.954213517093797e-19 0.0
9698.957900000032 1.954213517093797e-19 0.0
9700.043900000031 1.954213517093797e-19 0.0
9701.12990000003 1.954213517093797e-19 0.0
9702.21590000003 1.954213517093797e-19 0.0
9703.30190000003 1.954213517093797e-19 0.0
9704.387900000029 1.954213517093797e-19 0.0
9705.473900000028 1.954213517093797e-19 0.0
9706.559900000027 1.954213517093797e-19 0.0
9707.645900000027 1.954213517093797e-19 0.0
9708.731900000026 1.954213517093797e-19 0.0
9709.817900000025 1.954213517093797e-19 0.0
9710.903900000025 1.954213517093797e-19 0.0
9711.989900000024 1.954213517093797e-19 0.0
9713.075900000023 1.954213517093797e-19 0.0
9714.161900000023 1.954213517093797e-19 0.0
9715.247900000022 1.954213517093797e-19 0.0
9716.333900000021 1.954213517093797e-19 0.0
9717.41990000002 1.954213517093797e-19 0.0
9718.50590000002 1.954213517093797e-19 0.0
9719.59190000002 1.954213517093797e-19 0.0
9720.677900000019 1.954213517093797e-19 0.0
9721.763900000018 1.954213517093797e-19 0.0
9722.849900000017 1.954213517093797e-19 0.0
9723.935900000017 1.954213517093797e-19 0.0
9725.021900000016 1.954213517093797e-19 0.0
9726.107900000015 1.954213517093797e-19 0.0
9727.193900000015 1.954213517093797e-19 0.0
9728.279900000014 1.954213517093797e-19 0.0
9729.365900000013 1.954213517093797e-19 0.0
9730.451900000013 1.954213517093797e-19 0.0
9731.537900000012 1.954213517093797e-19 0.0
9732.623900000011 1.954213517093797e-19 0.0
9733.70990000001 1.954213517093797e-19 0.0
9734.79590000001 1.954213517093797e-19 0.0
9735.88190000001 1.954213517093797e-19 0.0
9736.967900000009 1.954213517093797e-19 0.0
9738.053900000008 1.954213517093797e-19 0.0
9739.139900000007 1.954213517093797e-19 0.0
9740.225900000007 1.954213517093797e-19 0.0
9741.311900000006 1.954213517093797e-19 0.0
9742.397900000005 1.954213517093797e-19 0.0
9743.483900000005 1.954213517093797e-19 0.0
9744.569900000004 1.954213517093797e-19 0.0
9745.655900000003 1.954213517093797e-19 0.0
9746.741900000003 1.954213517093797e-19 0.0
9747.827900000002 1.954213517093797e-19 0.0
9748.913900000001 1.954213517093797e-19 0.0
9749.9999 1.954213517093797e-19 0.0
9751.0859 1.954213517093797e-19 0.0
9752.1719 6.214213935346303e-19 4.2647599534760294e-19
9753.2579 2.712437258655326e-19 4.0331435022734415e-19
9754.3439 1.7165144578693318e-18 4.029390410709914e-19
9755.4299 -1.6854063942203505e-18 4.0913614575995236e-19
9756.5158 -1.2852732255220469e-18 4.0721226734933264e-19
9757.6018 -1.2008895689179993e-18 4.0495553947141924e-19
9758.6878 8.454806693875672e-19 4.1013165115239536e-19
9759.7738 7.42252254794069e-19 3.927559387067873e-19
9760.8597 -7.441974506150095e-19 4.1096536398818963e-19
9761.9457 1.2412746256511496e-18 3.937459891626794e-19
9763.0317 2.634144124492433e-19 3.5308621972359414e-19
9764.1176 5.971094067432138e-19 3.8775958228355194e-19
9765.2036 -6.182735604866163e-19 3.9869937027863307e-19
9766.2896 -1.218967958914874e-18 4.0418807409637663e-19
9767.3756 -9.843926316191488e-19 3.5148880747688865e-19
9768.4615 -4.255530916366366e-19 3.625467005086997e-19
9769.5475 -4.0910773206571e-19 3.5452956794793565e-19
9770.6335 1.094789369221692e-18 3.4580209615740623e-19
9771.7195 5.907449884518081e-19 3.466567367494203e-19
9772.8054 -3.7482050061337034e-19 3.4008987100244256e-19
9773.8914 1.4365479441076303e-19 3.285953755136465e-19
9774.9774 2.2903962452482754e-19 3.04338702180392e-19
9776.0633 -4.307460330084396e-19 3.5960847784778804e-19
9777.1493 -1.0379859161342786e-18 3.222172437828148e-19
9778.2353 1.0965603321052067e-18 3.2030751586143367e-19
9779.3213 -2.934363589148943e-19 3.2213428460042137e-19
9780.4072 6.319537231978206e-19 3.33955636269646e-19
9781.4932 -4.461510689471181e-19 3.5583243601501795e-19
9782.5792 3.4169735774313736e-19 3.386425920928156e-19
9783.6652 -8.95535130929506e-19 3.414830382853451e-19
9784.7511 2.0734807239729404e-19 3.3160654465760347e-19
9785.8371 3.8365609674618124e-19 3.2547718944086013e-19
9786.9231 5.948560762338747e-19 3.2013687179350127e-19
9788.009 1.8349463102146535e-19 3.260925774374932e-19
9789.095 1.4263030915748496e-18 3.797473579770402e-19
9790.181 9.196873761507249e-19 5.8033710550306e-19
9791.267 -1.497263692800378e-19 1.0159731681189097e-18
9792.3529 2.319565095633283e-18 1.6447315401544382e-18
9793.4389 8.894618108647066e-19 2.0556744754856827e-18
9794.5249 1.651821489525234e-20 1.881041544167906e-18
9795.6109 -1.4670933914055927e-19 1.5184492246188146e-18
9796.6968 -1.8723004000622865e-19 6.399188934314761e-19
9797.7828 5.3342955278781594e-20 5.078776440737493e-19
9798.8688 -7.745154147234842e-19 5.372492491169594e-19
9799.9548 3.651284175955019e-19 6.671169387015472e-19
9801.0407 8.154145219999589e-19 9.529329055358928e-19
9802.1267 9.044254051403086e-19 1.0060435175607891e-18
9803.2127 2.6809858036084032e-19 1.012304475905053e-18
9804.2986 -7.301180676029573e-19 8.503776707124944e-19
9805.3846 -1.3948642926517573e-19 4.2686944899208263e-19
9806.4706 3.626188486684144e-19 3.6296769321327873e-19
9807.5566 8.996847253528259e-19 3.8241406351800796e-19
9808.6425 2.267891311204366e-18 4.2171433381475143e-19
9809.7285 2.482010765506001e-19 4.553445810274274e-19
9810.8145 -7.537085344106741e-19 4.612815852698752e-19
9811.9005 -9.411754659716342e-19 4.961495040578251e-19
9812.9864 -5.921991192098004e-19 5.821020421191739e-19
9814.0724 -5.879960775494623e-19 6.246557477674747e-19
9815.1584 4.0171040322026784e-20 7.034209769939165e-19
9816.2443 -1.5768236477363048e-18 6.724971853194705e-19
9817.3303 -4.111075590835901e-19 4.819136400019356e-19
9818.4163 -4.882153692812846e-19 4.3936813108445e-19
9819.5023 7.981841747849104e-19 4.525142482456334e-19
9820.5882 7.786419980912682e-19 4.502296597003531e-19
9821.6742 7.740262521741263e-19 4.263265380608144e-19
9822.7602 -1.4533467492615643e-18 3.732379078779629e-19
9823.8462 -2.6317696376161563e-19 3.3406872197508132e-19
9824.9321 1.202434711080853e-18 3.215097994894729e-19
9826.0181 1.4482832161720776e-18 3.2157825623477465e-19
9827.1041 2.584521642343443e-19 3.254121751162476e-19
9828.19 4.654702489870601e-19 3.6143501249601864e-19
9829.276 1.010585013273332e-19 3.9985317065295214e-19
9830.362 1.2322523281051174e-19 4.256042759277279e-19
9831.448 7.014434919029726e-19 4.274535611516617e-19
9832.5339 3.8637363808617714e-20 4.114152473562519e-19
9833.6199 3.871968393552141e-19 3.659341171153116e-19
9834.7059 1.698800228082626e-19 3.327627546801715e-19
9835.7919 -1.0657937222700758e-18 3.615700086445621e-19
9836.8778 1.0206341146531993e-18 2.957562398909209e-19
9837.9638 9.112476340301093e-19 2.9310783832952437e-19
9839.0498 1.124412491529078e-19 2.9783928141940196e-19
9840.1357 -5.107329736002934e-19 2.9794196600251538e-19
9841.2217 1.8457631288233886e-19 2.863191395912417e-19
9842.3077 4.317935846784348e-19 2.909213720246684e-19
9843.3937 6.551722623910513e-19 2.8667344408887563e-19
9844.4796 -1.3292144356969744e-18 2.8753771237133475e-19
9845.5656 7.581865633846519e-19 3.030325159097677e-19
9846.6516 1.3379409517401779e-18 3.0499415223337895e-19
9847.7376 6.44912577608655e-19 3.268145433925374e-19
9848.8235 8.586406797131987e-19 5.433147502217712e-19
9849.9095 -3.049780463287332e-19 8.406265005652037e-19
9850.9955 9.20688076957794e-19 9.78408277149082e-19
9852.0814 -3.6818954673190453e-19 8.748750252699153e-19
9853.1674 4.957052700858681e-19 7.003459354779418e-19
9854.2534 -6.064792897881471e-19 3.560785349433698e-19
9855.3394 -8.985434606167915e-19 2.882472994569036e-19
9856.4253 -1.1643479737870776e-18 2.8119073676061087e-19
9857.5113 -7.052195953873374e-19 2.8085078530447286e-19
9858.5973 -5.951830216860334e-19 2.8826796983162053e-19
9859.6833 -1.7758954342794242e-19 2.8600469027564825e-19
9860.7692 7.777322617280594e-20 2.750704464307277e-19
9861.8552 -1.1462634204390478e-18 2.7710729888357403e-19
9862.9412 3.5091114439061554e-20 2.8814007080407747e-19
9864.0271 4.5960426268419985e-20 2.832490968801747e-19
9865.1131 1.3730145555122555e-18 2.681623739078912e-19
9866.1991 1.1002657398926085e-19 2.700449426965447e-19
9867.2851 -4.0667300245574952e-19 2.90759146294441e-19
9868.371 -1.1048116784201052e-19 2.944049389092548e-19
9869.457 6.023122161142624e-19 2.9729605958495085e-19
9870.543 1.5055745198957718e-18 3.121955991408352e-19
9871.629 4.511310125683299e-19 4.134309838827666e-19
9872.7149 7.194856831410068e-19 9.168153000880619e-19
9873.8009 1.670648051174769e-18 1.4570914621017122e-18
9874.8869 1.0136467030846782e-18 1.4862691351990465e-18
9875.9729 1.1587282848886022e-18 1.4567548501454358e-18
9877.0588 1.9174676476367938e-18 9.535945106993367e-19
9878.1448 5.202001293069273e-19 3.8484362038501676e-19
9879.2308 -4.272345975316538e-19 3.117043485099827e-19
9880.3167 1.4755236882662012e-19 2.8453617128102924e-19
9881.4027 -1.2727118606167877e-18 2.9958607507537704e-19
9882.4887 6.452836595981631e-19 2.886015870878395e-19
9883.5747 2.810699477025247e-20 2.926390936467893e-19
9884.6606 5.425900637307451e-19 3.0921987683107624e-19
9885.7466 -4.0096722744175356e-19 3.159636872381577e-19
9886.8326 1.1973599468931658e-18 3.5949222534685903e-19
9887.9186 -1.163412402532878e-19 3.819827652111691e-19
9889.0045 -3.758191180500436e-19 3.6640730087762116e-19
9890.0905 -6.710332240275239e-19 3.591032460560055e-19
9891.1765 1.4665400750400564e-19 3.1832645392717167e-19
9892.2624 2.633372929128433e-19 2.9027423442656104e-19
9893.3484 7.916768809763124e-19 2.8019534946818665e-19
9894.4344 5.507402197866311e-19 3.7210522798845303e-19
9895.5204 4.433427831705589e-19 7.208372387133504e-19
9896.6063 1.8772431512229397e-18 9.697358484472096e-19
9897.6923 7.619250455989803e-19 1.0055790410215454e-18
9898.7783 7.891502217298546e-19 9.465011375821692e-19
9899.8643 -1.919262047520052e-18 5.925093395290023e-19
9900.9502 -6.845103732218135e-19 3.720670001010563e-19
9902.0362 -8.89563425199858e-19 3.248779621556261e-19
9903.1222 3.1725494295018957e-19 3.1713377332322615e-19
9904.2081 5.1207936854028865e-19 3.020632211020698e-19
9905.2941 3.57437023475672e-19 2.921589287206853e-19
9906.3801 8.402028581012682e-19 2.7875575719736395e-19
9907.4661 -4.848256832493436e-19 2.649808079132642e-19
9908.552 -7.758778289609817e-20 2.626741574187552e-19
9909.638 -1.6468286483039926e-19 2.6706158383870457e-19
9910.724 4.510859167656213e-19 3.086332644022615e-19
9911.81 3.9862385326549504e-19 2.9367517672934594e-19
9912.8959 1.455918579466197e-18 3.2887475639814597e-19
9913.9819 1.2544240428671258e-19 4.3007216685574423e-19
9915.0679 -2.0698733074907256e-18 8.633270260467322e-19
9916.1538 8.23906590375064e-20 1.3843852570211386e-18
9917.2398 6.871338910242822e-19 1.453957562296551e-18
9918.3258 2.629603391886525e-19 1.4339330398478426e-18
9919.4118 -1.0628167321253062e-18 1.0449904361725083e-18
9920.4977 4.578194851265237e-19 3.768500574958203e-19
9921.5837 -7.770899023260239e-19 2.8787280478045323e-19
9922.6697 7.430592514609509e-19 2.80682134037366e-19
9923.7557 -7.971576968401956e-19 2.617616855204e-19
9924.8416 4.1221194028837014e-19 2.47919056647771e-19
9925.9276 6.463199515998361e-19 2.539556631276461e-19
9927.0136 -5.960011515135462e-19 3.1154473930611433e-19
9928.0995 -9.024806777214134e-19 2.668889976840261e-19
9929.1855 7.043812113739583e-19 2.590814426470682e-19
9930.2715 6.65929543364212e-19 2.8300610260708437e-19
9931.3575 -5.181343001425587e-19 2.6089439488292605e-19
9932.4434 8.06343284235492e-19 2.595066949557996e-19
9933.5294 -3.4662341781073845e-19 2.540260955486712e-19
9934.6154 1.8820679584586202e-19 2.3634531222658875e-19
9935.7014 1.1465024201177636e-18 2.5847765941015395e-19
9936.7873 -4.403479431372549e-19 2.492626119165511e-19
9937.8733 9.308775510536368e-19 2.452693190287573e-19
9938.9593 1.1094212821262012e-18 2.528182798112321e-19
9940.0452 7.865673745322096e-19 2.675850891566348e-19
9941.1312 7.403694631870111e-19 3.521046205663454e-19
9942.2172 1.6854696772174383e-18 7.259413465045577e-19
9943.3032 4.2464256186328016e-19 9.582204267450916e-19
9944.3891 1.6472888817469441e-18 1.0035693754862044e-18
9945.4751 4.258862679881432e-19 1.0908043490642508e-18
9946.5611 1.0190973249921204e-18 1.1932284527900938e-18
9947.6471 -1.2924338225035687e-18 1.328232366827857e-18
9948.733 2.506334504271428e-18 1.4353793030068352e-18
9949.819 -3.7999686784442416e-18 1.5763588148774578e-18
9950.905 2.3037331368417187e-18 1.4890719426889928e-18
9951.991 -8.544092460483622e-20 8.429044966268419e-19
9953.0769 -1.6033702100066422e-18 5.423117901713953e-19
9954.1629 -9.445707336093254e-19 3.847337243655862e-19
9955.2489 3.383740340035529e-19 2.9140482992874786e-19
9956.3348 -5.083413912230173e-19 3.9609411742417866e-19
9957.4208 -1.0780711459488334e-19 9.19692085382168e-19
9958.5068 1.0043882228182323e-18 1.1701611228112577e-18
9959.5928 7.816690565809705e-19 1.1822317964876734e-18
9960.6787 8.467315245562228e-19 1.1461935676034756e-18
9961.7647 -6.794916656218418e-19 8.427996247273548e-19
9962.8507 1.6184842594262907e-19 1.0281362590681153e-18
9963.9367 -5.103096214217282e-19 1.1725150830698545e-18
9965.0226 -1.0356929606692653e-18 1.2717548845959376e-18
9966.1086 -8.594269926737663e-19 1.084845063730288e-18
9967.1946 5.290471710028591e-19 5.495690982047901e-19
9968.2805 7.485928004012905e-19 2.7749727414842467e-19
9969.3665 2.0348599251422258e-19 2.5665482919588756e-19
9970.4525 -2.4868564876565317e-19 2.6366994694147576e-19
9971.5385 -5.922650685700192e-19 2.898608985315274e-19
9972.6244 1.0403734021927107e-19 4.452876492161232e-19
9973.7104 -5.374558701717988e-19 6.279277945549653e-19
9974.7964 -2.2685685756748e-19 6.642386839261369e-19
9975.8824 -6.528882463517404e-19 6.637965932572369e-19
9976.9683 -1.5267386771955164e-18 5.645867384478071e-19
9978.0543 -2.125096033953539e-19 4.0935670073919514e-19
9979.1403 9.936297381797103e-19 3.733364140861918e-19
9980.2262 9.637412361950994e-19 3.7621319050295724e-19
9981.3122 -1.7115836129966857e-19 3.982126174879873e-19
9982.3982 4.593535284038343e-19 3.882015416017633e-19
9983.4842 -1.5867114333341537e-19 3.2967992026748114e-19
9984.5701 -1.9170093589003775e-19 3.4452747372662325e-19
9985.6561 4.553304198949738e-19 2.50975215473563e-19
9986.7421 -1.1453362168389553e-18 2.324527899152049e-19
9987.8281 5.209919961649646e-19 2.447577367725022e-19
9988.914 -2.2978399261988834e-19 2.4229670269676197e-19
9990.0 2.825525467021866e-19 2.6034149420177907e-19
9991.086 1.1109039962210122e-19 2.573031990840636e-19
9992.1719 -6.152477669670332e-19 2.4842223588560683e-19
9993.2579 5.479671532652447e-19 2.4783110218251447e-19
9994.3439 -1.5050093921002695e-19 2.4517273646499684e-19
9995.4299 8.598422989375633e-19 2.4503543944496534e-19
9996.5158 5.637458311096579e-19 2.4152496017273663e-19
9997.6018 5.547112006947465e-19 2.377592542286036e-19
9998.6878 -3.001685450719307e-19 2.391263675929287e-19
9999.7738 -6.915371802029897e-20 2.8544157734362767e-19
10000.86 1.8005233229953725e-19 5.45962226336388e-19
10001.946 -2.7030729849428154e-19 6.640813713067246e-19
10003.032 4.2391673412726393e-19 6.88090417692444e-19
10004.118 1.9762016793984168e-18 6.014134618077246e-19
10005.204 -3.8541335292540453e-19 4.089403905506507e-19
10006.29 1.3934320247348163e-18 2.946603511651638e-19
10007.376 6.208188105205495e-19 2.4694944497589897e-19
10008.462 -1.425719928085655e-19 2.3356933186562735e-19
10009.548 -6.39757193073335e-19 2.411908052930253e-19
10010.633 1.0053111715159736e-18 2.893456158063586e-19
10011.719 2.755097034686441e-19 3.8557155282987913e-19
10012.805 -7.076098866984989e-19 7.251570485460193e-19
10013.891 -2.1011883659526515e-18 1.3695717360933307e-18
10014.977 1.4494125466052693e-18 1.6245020785031243e-18
10016.063 2.7008241985451076e-18 1.6436847201997172e-18
10017.149 2.139437815364626e-18 1.482832267106356e-18
10018.235 -5.751743871193689e-19 8.615648326672468e-19
10019.321 3.207213937949325e-21 4.2391202865142204e-19
10020.407 4.0033590473747525e-19 2.5479605888493154e-19
10021.493 6.17873125908291e-19 2.7047128737075393e-19
10022.579 8.798819287807646e-20 3.415196701227403e-19
10023.665 4.081872085296408e-19 3.5097410293640555e-19
10024.751 5.769077392757234e-20 3.8136585464269284e-19
10025.837 9.834616560555563e-19 6.154546378383304e-19
10026.923 -3.5045650956160497e-19 8.676723362176283e-19
10028.009 2.5296571262847698e-18 8.960029595127557e-19
10029.095 1.4406107095979358e-18 8.867769655939555e-19
10030.181 1.0570630842176186e-18 6.73801909400195e-19
10031.267 2.0146276510172115e-19 3.035482616416388e-19
10032.353 3.3879721843360037e-19 2.678999302998458e-19
10033.439 9.28844785043218e-19 2.556409071338979e-19
10034.525 9.660426836891033e-19 2.5818486402036147e-19
10035.611 -4.809514015246828e-19 2.952566677030905e-19
10036.697 1.475939304516835e-18 2.705714139119727e-19
10037.783 8.253891976860692e-19 2.828387297303713e-19
10038.869 -4.95317865519484e-19 3.0268058126091903e-19
10039.955 -4.1646006133971465e-19 3.064160467605699e-19
10041.041 9.213151651102128e-19 2.948333903532622e-19
10042.127 -9.76882764448274e-19 2.857268263094797e-19
10043.213 3.726448973939847e-19 2.9281114904213047e-19
10044.299 2.8603401342543546e-19 4.749456392367289e-19
10045.385 -1.5792213165915568e-18 5.788206376486762e-19
10046.471 -5.226703502185487e-19 5.868595013412064e-19
10047.557 5.699396170291615e-19 5.622040706581987e-19
10048.643 7.212022926922019e-21 3.875137987249188e-19
10049.729 7.826364745239438e-19 2.512489259548513e-19
10050.814 8.174751870616772e-19 2.4807273989641042e-19
10051.9 -4.7797247981890094e-20 2.3952433121491795e-19
10052.986 -1.2860183599611954e-19 2.4332931360420957e-19
10054.072 3.1316297023719015e-20 2.4003389007453216e-19
10055.158 4.207860962054941e-20 2.3818255143328144e-19
10056.244 7.573463969670952e-19 2.4333567607661895e-19
10057.33 -1.9459071116196697e-19 2.613598278135291e-19
10058.416 -3.3581960815936073e-21 2.42718030517524e-19
10059.502 -8.951480143120288e-19 3.208897783727156e-19
10060.588 -1.694397890114832e-19 4.55315506385013e-19
10061.674 9.857370120314917e-19 7.05632316800317e-19
10062.76 1.0694791181458485e-18 7.626134773201806e-19
10063.846 7.92840569711293e-19 7.405170630775027e-19
10064.932 -9.12238431813244e-19 6.75922747073102e-19
10066.018 -1.1767877413187878e-19 4.474575333505477e-19
10067.104 2.0747642730196172e-19 3.2999726294164253e-19
10068.19 1.016824568321169e-20 4.1664834541160945e-19
10069.276 1.6254536132361454e-19 4.0373747817372556e-19
10070.362 9.204630928552257e-19 4.2018321179170726e-19
10071.448 1.1003376979233777e-18 5.078142029475552e-19
10072.534 9.445898255663032e-19 5.459300321293645e-19
10073.62 7.234369199114411e-19 5.384921323173495e-19
10074.706 6.1602712217203215e-19 5.791647074569063e-19
10075.792 1.3354261758109893e-18 4.016458685193903e-19
10076.878 8.61631534915492e-19 3.3960554218399493e-19
10077.964 3.161986076016433e-20 2.5564016456679047e-19
10079.05 1.056272978415532e-19 2.6431668737611066e-19
10080.136 6.59333901300138e-19 2.980554995054072e-19
10081.222 -3.696549356416705e-19 2.715432136382723e-19
10082.308 -4.53961505703363e-19 3.8973790457540537e-19
10083.394 2.270260479060547e-18 9.982109754404214e-19
10084.48 -6.3230111044611115e-19 1.1831019882851966e-18
10085.566 -3.8037914895814206e-19 1.1945658845601553e-18
10086.652 1.5511109966761041e-18 1.1132939646443015e-18
10087.738 -3.150811743447793e-19 5.8247380919426e-19
10088.824 2.8055911035113966e-19 2.7033048546370517e-19
10089.91 9.656553059179641e-19 2.4788071917483166e-19
10090.995 4.071719115612609e-20 2.4662816452272834e-19
10092.081 1.2036556477551804e-18 2.6227476282632157e-19
10093.167 4.422637645830923e-19 2.5560726951751146e-19
10094.253 8.233888433526405e-21 2.4332248860017027e-19
10095.339 -7.262531323706702e-21 2.385186585225396e-19
10096.425 -2.6333480491764143e-19 2.5014291927493053e-19
10097.511 1.0903357946550419e-19 2.7124213876226835e-19
10098.597 2.8144526618059947e-19 2.915591087165346e-19
10099.683 2.9191237219205913e-19 2.9998051645773513e-19
10100.769 -1.9691166547679725e-19 2.978061416661224e-19
10101.855 1.272581024836623e-18 2.8697223319369673e-19
10102.941 -2.997212305863336e-19 2.841163446016426e-19
10104.027 5.391171188617562e-19 4.972100240610556e-19
10105.113 1.8958593724544757e-18 7.642300209069326e-19
10106.199 7.198298868150036e-19 7.873967989433231e-19
10107.285 2.0139909757715532e-18 7.738010349211557e-19
10108.371 4.24184274373665e-19 5.57748644602296e-19
10109.457 4.0877910156233033e-19 2.7813485307029754e-19
10110.543 7.276075035128244e-20 2.267158575045939e-19
10111.629 -6.320050062612939e-19 2.3065711447923076e-19
10112.715 1.5643581948770507e-18 2.332660232258022e-19
10113.801 1.1132675330981649e-20 2.282863096314839e-19
10114.887 1.6421316798871109e-19 2.330604992551711e-19
10115.973 -1.8789993879739667e-19 2.2909786686619693e-19
10117.059 2.2833831669867283e-19 2.4693316905369017e-19
10118.145 7.002412489455054e-19 2.2617405214962964e-19
10119.231 5.753701444606443e-19 2.2632782784677994e-19
10120.317 -5.914267678777542e-19 2.2652656849582546e-19
10121.403 8.549183624619306e-19 2.319975787289847e-19
10122.489 2.0682780552823879e-19 2.5169192813516354e-19
10123.575 2.1028883601564215e-19 3.4891211228009003e-19
10124.661 4.600993758277521e-19 9.03790502740339e-19
10125.747 1.4383554959184566e-19 1.4193380147031398e-18
10126.833 2.078641329398787e-18 1.2773616414784085e-18
10127.919 -3.7015403306022336e-19 1.2561089664596098e-18
10129.005 -7.928204622951732e-19 7.257398124032497e-19
10130.09 5.148459350275836e-19 3.0635086004744364e-19
10131.176 4.710465697411387e-19 2.445861490476962e-19
10132.262 1.2373561636439325e-18 2.5890145815487513e-19
10133.348 -1.976931114817201e-19 3.0095722371216757e-19
10134.434 8.397328026515239e-19 3.355388045921614e-19
10135.52 5.918812246988759e-19 3.402637290627239e-19
10136.606 7.17978442287961e-19 3.3446802552166544e-19
10137.692 9.19014597831739e-19 3.118958851838386e-19
10138.778 8.921650968553165e-19 2.6358696050639217e-19
10139.864 7.101634591230236e-20 2.4388730705656734e-19
10140.95 6.829678049826317e-19 2.517283649202198e-19
10142.036 9.548749762466217e-20 2.428006290947231e-19
10143.122 1.2628824902485618e-19 2.763364511211394e-19
10144.208 -6.492670415718295e-19 3.6665335328340845e-19
10145.294 -2.744877775608488e-19 3.6148166112018626e-19
10146.38 7.57794979447362e-20 3.8483404379237105e-19
10147.466 -9.27176654764451e-19 4.0944890650905454e-19
10148.552 1.288016309534634e-18 3.9746113297251215e-19
10149.638 -7.232670790834999e-21 3.9785309305701285e-19
10150.724 1.318468699449774e-19 4.335765886805479e-19
10151.81 7.573103545784411e-19 4.003749255407441e-19
10152.896 1.6533844089611847e-18 4.422807398563228e-19
10153.982 1.6465987870973188e-18 7.111778798251985e-19
10155.068 7.656859254617756e-19 7.792706910929333e-19
10156.154 -7.777665632292923e-19 7.826181121621505e-19
10157.24 -2.3428589546640684e-19 7.083114300022383e-19
10158.326 6.372996697529733e-19 5.0707530424014195e-19
10159.412 6.134960260504701e-19 4.913638803872639e-19
10160.498 1.003122498771396e-18 5.440697914725694e-19
10161.584 -3.1459252518167302e-19 5.421353161733733e-19
10162.67 2.68983457045758e-19 5.125456593283358e-19
10163.756 7.461498368743005e-19 3.843115757978575e-19
10164.842 7.769179987686299e-19 3.7649226250458994e-19
10165.928 -2.3799850761331664e-19 4.2372768626349112e-19
10167.014 9.131723371183962e-19 4.275175163029925e-19
10168.1 4.85980840011446e-19 4.318610339217265e-19
10169.186 -8.338136490582922e-20 3.995366614424582e-19
10170.271 3.9027081579238885e-19 3.3539793923730726e-19
10171.357 9.353159956397264e-19 4.041063525400665e-19
10172.443 -2.0149427675029534e-19 9.030314076450199e-19
10173.529 8.94864724550914e-19 1.3343617851028235e-18
10174.615 1.8918808877324783e-18 1.3606457053940784e-18
10175.701 -1.0098129663857602e-18 1.2877266365334099e-18
10176.787 1.471091033691662e-18 7.47142233194059e-19
10177.873 2.5172432451928447e-19 3.371798918154811e-19
10178.959 5.407700982569417e-19 2.3759197963317966e-19
10180.045 -2.4859665377624527e-19 2.3617153259994913e-19
10181.131 -3.1879732906901957e-19 2.929995024257706e-19
10182.217 5.579708690547457e-19 5.272130816884364e-19
10183.303 -2.777370453996984e-19 5.897443580166357e-19
10184.389 9.061758590384302e-19 5.962937893657112e-19
10185.475 3.2580787900316907e-19 5.295256156609466e-19
10186.561 1.1075253506636068e-19 3.685583083697402e-19
10187.647 2.622632081756001e-20 2.9739861820492444e-19
10188.733 5.318324228618392e-19 3.243775620221895e-19
10189.819 -1.525767730052498e-20 4.3268520836792663e-19
10190.905 -2.0096862588915892e-19 9.730860175680781e-19
10191.991 6.488169833356562e-19 1.136012797421619e-18
10193.077 -2.3141859428585193e-18 1.1899210280693669e-18
10194.163 -2.1519232514946167e-18 8.732761418334639e-19
10195.249 5.67229994349687e-19 4.320572023556647e-19
10196.335 -6.350576345956302e-20 3.0148386070798383e-19
10197.421 1.3212945456159233e-19 3.21528966934692e-19
10198.507 2.0527198268169485e-20 3.2134601774017146e-19
10199.593 -5.028111462166746e-19 2.8388836852607526e-19
10200.679 -2.823086145669283e-19 2.7656428439967083e-19
10201.765 2.3138202422112943e-19 2.83521111241975e-19
10202.851 -5.627286966968155e-19 3.3017372973039453e-19
10203.937 2.0444520584484584e-19 5.834890820434877e-19
10205.023 5.173289548299198e-19 7.221872706084319e-19
10206.109 -1.341972073796312e-18 7.315224445750654e-19
10207.195 -1.0469809626075164e-18 6.8188058984984645e-19
10208.281 -1.1940052844574265e-18 4.862398414111946e-19
10209.367 4.824012666523514e-20 4.636823040601087e-19
10210.452 5.268345614566925e-19 7.586052990385819e-19
10211.538 2.8147452506709616e-18 1.0209769021056585e-18
10212.624 2.237414471524529e-18 1.2814846158932434e-18
10213.71 -2.7948794423241033e-19 1.2908541707875635e-18
10214.796 -1.1311569692080506e-18 1.2320085567353759e-18
10215.882 4.426781289649544e-19 7.127348743425479e-19
10216.968 1.1600929832100188e-18 3.3433737956131006e-19
10218.054 1.017516585983958e-18 2.351082378266192e-19
10219.14 7.680846144822155e-19 2.2443204562079356e-19
10220.226 5.436969361855013e-19 2.3144255194858875e-19
10221.312 -2.874858172552719e-19 2.4879890064505023e-19
10222.398 5.1329675758542364e-20 2.7082370628345697e-19
10223.484 -8.997256939071207e-20 2.755704214177412e-19
10224.57 -7.387862713320841e-19 2.7999221376332994e-19
10225.656 8.435365783010939e-19 3.47712131959877e-19
10226.742 6.194885967233427e-19 6.914993179627093e-19
10227.828 1.542937097302579e-18 8.68585354822389e-19
10228.914 1.516318122526527e-18 8.789501268292814e-19
10230.0 1.0148673928504804e-18 8.270757239791145e-19
10231.086 3.682352354135223e-19 7.808910694459083e-19
10232.172 5.106522463772114e-19 7.272437115740462e-19
10233.258 8.051885214472226e-19 7.455116827337681e-19
10234.344 1.3629411651909383e-19 7.384209112582259e-19
10235.43 3.7696956714193724e-19 5.372990312756625e-19
10236.516 1.526589650536812e-19 3.295617829000167e-19
10237.602 1.4865733244968704e-20 2.637053049402222e-19
10238.688 2.1240582484589773e-19 2.502895502654822e-19
10239.774 1.0255961622435278e-18 2.3090800720947084e-19
10240.86 2.3867607281961655e-19 2.2328178811606306e-19
10241.946 -6.515305381500733e-19 2.489120761255242e-19
10243.032 8.731203262693335e-19 3.0190595214791668e-19
10244.118 3.63914608108445e-19 2.9235806500428944e-19
10245.204 1.6323270865110365e-19 2.503347780844599e-19
10246.29 -9.160194981046465e-20 2.27982005898053e-19
10247.376 1.7605232801349373e-19 2.2423375450909467e-19
10248.462 5.491315870578901e-19 2.203047644551112e-19
10249.548 2.8180271951446793e-19 2.1834007632166496e-19
10250.633 -6.186380651457566e-20 2.1722484997893815e-19
10251.719 -9.701748631531435e-20 2.1772809843638793e-19
10252.805 2.988889120278114e-19 2.2170791246575e-19
10253.891 5.930888406100737e-19 2.2339811505320157e-19
10254.977 5.589137804511389e-19 2.245576691261821e-19
10256.063 6.350261092405642e-19 2.324240012783581e-19
10257.149 4.275237190209087e-20 2.4719410505667587e-19
10258.235 -4.330107083756565e-19 2.571498532567203e-19
10259.321 1.5819834206567436e-20 2.5688910578459767e-19
10260.407 5.231153634367592e-19 2.6436400247935907e-19
10261.493 -1.1972556977363277e-19 2.5767313638846563e-19
10262.579 -6.490638900668951e-20 2.3192962244858355e-19
10263.665 3.613828247638028e-19 2.369009901091941e-19
10264.751 3.7206992244491503e-19 2.475451619116321e-19
10265.837 1.4052641193056095e-19 2.568234124358556e-19
10266.923 -3.599822114246671e-19 2.64956446844275e-19
10268.009 -4.6368008415632725e-20 2.729558315446706e-19
10269.095 1.0420108791145053e-18 2.765758153525327e-19
10270.181 1.1184022308477927e-18 2.883280881195163e-19
10271.267 3.4516867613756085e-19 3.525282122402456e-19
10272.353 1.0426794775403289e-18 4.693283348882568e-19
10273.439 1.7954409195054425e-19 5.139789554025885e-19
10274.525 -9.670930980787628e-19 5.133455432195705e-19
10275.611 -2.974376995740301e-19 4.411921561568086e-19
10276.697 2.894008074934227e-20 3.1015381593989198e-19
10277.783 5.378675089120407e-20 2.6789309695419217e-19
10278.869 4.864813181480916e-19 2.5891427534498702e-19
10279.955 2.7284988905500563e-19 2.482746999588726e-19
10281.041 -1.5092168891694126e-19 2.5663705389487924e-19
10282.127 3.2795107970789927e-19 2.7573970010552867e-19
10283.213 6.440011215660915e-19 2.9197087303541783e-19
10284.299 -5.385241036571744e-19 3.1897529113645575e-19
10285.385 -8.303597568905372e-19 4.414267998714246e-19
10286.471 -1.5509946139757576e-18 8.504429345825846e-19
10287.557 5.848224983089049e-19 1.6043762388254773e-18
10288.643 2.6216252866134636e-18 2.104089220434428e-18
10289.729 4.000088361653455e-18 2.090173179663253e-18
10290.814 2.0569379927338915e-19 1.8656049637774584e-18
10291.9 7.207350777990994e-19 7.566894036494412e-19
10292.986 -2.6778992251713675e-20 4.453446698821142e-19
10294.072 -6.599207826131239e-19 4.1385303156127383e-19
10295.158 2.562502458498311e-19 4.569442548197016e-19
10296.244 7.628461601076679e-19 6.544943025611612e-19
10297.33 -1.1253362771769772e-18 1.0798177290453657e-18
10298.416 -2.414198994526903e-18 1.2528539824133062e-18
10299.502 1.6222592542374052e-19 1.244276326004235e-18
10300.588 -1.8753631327667264e-19 9.233360974218827e-19
10301.674 5.482463066871125e-19 3.8225390204186594e-19
10302.76 5.263966777598004e-19 2.7913104844465814e-19
10303.846 1.7835334947055657e-19 2.825451594010391e-19
10304.932 5.850748672263975e-20 3.1264435643045463e-19
10306.018 7.758770124327493e-19 3.35194676490295e-19
10307.104 -1.2736698180661975e-19 3.3313516555877666e-19
10308.19 2.0522079520297179e-19 3.2576104834501765e-19
10309.276 3.404577524738004e-19 3.7291700597835496e-19
10310.362 -5.44589382871888e-19 5.312714137945886e-19
10311.448 -6.861092697832153e-19 6.791679138764672e-19
10312.534 -7.603218958438894e-19 7.001738172154608e-19
10313.62 -5.035981191429521e-19 6.327547737640754e-19
10314.706 -4.5332409510071097e-20 4.0979085264635086e-19
10315.792 3.592817017113111e-20 2.7112449680396555e-19
10316.878 1.2016829374811065e-20 2.4515329580213093e-19
10317.964 -5.525255253462432e-19 2.4147010625473985e-19
10319.05 1.7913743451329172e-19 2.4277528673917156e-19
10320.136 5.021567602173128e-19 2.3869879388392e-19
10321.222 1.0354934626173395e-18 2.2660431504110507e-19
10322.308 9.097166775811959e-19 2.277834290678767e-19
10323.394 4.3207731139806045e-19 2.4480394169457916e-19
10324.48 9.57496281070656e-19 2.5634667916143075e-19
10325.566 -3.6222072185097444e-20 2.6368551274751806e-19
10326.652 2.0403829658903914e-19 2.848788327464475e-19
10327.738 3.0955741780654424e-19 3.2816523750601394e-19
10328.824 6.036688715763932e-19 3.803567114666016e-19
10329.91 8.941292675294822e-19 4.0108932093092506e-19
10330.995 1.0686386002314904e-18 3.868500941755444e-19
10332.081 5.73236517359463e-19 3.388164616008519e-19
10333.167 5.969348394136554e-19 2.645722202530765e-19
10334.253 -1.9812347340819606e-19 2.330867444126871e-19
10335.339 7.1078892595674235e-19 2.3442485527806553e-19
10336.425 1.1139646801167968e-18 2.278097450246326e-19
10337.511 1.4318549366013118e-19 2.293620798555694e-19
10338.597 6.292653702848412e-19 2.3135857363481225e-19
10339.683 3.716219845800788e-19 2.4334579154703907e-19
10340.769 -9.033408584003213e-19 3.4433399326617015e-19
10341.855 -1.2389452158016276e-20 4.403490889264882e-19
10342.941 1.1194311393564914e-18 4.900068205746738e-19
10344.027 -5.867737563028175e-19 4.30205961150323e-19
10345.113 4.1920719376858526e-19 3.3278950302213503e-19
10346.199 -1.1878770327196989e-19 2.8696692230142813e-19
10347.285 -6.777767551158772e-20 3.9640969705964757e-19
10348.371 -1.2541548004208157e-19 7.581663077968027e-19
10349.457 2.9398641640009774e-19 9.665058161383328e-19
10350.543 2.9420134695206033e-19 9.735524773660367e-19
10351.629 5.105471042130155e-19 8.940610575824225e-19
10352.715 -5.111343898099042e-19 4.442893162421868e-19
10353.801 4.107640531041816e-19 3.530911346298314e-19
10354.887 1.2471757012028922e-18 4.2181659867010513e-19
10355.973 3.8287369336693164e-19 4.894026710472084e-19
10357.059 3.142299675652522e-19 4.990407299764429e-19
10358.145 -9.125233219946119e-20 4.659318926761369e-19
10359.231 1.3815298945602102e-19 3.4885628950342524e-19
10360.317 3.701345849848557e-20 2.622740747228396e-19
10361.403 7.206979808797093e-19 2.4288142625253545e-19
10362.489 2.1498111033557024e-19 2.509042917932011e-19
10363.575 3.976534858625551e-19 2.395967613328524e-19
10364.661 -2.4616265290162456e-20 2.374856746107361e-19
10365.747 -2.0658129189792375e-19 2.78045373251891e-19
10366.833 1.1672153331394863e-18 2.5199934532715503e-19
10367.919 1.5073051246665432e-19 2.5237618833570373e-19
10369.005 -6.534488704467448e-19 2.5407114730136833e-19
10370.09 3.9931481547169417e-19 2.575786752415102e-19
10371.176 1.9683462029412026e-19 2.661658431620894e-19
10372.262 1.0798823858973034e-18 3.213279799147238e-19
10373.348 -3.93501713806251e-18 7.000202409144981e-19
10374.434 -3.487025079263595e-18 1.5405364157555436e-18
10375.52 5.864457171494534e-19 1.665740796971147e-18
10376.606 -1.6272196201242312e-18 1.8146229638632953e-18
10377.692 -5.941550804975788e-19 1.221627315062313e-18
10378.778 5.34758655529371e-19 3.985280866733179e-19
10379.864 4.941653318885189e-19 2.759229482220723e-19
10380.95 6.376681145805191e-19 2.537971937975517e-19
10382.036 4.8628400235073915e-20 2.5915923478378684e-19
10383.122 -1.2862393015392914e-19 2.5085621696783827e-19
10384.208 -6.407293213396728e-19 2.5006838219462866e-19
10385.294 4.440048978323375e-19 2.5674617171764995e-19
10386.38 9.33310952030551e-20 2.540347679833791e-19
10387.466 -2.3308527554677736e-19 2.6191791386105973e-19
10388.552 -3.684614918179496e-19 2.646068375721925e-19
10389.638 -4.637082378540682e-19 2.672798450181875e-19
10390.724 4.222058339808521e-19 2.733999082741661e-19
10391.81 7.780691972376109e-19 2.6908073883929316e-19
10392.896 -1.0203888359352804e-18 2.5971357732853157e-19
10393.982 1.7723397449041943e-20 2.584358868626427e-19
10395.068 7.805363448670122e-19 2.633966724210638e-19
10396.154 4.861227296353756e-19 3.0099041321227824e-19
10397.24 6.887843368849642e-19 6.361077385033462e-19
10398.326 2.441076257550312e-19 1.032247468734392e-18
10399.412 -3.2865300648033495e-19 1.0771535563671026e-18
10400.498 1.2547084475000232e-19 1.0524967733053216e-18
10401.584 -1.194382567054285e-18 6.809102494810687e-19
10402.67 -8.17060738302547e-20 2.8534618481582534e-19
10403.756 4.1841403067269293e-19 2.486387580760367e-19
10404.842 1.1173778596134861e-19 2.527400710408347e-19
10405.928 7.388175439054145e-21 2.9215680707085377e-19
10407.014 1.1672864323028533e-18 2.4335674951885625e-19
10408.1 -4.719772087996132e-19 2.4227268595677535e-19
10409.186 9.283101511979223e-19 2.632156415544913e-19
10410.271 1.0792232955770114e-18 2.8262501725080596e-19
10411.357 9.861101588980685e-19 2.98773615131578e-19
10412.443 -1.2974565200271065e-19 2.991126323971659e-19
10413.529 4.326586056677804e-19 2.7374909496189223e-19
10414.615 -6.19194768792476e-19 2.4457836126554255e-19
10415.701 3.6616128130781165e-19 2.417511026185669e-19
10416.787 1.8882207424726502e-19 3.389762361820223e-19
10417.873 1.4171468640857633e-18 4.346907503087823e-19
10418.959 4.647479157455933e-19 9.89071620038206e-19
10420.045 -1.05586120832914e-18 1.621098538527416e-18
10421.131 -2.780675187145094e-18 1.6899212364689277e-18
10422.217 -3.2927440051002684e-18 1.6649033343132177e-18
10423.303 -2.151501695734765e-19 1.1762233572018195e-18
10424.389 3.192021141243996e-19 4.81717035509439e-19
10425.475 7.142960405853423e-19 3.7465997669168553e-19
10426.561 5.336899492609212e-19 3.5179156138819373e-19
10427.647 1.2238132090495144e-18 3.145513807780631e-19
10428.733 1.8939585408777768e-19 3.0564674155538435e-19
10429.819 -2.0087856604108863e-19 3.446618741214012e-19
10430.905 8.823154515390592e-19 3.7237246134650506e-19
10431.991 -3.5924258387344566e-19 3.788201620715474e-19
10433.077 -2.348273428147428e-19 3.435389544450386e-19
10434.163 -5.446118446781753e-19 2.859749616671382e-19
10435.249 -4.656048038616133e-19 2.4154162172186e-19
10436.335 -1.5983804756208453e-19 2.3341404229642526e-19
10437.421 3.211517442958306e-19 2.2500557754791826e-19
10438.507 6.492822726001193e-20 2.170606907160428e-19
10439.593 1.992198941168214e-19 2.1900822343585764e-19
10440.679 3.603426125993866e-20 1.9573141193920984e-19
10441.765 -2.4675922742721577e-19 2.0839921599385527e-19
10442.851 8.574828094180177e-19 2.1841703632864943e-19
10443.937 2.77001969344027e-19 2.170178763654794e-19
10445.023 4.0837211154467915e-19 2.247071376881932e-19
10446.109 3.495274800841656e-19 2.250158535659454e-19
10447.195 6.327983791165564e-19 2.3355963380122215e-19
10448.281 9.59020590883977e-19 2.456557162000616e-19
10449.367 -1.3499687082897465e-19 2.502067297570716e-19
10450.452 3.3521825568437116e-19 3.324502923534898e-19
10451.538 -2.1936469654984488e-20 7.58742839915848e-19
10452.624 -5.810514560455003e-19 9.141482794676335e-19
10453.71 1.037335155770236e-18 9.378756405472817e-19
10454.796 1.3883846852726003e-18 9.226256808607616e-19
10455.882 -6.723358095562652e-19 4.692338085964477e-19
10456.968 5.092951021879365e-19 2.443116482499431e-19
10458.054 -2.5613326933188126e-19 2.242614553970154e-19
10459.14 7.555012773486215e-19 2.2491995502453798e-19
10460.226 -6.985289694397752e-19 2.1358880405236882e-19
10461.312 5.933355908621386e-19 2.17994655904096e-19
10462.398 -5.028382120982284e-19 2.2364810221284425e-19
10463.484 3.2335899449250075e-19 2.220372174032442e-19
10464.57 2.9158871932602145e-19 2.251241151399745e-19
10465.656 3.787227792188208e-20 2.3340395291575562e-19
10466.742 -4.919359176270051e-19 2.3290860403364827e-19
10467.828 -2.8328857448225747e-19 2.483418233037602e-19
10468.914 -4.666436988002315e-19 4.3318211316798804e-19
10470.0 1.3088416714110997e-19 1.1535856147995082e-18
10471.086 -3.9638166981510465e-18 1.3856730272285495e-18
10472.172 2.747167002071985e-19 1.388748485089114e-18
10473.258 1.983307313953336e-18 1.278725240548697e-18
10474.344 5.494876880757212e-19 6.489467376642592e-19
10475.43 -3.8402504134378545e-19 2.9550670472483184e-19
10476.516 -1.6022100838877094e-19 2.4957727514850123e-19
10477.602 -5.45841100809301e-19 2.3649213542245888e-19
10478.688 2.053858210734425e-21 2.2886787686433213e-19
10479.774 5.437114483138641e-19 2.280180529355152e-19
10480.86 9.982310896291487e-19 2.3657403469906057e-19
10481.946 8.566092487679346e-19 2.3123734471387395e-19
10483.032 3.846620325665055e-19 2.3280780800873037e-19
10484.118 -3.1784161274028013e-19 2.3253875214213394e-19
10485.204 -1.5887642158476102e-19 2.4807853518726673e-19
10486.29 3.2606259773063494e-19 2.3091942058212327e-19
10487.376 -2.0176792300737805e-19 2.847986000701504e-19
10488.462 -2.9741615648943594e-20 3.1384993998852235e-19
10489.548 -8.733329808484641e-19 3.286235571092238e-19
10490.633 -5.25360119986453e-19 3.3303361141473653e-19
10491.719 9.99914719467888e-19 2.9933539791416447e-19
10492.805 3.890800945670022e-19 2.4664453061653653e-19
10493.891 -3.763547332645859e-19 2.2890378054044054e-19
10494.977 -6.277125099688251e-19 2.266827758900156e-19
10496.063 8.671326601972113e-19 2.311622165545502e-19
10497.149 -2.878180400178429e-19 2.3413229640939105e-19
10498.235 1.8440175526874724e-19 2.391244141750933e-19
10499.321 -4.051497378428062e-19 2.621941003984754e-19
10500.407 1.4188168256432544e-19 2.8445088431983675e-19
10501.493 2.549281598233115e-19 2.849887290302986e-19
10502.579 9.443819048835595e-20 2.7574753933786847e-19
10503.665 -1.791162893540646e-19 2.5750264374380234e-19
10504.751 -3.604742370321681e-19 2.365845357487567e-19
10505.837 -5.053970939647326e-19 2.5099574230896975e-19
10506.923 3.906912211996896e-20 2.6941632390937863e-19
10508.009 1.267449453479323e-20 2.641186867617578e-19
10509.095 -1.0003917389101537e-19 3.0061069366760633e-19
10510.181 -3.077077488116113e-19 6.11350812036034e-19
10511.267 1.0158372167291463e-18 7.391225313876667e-19
10512.353 1.8115642364037386e-18 7.528027850984145e-19
10513.439 1.4138362806661944e-18 6.928782985668981e-19
10514.525 4.072042926307079e-19 4.728930715840932e-19
10515.611 -1.418509816621695e-19 3.5679525908307553e-19
10516.697 -3.509303740573312e-19 3.526826096742397e-19
10517.783 -1.6410085503186853e-19 3.3856849245143645e-19
10518.869 -8.420730385106462e-19 3.290109033757403e-19
10519.955 -2.1646185747582917e-19 2.9676740650323827e-19
10521.041 -4.39108025710076e-19 2.5837969641978e-19
10522.127 8.197319165917073e-19 2.4318274089885755e-19
10523.213 4.131856923374682e-19 2.4378385176102457e-19
10524.299 -2.448921761768817e-19 2.8006915260298293e-19
10525.385 -4.052985873048676e-20 6.2846888189854735e-19
10526.471 7.25683173401105e-19 9.804099536497932e-19
10527.557 4.417625253863685e-19 1.022318523800306e-18
10528.643 6.466384188456405e-19 9.817701972337307e-19
10529.729 6.899174977184777e-19 6.542488482862247e-19
10530.814 5.495065717290656e-19 3.2987461881105666e-19
10531.9 4.948007037953122e-19 2.3112888326859583e-19
10532.986 4.009931415715789e-19 2.2130451751919704e-19
10534.072 -2.337795113910145e-19 2.229299210534854e-19
10535.158 -4.901328886739052e-19 2.2297549522555886e-19
10536.244 6.901044897286852e-20 2.2101088299093685e-19
10537.33 5.782462984318934e-19 2.2845710058581883e-19
10538.416 -2.832405306865513e-19 2.2550712722312237e-19
10539.502 3.789839498350066e-20 2.2370982264441694e-19
10540.588 -3.529836786795083e-20 2.3189948267978836e-19
10541.674 -8.686804585023313e-20 2.477495977068748e-19
10542.76 -4.381672204210334e-19 2.252268951791421e-19
10543.846 -1.9691413896440898e-19 2.2323425174526975e-19
10544.932 1.5394324296407453e-19 2.199393800265586e-19
10546.018 9.463228947075757e-19 2.1447970312502534e-19
10547.104 1.7457676288191463e-20 2.1501131832064158e-19
10548.19 -2.7571348032611015e-19 2.216500084519967e-19
10549.276 -5.75648938709231e-20 2.3694786955618447e-19
10550.362 2.9859171250020806e-19 2.661933989459139e-19
10551.448 -1.4460426025521195e-19 2.257262263694416e-19
10552.534 8.8059235284728e-19 2.40988918580975e-19
10553.62 9.277685135347985e-19 2.678954317238976e-19
10554.706 9.267353716622012e-19 2.8292688823614337e-19
10555.792 -2.1067896664062472e-19 2.8085348261572476e-19
10556.878 1.2268934353969195e-19 2.6025938369570935e-19
10557.964 1.5740172624494657e-19 2.39035478814153e-19
10559.05 4.349652804992117e-19 2.2423753215276214e-19
10560.136 2.2934205552246894e-19 2.2156245203052006e-19
10561.222 9.175755244531879e-20 2.2160051914133083e-19
10562.308 -1.8880594230292478e-19 2.1933063087303625e-19
10563.394 -1.7012065549770655e-19 2.1451540102104807e-19
10564.48 2.32335601985285e-19 2.1346542711407493e-19
10565.566 9.476662228555055e-19 2.2406058240999723e-19
10566.652 1.1468411777101265e-18 2.240709567858004e-19
10567.738 -4.903010911704279e-20 2.106522364934228e-19
10568.824 -2.8640240544726845e-19 2.154855400968887e-19
10569.91 1.3635814671024618e-19 2.2621020841966164e-19
10570.995 -2.6167470001100052e-20 2.298494459032856e-19
10572.081 5.187211828843751e-19 2.5093903438995145e-19
10573.167 5.226138050443138e-19 3.4591216595261474e-19
10574.253 4.34607808551364e-19 4.909006863087124e-19
10575.339 7.251837131012119e-19 5.012521481807251e-19
10576.425 5.306942590965762e-19 4.805646492210092e-19
10577.511 2.456131830498527e-19 3.476299452724582e-19
10578.597 4.45536809809256e-19 2.5272510709694815e-19
10579.683 6.185106330998853e-19 2.240128189279323e-19
10580.769 2.9971908302596693e-19 2.1715973242883785e-19
10581.855 -2.6966631447999805e-19 2.1986591400527896e-19
10582.941 -3.212582245947481e-19 2.18105268500615e-19
10584.027 -1.2391277826210318e-19 2.206578737629604e-19
10585.113 2.384727833003602e-19 2.45740087298323e-19
10586.199 2.829222836888367e-19 3.561013119128814e-19
10587.285 7.404736962898399e-19 5.9027812232860405e-19
10588.371 1.0578547458039573e-18 7.025010086931559e-19
10589.457 6.855493342192347e-19 6.885470186600379e-19
10590.543 3.2820748858753427e-19 5.264427003148185e-19
10591.629 8.362475990691758e-19 3.223928209051461e-19
10592.715 3.6502511109086364e-19 2.795178957542154e-19
10593.801 2.306039837679546e-19 2.5465663208620975e-19
10594.887 3.914958120374832e-19 2.254974979268516e-19
10595.973 1.0965552847167597e-19 2.314171106705152e-19
10597.059 5.941678412883968e-20 2.3917689021257167e-19
10598.145 9.348649445789184e-19 2.515840217758617e-19
10599.231 7.451709992642405e-19 2.6407140261891235e-19
10600.317 1.754360641666077e-19 2.602873227793484e-19
10601.403 -2.956011375683475e-19 2.624602322097163e-19
10602.489 -3.8172610886586385e-19 2.7087423461901285e-19
10603.575 -1.9300145251379999e-19 2.551075087639871e-19
10604.661 1.669136909023365e-19 2.844647265160277e-19
10605.747 2.6561608473489854e-19 2.6595468019243534e-19
10606.833 2.854591332843908e-20 2.4312457702104583e-19
10607.919 -2.990330035323201e-19 2.3044518693999835e-19
10609.005 -1.6620294077229794e-19 2.205140154560766e-19
10610.09 -5.716460223478486e-20 2.191954750179816e-19
10611.176 1.9693331582867073e-21 2.185966897942336e-19
10612.262 3.031368794007966e-20 2.2059231267211954e-19
10613.348 -6.240486453235358e-20 2.264866719877524e-19
10614.434 -1.348805327630561e-19 2.2269215218456354e-19
10615.52 3.9592280054976684e-19 2.2054987089588635e-19
10616.606 1.0808469134362459e-19 2.161869370824988e-19
10617.692 -2.3623898223208073e-19 2.1519071654243665e-19
10618.778 -2.66582962537515e-19 2.348280824668719e-19
10619.864 -3.254269354236725e-20 2.242915008985248e-19
10620.95 6.839344206652711e-19 2.0992481331541508e-19
10622.036 8.182404977246398e-19 2.1123465882060433e-19
10623.122 7.651352302975451e-19 2.167668432624716e-19
10624.208 6.189351308715245e-19 2.216742229715762e-19
10625.294 9.358788522127903e-20 2.243876957630931e-19
10626.38 -4.4114191268171146e-20 2.2493130910637025e-19
10627.466 -7.204661135930877e-20 2.229871783411312e-19
10628.552 -2.0943625219179604e-19 2.179611513773228e-19
10629.638 7.510239282479951e-19 2.175124447947111e-19
10630.724 5.718014690059225e-19 2.145386802327894e-19
10631.81 1.7309375110880292e-19 2.102881038595052e-19
10632.896 6.139206267040367e-20 2.2852741069941816e-19
10633.982 1.0642840976881091e-19 2.1342491502702829e-19
10635.068 -6.343281674347932e-20 2.0263390968026378e-19
10636.154 4.0316297931461454e-19 2.0372748509265712e-19
10637.24 1.9278062822803659e-19 2.2047270233597507e-19
10638.326 3.1072091483682314e-19 2.2226118574311335e-19
10639.412 4.608666739773067e-19 2.1105150284873046e-19
10640.498 4.201921068563439e-19 2.3311603990421532e-19
10641.584 2.0492779633188746e-20 3.1114274803251504e-19
10642.67 3.372900460423771e-19 3.6643015430321555e-19
10643.756 9.577105965989495e-19 3.544849689894015e-19
10644.842 9.357334875356735e-21 3.430262547139172e-19
10645.928 -1.52005664166511e-19 2.6652474600944286e-19
10647.014 4.84135663861942e-19 2.2082473946850943e-19
10648.1 5.445937435480982e-20 2.0157236142565807e-19
10649.186 2.8432486805575364e-19 2.0455403467529583e-19
10650.271 8.274570587812991e-19 2.0518247892979812e-19
10651.357 9.544897143881692e-19 2.347055891764863e-19
10652.443 3.0424675405762493e-19 2.749164465370858e-19
10653.529 1.0181539592579368e-19 3.631237031734444e-19
10654.615 6.143979860338989e-20 4.112081109305964e-19
10655.701 3.1191562756591784e-19 4.1673887740466466e-19
10656.787 6.995760275038387e-19 3.6922504278141236e-19
10657.873 3.286610441851251e-19 2.6163785298074397e-19
10658.959 -2.7590470964941505e-19 2.227380511448031e-19
10660.045 8.773325290541811e-19 2.127310966064109e-19
10661.131 9.994227933253307e-19 2.1185507862437108e-19
10662.217 5.104934494674381e-19 2.1452963433375018e-19
10663.303 8.56183397922431e-19 2.307312063609389e-19
10664.389 7.847845075469911e-19 2.2503636447082627e-19
10665.475 4.633583090797226e-19 2.1152965603412803e-19
10666.561 8.592039158964668e-19 2.2180305506271207e-19
10667.647 1.0775531442634823e-18 2.349538515767224e-19
10668.733 4.47779476661545e-19 2.392154455858701e-19
10669.819 -1.9100030406401092e-19 2.4474886125581483e-19
10670.905 -5.422791956195225e-19 2.3264263018193726e-19
10671.991 4.40796142215978e-20 2.2045208486031066e-19
10673.077 1.8233237136878743e-19 2.1660483441018746e-19
10674.163 1.805312011214692e-19 2.1455521887922234e-19
10675.249 7.850277741773518e-19 2.1457440789626532e-19
10676.335 5.259108177243984e-19 2.1012961142622592e-19
10677.421 2.291497786863136e-19 2.0812129691240688e-19
10678.507 5.519211537436603e-20 2.108806167327905e-19
10679.593 -1.124435409051642e-19 2.0971384573222031e-19
10680.679 -1.174950631687054e-19 2.1557364769196174e-19
10681.765 3.918873803556688e-20 2.2141186284088667e-19
10682.851 6.290355601177978e-19 2.5107679607120654e-19
10683.937 1.5171666935620563e-19 2.884814117886006e-19
10685.023 3.418141774304168e-19 3.521371086230488e-19
10686.109 -1.682911001960909e-19 3.941731363500164e-19
10687.195 3.155808261532939e-19 4.279895421683402e-19
10688.281 -9.584492565768906e-20 4.656897156977843e-19
10689.367 -8.193886958980661e-19 5.036453398272528e-19
10690.452 4.536395386469548e-19 5.177686088063515e-19
10691.538 1.234177466177252e-19 5.076042267765333e-19
10692.624 9.258401541954773e-19 4.926970949988058e-19
10693.71 9.3093991022274e-19 4.379710216017539e-19
10694.796 8.413047714473954e-19 3.928765131668381e-19
10695.882 1.003192421119039e-19 3.6332309001836313e-19
10696.968 3.712277468501801e-19 3.6483479173743826e-19
10698.054 3.822492873930574e-19 5.200748337702804e-19
10699.14 -7.383146684225622e-19 6.45375001016232e-19
10700.226 3.5623357178440325e-19 6.613867568883582e-19
10701.312 1.671170265243525e-18 6.588292487933206e-19
10702.398 2.9987300768815174e-19 4.656128834470605e-19
10703.484 -1.2981418546018402e-19 3.9252352806340133e-19
10704.57 1.5880059921263756e-18 4.900351566862705e-19
10705.656 8.355721387621903e-19 5.233065986468137e-19
10706.742 3.72534970145548e-19 5.143285350383929e-19
10707.828 -4.477423173798149e-19 4.887887202830365e-19
10708.914 7.173087305011687e-19 3.716676135943715e-19
10710.0 5.5719435684593e-19 2.872973356529875e-19
10711.086 -2.9597128630802977e-19 4.667236744854632e-19
10712.172 2.0724158375686775e-18 8.794933998554993e-19
10713.258 1.6851448391925414e-18 9.800769772177611e-19
10714.344 4.29540216910842e-19 9.840297587468969e-19
10715.43 -6.91594179456992e-19 8.527807855548739e-19
10716.516 -7.303421357561158e-19 4.910020113835679e-19
10717.602 4.332769117992564e-19 4.1617764133690123e-19
10718.688 1.2229502530574592e-18 4.022298048582462e-19
10719.774 3.8889803343934464e-19 3.712622523507633e-19
10720.86 3.830987059231675e-19 4.687318149055783e-19
10721.946 -4.743574970412593e-19 6.534587883572241e-19
10723.032 1.3338069298624652e-18 6.987708161650334e-19
10724.118 -1.7585101156612615e-20 6.982448809103909e-19
10725.204 4.815680478018681e-19 6.0910817883638725e-19
10726.29 2.2702118238309354e-19 4.0740257162045387e-19
10727.376 2.8668253721336314e-19 3.61122259276339e-19
10728.462 1.4060780065408366e-19 4.127106926212332e-19
10729.548 -1.6752390202828862e-19 8.382316288347723e-19
10730.633 5.264020050670714e-18 1.2853153352988967e-18
10731.719 3.2472951720718632e-18 1.3100094873572985e-18
10732.805 2.2886581197759923e-18 1.2831917763897371e-18
10733.891 3.5492995883045145e-19 8.856487088184137e-19
10734.977 -7.6526924967691e-19 3.4646044490483996e-19
10736.063 8.750212121346573e-19 2.927071219751033e-19
10737.149 8.89059098266114e-19 2.894538276891215e-19
10738.235 6.65431280193735e-19 3.1803873619871073e-19
10739.321 6.485271965122483e-19 3.203911003301273e-19
10740.407 2.8937106620494686e-18 3.291192171185423e-19
10741.493 5.935775606159293e-18 3.118622711619588e-19
10742.579 7.190159036650814e-18 2.909209842573211e-19
10743.665 7.819813450803543e-18 4.958036643028289e-19
10744.751 4.51372187012391e-18 8.153965219824324e-19
10745.837 2.281974073432282e-18 8.84769139612681e-19
10746.923 2.2781824604171126e-18 8.82186532803e-19
10748.009 -4.659785611433312e-20 7.248973756204643e-19
10749.095 6.875560342532449e-19 3.766344672319221e-19
10750.181 1.630055356249145e-20 3.236067007180436e-19
10751.267 2.3755728823835573e-18 6.348804547217753e-19
10752.353 -4.455142261357834e-19 1.2980475263777213e-18
10753.439 1.0207883037483427e-18 1.4660196068107788e-18
10754.525 2.4543044560336144e-19 1.454462183717039e-18
10755.611 1.7872507783271125e-18 1.2421126007298458e-18
10756.697 4.394110353593005e-19 5.127678507552819e-19
10757.783 5.012728149283355e-19 2.790016708521608e-19
10758.869 4.972278072872496e-19 2.5036622791551833e-19
10759.955 1.1024011373859456e-18 2.4294347354795505e-19
10761.041 8.034071449690722e-19 2.447058072097605e-19
10762.127 4.2075701269450333e-19 2.4065617763300966e-19
10763.213 -2.0822649634293051e-19 2.764546758188232e-19
10764.299 3.2497730446624117e-19 3.0218774100069793e-19
10765.385 2.667772895161433e-20 3.2661077600084307e-19
10766.471 -6.542720042655984e-19 3.2228908064933094e-19
10767.557 -1.5566572573753678e-18 2.3682359454711833e-19
10768.643 2.7059924444899165e-19 2.503428675928595e-19
10769.729 -1.1179720482843917e-19 2.385900752332569e-19
10770.814 2.9609405831968573e-19 2.4335964965874305e-19
10771.9 1.6226890227802102e-19 2.9687302237288873e-19
10772.986 2.78498242093188e-18 7.178963246887094e-19
10774.072 -1.032430141120751e-20 8.991970988828887e-19
10775.158 -3.024426519034648e-19 1.000050783434674e-18
10776.244 -5.140301878221249e-19 8.491327244587267e-19
10777.33 4.3084869134640914e-19 5.452651621645131e-19
10778.416 7.669118206279038e-19 2.7554795321685286e-19
10779.502 -9.074056050249852e-19 2.378249862165152e-19
10780.588 4.66067208959616e-19 2.3730389081898475e-19
10781.674 3.7299227435817147e-19 2.3398108443879996e-19
10782.76 -1.5422194544200752e-19 2.397568266802888e-19
10783.846 9.225270181145989e-20 2.4415076977934014e-19
10784.932 1.2845781401432128e-20 2.4121539295558702e-19
10786.018 4.666865297354242e-19 2.3948339030980414e-19
10787.104 1.6448051960430187e-19 2.32941429909377e-19
10788.19 2.5631061152401636e-19 2.33899504677062e-19
10789.276 7.035068309502635e-20 2.1836987495799402e-19
10790.362 4.086938872953393e-19 2.1795121412207407e-19
10791.448 -3.3942748900607963e-19 2.16115538587959e-19
10792.534 3.41239214020747e-19 2.2719805370737755e-19
10793.62 2.8680857785167353e-19 2.632212463514621e-19
10794.706 3.771910523963791e-19 3.0032037374315027e-19
10795.792 3.274367293506847e-19 3.224749221837421e-19
10796.878 -4.495851026280656e-19 3.147827670221426e-19
10797.964 -9.411323231279741e-20 2.843702514844686e-19
10799.05 1.3486786553315112e-19 2.5449793935296827e-19
10800.136 1.4793826680822819e-19 2.267451242815591e-19
10801.222 -3.5665085837525187e-19 2.353485051508249e-19
10802.308 1.0657139887026663e-18 2.6921023146529244e-19
10803.394 3.501327254269358e-19 2.924135202009317e-19
10804.48 3.8749924689721953e-19 3.2264373964068297e-19
10805.566 1.1122792289148425e-18 2.838425094808526e-19
10806.652 1.3735436500502695e-18 2.55239497587223e-19
10807.738 -2.2009417963465607e-19 2.25045018183262e-19
10808.824 5.863585323935656e-19 2.3373348185319215e-19
10809.91 -3.936749005892293e-19 2.329088790085095e-19
10810.995 -9.617037540768332e-20 2.4010142247587356e-19
10812.081 1.083898624612876e-18 2.4399395114371166e-19
10813.167 -3.9306458597851176e-19 2.7606879823170798e-19
10814.253 -1.6472825108337694e-21 2.452230801240613e-19
10815.339 8.600663738758772e-20 2.6405248595654754e-19
10816.425 -2.839443078389018e-20 2.2963817491839113e-19
10817.511 -3.1376973316981427e-19 2.2519870873570005e-19
10818.597 1.098272387795154e-19 2.248114085673088e-19
10819.683 -5.198495896392655e-19 2.188719953764659e-19
10820.769 1.5403709428645212e-19 2.1380495193657003e-19
10821.855 4.771718092147897e-19 2.122322475503477e-19
10822.941 3.537545660192423e-19 2.1180180238263662e-19
10824.027 -3.4237693414412104e-19 2.1362540706796212e-19
10825.113 3.4174590973598107e-19 2.189766945545535e-19
10826.199 1.7046921548079847e-19 2.3310105673298906e-19
10827.285 1.4128757410750767e-19 2.3777633322880114e-19
10828.371 -4.474384685929835e-19 2.4130417544057394e-19
10829.457 -2.1174871739888296e-19 4.108592687642094e-19
10830.543 3.9113126629942605e-19 7.059352179274377e-19
10831.629 1.313926707232467e-18 1.1834473100128655e-18
10832.715 -2.2665391170197354e-18 2.1096193479499718e-18
10833.801 4.862243989728938e-19 2.297271365589915e-18
10834.887 4.3908978738334014e-18 2.2207183390290187e-18
10835.973 1.6727026268716862e-18 1.79577876918043e-18
10837.059 -6.576399233289454e-19 7.583568037741703e-19
10838.145 7.105891104532254e-19 3.920854253797756e-19
10839.231 -2.875404425203393e-19 4.2721163825373997e-19
10840.317 -7.971297010147228e-19 4.481425493919474e-19
10841.403 -9.226705974461935e-19 4.910099789579319e-19
10842.489 -1.2105065496530313e-18 1.0744301251554884e-18
10843.575 1.667138735626636e-18 1.2762476015232619e-18
10844.661 1.6312036655858817e-18 1.2973885207545421e-18
10845.747 -5.550879381657011e-19 1.2399408129644417e-18
10846.833 3.834507804754647e-19 8.03205775524964e-19
10847.919 -4.597070461322816e-19 3.5606644114200636e-19
10849.005 -2.678004717397708e-19 2.4014508000531583e-19
10850.09 -3.7225673251720155e-19 2.38109428461576e-19
10851.176 1.8614937758237593e-19 2.2877775169784193e-19
10852.262 -6.802364782497829e-20 2.548318242556576e-19
10853.348 4.748205334351443e-19 3.2987230188407713e-19
10854.434 -5.390774726650276e-19 3.0978160124987715e-19
10855.52 2.104419021974807e-19 3.1490403995455784e-19
10856.606 4.831747525773088e-19 3.689838882603641e-19
10857.692 -3.0895780620884833e-19 6.048118696154572e-19
10858.778 -1.0559265568194416e-18 8.454263469076857e-19
10859.864 5.471433353197368e-19 8.699114076713095e-19
10860.95 1.1484116210901506e-18 7.955518423546807e-19
10862.036 8.151981453781173e-19 4.911726088575082e-19
10863.122 5.141275429388586e-19 2.767749173711579e-19
10864.208 5.0365884095278915e-19 2.340902849823988e-19
10865.294 5.12903548532131e-19 2.1106874431706423e-19
10866.38 4.459272197515986e-19 2.0541870872605714e-19
10867.466 -1.339905743339718e-20 2.056103561128314e-19
10868.552 -8.024773694925686e-20 2.0629125545594623e-19
10869.638 6.21299555758205e-19 2.055200277151288e-19
10870.724 7.476603491952373e-19 2.1171572863776746e-19
10871.81 -1.0217910791213827e-19 2.284760732049474e-19
10872.896 -3.353482720238528e-19 2.539021225572651e-19
10873.982 3.649858328646036e-19 2.731422596293701e-19
10875.068 1.2804033526651766e-19 2.961269157206283e-19
10876.154 -3.759625286380466e-19 3.220353528357988e-19
10877.24 1.0174162768218538e-19 4.041500783957104e-19
10878.326 -4.316700258768945e-20 4.654121432946287e-19
10879.412 2.614335157990005e-19 4.662084664462041e-19
10880.498 8.473810294224139e-19 4.427144315742471e-19
10881.584 9.086188533317098e-19 3.8758236335916163e-19
10882.67 2.3598712978552517e-19 2.4852787958137816e-19
10883.756 1.9510749479085449e-19 2.115178407173554e-19
10884.842 -4.080131029718334e-19 2.347684954962934e-19
10885.928 8.847417125627517e-19 2.549194949716133e-19
10887.014 7.056201052688324e-19 2.673882597362518e-19
10888.1 1.97159616920364e-19 2.659346141645713e-19
10889.186 6.877559391331085e-20 2.4113656710568257e-19
10890.271 4.666496980286273e-19 2.1949004676026425e-19
10891.357 6.00834749811022e-20 2.0675966222707713e-19
10892.443 4.564358820849328e-19 2.081000845305072e-19
10893.529 -8.044276998849811e-21 2.0994384710713224e-19
10894.615 -1.0375579724391945e-18 2.187770494064299e-19
10895.701 4.042240310295144e-20 3.210206751195132e-19
10896.787 -3.8993219613890155e-19 8.399440315815081e-19
10897.873 3.086597018375647e-18 1.0282296247923676e-18
10898.959 4.280499989736753e-18 1.0429319109891442e-18
10900.045 3.9295128078516985e-18 9.475987707056802e-19
10901.131 1.7067231069378912e-18 5.41553206283426e-19
10902.217 4.246011005232137e-19 3.145926698089999e-19
10903.303 9.058525059140621e-19 2.8318434775904765e-19
10904.389 -1.5622108037709444e-19 2.75792929062694e-19
10905.475 9.009067458946397e-19 2.506697609224399e-19
10906.561 1.868156172566632e-19 2.3366188546285847e-19
10907.647 9.257087003375964e-19 2.131730909885763e-19
10908.733 3.3259254186668083e-19 2.401180197774975e-19
10909.819 1.289430533951856e-18 2.737043219402351e-19
10910.905 1.612883339619172e-19 2.1588307398652422e-19
10911.991 2.6233728815966877e-19 2.0782256278852162e-19
10913.077 7.032993328189448e-19 2.0447680801172718e-19
10914.163 3.225160649560341e-19 2.0245261851559514e-19
10915.249 -5.691963916892931e-19 2.0883101264043032e-19
10916.335 -3.6294007080626675e-19 2.2198764749732114e-19
10917.421 5.72560972411228e-19 2.0781588722232782e-19
10918.507 9.386115854370868e-19 2.0522986701085495e-19
10919.593 3.1804539862185385e-19 2.185472381632407e-19
10920.679 1.9726363092920519e-19 2.2717623022719835e-19
10921.765 -6.613502046010236e-19 2.401506618452889e-19
10922.851 -4.458005602747938e-19 3.1162858272994215e-19
10923.937 -4.85827861448137e-19 8.939522211280697e-19
10925.023 1.9289345348059124e-18 1.7909451726016153e-18
10926.109 -5.263365011651119e-19 1.9596739055780694e-18
10927.195 -3.706978859478424e-18 1.9040496064554743e-18
10928.281 2.438308835098181e-18 1.3628897739317294e-18
10929.367 -2.886522526728566e-19 5.810086140269953e-19
10930.452 6.446999418590029e-19 3.1519567577202645e-19
10931.538 -8.330599151018927e-20 2.497216493122412e-19
10932.624 -6.189833086767041e-19 2.3468929757065764e-19
10933.71 -1.0362621136151608e-18 2.29883825706829e-19
10934.796 -2.900382632703974e-19 2.3012824008603926e-19
10935.882 -1.6554325964240128e-20 2.368061068542949e-19
10936.968 -1.9651898711424438e-19 2.274643589930114e-19
10938.054 6.654874266328441e-19 2.174984497071888e-19
10939.14 -1.0283119040687884e-18 2.1927977647017464e-19
10940.226 -5.019391616648942e-19 2.2282415264402415e-19
10941.312 3.29811654032196e-19 2.267080283957119e-19
10942.398 -4.820268184150623e-19 2.5294773871983184e-19
10943.484 1.7252984447142953e-20 2.219476243544312e-19
10944.57 2.214097112229224e-19 2.175037708355993e-19
10945.656 -2.300372719538677e-20 2.1601131121084375e-19
10946.742 6.027923131703188e-19 2.282759870235155e-19
10947.828 -4.594557081858476e-19 2.7778361529427314e-19
10948.914 -4.797661528316001e-20 6.434804574041849e-19
10950.0 -7.923514484334805e-19 1.1680664578559947e-18
10951.086 1.8768056740431772e-19 1.2948989927726043e-18
10952.172 2.0228599927037533e-19 1.570161940837846e-18
10953.258 9.137218690596352e-19 8.984013602701643e-19
10954.344 -7.420477390018405e-19 4.030132882260102e-19
10955.43 -5.2354870602492334e-20 2.5797282012404297e-19
10956.516 -5.912003113743826e-20 2.2160085195524755e-19
10957.602 3.8719731608469003e-19 2.039835870189958e-19
10958.688 3.3817111444879626e-19 2.0314005460310347e-19
10959.774 5.643543784269765e-19 2.0279151815833e-19
10960.86 -2.87361399871606e-19 2.093589844148053e-19
10961.946 -6.769968912476779e-19 2.1130769995901803e-19
10963.032 4.536961170869172e-19 2.1661780172085984e-19
10964.118 3.660765652647425e-19 2.3167970882196963e-19
10965.204 2.861569872757779e-20 2.3936856424031483e-19
10966.29 8.786338235232738e-20 2.5162246276540837e-19
10967.376 -3.8653274517530963e-19 2.74876144024457e-19
10968.462 -2.7408834447882433e-19 2.9739289804714664e-19
10969.548 -4.413643656888748e-19 3.2199272930921333e-19
10970.633 5.912346458205167e-19 3.273377321678792e-19
10971.719 -2.98941405072641e-19 3.8989620964244178e-19
10972.805 -3.7102394622882475e-20 9.913637269941148e-19
10973.891 1.6646096108744162e-18 1.8597465945198344e-18
10974.977 1.7050493698021174e-18 2.0356845280206122e-18
10976.063 2.689917582312535e-18 2.0155356519539603e-18
10977.149 -1.343947461267975e-18 1.511551995719952e-18
10978.235 4.346757689230686e-19 6.744824114380259e-19
10979.321 4.767306561010451e-19 3.6625155350115795e-19
10980.407 -2.437379307924657e-19 2.8378215570016403e-19
10981.493 -1.8695866331915497e-19 2.685817175542327e-19
10982.579 -5.363184780094398e-19 2.733926939207027e-19
10983.665 1.914294288737881e-19 2.6080603803175037e-19
10984.751 3.906882237553252e-19 3.2541934387211735e-19
10985.837 -3.9472293979548665e-19 3.401509777171183e-19
10986.923 1.2458283089833734e-19 3.347129017528863e-19
10988.009 9.62928288533978e-19 2.9210011232266167e-19
10989.095 4.0050174778767904e-19 2.343664374583459e-19
10990.181 8.247996013913028e-19 2.192569581988666e-19
10991.267 5.44763795255278e-19 2.1533967284235218e-19
10992.353 5.897643326615104e-19 2.1209507342598923e-19
10993.439 7.668326992003182e-19 2.219259828637116e-19
10994.525 1.4791379165475439e-18 2.2246171027868026e-19
10995.611 8.423349677441439e-20 2.163795116634091e-19
10996.697 2.878721206912017e-19 2.208175454070961e-19
10997.783 1.8998783500790625e-19 2.2789564417243637e-19
10998.869 6.7843884765600755e-19 2.4968887385500398e-19
10999.955 2.835989104757903e-19 2.130566912093286e-19
11001.041 3.692165562103585e-19 2.1828655383429356e-19
11002.127 2.8844845007856426e-19 2.295974195936776e-19
11003.213 1.779537116969424e-19 2.3445723612410737e-19
11004.299 8.282633956379317e-20 2.3926051789587983e-19
11005.385 9.244530950033611e-20 2.563177200033099e-19
11006.471 -7.113683153094595e-19 3.8317484042135843e-19
11007.557 -1.1536055367471734e-18 9.435590535832367e-19
11008.643 -1.0384093736630322e-18 1.2385380693776505e-18
11009.729 -4.367802548260759e-19 1.1369269530238987e-18
11010.814 2.0411290931948958e-19 9.75502568346992e-19
11011.9 1.2729195241278642e-18 4.968168489092641e-19
11012.986 5.347371873399159e-19 2.7794892822933213e-19
11014.072 7.040955819228099e-19 2.289059566967583e-19
11015.158 1.2534782238024325e-18 2.2046631679952486e-19
11016.244 9.480813456047102e-19 2.1765823351877864e-19
11017.33 5.705092053365651e-19 2.1227767948619385e-19
11018.416 7.719668223892484e-19 2.1345591810873824e-19
11019.502 7.390051766639091e-19 2.3282701991043357e-19
11020.588 4.683191927328333e-19 2.0965578392319627e-19
11021.674 -1.282416592031079e-19 2.2624343436733183e-19
11022.76 1.6453369188883895e-19 2.665868425204353e-19
11023.846 6.825254790981334e-20 2.185759607231854e-19
11024.932 2.2066413260614326e-19 2.3190781752839955e-19
11026.018 2.9445449082845575e-19 2.9708276691922786e-19
11027.104 1.3063320761453467e-18 6.441084882428123e-19
11028.19 1.767870411894825e-18 1.4612249050018776e-18
11029.276 -1.057600194942627e-18 1.700317179623033e-18
11030.362 9.000016750036485e-19 1.7110842605012267e-18
11031.448 3.4108954986088807e-18 1.416258404976615e-18
11032.534 -1.333718407313833e-18 6.550633905643365e-19
11033.62 4.650337222719056e-19 3.2997494594822573e-19
11034.706 5.394305840727795e-20 2.414591197052351e-19
11035.792 3.126861703890417e-20 2.261381839046242e-19
11036.878 1.5007426406867742e-21 2.2168487687819506e-19
11037.964 4.564365655937648e-19 2.2366205180043355e-19
11039.05 4.374653941815069e-19 2.360358398921185e-19
11040.136 5.358741577835168e-19 2.493101903849078e-19
11041.222 -1.5649288114103824e-19 2.674733929509961e-19
11042.308 5.487814964820255e-20 2.739096799897397e-19
11043.394 3.7836253163739353e-19 2.459981707282991e-19
11044.48 2.371365054765387e-19 2.327328028336348e-19
11045.566 1.4032902903467606e-19 2.2649673918473356e-19
11046.652 2.909614969234346e-19 2.1394489031269634e-19
11047.738 1.1879920697811213e-19 2.0679843791930494e-19
11048.824 1.4515564364288749e-19 2.0150382191086742e-19
11049.91 1.8229963201348753e-19 1.9756185007948133e-19
11050.995 -8.295395393853501e-20 2.0840050631128647e-19
11052.081 -1.1880054328813504e-19 2.664704205865617e-19
11053.167 -4.962666105347743e-19 3.6184809940549833e-19
11054.253 -7.047747744999507e-20 3.6228428089644703e-19
11055.339 1.0021534401969023e-18 3.414339930380783e-19
11056.425 3.91562556986754e-19 2.978763120054666e-19
11057.511 9.664937355448432e-19 2.37107349833877e-19
11058.597 5.886194365317403e-19 2.214995773799368e-19
11059.683 3.3821334557205053e-19 2.1891980333474327e-19
11060.769 1.5115188316351454e-19 2.160959796570306e-19
11061.855 -1.8766364884822126e-19 2.37200097229703e-19
11062.941 -5.46734639847409e-20 2.589494012616733e-19
11064.027 -2.567014797637582e-19 2.6813142131163235e-19
11065.113 -7.815524051943895e-19 2.579637511964236e-19
11066.199 5.398181422086326e-19 2.456663877399035e-19
11067.285 7.637121847539818e-19 2.40602259381065e-19
11068.371 4.3194540602549027e-19 2.738983731175649e-19
11069.457 -1.2832004221406964e-19 3.647434687439405e-19
11070.543 2.833091149065743e-19 6.744390782576491e-19
11071.629 1.088887935096376e-18 8.536874930155012e-19
11072.715 8.563306959389225e-20 8.609681243794535e-19
11073.801 1.7038683844868144e-18 7.790202686184846e-19
11074.887 8.172157807180029e-19 4.994556178885841e-19
11075.973 -6.458315423377064e-20 3.0117408298331067e-19
11077.059 3.543164943185741e-20 2.356691031330883e-19
11078.145 3.4457184530683534e-19 2.115680609136021e-19
11079.231 8.905241715533413e-19 2.1773254265532907e-19
11080.317 -1.7336300743817254e-19 2.2557515239050546e-19
11081.403 -7.569424913753339e-19 2.4169813102505524e-19
11082.489 -1.8755992571387266e-19 3.0927466756920664e-19
11083.575 2.8095182314268826e-19 3.3262812241106555e-19
11084.661 3.597865050918194e-19 3.363961726093355e-19
11085.747 7.690342457318679e-19 3.356885064588352e-19
11086.833 6.520675253824297e-19 3.892845144297171e-19
11087.919 2.266095720842478e-19 8.685534115984852e-19
11089.005 -1.3646798767987756e-18 1.203340368918843e-18
11090.09 8.369428346925064e-19 1.230521176985563e-18
11091.176 -7.187587489975722e-19 1.150730248260642e-18
11092.262 7.556878785022689e-19 7.940252066164168e-19
11093.348 -6.223327336326744e-19 3.848408950056062e-19
11094.434 -8.036861162844518e-19 2.370968952215639e-19
11095.52 1.3259792503623501e-19 2.0531199620074864e-19
11096.606 -2.633498541579625e-19 1.958450420306424e-19
11097.692 5.236535756794288e-19 1.9361046163951546e-19
11098.778 4.065308372995867e-19 1.9913364310317048e-19
11099.864 2.3983889833309763e-19 2.0567329671904973e-19
11100.95 1.0759040754749236e-18 2.0207395267513586e-19
11102.036 5.418287584356223e-19 2.0044949525952435e-19
11103.122 1.5375823964391249e-19 1.9832412481996891e-19
11104.208 -1.8309137461331105e-19 2.0512371221071675e-19
11105.294 8.80639590670111e-19 2.1840374037106603e-19
11106.38 1.2970894355473747e-19 2.1870192520436385e-19
11107.466 -5.820123183626478e-19 2.2308513991129485e-19
11108.552 3.347453122180503e-19 2.2569783702046516e-19
11109.638 6.352511597838923e-19 2.258871311542155e-19
11110.724 -2.2313332663951928e-19 2.2178565574710466e-19
11111.81 2.621119203707078e-19 2.1679539101251758e-19
11112.896 -3.804004391366343e-19 2.092147383275782e-19
11113.982 1.6540204417369804e-19 2.099178826726047e-19
11115.068 2.1021677393601546e-19 2.1482356086389221e-19
11116.154 1.0817087948232857e-18 2.120905322532455e-19
11117.24 4.829371500047641e-19 2.0576783143482273e-19
11118.326 4.241240276640855e-19 2.383816216984255e-19
11119.412 1.5182089704124319e-19 2.4674327471266785e-19
11120.498 2.447882911386602e-19 2.0363830998500413e-19
11121.584 -1.4077569335358495e-19 2.3385536297032744e-19
11122.67 6.549069284960241e-19 2.710289743183468e-19
11123.756 -7.709746999194116e-20 2.8072296826886055e-19
11124.842 1.7553439162058434e-19 2.732893486295318e-19
11125.928 2.3328865900911174e-19 2.4116459937807797e-19
11127.014 5.219501826331446e-19 2.0529179458422953e-19
11128.1 -2.048423519643748e-19 2.0145548816369446e-19
11129.186 6.083641397107882e-19 2.0534782529475844e-19
11130.271 4.144054865152215e-19 2.127016120412072e-19
11131.357 4.8168796537418575e-19 2.1452626589262477e-19
11132.443 -1.1421795577161819e-19 2.220238589340128e-19
11133.529 -2.1474159296095018e-19 2.1877408253027953e-19
11134.615 1.6557485749415526e-19 2.0926513814497249e-19
11135.701 4.8073445549423847e-20 2.1222369731220398e-19
11136.787 1.8582892879503504e-19 2.3472498092514294e-19
11137.873 -6.850504680076849e-19 2.8992737786070587e-19
11138.959 -6.667486002067301e-19 5.298134419762885e-19
11140.045 3.2876938161469428e-19 6.413887440169359e-19
11141.131 -1.3394978866724134e-19 6.342580065303276e-19
11142.217 -3.350965691240925e-19 5.868379544269116e-19
11143.303 -7.242211601143346e-19 4.039445344450994e-19
11144.389 4.65179333944e-19 2.666828087805223e-19
11145.475 9.054404103316848e-20 2.332859462413946e-19
11146.561 2.328080096210093e-19 2.1528567106121283e-19
11147.647 2.1105752127300235e-20 2.222218257211441e-19
11148.733 5.139237645362407e-19 2.233388821301664e-19
11149.819 6.836440156318375e-19 2.4056817170923233e-19
11150.905 -3.3380234888434845e-19 2.7303385262892796e-19
11151.991 -3.80971329253025e-19 2.9620598598673566e-19
11153.077 -6.227480736077595e-21 3.9914539676835495e-19
11154.163 -4.847087256169647e-19 7.473302487727482e-19
11155.249 8.794458663277935e-19 9.221214237115531e-19
11156.335 1.7524890851351582e-18 8.875749442977618e-19
11157.421 2.3195434652199052e-18 8.124712048949586e-19
11158.507 6.178305401017338e-20 5.290297366684258e-19
11159.593 -4.528069392907289e-19 3.0504737718533715e-19
11160.679 1.0244167364669907e-18 2.508443506348505e-19
11161.765 5.30366291653421e-19 2.627106910749055e-19
11162.851 -9.707128778695e-19 3.266150166387118e-19
11163.937 7.854022496613629e-19 4.00867254741179e-19
11165.023 -4.38310963085686e-19 4.425870331636251e-19
11166.109 -3.8488323370140734e-19 4.481315257068076e-19
11167.195 1.9903067741129532e-19 4.1658818447644324e-19
11168.281 2.2088368640947095e-19 3.952763676493812e-19
11169.367 -8.967748074161347e-19 3.698169912321752e-19
11170.452 4.447458740933707e-19 3.576032207546456e-19
11171.538 -1.421658139920283e-19 3.699591765171087e-19
11172.624 1.452326020367077e-19 3.62563030686557e-19
11173.71 -6.57515941891795e-19 3.2367812577515127e-19
11174.796 1.5655121999140028e-18 2.900026754810913e-19
11175.882 -4.607450150303295e-19 2.4583783480652425e-19
11176.968 6.410244259979841e-19 2.184005606180336e-19
11178.054 -2.2465692259096514e-19 2.2371703753394568e-19
11179.14 4.4221348482979245e-19 2.298594741088705e-19
11180.226 2.523713113804211e-19 2.3887892486685927e-19
11181.312 -3.4290644681926777e-19 2.513886164327587e-19
11182.398 -1.1114437592252492e-18 2.8911256276859414e-19
11183.484 3.5077691968988194e-19 3.019935807539465e-19
11184.57 3.65365554165081e-19 2.7344657461472106e-19
11185.656 3.6801718961156077e-19 2.5110392196169005e-19
11186.742 1.2337827370347011e-19 2.594718336946836e-19
11187.828 6.461586054079931e-19 3.0005068415248637e-19
11188.914 -1.7048220546754824e-19 3.4306612570248593e-19
11190.0 8.126786392962816e-19 3.3890586535262893e-19
11191.086 2.9618419966592244e-20 3.9021564021070324e-19
11192.172 2.9616459006171316e-19 3.2480153222551686e-19
11193.258 -2.984649809137099e-20 3.3648838033904946e-19
11194.344 1.7356438015519109e-19 3.0057007861890595e-19
11195.43 -5.764787461929108e-19 2.658283583510484e-19
11196.516 -1.1352834356201134e-19 2.5898698750035886e-19
11197.602 -3.38110048785259e-20 3.160914907880241e-19
11198.688 4.835215762776883e-19 3.3008054799506237e-19
11199.774 -1.6643225176841234e-18 3.005059616436554e-19
11200.86 2.392951215919837e-20 2.924997893667144e-19
11201.946 -6.101196620654277e-19 3.1492755201709825e-19
11203.032 1.0021243256364577e-18 3.631873006103965e-19
11204.118 8.461658121021714e-19 3.4794269606162104e-19
11205.204 2.182781706260561e-19 3.0320959493297217e-19
11206.29 -4.0055639576662873e-19 2.9132360978915727e-19
11207.376 5.990783026567965e-19 2.97869621227973e-19
11208.462 6.379567358105556e-19 3.21559656154641e-19
11209.548 -1.5347984454176177e-19 3.2450066419697735e-19
11210.633 -1.262997796632641e-19 3.479771344912873e-19
11211.719 1.4563945696753624e-19 4.1214809198728027e-19
11212.805 -2.941792465940744e-19 6.481384638071704e-19
11213.891 4.944263376775891e-19 6.597010811136733e-19
11214.977 -1.370738560302e-18 5.706808085363874e-19
11216.063 4.651152244621839e-19 5.474943435790217e-19
11217.149 -1.4010500009465042e-18 4.764867220254247e-19
11218.235 1.0644177227708634e-18 4.669417812884974e-19
11219.321 -1.633000469213085e-18 4.916174249711073e-19
11220.407 -7.267967615127259e-19 4.2759383352460407e-19
11221.493 -1.692302831296658e-18 3.8464435410864885e-19
11222.579 2.392877549792505e-18 4.515020002818614e-19
11223.665 -1.2497512076535997e-18 5.287697192613913e-19
11224.751 -2.3629535803820763e-20 5.760472023970756e-19
11225.837 -2.1931367904563252e-18 8.1027300599455635e-19
11226.923 7.337163929491384e-19 9.548384961163544e-19
11228.009 -5.836008528264765e-19 8.576151799991933e-19
11229.095 3.7997896203015955e-19 6.882881911262389e-19
11230.181 7.641093124888043e-20 5.259674580650284e-19
11231.267 3.2577158865361586e-19 3.98657297679355e-19
11232.353 -1.3215781385744832e-18 3.619138138561474e-19
11233.439 1.6627821963420556e-18 3.8141800694116248e-19
11234.525 -1.0243718439145485e-18 4.450379416395379e-19
11235.611 -7.600613094627197e-19 6.01315348639364e-19
11236.697 5.408126678499277e-19 6.369521203722337e-19
11237.783 1.8183060937516793e-18 5.022073921472453e-19
