lambda f_lambda fErr_lambda
9139.667900000377 6.946383118694343e-19 0.0
9140.753900000376 6.946383118694343e-19 0.0
9141.839900000376 6.946383118694343e-19 0.0
9142.925900000375 6.946383118694343e-19 0.0
9144.011900000374 6.946383118694343e-19 0.0
9145.097900000374 6.946383118694343e-19 0.0
9146.183900000373 6.946383118694343e-19 0.0
9147.269900000372 6.946383118694343e-19 0.0
9148.355900000372 6.946383118694343e-19 0.0
9149.44190000037 6.946383118694343e-19 0.0
9150.52790000037 6.946383118694343e-19 0.0
9151.61390000037 6.946383118694343e-19 0.0
9152.699900000369 6.946383118694343e-19 0.0
9153.785900000368 6.946383118694343e-19 0.0
9154.871900000368 6.946383118694343e-19 0.0
9155.957900000367 6.946383118694343e-19 0.0
9157.043900000366 6.946383118694343e-19 0.0
9158.129900000366 6.946383118694343e-19 0.0
9159.215900000365 6.946383118694343e-19 0.0
9160.301900000364 6.946383118694343e-19 0.0
9161.387900000364 6.946383118694343e-19 0.0
9162.473900000363 6.946383118694343e-19 0.0
9163.559900000362 6.946383118694343e-19 0.0
9164.645900000362 6.946383118694343e-19 0.0
9165.73190000036 6.946383118694343e-19 0.0
9166.81790000036 6.946383118694343e-19 0.0
9167.90390000036 6.946383118694343e-19 0.0
9168.989900000359 6.946383118694343e-19 0.0
9170.075900000358 6.946383118694343e-19 0.0
9171.161900000357 6.946383118694343e-19 0.0
9172.247900000357 6.946383118694343e-19 0.0
9173.333900000356 6.946383118694343e-19 0.0
9174.419900000355 6.946383118694343e-19 0.0
9175.505900000355 6.946383118694343e-19 0.0
9176.591900000354 6.946383118694343e-19 0.0
9177.677900000353 6.946383118694343e-19 0.0
9178.763900000353 6.946383118694343e-19 0.0
9179.849900000352 6.946383118694343e-19 0.0
9180.935900000351 6.946383118694343e-19 0.0
9182.02190000035 6.946383118694343e-19 0.0
9183.10790000035 6.946383118694343e-19 0.0
9184.19390000035 6.946383118694343e-19 0.0
9185.279900000349 6.946383118694343e-19 0.0
9186.365900000348 6.946383118694343e-19 0.0
9187.451900000347 6.946383118694343e-19 0.0
9188.537900000347 6.946383118694343e-19 0.0
9189.623900000346 6.946383118694343e-19 0.0
9190.709900000345 6.946383118694343e-19 0.0
9191.795900000345 6.946383118694343e-19 0.0
9192.881900000344 6.946383118694343e-19 0.0
9193.967900000343 6.946383118694343e-19 0.0
9195.053900000343 6.946383118694343e-19 0.0
9196.139900000342 6.946383118694343e-19 0.0
9197.225900000341 6.946383118694343e-19 0.0
9198.31190000034 6.946383118694343e-19 0.0
9199.39790000034 6.946383118694343e-19 0.0
9200.48390000034 6.946383118694343e-19 0.0
9201.569900000339 6.946383118694343e-19 0.0
9202.655900000338 6.946383118694343e-19 0.0
9203.741900000337 6.946383118694343e-19 0.0
9204.827900000337 6.946383118694343e-19 0.0
9205.913900000336 6.946383118694343e-19 0.0
9206.999900000335 6.946383118694343e-19 0.0
9208.085900000335 6.946383118694343e-19 0.0
9209.171900000334 6.946383118694343e-19 0.0
9210.257900000333 6.946383118694343e-19 0.0
9211.343900000333 6.946383118694343e-19 0.0
9212.429900000332 6.946383118694343e-19 0.0
9213.515900000331 6.946383118694343e-19 0.0
9214.60190000033 6.946383118694343e-19 0.0
9215.68790000033 6.946383118694343e-19 0.0
9216.77390000033 6.946383118694343e-19 0.0
9217.859900000329 6.946383118694343e-19 0.0
9218.945900000328 6.946383118694343e-19 0.0
9220.031900000327 6.946383118694343e-19 0.0
9221.117900000327 6.946383118694343e-19 0.0
9222.203900000326 6.946383118694343e-19 0.0
9223.289900000325 6.946383118694343e-19 0.0
9224.375900000325 6.946383118694343e-19 0.0
9225.461900000324 6.946383118694343e-19 0.0
9226.547900000323 6.946383118694343e-19 0.0
9227.633900000323 6.946383118694343e-19 0.0
9228.719900000322 6.946383118694343e-19 0.0
9229.805900000321 6.946383118694343e-19 0.0
9230.89190000032 6.946383118694343e-19 0.0
9231.97790000032 6.946383118694343e-19 0.0
9233.06390000032 6.946383118694343e-19 0.0
9234.149900000319 6.946383118694343e-19 0.0
9235.235900000318 6.946383118694343e-19 0.0
9236.321900000317 6.946383118694343e-19 0.0
9237.407900000317 6.946383118694343e-19 0.0
9238.493900000316 6.946383118694343e-19 0.0
9239.579900000315 6.946383118694343e-19 0.0
9240.665900000315 6.946383118694343e-19 0.0
9241.751900000314 6.946383118694343e-19 0.0
9242.837900000313 6.946383118694343e-19 0.0
9243.923900000313 6.946383118694343e-19 0.0
9245.009900000312 6.946383118694343e-19 0.0
9246.095900000311 6.946383118694343e-19 0.0
9247.18190000031 6.946383118694343e-19 0.0
9248.26790000031 6.946383118694343e-19 0.0
9249.35390000031 6.946383118694343e-19 0.0
9250.439900000309 6.946383118694343e-19 0.0
9251.525900000308 6.946383118694343e-19 0.0
9252.611900000307 6.946383118694343e-19 0.0
9253.697900000307 6.946383118694343e-19 0.0
9254.783900000306 6.946383118694343e-19 0.0
9255.869900000305 6.946383118694343e-19 0.0
9256.955900000305 6.946383118694343e-19 0.0
9258.041900000304 6.946383118694343e-19 0.0
9259.127900000303 6.946383118694343e-19 0.0
9260.213900000303 6.946383118694343e-19 0.0
9261.299900000302 6.946383118694343e-19 0.0
9262.385900000301 6.946383118694343e-19 0.0
9263.4719000003 6.946383118694343e-19 0.0
9264.5579000003 6.946383118694343e-19 0.0
9265.6439000003 6.946383118694343e-19 0.0
9266.729900000299 6.946383118694343e-19 0.0
9267.815900000298 6.946383118694343e-19 0.0
9268.901900000297 6.946383118694343e-19 0.0
9269.987900000297 6.946383118694343e-19 0.0
9271.073900000296 6.946383118694343e-19 0.0
9272.159900000295 6.946383118694343e-19 0.0
9273.245900000295 6.946383118694343e-19 0.0
9274.331900000294 6.946383118694343e-19 0.0
9275.417900000293 6.946383118694343e-19 0.0
9276.503900000293 6.946383118694343e-19 0.0
9277.589900000292 6.946383118694343e-19 0.0
9278.675900000291 6.946383118694343e-19 0.0
9279.76190000029 6.946383118694343e-19 0.0
9280.84790000029 6.946383118694343e-19 0.0
9281.93390000029 6.946383118694343e-19 0.0
9283.019900000289 6.946383118694343e-19 0.0
9284.105900000288 6.946383118694343e-19 0.0
9285.191900000287 6.946383118694343e-19 0.0
9286.277900000287 6.946383118694343e-19 0.0
9287.363900000286 6.946383118694343e-19 0.0
9288.449900000285 6.946383118694343e-19 0.0
9289.535900000285 6.946383118694343e-19 0.0
9290.621900000284 6.946383118694343e-19 0.0
9291.707900000283 6.946383118694343e-19 0.0
9292.793900000283 6.946383118694343e-19 0.0
9293.879900000282 6.946383118694343e-19 0.0
9294.965900000281 6.946383118694343e-19 0.0
9296.05190000028 6.946383118694343e-19 0.0
9297.13790000028 6.946383118694343e-19 0.0
9298.22390000028 6.946383118694343e-19 0.0
9299.309900000279 6.946383118694343e-19 0.0
9300.395900000278 6.946383118694343e-19 0.0
9301.481900000277 6.946383118694343e-19 0.0
9302.567900000276 6.946383118694343e-19 0.0
9303.653900000276 6.946383118694343e-19 0.0
9304.739900000275 6.946383118694343e-19 0.0
9305.825900000274 6.946383118694343e-19 0.0
9306.911900000274 6.946383118694343e-19 0.0
9307.997900000273 6.946383118694343e-19 0.0
9309.083900000272 6.946383118694343e-19 0.0
9310.169900000272 6.946383118694343e-19 0.0
9311.255900000271 6.946383118694343e-19 0.0
9312.34190000027 6.946383118694343e-19 0.0
9313.42790000027 6.946383118694343e-19 0.0
9314.51390000027 6.946383118694343e-19 0.0
9315.599900000268 6.946383118694343e-19 0.0
9316.685900000268 6.946383118694343e-19 0.0
9317.771900000267 6.946383118694343e-19 0.0
9318.857900000266 6.946383118694343e-19 0.0
9319.943900000266 6.946383118694343e-19 0.0
9321.029900000265 6.946383118694343e-19 0.0
9322.115900000264 6.946383118694343e-19 0.0
9323.201900000264 6.946383118694343e-19 0.0
9324.287900000263 6.946383118694343e-19 0.0
9325.373900000262 6.946383118694343e-19 0.0
9326.459900000262 6.946383118694343e-19 0.0
9327.545900000261 6.946383118694343e-19 0.0
9328.63190000026 6.946383118694343e-19 0.0
9329.71790000026 6.946383118694343e-19 0.0
9330.80390000026 6.946383118694343e-19 0.0
9331.889900000258 6.946383118694343e-19 0.0
9332.975900000258 6.946383118694343e-19 0.0
9334.061900000257 6.946383118694343e-19 0.0
9335.147900000256 6.946383118694343e-19 0.0
9336.233900000256 6.946383118694343e-19 0.0
9337.319900000255 6.946383118694343e-19 0.0
9338.405900000254 6.946383118694343e-19 0.0
9339.491900000254 6.946383118694343e-19 0.0
9340.577900000253 6.946383118694343e-19 0.0
9341.663900000252 6.946383118694343e-19 0.0
9342.749900000252 6.946383118694343e-19 0.0
9343.835900000251 6.946383118694343e-19 0.0
9344.92190000025 6.946383118694343e-19 0.0
9346.00790000025 6.946383118694343e-19 0.0
9347.093900000249 6.946383118694343e-19 0.0
9348.179900000248 6.946383118694343e-19 0.0
9349.265900000248 6.946383118694343e-19 0.0
9350.351900000247 6.946383118694343e-19 0.0
9351.437900000246 6.946383118694343e-19 0.0
9352.523900000246 6.946383118694343e-19 0.0
9353.609900000245 6.946383118694343e-19 0.0
9354.695900000244 6.946383118694343e-19 0.0
9355.781900000244 6.946383118694343e-19 0.0
9356.867900000243 6.946383118694343e-19 0.0
9357.953900000242 6.946383118694343e-19 0.0
9359.039900000242 6.946383118694343e-19 0.0
9360.125900000241 6.946383118694343e-19 0.0
9361.21190000024 6.946383118694343e-19 0.0
9362.29790000024 6.946383118694343e-19 0.0
9363.383900000239 6.946383118694343e-19 0.0
9364.469900000238 6.946383118694343e-19 0.0
9365.555900000238 6.946383118694343e-19 0.0
9366.641900000237 6.946383118694343e-19 0.0
9367.727900000236 6.946383118694343e-19 0.0
9368.813900000236 6.946383118694343e-19 0.0
9369.899900000235 6.946383118694343e-19 0.0
9370.985900000234 6.946383118694343e-19 0.0
9372.071900000234 6.946383118694343e-19 0.0
9373.157900000233 6.946383118694343e-19 0.0
9374.243900000232 6.946383118694343e-19 0.0
9375.329900000232 6.946383118694343e-19 0.0
9376.415900000231 6.946383118694343e-19 0.0
9377.50190000023 6.946383118694343e-19 0.0
9378.58790000023 6.946383118694343e-19 0.0
9379.673900000229 6.946383118694343e-19 0.0
9380.759900000228 6.946383118694343e-19 0.0
9381.845900000228 6.946383118694343e-19 0.0
9382.931900000227 6.946383118694343e-19 0.0
9384.017900000226 6.946383118694343e-19 0.0
9385.103900000226 6.946383118694343e-19 0.0
9386.189900000225 6.946383118694343e-19 0.0
9387.275900000224 6.946383118694343e-19 0.0
9388.361900000224 6.946383118694343e-19 0.0
9389.447900000223 6.946383118694343e-19 0.0
9390.533900000222 6.946383118694343e-19 0.0
9391.619900000222 6.946383118694343e-19 0.0
9392.705900000221 6.946383118694343e-19 0.0
9393.79190000022 6.946383118694343e-19 0.0
9394.87790000022 6.946383118694343e-19 0.0
9395.963900000219 6.946383118694343e-19 0.0
9397.049900000218 6.946383118694343e-19 0.0
9398.135900000218 6.946383118694343e-19 0.0
9399.221900000217 6.946383118694343e-19 0.0
9400.307900000216 6.946383118694343e-19 0.0
9401.393900000216 6.946383118694343e-19 0.0
9402.479900000215 6.946383118694343e-19 0.0
9403.565900000214 6.946383118694343e-19 0.0
9404.651900000214 6.946383118694343e-19 0.0
9405.737900000213 6.946383118694343e-19 0.0
9406.823900000212 6.946383118694343e-19 0.0
9407.909900000212 6.946383118694343e-19 0.0
9408.99590000021 6.946383118694343e-19 0.0
9410.08190000021 6.946383118694343e-19 0.0
9411.16790000021 6.946383118694343e-19 0.0
9412.253900000209 6.946383118694343e-19 0.0
9413.339900000208 6.946383118694343e-19 0.0
9414.425900000208 6.946383118694343e-19 0.0
9415.511900000207 6.946383118694343e-19 0.0
9416.597900000206 6.946383118694343e-19 0.0
9417.683900000206 6.946383118694343e-19 0.0
9418.769900000205 6.946383118694343e-19 0.0
9419.855900000204 6.946383118694343e-19 0.0
9420.941900000204 6.946383118694343e-19 0.0
9422.027900000203 6.946383118694343e-19 0.0
9423.113900000202 6.946383118694343e-19 0.0
9424.199900000202 6.946383118694343e-19 0.0
9425.2859000002 6.946383118694343e-19 0.0
9426.3719000002 6.946383118694343e-19 0.0
9427.4579000002 6.946383118694343e-19 0.0
9428.543900000199 6.946383118694343e-19 0.0
9429.629900000198 6.946383118694343e-19 0.0
9430.715900000198 6.946383118694343e-19 0.0
9431.801900000197 6.946383118694343e-19 0.0
9432.887900000196 6.946383118694343e-19 0.0
9433.973900000195 6.946383118694343e-19 0.0
9435.059900000195 6.946383118694343e-19 0.0
9436.145900000194 6.946383118694343e-19 0.0
9437.231900000193 6.946383118694343e-19 0.0
9438.317900000193 6.946383118694343e-19 0.0
9439.403900000192 6.946383118694343e-19 0.0
9440.489900000191 6.946383118694343e-19 0.0
9441.57590000019 6.946383118694343e-19 0.0
9442.66190000019 6.946383118694343e-19 0.0
9443.74790000019 6.946383118694343e-19 0.0
9444.833900000189 6.946383118694343e-19 0.0
9445.919900000188 6.946383118694343e-19 0.0
9447.005900000187 6.946383118694343e-19 0.0
9448.091900000187 6.946383118694343e-19 0.0
9449.177900000186 6.946383118694343e-19 0.0
9450.263900000185 6.946383118694343e-19 0.0
9451.349900000185 6.946383118694343e-19 0.0
9452.435900000184 6.946383118694343e-19 0.0
9453.521900000183 6.946383118694343e-19 0.0
9454.607900000183 6.946383118694343e-19 0.0
9455.693900000182 6.946383118694343e-19 0.0
9456.779900000181 6.946383118694343e-19 0.0
9457.86590000018 6.946383118694343e-19 0.0
9458.95190000018 6.946383118694343e-19 0.0
9460.03790000018 6.946383118694343e-19 0.0
9461.123900000179 6.946383118694343e-19 0.0
9462.209900000178 6.946383118694343e-19 0.0
9463.295900000177 6.946383118694343e-19 0.0
9464.381900000177 6.946383118694343e-19 0.0
9465.467900000176 6.946383118694343e-19 0.0
9466.553900000175 6.946383118694343e-19 0.0
9467.639900000175 6.946383118694343e-19 0.0
9468.725900000174 6.946383118694343e-19 0.0
9469.811900000173 6.946383118694343e-19 0.0
9470.897900000173 6.946383118694343e-19 0.0
9471.983900000172 6.946383118694343e-19 0.0
9473.069900000171 6.946383118694343e-19 0.0
9474.15590000017 6.946383118694343e-19 0.0
9475.24190000017 6.946383118694343e-19 0.0
9476.32790000017 6.946383118694343e-19 0.0
9477.413900000169 6.946383118694343e-19 0.0
9478.499900000168 6.946383118694343e-19 0.0
9479.585900000167 6.946383118694343e-19 0.0
9480.671900000167 6.946383118694343e-19 0.0
9481.757900000166 6.946383118694343e-19 0.0
9482.843900000165 6.946383118694343e-19 0.0
9483.929900000165 6.946383118694343e-19 0.0
9485.015900000164 6.946383118694343e-19 0.0
9486.101900000163 6.946383118694343e-19 0.0
9487.187900000163 6.946383118694343e-19 0.0
9488.273900000162 6.946383118694343e-19 0.0
9489.359900000161 6.946383118694343e-19 0.0
9490.44590000016 6.946383118694343e-19 0.0
9491.53190000016 6.946383118694343e-19 0.0
9492.61790000016 6.946383118694343e-19 0.0
9493.703900000159 6.946383118694343e-19 0.0
9494.789900000158 6.946383118694343e-19 0.0
9495.875900000157 6.946383118694343e-19 0.0
9496.961900000157 6.946383118694343e-19 0.0
9498.047900000156 6.946383118694343e-19 0.0
9499.133900000155 6.946383118694343e-19 0.0
9500.219900000155 6.946383118694343e-19 0.0
9501.305900000154 6.946383118694343e-19 0.0
9502.391900000153 6.946383118694343e-19 0.0
9503.477900000153 6.946383118694343e-19 0.0
9504.563900000152 6.946383118694343e-19 0.0
9505.649900000151 6.946383118694343e-19 0.0
9506.73590000015 6.946383118694343e-19 0.0
9507.82190000015 6.946383118694343e-19 0.0
9508.90790000015 6.946383118694343e-19 0.0
9509.993900000149 6.946383118694343e-19 0.0
9511.079900000148 6.946383118694343e-19 0.0
9512.165900000147 6.946383118694343e-19 0.0
9513.251900000147 6.946383118694343e-19 0.0
9514.337900000146 6.946383118694343e-19 0.0
9515.423900000145 6.946383118694343e-19 0.0
9516.509900000145 6.946383118694343e-19 0.0
9517.595900000144 6.946383118694343e-19 0.0
9518.681900000143 6.946383118694343e-19 0.0
9519.767900000143 6.946383118694343e-19 0.0
9520.853900000142 6.946383118694343e-19 0.0
9521.939900000141 6.946383118694343e-19 0.0
9523.02590000014 6.946383118694343e-19 0.0
9524.11190000014 6.946383118694343e-19 0.0
9525.19790000014 6.946383118694343e-19 0.0
9526.283900000139 6.946383118694343e-19 0.0
9527.369900000138 6.946383118694343e-19 0.0
9528.455900000137 6.946383118694343e-19 0.0
9529.541900000137 6.946383118694343e-19 0.0
9530.627900000136 6.946383118694343e-19 0.0
9531.713900000135 6.946383118694343e-19 0.0
9532.799900000135 6.946383118694343e-19 0.0
9533.885900000134 6.946383118694343e-19 0.0
9534.971900000133 6.946383118694343e-19 0.0
9536.057900000133 6.946383118694343e-19 0.0
9537.143900000132 6.946383118694343e-19 0.0
9538.229900000131 6.946383118694343e-19 0.0
9539.31590000013 6.946383118694343e-19 0.0
9540.40190000013 6.946383118694343e-19 0.0
9541.48790000013 6.946383118694343e-19 0.0
9542.573900000129 6.946383118694343e-19 0.0
9543.659900000128 6.946383118694343e-19 0.0
9544.745900000127 6.946383118694343e-19 0.0
9545.831900000127 6.946383118694343e-19 0.0
9546.917900000126 6.946383118694343e-19 0.0
9548.003900000125 6.946383118694343e-19 0.0
9549.089900000125 6.946383118694343e-19 0.0
9550.175900000124 6.946383118694343e-19 0.0
9551.261900000123 6.946383118694343e-19 0.0
9552.347900000123 6.946383118694343e-19 0.0
9553.433900000122 6.946383118694343e-19 0.0
9554.519900000121 6.946383118694343e-19 0.0
9555.60590000012 6.946383118694343e-19 0.0
9556.69190000012 6.946383118694343e-19 0.0
9557.77790000012 6.946383118694343e-19 0.0
9558.863900000119 6.946383118694343e-19 0.0
9559.949900000118 6.946383118694343e-19 0.0
9561.035900000117 6.946383118694343e-19 0.0
9562.121900000117 6.946383118694343e-19 0.0
9563.207900000116 6.946383118694343e-19 0.0
9564.293900000115 6.946383118694343e-19 0.0
9565.379900000115 6.946383118694343e-19 0.0
9566.465900000114 6.946383118694343e-19 0.0
9567.551900000113 6.946383118694343e-19 0.0
9568.637900000112 6.946383118694343e-19 0.0
9569.723900000112 6.946383118694343e-19 0.0
9570.809900000111 6.946383118694343e-19 0.0
9571.89590000011 6.946383118694343e-19 0.0
9572.98190000011 6.946383118694343e-19 0.0
9574.06790000011 6.946383118694343e-19 0.0
9575.153900000108 6.946383118694343e-19 0.0
9576.239900000108 6.946383118694343e-19 0.0
9577.325900000107 6.946383118694343e-19 0.0
9578.411900000106 6.946383118694343e-19 0.0
9579.497900000106 6.946383118694343e-19 0.0
9580.583900000105 6.946383118694343e-19 0.0
9581.669900000104 6.946383118694343e-19 0.0
9582.755900000104 6.946383118694343e-19 0.0
9583.841900000103 6.946383118694343e-19 0.0
9584.927900000102 6.946383118694343e-19 0.0
9586.013900000102 6.946383118694343e-19 0.0
9587.099900000101 6.946383118694343e-19 0.0
9588.1859000001 6.946383118694343e-19 0.0
9589.2719000001 6.946383118694343e-19 0.0
9590.3579000001 6.946383118694343e-19 0.0
9591.443900000098 6.946383118694343e-19 0.0
9592.529900000098 6.946383118694343e-19 0.0
9593.615900000097 6.946383118694343e-19 0.0
9594.701900000096 6.946383118694343e-19 0.0
9595.787900000096 6.946383118694343e-19 0.0
9596.873900000095 6.946383118694343e-19 0.0
9597.959900000094 6.946383118694343e-19 0.0
9599.045900000094 6.946383118694343e-19 0.0
9600.131900000093 6.946383118694343e-19 0.0
9601.217900000092 6.946383118694343e-19 0.0
9602.303900000092 6.946383118694343e-19 0.0
9603.389900000091 6.946383118694343e-19 0.0
9604.47590000009 6.946383118694343e-19 0.0
9605.56190000009 6.946383118694343e-19 0.0
9606.647900000089 6.946383118694343e-19 0.0
9607.733900000088 6.946383118694343e-19 0.0
9608.819900000088 6.946383118694343e-19 0.0
9609.905900000087 6.946383118694343e-19 0.0
9610.991900000086 6.946383118694343e-19 0.0
9612.077900000086 6.946383118694343e-19 0.0
9613.163900000085 6.946383118694343e-19 0.0
9614.249900000084 6.946383118694343e-19 0.0
9615.335900000084 6.946383118694343e-19 0.0
9616.421900000083 6.946383118694343e-19 0.0
9617.507900000082 6.946383118694343e-19 0.0
9618.593900000082 6.946383118694343e-19 0.0
9619.679900000081 6.946383118694343e-19 0.0
9620.76590000008 6.946383118694343e-19 0.0
9621.85190000008 6.946383118694343e-19 0.0
9622.937900000079 6.946383118694343e-19 0.0
9624.023900000078 6.946383118694343e-19 0.0
9625.109900000078 6.946383118694343e-19 0.0
9626.195900000077 6.946383118694343e-19 0.0
9627.281900000076 6.946383118694343e-19 0.0
9628.367900000076 6.946383118694343e-19 0.0
9629.453900000075 6.946383118694343e-19 0.0
9630.539900000074 6.946383118694343e-19 0.0
9631.625900000074 6.946383118694343e-19 0.0
9632.711900000073 6.946383118694343e-19 0.0
9633.797900000072 6.946383118694343e-19 0.0
9634.883900000072 6.946383118694343e-19 0.0
9635.969900000071 6.946383118694343e-19 0.0
9637.05590000007 6.946383118694343e-19 0.0
9638.14190000007 6.946383118694343e-19 0.0
9639.227900000069 6.946383118694343e-19 0.0
9640.313900000068 6.946383118694343e-19 0.0
9641.399900000068 6.946383118694343e-19 0.0
9642.485900000067 6.946383118694343e-19 0.0
9643.571900000066 6.946383118694343e-19 0.0
9644.657900000066 6.946383118694343e-19 0.0
9645.743900000065 6.946383118694343e-19 0.0
9646.829900000064 6.946383118694343e-19 0.0
9647.915900000064 6.946383118694343e-19 0.0
9649.001900000063 6.946383118694343e-19 0.0
9650.087900000062 6.946383118694343e-19 0.0
9651.173900000062 6.946383118694343e-19 0.0
9652.259900000061 6.946383118694343e-19 0.0
9653.34590000006 6.946383118694343e-19 0.0
9654.43190000006 6.946383118694343e-19 0.0
9655.517900000059 6.946383118694343e-19 0.0
9656.603900000058 6.946383118694343e-19 0.0
9657.689900000058 6.946383118694343e-19 0.0
9658.775900000057 6.946383118694343e-19 0.0
9659.861900000056 6.946383118694343e-19 0.0
9660.947900000056 6.946383118694343e-19 0.0
9662.033900000055 6.946383118694343e-19 0.0
9663.119900000054 6.946383118694343e-19 0.0
9664.205900000054 6.946383118694343e-19 0.0
9665.291900000053 6.946383118694343e-19 0.0
9666.377900000052 6.946383118694343e-19 0.0
9667.463900000052 6.946383118694343e-19 0.0
9668.549900000051 6.946383118694343e-19 0.0
9669.63590000005 6.946383118694343e-19 0.0
9670.72190000005 6.946383118694343e-19 0.0
9671.807900000049 6.946383118694343e-19 0.0
9672.893900000048 6.946383118694343e-19 0.0
9673.979900000048 6.946383118694343e-19 0.0
9675.065900000047 6.946383118694343e-19 0.0
9676.151900000046 6.946383118694343e-19 0.0
9677.237900000046 6.946383118694343e-19 0.0
9678.323900000045 6.946383118694343e-19 0.0
9679.409900000044 6.946383118694343e-19 0.0
9680.495900000044 6.946383118694343e-19 0.0
9681.581900000043 6.946383118694343e-19 0.0
9682.667900000042 6.946383118694343e-19 0.0
9683.753900000042 6.946383118694343e-19 0.0
9684.83990000004 6.946383118694343e-19 0.0
9685.92590000004 6.946383118694343e-19 0.0
9687.01190000004 6.946383118694343e-19 0.0
9688.097900000039 6.946383118694343e-19 0.0
9689.183900000038 6.946383118694343e-19 0.0
9690.269900000038 6.946383118694343e-19 0.0
9691.355900000037 6.946383118694343e-19 0.0
9692.441900000036 6.946383118694343e-19 0.0
9693.527900000036 6.946383118694343e-19 0.0
9694.613900000035 6.946383118694343e-19 0.0
9695.699900000034 6.946383118694343e-19 0.0
9696.785900000034 6.946383118694343e-19 0.0
9697.871900000033 6.946383118694343e-19 0.0
9698.957900000032 6.946383118694343e-19 0.0
9700.043900000031 6.946383118694343e-19 0.0
9701.12990000003 6.946383118694343e-19 0.0
9702.21590000003 6.946383118694343e-19 0.0
9703.30190000003 6.946383118694343e-19 0.0
9704.387900000029 6.946383118694343e-19 0.0
9705.473900000028 6.946383118694343e-19 0.0
9706.559900000027 6.946383118694343e-19 0.0
9707.645900000027 6.946383118694343e-19 0.0
9708.731900000026 6.946383118694343e-19 0.0
9709.817900000025 6.946383118694343e-19 0.0
9710.903900000025 6.946383118694343e-19 0.0
9711.989900000024 6.946383118694343e-19 0.0
9713.075900000023 6.946383118694343e-19 0.0
9714.161900000023 6.946383118694343e-19 0.0
9715.247900000022 6.946383118694343e-19 0.0
9716.333900000021 6.946383118694343e-19 0.0
9717.41990000002 6.946383118694343e-19 0.0
9718.50590000002 6.946383118694343e-19 0.0
9719.59190000002 6.946383118694343e-19 0.0
9720.677900000019 6.946383118694343e-19 0.0
9721.763900000018 6.946383118694343e-19 0.0
9722.849900000017 6.946383118694343e-19 0.0
9723.935900000017 6.946383118694343e-19 0.0
9725.021900000016 6.946383118694343e-19 0.0
9726.107900000015 6.946383118694343e-19 0.0
9727.193900000015 6.946383118694343e-19 0.0
9728.279900000014 6.946383118694343e-19 0.0
9729.365900000013 6.946383118694343e-19 0.0
9730.451900000013 6.946383118694343e-19 0.0
9731.537900000012 6.946383118694343e-19 0.0
9732.623900000011 6.946383118694343e-19 0.0
9733.70990000001 6.946383118694343e-19 0.0
9734.79590000001 6.946383118694343e-19 0.0
9735.88190000001 6.946383118694343e-19 0.0
9736.967900000009 6.946383118694343e-19 0.0
9738.053900000008 6.946383118694343e-19 0.0
9739.139900000007 6.946383118694343e-19 0.0
9740.225900000007 6.946383118694343e-19 0.0
9741.311900000006 6.946383118694343e-19 0.0
9742.397900000005 6.946383118694343e-19 0.0
9743.483900000005 6.946383118694343e-19 0.0
9744.569900000004 6.946383118694343e-19 0.0
9745.655900000003 6.946383118694343e-19 0.0
9746.741900000003 6.946383118694343e-19 0.0
9747.827900000002 6.946383118694343e-19 0.0
9748.913900000001 6.946383118694343e-19 0.0
9749.9999 6.946383118694343e-19 0.0
9751.0859 6.946383118694343e-19 0.0
9752.1719 1.3860722921562397e-18 1.1555170050497607e-18
9753.2579 9.051524456357532e-18 1.0936203371280858e-18
9754.3439 7.548876015549839e-18 1.0812987399367817e-18
9755.4299 6.486423101540971e-19 1.11128042910522e-18
9756.5158 -3.752418015168669e-18 1.1173214557888552e-18
9757.6018 7.406343135847715e-19 1.279348316222881e-18
9758.6878 -3.0543420393900016e-18 1.1202384514161997e-18
9759.7738 -4.1923902744011656e-18 1.0787121859524702e-18
9760.8597 5.671956730825801e-18 1.1198300951389475e-18
9761.9457 4.350604441074488e-18 1.0928749461013778e-18
9763.0317 -4.4401193780433086e-18 1.0239127010100258e-18
9764.1176 -3.2344062301448235e-18 1.0347687680080102e-18
9765.2036 -3.42808566413727e-18 1.0316796771125296e-18
9766.2896 -2.7399984324748385e-18 9.832190099577466e-19
9767.3756 -9.105487069650919e-19 9.38009716685401e-19
9768.4615 1.717003453255237e-18 9.08006096207021e-19
9769.5475 2.416517651666448e-18 9.247300761444545e-19
9770.6335 3.882553869508216e-18 9.34966780925948e-19
9771.7195 4.8636681532312565e-18 9.265355571016314e-19
9772.8054 1.4145481228548983e-18 9.179839353523245e-19
9773.8914 -1.1825061686046582e-18 9.025479116681715e-19
9774.9774 -1.9510600718040604e-18 9.826014719999807e-19
9776.0633 -1.1501308645810376e-18 9.220602204466988e-19
9777.1493 1.1064799902092002e-18 1.0144054136217153e-18
9778.2353 2.1713197724531497e-18 1.06251032602566e-18
9779.3213 -1.7128585206198133e-18 1.0087354215141309e-18
9780.4072 -1.1758930313652898e-18 1.4085381348459171e-18
9781.4932 2.628366982949855e-18 1.4417061239570399e-18
9782.5792 4.0187352956844343e-19 1.0021481651950258e-18
9783.6652 1.4921792283353746e-19 8.906927267895342e-19
9784.7511 9.134480492969876e-19 8.813278767929749e-19
9785.8371 -1.3004454047728303e-18 9.058668041378867e-19
9786.9231 -1.770347456456595e-18 9.243347040931671e-19
9788.009 -5.405426115734165e-19 1.0683740867014836e-18
9789.095 2.8942131678742173e-18 1.4213938832125257e-18
9790.181 9.219779084285794e-19 2.036609089320431e-18
9791.267 1.5283032683483351e-18 3.263891709682462e-18
9792.3529 -1.951052864919418e-22 5.7910887005676195e-18
9793.4389 2.45464837330169e-18 6.621005843512224e-18
9794.5249 2.598520356981053e-18 5.701574230741303e-18
9795.6109 1.0471863722761115e-19 4.670010575963337e-18
9796.6968 -1.528307134327124e-19 2.1599088583917035e-18
9797.7828 2.006880864349627e-19 1.4715398743023764e-18
9798.8688 1.61651959811455e-18 1.5669166733706865e-18
9799.9548 4.187826008582288e-18 2.0820221608598676e-18
9801.0407 5.687651212050385e-18 3.085229752433558e-18
9802.1267 4.971758496031018e-18 3.235174677725479e-18
9803.2127 3.3127527407037262e-18 3.1518834170519277e-18
9804.2986 1.761548312970365e-18 2.4639378906833863e-18
9805.3846 -2.13489146405121e-18 1.349701711565964e-18
9806.4706 1.2592340950986506e-18 9.735130998475547e-19
9807.5566 2.781996863730928e-18 1.056903666613383e-18
9808.6425 5.0908500772506395e-18 1.252114065297366e-18
9809.7285 3.523357756607156e-18 1.4000395792760675e-18
9810.8145 -2.2828035168399714e-18 1.4201076085778272e-18
9811.9005 -7.053307689365533e-19 1.5437892984446372e-18
9812.9864 8.90635509712025e-19 1.852831522662176e-18
9814.0724 2.7177861848360387e-18 1.9806950714132592e-18
9815.1584 6.718354194124699e-19 1.9762087121924836e-18
9816.2443 -1.6117264453353869e-18 1.842846156852257e-18
9817.3303 5.768086676326427e-18 1.4691502008789305e-18
9818.4163 5.561145226501937e-18 1.338024262755645e-18
9819.5023 1.1085506710007405e-18 1.405424117376848e-18
9820.5882 -1.824275949076399e-18 1.3919766227652176e-18
9821.6742 2.9941956482019818e-18 1.2485790052647911e-18
9822.7602 1.643593493834485e-19 1.063267370767217e-18
9823.8462 4.189062673567093e-18 9.253954638172581e-19
9824.9321 2.110209440435794e-19 9.348957404381689e-19
9826.0181 1.85658898968236e-18 9.360976545622229e-19
9827.1041 6.6846050174917746e-21 1.0476155998069942e-18
9828.19 -7.251541285743252e-19 1.245278750086309e-18
9829.276 -3.309873907565083e-18 1.2310747703920973e-18
9830.362 2.904291047755282e-20 1.3109146920441685e-18
9831.448 1.2645838638973784e-18 1.2962893415285855e-18
9832.5339 1.7989341992290026e-18 1.2012035861836891e-18
9833.6199 2.1476081466016768e-18 1.0607271916798101e-18
9834.7059 9.804917896036679e-19 9.092593333094392e-19
9835.7919 3.261179898458533e-18 8.42163240031443e-19
9836.8778 2.2270803925898375e-18 8.296466029563984e-19
9837.9638 -1.4487835926764037e-18 8.658288363219563e-19
9839.0498 3.247308142672443e-18 8.72282240451906e-19
9840.1357 -2.544364775586996e-19 8.323941865723579e-19
9841.2217 9.239593952121959e-19 8.451142473811945e-19
9842.3077 2.314378069734856e-18 8.078620068120209e-19
9843.3937 -6.879829421556597e-20 8.708884638113e-19
9844.4796 1.4935471344206777e-18 8.108981581291465e-19
9845.5656 -1.6727951847549297e-18 8.625715899668043e-19
9846.6516 -4.286666543995553e-19 8.57646751408772e-19
9847.7376 2.135957918481297e-18 1.029845829152141e-18
9848.8235 3.3289173423719166e-18 1.7939643317328195e-18
9849.9095 -9.978296585429124e-19 3.3074762208204507e-18
9850.9955 6.121089409045208e-18 3.0066514767381256e-18
9852.0814 4.2759668935691494e-18 2.9172958304545914e-18
9853.1674 3.7078722422315053e-19 2.1601959562436986e-18
9854.2534 2.9740618959833697e-18 1.1311268807737402e-18
9855.3394 5.381385946942975e-19 8.556171304385238e-19
9856.4253 2.549417626052769e-18 8.066430615742811e-19
9857.5113 8.10402263942581e-20 7.997472776872501e-19
9858.5973 6.714553752006029e-19 8.329888337704167e-19
9859.6833 2.927044289382975e-19 7.728428442193668e-19
9860.7692 -4.2273548921969243e-19 8.367823862365848e-19
9861.8552 -2.2186460460504777e-18 7.767391415752152e-19
9862.9412 4.2774886339990214e-20 7.586067587247757e-19
9864.0271 4.611835814496442e-19 8.015843544559085e-19
9865.1131 -1.937039527286848e-18 7.9203340332145415e-19
9866.1991 2.541609782451176e-19 7.48105029292293e-19
9867.2851 1.0538769480079547e-18 7.786112408662171e-19
9868.371 3.2193121716637206e-18 8.224459195671083e-19
9869.457 1.9025112491770147e-18 9.147091807592553e-19
9870.543 2.2790787046473843e-18 1.0833764759198825e-18
9871.629 8.22945622558317e-19 1.4137359058227266e-18
9872.7149 -1.3597479012755908e-18 3.1985687161149158e-18
9873.8009 -1.149502477644653e-17 4.7040785991116644e-18
9874.8869 1.960786957875059e-18 4.744208293557419e-18
9875.9729 -2.8491308678728554e-18 4.615187929997965e-18
9877.0588 -1.217086637020075e-18 3.074952402866912e-18
9878.1448 -2.5772531108568877e-18 1.201694174128567e-18
9879.2308 7.321980170313075e-19 8.591147542532644e-19
9880.3167 1.0567748113050911e-18 7.983784868288927e-19
9881.4027 3.146822735709234e-18 7.935204915694235e-19
9882.4887 -3.7720026648009556e-18 8.352683970372833e-19
9883.5747 -3.946216649475141e-18 5.476066644556298e-19
9884.6606 -6.661528633636713e-19 8.657778547752542e-19
9885.7466 1.985285813048453e-18 9.41087962937428e-19
9886.8326 -3.320640964893315e-19 1.0511544784145247e-18
9887.9186 1.897530091207088e-18 1.1846093671605444e-18
9889.0045 -5.944126777397771e-19 1.084890663373801e-18
9890.0905 -5.2283412752624936e-18 1.0319034263585964e-18
9891.1765 6.887873966910977e-19 9.110649986824777e-19
9892.2624 2.156474906344886e-18 8.244946588025326e-19
9893.3484 1.2333229571372662e-18 8.440487326939252e-19
9894.4344 3.2729048727873594e-18 1.1676520021558574e-18
9895.5204 4.793753921468433e-18 2.2383751936048105e-18
9896.6063 -1.643736142025524e-19 2.9715996775663512e-18
9897.6923 -1.397215403771898e-18 3.0576519780860852e-18
9898.7783 4.426164756281388e-18 2.950670517459235e-18
9899.8643 8.562858632498198e-19 1.873252716651536e-18
9900.9502 -1.1763712442293158e-18 9.963200926243997e-19
9902.0362 6.862821558071482e-19 8.9950627665913e-19
9903.1222 -1.1110364990690617e-18 9.009856310576661e-19
9904.2081 -3.9780357965798435e-18 8.774992687618519e-19
9905.2941 1.0838203560037177e-19 8.362095043298737e-19
9906.3801 -1.4706403341213615e-20 7.768397313420267e-19
9907.4661 4.965551101529998e-19 7.380870641688737e-19
9908.552 1.2970930877982658e-18 6.984865942373295e-19
9909.638 -2.0027885264447027e-20 7.684261850562643e-19
9910.724 4.2285542203170195e-19 7.79784412248446e-19
9911.81 1.2488963228466998e-18 8.070104347548883e-19
9912.8959 -2.5631891228377346e-18 9.542746651910898e-19
9913.9819 2.3011381418134963e-19 1.299577925773045e-18
9915.0679 7.309001577298675e-18 2.553556700138821e-18
9916.1538 1.5391301428463272e-18 4.31601538887719e-18
9917.2398 -7.709176799372042e-18 4.6058532802218895e-18
9918.3258 -6.834545740420256e-18 4.478874133900814e-18
9919.4118 -2.2788116800894427e-18 3.3054000016657185e-18
9920.4977 4.742760998979055e-19 1.1871808438263358e-18
9921.5837 -1.207949627291659e-18 8.292093423077117e-19
9922.6697 -1.756638634713042e-18 7.648624036930218e-19
9923.7557 1.425742420629639e-18 7.481941966074821e-19
9924.8416 1.2783051152411704e-18 7.210693174423785e-19
9925.9276 -6.252777855121308e-19 7.207189024056507e-19
9927.0136 -8.990657019502048e-20 7.42013824471066e-19
9928.0995 2.5780354101431716e-18 6.864840544114789e-19
9929.1855 -7.768390584470649e-19 6.703133113258888e-19
9930.2715 -9.009153585304998e-19 6.891918104220682e-19
9931.3575 -1.577189416717822e-18 7.124175791772524e-19
9932.4434 -7.662730009898782e-19 7.207601436877148e-19
9933.5294 9.908308956345181e-19 7.249157120182776e-19
9934.6154 3.102528439190546e-18 7.19112583265682e-19
9935.7014 5.824733087672607e-20 7.203574006717742e-19
9936.7873 7.995710413342567e-19 7.21861759896204e-19
9937.8733 1.6192082821743338e-18 7.232937235506465e-19
9938.9593 4.999672787741872e-20 7.757057814390823e-19
9940.0452 -6.03289162228553e-19 8.583548961970971e-19
9941.1312 3.388251060324088e-19 1.0506104664030004e-18
9942.2172 -3.770338967129374e-19 1.7417200060777253e-18
9943.3032 -2.030118034820435e-18 2.8815262655943082e-18
9944.3891 -2.4103012598815055e-18 3.1846056055490487e-18
9945.4751 -5.728200503411451e-19 3.419474605409871e-18
9946.5611 9.218504668310458e-18 4.208530320065446e-18
9947.6471 2.4571033748336935e-18 4.3272077022624614e-18
9948.733 3.709556277558732e-19 4.367017842643245e-18
9949.819 -2.2693468991201024e-18 4.391227715717934e-18
9950.905 -2.067347893363706e-18 3.673581432324977e-18
9951.991 -4.902813074784995e-18 2.51923821616275e-18
9953.0769 5.112034206407776e-19 1.8839893904695028e-18
9954.1629 2.0784188834155214e-18 1.302682616879445e-18
9955.2489 3.0671510882567025e-18 1.0257439042526697e-18
9956.3348 3.7917134525808943e-19 1.5206032450641316e-18
9957.4208 4.3377444757332015e-19 2.7968473133107465e-18
9958.5068 -1.3234684962558114e-18 4.817016254875215e-18
9959.5928 3.788095657052627e-18 4.023882492436229e-18
9960.6787 -1.79822477206196e-18 3.4675311471312672e-18
9961.7647 3.1046067250525756e-19 2.8591859700323306e-18
9962.8507 -4.246273581050062e-18 3.0785072817559745e-18
9963.9367 7.787418442936259e-19 3.785627385565034e-18
9965.0226 5.695706211971099e-18 3.5946962441330286e-18
9966.1086 1.0109888352167189e-18 3.1350807113133816e-18
9967.1946 1.3335151395047498e-18 1.687696185135258e-18
9968.2805 2.9424558197719857e-19 8.808147145936992e-19
9969.3665 -3.811041770375128e-19 7.046349997354312e-19
9970.4525 1.6934516728952457e-18 7.192223069257408e-19
9971.5385 1.3459342744648827e-18 8.37270860066615e-19
9972.6244 -1.6089114571791228e-18 1.226852526973357e-18
9973.7104 -1.4186346454608309e-18 1.8399182126162103e-18
9974.7964 1.4331006619592036e-19 2.0021673801435302e-18
9975.8824 1.8856472064803437e-18 1.9951068566927187e-18
9976.9683 4.0952037188125727e-19 1.6132150897876789e-18
9978.0543 2.6982696565327908e-18 1.1708529208370589e-18
9979.1403 7.353231613492859e-19 1.1949208732799347e-18
9980.2262 -8.045079316988846e-19 1.2449284464053684e-18
9981.3122 4.1546344995914674e-18 1.151733755376982e-18
9982.3982 4.414856132609581e-18 1.1087934373348623e-18
9983.4842 2.363651064897931e-18 1.0022163018685422e-18
9984.5701 1.026088784444749e-18 8.809171503436e-19
9985.6561 2.1839787741857948e-18 7.593483272115024e-19
9986.7421 1.1452494877807347e-18 6.60070436975534e-19
9987.8281 3.638242643067148e-19 6.706585016175879e-19
9988.914 2.639674656294078e-19 6.517815862020677e-19
9990.0 5.856256020006811e-19 6.445144068386315e-19
9991.086 1.5110727021472655e-18 6.50836399976917e-19
9992.1719 1.6052627877931944e-18 6.747008648172825e-19
9993.2579 9.428865385856151e-19 6.903828931170479e-19
9994.3439 1.6116273187997448e-18 6.918217706828964e-19
9995.4299 6.110120831723848e-19 6.625463189085638e-19
9996.5158 2.2562531076666155e-19 6.445688711608217e-19
9997.6018 5.469156285690635e-19 6.550471845870725e-19
9998.6878 5.477881012568238e-19 6.841811560095904e-19
9999.7738 -8.19248730990004e-19 8.40854337836625e-19
10000.86 -3.501076900720862e-19 1.3572245733589408e-18
10001.946 -2.902634182820362e-20 1.7858527799200576e-18
10003.032 -1.0728617425704366e-18 1.8356745707608443e-18
10004.118 -2.3109573186484576e-19 1.7318609690606927e-18
10005.204 6.701661487298678e-19 1.2735735642044209e-18
10006.29 -1.1427252754383407e-18 8.479715518636299e-19
10007.376 8.1528660594964e-19 7.046208079808121e-19
10008.462 1.6679664186851133e-18 6.708093944291767e-19
10009.548 -7.382452191157175e-20 7.096709362470184e-19
10010.633 1.2198007929652648e-18 8.429920401908313e-19
10011.719 9.890099762971939e-19 1.2212876217879185e-18
10012.805 -2.046181442872894e-18 2.1918923205014472e-18
10013.891 -5.946345792598225e-19 4.034766234431837e-18
10014.977 3.6649847227579e-18 4.960655181739639e-18
10016.063 -2.4808946505141746e-18 5.035484555713988e-18
10017.149 -7.565268571943843e-18 4.3389629106223554e-18
10018.235 -6.590171892297363e-19 2.5662844280743815e-18
10019.321 1.5694421745212234e-18 1.2092391714550645e-18
10020.407 4.525347078213082e-19 7.989822539019724e-19
10021.493 4.787694956299433e-19 7.91698660248213e-19
10022.579 -1.0715470640435249e-18 9.629056983288786e-19
10023.665 9.618313834461664e-19 1.0596947018143309e-18
10024.751 -8.580256365254014e-19 1.1796829327548535e-18
10025.837 -2.5487315751287894e-18 1.722664219097786e-18
10026.923 6.820659274694662e-19 2.6062206320522067e-18
10028.009 1.9042699440961524e-19 2.7291128169788437e-18
10029.095 1.2218828653920414e-18 2.6444387324034444e-18
10030.181 2.2540836142549124e-18 1.8862210501554225e-18
10031.267 1.5180787300085573e-18 9.36218992783962e-19
10032.353 -6.844331436105764e-19 6.749777692564077e-19
10033.439 -4.63573279545266e-19 6.7608496015799095e-19
10034.525 -2.471755347348457e-19 6.740133245104834e-19
10035.611 -1.335640807121358e-18 6.927671035438303e-19
10036.697 7.102354250902013e-19 8.400615447142937e-19
10037.783 6.229534028282176e-19 8.703629845815323e-19
10038.869 -1.3073675378788835e-18 8.08781249957769e-19
10039.955 1.574463252535136e-18 8.31933853662756e-19
10041.041 9.934272387258604e-19 8.155963377404533e-19
10042.127 -6.294955893674601e-19 7.941489482859339e-19
10043.213 -4.262247217669401e-19 9.423795388958378e-19
10044.299 -1.411521966603718e-18 1.538725069343548e-18
10045.385 2.9026628775190226e-18 1.9997161642928395e-18
10046.471 3.675291222140495e-18 1.9304178480039843e-18
10047.557 -1.2867842726591784e-18 2.0231105444003276e-18
10048.643 1.6464187806170849e-19 1.1540154681006326e-18
10049.729 6.920247500717299e-19 6.984434255461576e-19
10050.814 6.088472262678944e-19 6.472614043862132e-19
10051.9 2.607142311528718e-18 7.155746439644165e-19
10052.986 2.348325067834489e-18 5.919660300540253e-19
10054.072 3.2401742380949457e-19 5.99487945215785e-19
10055.158 -2.7175049368662076e-19 5.871967297758744e-19
10056.244 -1.549355404108106e-18 5.717666798851691e-19
10057.33 -1.1093593156678978e-18 6.120029815311907e-19
10058.416 2.519354851317922e-19 8.312010930797427e-19
10059.502 1.9548960454062474e-18 1.2258311891394773e-18
10060.588 2.60248393535684e-18 1.378887175624359e-18
10061.674 1.9335314673051134e-18 1.9821964109542052e-18
10062.76 2.9133176737272072e-18 2.479118485632612e-18
10063.846 2.3769688225586657e-18 2.614002232068206e-18
10064.932 -1.6251956703750742e-18 1.948298052419391e-18
10066.018 1.0117749661208947e-18 1.2566028152028112e-18
10067.104 1.793473312315022e-18 9.425217508396958e-19
10068.19 3.801737177764084e-18 1.0531492692242158e-18
10069.276 3.059580017154516e-18 1.1563798719497425e-18
10070.362 1.9168899307089634e-18 1.2277326453065472e-18
10071.448 3.857451984391508e-18 1.4553447292530859e-18
10072.534 4.1554187151080835e-18 1.5902884346769188e-18
10073.62 2.6519339582434303e-18 1.582532052300604e-18
10074.706 8.609098410608431e-19 1.464294337651656e-18
10075.792 3.458667892588083e-18 1.1213307998988446e-18
10076.878 3.0066225463983418e-18 7.666872952092949e-19
10077.964 -6.635550175704021e-20 6.556741531060542e-19
10079.05 2.978215241086469e-18 6.873998361768434e-19
10080.136 3.7255163147614544e-18 7.579594768918816e-19
10081.222 1.832990525097335e-18 8.530668416843855e-19
10082.308 5.129046954308148e-19 1.2147350275852448e-18
10083.394 6.212918989222266e-18 2.8488201183588645e-18
10084.48 2.531213291983207e-18 3.55244696036643e-18
10085.566 -1.758170946621918e-18 3.556489295905451e-18
10086.652 3.478740811328485e-19 3.197497357910854e-18
10087.738 4.2153206366410335e-18 1.5148811887538641e-18
10088.824 3.623122326067455e-18 7.702648758983051e-19
10089.91 3.6772126875177954e-18 6.543839420850688e-19
10090.995 2.6960206469814873e-18 6.572648405960929e-19
10092.081 -6.17058212123894e-19 6.750010068896954e-19
10093.167 9.12406233702717e-20 6.590482929280807e-19
10094.253 2.205679271090501e-18 6.331983079074227e-19
10095.339 1.2486948952959006e-18 6.224452961505337e-19
10096.425 1.5314831464267844e-18 6.484750516954168e-19
10097.511 9.306698001617081e-19 7.371155567368942e-19
10098.597 2.1871975585115674e-18 7.790438327954421e-19
10099.683 2.397840355882891e-18 8.082045582442994e-19
10100.769 1.9347040853931142e-18 8.397925359524166e-19
10101.855 -7.506590010740676e-19 8.769288003823704e-19
10102.941 2.9936810188350584e-18 8.828283915866757e-19
10104.027 4.638616616979589e-18 1.3946068024553512e-18
10105.113 7.084013561286672e-18 2.235421364953929e-18
10106.199 5.322078354238239e-18 2.322962445317509e-18
10107.285 8.27144963474176e-19 2.264155372660825e-18
10108.371 7.129633447162501e-19 1.5964489599558888e-18
10109.457 1.1963430577615142e-18 8.318621238493215e-19
10110.543 3.1583553186421726e-19 6.015387022307207e-19
10111.629 2.9665295008263355e-18 5.723788984248468e-19
10112.715 -2.42468006873817e-19 5.96275141765306e-19
10113.801 1.3675167381500377e-18 5.999455110731017e-19
10114.887 -1.7161450678396573e-18 5.744024785809722e-19
10115.973 2.0155348760807174e-18 5.91128693801988e-19
10117.059 2.4278403852173565e-18 5.923587396628084e-19
10118.145 1.6458983691931826e-18 5.541139112412933e-19
10119.231 1.2658560173917146e-18 5.85230899084927e-19
10120.317 -4.9128572443177965e-19 6.066897771944705e-19
10121.403 -1.6192498057956721e-18 6.691605975501887e-19
10122.489 2.2316764786164955e-18 8.182798443568355e-19
10123.575 1.2069970156950557e-18 1.1487032014310355e-18
10124.661 -5.906676108832894e-19 2.6574721525151624e-18
10125.747 7.717127743578935e-19 3.8056213831553975e-18
10126.833 7.656295790354254e-18 3.82497301638882e-18
10127.919 -2.686412012233247e-19 3.63302581016486e-18
10129.005 3.4490673954765923e-18 2.114941332700238e-18
10130.09 -1.2299268338102817e-19 8.999185120564162e-19
10131.176 9.80435281299819e-20 6.466853392419311e-19
10132.262 -8.316196310809149e-19 6.857954834322634e-19
10133.348 8.483571493274935e-19 8.324274170125452e-19
10134.434 -8.342529281603488e-19 9.361163998129398e-19
10135.52 3.0697628164647744e-19 9.526582811824002e-19
10136.606 4.372467221511588e-18 9.457327465048448e-19
10137.692 5.06881248754505e-18 8.618292557401376e-19
10138.778 4.751018317279738e-18 6.854643343056172e-19
10139.864 2.1705441415774473e-18 6.642578157926019e-19
10140.95 -4.697463637053505e-19 7.541173140344459e-19
10142.036 1.2982321763168788e-19 6.236104515429233e-19
10143.122 1.3460288272895902e-18 6.698143458515976e-19
10144.208 -2.4126525413548754e-18 8.469288775605047e-19
10145.294 4.5513655776304845e-18 1.0467192330255143e-18
10146.38 2.7403673453775165e-18 1.1126089922698572e-18
10147.466 -4.480755997329497e-20 1.1995845234112377e-18
10148.552 3.609869430389802e-19 1.133807762392689e-18
10149.638 3.0727169648257477e-19 1.1079652583151573e-18
10150.724 3.0918433940423182e-18 1.2191850708117984e-18
10151.81 -2.7266562339867277e-18 1.1659140143987081e-18
10152.896 2.6997981818509645e-19 1.3055766844509116e-18
10153.982 9.004309701747021e-19 2.089474238801673e-18
10155.068 4.27206542526164e-18 2.329478412843605e-18
10156.154 3.6977957143412806e-18 2.333397205208006e-18
10157.24 3.723983455772657e-18 2.147809368195325e-18
10158.326 5.7368908499367276e-18 1.473716887946316e-18
10159.412 3.1840149185934124e-18 1.419480949858529e-18
10160.498 -1.8791483675627597e-21 1.5902535243988759e-18
10161.584 1.1357830951461616e-18 1.6019007902253807e-18
10162.67 1.7450617449727395e-18 1.516422994784614e-18
10163.756 1.1316300421899712e-18 1.1102561017699016e-18
10164.842 3.0812755829674453e-18 9.77426228981331e-19
10165.928 1.4000240459257537e-18 1.2194199284749261e-18
10167.014 -2.1916130427348516e-20 1.236016021960275e-18
10168.1 -1.2849239543512778e-18 1.2618476062084055e-18
10169.186 1.4944871014571964e-18 1.2090850236148381e-18
10170.271 1.3984637214663706e-18 1.0299953639259381e-18
10171.357 -8.10905179005504e-19 1.3061148561348739e-18
10172.443 1.9086018379793533e-18 2.787166665330655e-18
10173.529 -1.306770575493563e-18 4.0165875725609034e-18
10174.615 -2.322430814260612e-18 4.115758917472143e-18
10175.701 -1.968681444420932e-18 3.915637263735913e-18
10176.787 -8.380112115397651e-19 2.5337169668446265e-18
10177.873 2.8531182776558364e-19 1.003667162169448e-18
10178.959 2.3577786830841706e-18 6.610065898512871e-19
10180.045 2.0361130625131015e-18 6.66358353312894e-19
10181.131 -2.1058692818230777e-18 9.00385532850748e-19
10182.217 2.473174079349629e-18 1.5321060101767678e-18
10183.303 2.4480203495494146e-18 1.7318353478907139e-18
10184.389 5.478773073618709e-19 1.7433046762409513e-18
10185.475 -1.4841372786155954e-18 1.6048812123446414e-18
10186.561 6.865043919781208e-19 1.0734342438304246e-18
10187.647 2.189838033200468e-19 8.67646416831842e-19
10188.733 6.626712414656092e-18 9.183639102442745e-19
10189.819 1.789763695265556e-18 1.4700929393243798e-18
10190.905 8.463638754795456e-18 2.933805420222779e-18
10191.991 -1.9311633875182682e-18 3.2594637660451895e-18
10193.077 2.5919661884268927e-18 3.2408449237384575e-18
10194.163 1.6268990737225702e-18 2.7869379619083984e-18
10195.249 2.289260270875213e-18 2.218170122316786e-18
10196.335 1.744577134392175e-18 1.0381983362543357e-18
10197.421 -3.2023975994499835e-19 8.242736048262195e-19
10198.507 1.8628326701657322e-18 7.741336882091702e-19
10199.593 2.561948640248266e-18 7.46043315811373e-19
10200.679 -2.7940256691498793e-18 7.607263975550504e-19
10201.765 -2.0237297674293386e-18 8.042801622344965e-19
10202.851 2.4289178090759266e-18 9.547816699752683e-19
10203.937 5.760476628835871e-19 1.780265531843139e-18
10205.023 -3.1529915235765037e-18 2.190336938038242e-18
10206.109 2.7545761700805884e-18 2.1771536881410997e-18
10207.195 2.485981324665441e-18 2.0574636490323354e-18
10208.281 -4.220596844027426e-19 1.4570707109455798e-18
10209.367 3.87309311199505e-18 1.4378534992136644e-18
10210.452 1.0013779082733539e-18 1.9776371047908523e-18
10211.538 -2.1229585603881124e-18 3.3531951650488888e-18
10212.624 1.137250414904335e-19 3.894260021793633e-18
10213.71 -3.1747666795214506e-18 3.815826607882348e-18
10214.796 4.156977217509227e-18 3.527216702952903e-18
10215.882 -1.9388002703008504e-18 2.4722230405151567e-18
10216.968 9.92915093560601e-19 9.808306642081974e-19
10218.054 7.77609352872685e-19 6.383759343079386e-19
10219.14 9.948425592142608e-20 6.02726410328112e-19
10220.226 1.1156167496340866e-18 6.361758416973561e-19
10221.312 2.5904678904160846e-18 6.850021025755477e-19
10222.398 -1.4568479887250353e-18 7.718364301759633e-19
10223.484 1.1796490482225306e-19 7.874158336186159e-19
10224.57 -5.434510130210352e-18 8.159182762633373e-19
10225.656 1.5962371208974245e-18 1.0958177354115924e-18
10226.742 2.443221609495536e-18 2.1412600488897877e-18
10227.828 8.030344823926165e-18 2.6118836897471297e-18
10228.914 1.017586164468859e-19 2.6429830994302305e-18
10230.0 6.986565936742537e-18 2.4675824764011905e-18
10231.086 9.648465523655438e-19 2.0595610737863054e-18
10232.172 6.429183096529912e-19 2.1794349974860675e-18
10233.258 6.504585957833692e-18 2.4294204896972955e-18
10234.344 6.173868237669647e-20 2.264925582126642e-18
10235.43 4.891980135249975e-18 1.906493056299661e-18
10236.516 4.696776779517589e-19 9.101947434659177e-19
10237.602 -4.90819341218949e-19 7.226447435034814e-19
10238.688 1.1810371688206633e-18 6.572943271825929e-19
10239.774 2.4755563723137003e-18 5.788290759131876e-19
10240.86 1.4376217340166497e-18 5.596515467145937e-19
10241.946 1.3718486010979947e-18 5.762537525206714e-19
10243.032 5.63453165546469e-19 5.859901608403899e-19
10244.118 3.0247671278236174e-18 6.2428353635808845e-19
10245.204 1.420618673600703e-18 6.476320000613551e-19
10246.29 9.378516740427205e-19 8.19235071559114e-19
10247.376 -1.624363786440393e-18 7.242907437199739e-19
10248.462 -5.718903146996872e-19 5.707749889359902e-19
10249.548 1.40790397328468e-18 5.440209772108945e-19
10250.633 -5.027046631112638e-19 5.684646577136076e-19
10251.719 5.534144871020703e-19 5.583396549938585e-19
10252.805 -9.086204878405545e-20 5.761023241992343e-19
10253.891 1.6743561926041495e-18 5.733253555221465e-19
10254.977 -3.344153161694401e-19 5.808361007136261e-19
10256.063 3.430107208719714e-19 6.096709223183722e-19
10257.149 1.330275718267603e-18 6.6999716374454105e-19
10258.235 3.374001600183033e-18 7.076502367396969e-19
10259.321 1.5025019059231822e-18 6.927891783667588e-19
10260.407 1.7455135151089613e-18 6.776967432216514e-19
10261.493 2.938110214349718e-20 6.141985816237199e-19
10262.579 -1.2936484955788585e-18 5.807651696523291e-19
10263.665 1.6311476635209845e-18 6.105121848189411e-19
10264.751 -6.242775553339685e-19 6.720817894738371e-19
10265.837 2.3237003615630146e-18 6.896861306119659e-19
10266.923 3.328197380039774e-18 7.6791336050047e-19
10268.009 9.453505981990886e-19 7.803558739269852e-19
10269.095 2.5981164112933155e-18 7.85215888037228e-19
10270.181 -4.1112328566338953e-19 8.542922834931206e-19
10271.267 1.335274615226665e-18 1.081441592495537e-18
10272.353 1.6739572350464455e-18 1.6567579161976143e-18
10273.439 2.1036390363534507e-18 1.5286179072086072e-18
10274.525 1.7715449180619948e-18 1.529471979799813e-18
10275.611 -8.902262997826569e-19 1.380574228820715e-18
10276.697 -1.887155265871383e-18 8.943621381136195e-19
10277.783 4.235467313195032e-19 8.524328149653568e-19
10278.869 1.3107061108779677e-18 7.326368901100009e-19
10279.955 -7.941290744837775e-19 7.957124505565206e-19
10281.041 6.026131515210177e-19 7.95586583879522e-19
10282.127 1.167822478799919e-18 7.107199695236548e-19
10283.213 2.0203868086527797e-18 7.391190760967621e-19
10284.299 7.586651346414198e-19 8.802870682173548e-19
10285.385 -7.859565131634596e-19 1.5710194770784595e-18
10286.471 -2.0988855433787484e-18 2.6867866227020794e-18
10287.557 3.559734295373968e-18 5.256320890877578e-18
10288.643 1.481790458235198e-17 6.4426062820022145e-18
10289.729 9.565055214640221e-18 6.46559489921744e-18
10290.814 -1.4218337444344125e-17 5.751251940982756e-18
10291.9 6.291103329181029e-18 2.9087753430393603e-18
10292.986 -1.2106251967802616e-18 1.139651449525546e-18
10294.072 3.610601630232201e-18 1.2435942221180112e-18
10295.158 6.472700327755734e-19 1.3423706702798652e-18
10296.244 -2.122490802293245e-18 1.9762949757627766e-18
10297.33 -5.802736802527093e-18 3.3393234724559374e-18
10298.416 -2.049042166434225e-18 3.514077380315972e-18
10299.502 4.40733522435103e-18 3.4281289584288514e-18
10300.588 1.8714049965814772e-18 2.890290948931011e-18
10301.674 -1.4583842731682946e-18 1.280999747211235e-18
10302.76 2.2136708376216458e-18 7.32423466689466e-19
10303.846 1.4885510668439017e-18 7.633235909196184e-19
10304.932 3.053905562857366e-19 8.080348855663192e-19
10306.018 -6.857578848635908e-20 8.992246237948026e-19
10307.104 1.4761620163148256e-18 9.529142906072196e-19
10308.19 4.811311513130806e-19 9.378326190753193e-19
10309.276 -4.453241243189333e-19 1.080299544671744e-18
10310.362 -8.473992928038459e-19 1.6325304427598391e-18
10311.448 4.9772004832201494e-18 2.0199768967358743e-18
10312.534 3.891256008437819e-18 2.1117367924476307e-18
10313.62 2.8231538784577038e-18 2.228671309242479e-18
10314.706 1.1930600940578326e-18 1.2855085528384777e-18
10315.792 3.449546613555865e-18 7.025179068452791e-19
10316.878 3.379991830087359e-18 6.466823380468801e-19
10317.964 3.3585141301137624e-18 6.457535303565924e-19
10319.05 9.64444942530452e-19 6.388557675745596e-19
10320.136 1.122841105746613e-18 6.293652087007469e-19
10321.222 6.327247816443682e-19 5.931892307980054e-19
10322.308 1.5735038008168678e-18 5.891577079679881e-19
10323.394 3.846160503294002e-18 6.428193745383283e-19
10324.48 6.981500835149214e-19 6.787585987298602e-19
10325.566 8.181756987858789e-19 7.151444168626783e-19
10326.652 2.3877717684303708e-18 7.6407011186249825e-19
10327.738 1.2447311078432816e-18 1.0647841450645226e-18
10328.824 3.975368859736637e-18 1.1320705762104732e-18
10329.91 1.0854817083525507e-18 1.1539097214221043e-18
10330.995 1.2909704603701647e-19 1.1428083505382576e-18
10332.081 -5.836099252614281e-19 9.70221037863634e-19
10333.167 3.3491456455759653e-18 7.446737890881035e-19
10334.253 1.0845741461574508e-18 6.135414395122527e-19
10335.339 1.6774659348028562e-18 6.296469283344204e-19
10336.425 -5.12182291410695e-19 6.120589560495986e-19
10337.511 1.018938093889702e-18 6.168347170087262e-19
10338.597 1.197614572659265e-18 6.053214059639754e-19
10339.683 7.446681407309273e-19 6.464214824415217e-19
10340.769 1.6807921814860833e-18 9.471697622479338e-19
10341.855 3.1629595513458125e-18 1.187407694894105e-18
10342.941 6.8673835050796e-19 1.2103298409859818e-18
10344.027 9.062765795532225e-19 1.1983732993477385e-18
10345.113 -1.7663188948506833e-19 9.97559530882621e-19
10346.199 1.2745323587922347e-18 8.182477237744423e-19
10347.285 2.210915036358631e-18 1.2534925691492101e-18
10348.371 3.499340251255355e-19 2.4656333474322602e-18
10349.457 2.5516893600142802e-18 2.8942610871650554e-18
10350.543 -4.50769537772493e-18 2.8829014715752426e-18
10351.629 1.2773062916661803e-18 2.6555762603309055e-18
10352.715 1.931852117550974e-18 1.459903381824295e-18
10353.801 9.22099267457931e-19 9.25455718037898e-19
10354.887 1.9871903107893327e-18 1.230088664328692e-18
10355.973 3.068572971357302e-19 1.4324164846256146e-18
10357.059 2.9601970082149815e-18 1.4288640778061286e-18
10358.145 -1.4312860178023825e-18 1.3427252270616503e-18
10359.231 8.278915841154181e-19 9.94258102578565e-19
10360.317 2.64295645305747e-18 6.951914331939692e-19
10361.403 2.401372948970807e-19 6.345213696298544e-19
10362.489 1.989513428201987e-18 6.181690859277585e-19
10363.575 3.0805478663674707e-18 6.73274162054727e-19
10364.661 -7.266161134461263e-20 6.350087709331027e-19
10365.747 1.4972644982354953e-18 6.232622081120994e-19
10366.833 -2.5406420593712675e-19 6.390881496450357e-19
10367.919 7.36933093994656e-20 7.565293553400139e-19
10369.005 1.1957671956223724e-18 6.931043776566649e-19
10370.09 -1.8682844298697345e-18 6.821192810979115e-19
10371.176 1.6899011040411269e-18 7.890726447380563e-19
10372.262 2.0737895978377013e-18 1.0183169595938946e-18
10373.348 -4.619637720139066e-18 2.736273828576027e-18
10374.434 4.21600177530299e-18 5.436681040318328e-18
10375.52 -3.900296495351428e-18 4.999748441501741e-18
10376.606 4.482106410401257e-18 4.923839685342227e-18
10377.692 8.413469133411705e-18 3.475947965140035e-18
10378.778 4.816688625474018e-18 1.1960786542979656e-18
10379.864 1.4560515256996006e-18 7.033195871713102e-19
10380.95 -2.0980749803589242e-19 6.5539307230871095e-19
10382.036 1.3575610325439357e-18 6.455153686251288e-19
10383.122 3.0682530314397724e-18 6.917511701479363e-19
10384.208 1.2758881778072884e-18 6.3224413752378e-19
10385.294 -8.259523483502326e-19 6.373416176513283e-19
10386.38 1.2690734315176616e-18 6.276576562563035e-19
10387.466 1.173331031971811e-18 6.214203439951491e-19
10388.552 8.824890209915666e-19 6.378820577494602e-19
10389.638 2.9643225972080684e-19 6.40682899753918e-19
10390.724 7.32514700611366e-19 6.5806548821042175e-19
10391.81 2.472527305139957e-18 6.79694594647265e-19
10392.896 3.221792116019574e-18 6.779865564014255e-19
10393.982 3.4559470503266637e-18 6.953033743665465e-19
10395.068 2.4939249522153123e-18 7.527045967008786e-19
10396.154 -3.8427252370172846e-21 9.113338276433082e-19
10397.24 3.5838706245040404e-18 2.1034220811476576e-18
10398.326 -2.3120302979823174e-18 3.0983883810219917e-18
10399.412 6.338564694273291e-18 3.1905976012823476e-18
10400.498 5.039749890880475e-18 3.062797198706745e-18
10401.584 5.9243742135406236e-18 1.8893996853908947e-18
10402.67 5.620985359705615e-19 8.017518988503802e-19
10403.756 4.418565002721511e-19 6.866766354607403e-19
10404.842 1.0100550622872722e-18 6.923489781768564e-19
10405.928 2.9796518430550682e-18 7.137071789201639e-19
10407.014 1.2848003702296066e-18 6.680150020144586e-19
10408.1 1.994166624525601e-18 6.852520453835839e-19
10409.186 1.169215270945901e-18 7.460553313461107e-19
10410.271 2.7732604236184274e-18 8.257900903102359e-19
10411.357 7.157858921519831e-19 8.42988465953968e-19
10412.443 -3.5366855058877665e-19 8.461619777858729e-19
10413.529 -2.0754680282553518e-18 7.6587889050307865e-19
10414.615 7.9634437663322495e-19 7.0610301881471e-19
10415.701 -1.6200934175442903e-19 6.952894008513672e-19
10416.787 7.922820860278246e-19 9.207920363886756e-19
10417.873 1.7460849646661363e-19 1.2790264993908163e-18
10418.959 7.284750324203078e-18 3.1199446915516966e-18
10420.045 5.2230619400296974e-18 4.895279936074412e-18
10421.131 -1.2511463191280373e-18 5.303282876949607e-18
10422.217 2.4313932002962423e-18 4.907546943312109e-18
10423.303 1.4881751500342074e-18 3.216050711911761e-18
10424.389 -6.571040803308623e-19 1.3263469370059238e-18
10425.475 8.851201044718821e-19 9.922147015392158e-19
10426.561 -2.210786948623606e-18 9.816105498497385e-19
10427.647 -1.2861810636575912e-18 9.652163744087064e-19
10428.733 -1.0726671261487264e-18 8.484734295427525e-19
10429.819 2.095691381832472e-18 9.788936851646558e-19
10430.905 4.778927444797179e-18 1.0664163958157201e-18
10431.991 1.6304514366146658e-18 1.0770167735851275e-18
10433.077 3.014604256846255e-18 9.750486037237315e-19
10434.163 6.991298407645507e-19 7.926064740240445e-19
10435.249 6.759082278553961e-20 6.461009003126154e-19
10436.335 2.6481652186594713e-19 6.1649705685639745e-19
10437.421 -3.598566366259851e-19 6.039013754766597e-19
10438.507 -2.478078460631443e-19 5.864443100442709e-19
10439.593 4.834311353792576e-19 6.066975010765313e-19
10440.679 2.364291905437659e-18 8.676194833079958e-19
10441.765 6.792497104949246e-19 9.223389247063847e-19
10442.851 1.5746106558054069e-19 6.979245186962358e-19
10443.937 1.5135490022997927e-18 5.99236500808322e-19
10445.023 2.4314786628321292e-18 6.864495115975394e-19
10446.109 1.873364470890843e-18 1.0139694123198376e-18
10447.195 8.9830416925044e-19 7.464613790286084e-19
10448.281 -3.158704330508823e-19 7.61647047365818e-19
10449.367 2.2088000489041203e-19 7.35227982536731e-19
10450.452 2.356828768007495e-18 1.029651621184854e-18
10451.538 5.70158064934125e-18 2.2906089995472772e-18
10452.624 -2.097537221885801e-18 2.7180322944362626e-18
10453.71 1.962049168593009e-18 2.7310266721148095e-18
10454.796 1.8874825879829377e-18 2.4864227613541102e-18
10455.882 -9.093203232121666e-20 1.2885352289289242e-18
10456.968 8.322843767785918e-19 6.634734470947336e-19
10458.054 4.783730415174885e-19 6.202428544304189e-19
10459.14 1.0128852958272398e-18 6.170911310994294e-19
10460.226 1.8693278855696624e-18 6.035686389431285e-19
10461.312 4.029197615186676e-18 5.960197208784898e-19
10462.398 1.3680884331622467e-18 6.179569561088294e-19
10463.484 1.2038084762225577e-18 6.223533657289215e-19
10464.57 4.0493906763741516e-20 6.1902638210140095e-19
10465.656 3.5212973801350325e-18 6.401497076663474e-19
10466.742 9.500713406933713e-19 6.628685645068095e-19
10467.828 -5.413258555760952e-19 7.667924737617637e-19
10468.914 1.2920174704767031e-18 1.4256651623344458e-18
10470.0 -5.744730908019798e-19 3.9402330774649e-18
10471.086 -1.1561903643116158e-17 4.138481480409773e-18
10472.172 9.588105219213999e-18 4.1242255041918496e-18
10473.258 3.399128482013758e-18 3.746232333184007e-18
10474.344 -2.987061290863493e-19 1.7977899059953437e-18
10475.43 9.544073249311481e-19 8.089991845879086e-19
10476.516 2.0179263981173935e-18 7.278220053952509e-19
10477.602 1.1934926303810248e-18 7.746854890146763e-19
10478.688 1.102605757222841e-18 6.985044249993707e-19
10479.774 -1.8852213038320733e-19 6.085937164527417e-19
10480.86 2.4146336231603314e-19 6.264710624901037e-19
10481.946 -2.994704745296913e-18 6.309392993979549e-19
10483.032 1.9447614055895105e-19 6.150446669606301e-19
10484.118 -4.994279664429106e-19 6.39986929922654e-19
10485.204 2.010467172231115e-18 6.257951256918541e-19
10486.29 2.2862229871944238e-18 6.3013412228345985e-19
10487.376 4.446765115214067e-19 7.1689397560231875e-19
10488.462 2.1727086042629863e-18 1.2436890247221215e-18
10489.548 8.421463861354564e-19 9.39514415277238e-19
10490.633 -2.3792959850064568e-18 9.183519410694753e-19
10491.719 1.1391722611607559e-18 8.440382246934403e-19
10492.805 6.331742792218051e-19 6.678139097392274e-19
10493.891 1.6128592444920485e-18 6.191157610139189e-19
10494.977 6.74270691001795e-19 6.308862817320758e-19
10496.063 2.260836794652725e-18 6.390091836095996e-19
10497.149 2.408029249418103e-18 6.470590930860551e-19
10498.235 9.586640534215553e-19 6.866091708893036e-19
10499.321 -9.033709594339965e-19 7.457524925197597e-19
10500.407 7.964306787207765e-19 8.067442939144142e-19
10501.493 1.8671803554929475e-18 8.086995055749856e-19
10502.579 1.886092411470434e-18 7.920754878855796e-19
10503.665 2.249853575608523e-18 7.107822991503868e-19
10504.751 2.170512043804484e-18 6.631166406150183e-19
10505.837 1.9512142995501924e-18 7.104084226613532e-19
10506.923 -6.589914683520423e-19 7.483548863166039e-19
10508.009 2.181799260884528e-18 8.056773362156604e-19
10509.095 3.1562789847591433e-19 1.0410826579915441e-18
10510.181 1.9722350255698824e-18 1.8325319894858737e-18
10511.267 -3.8376036591772843e-19 2.203659652362186e-18
10512.353 1.7137180525240264e-19 2.2312331650550664e-18
10513.439 -3.505089847648844e-19 2.083708746103994e-18
10514.525 3.0302514370878703e-18 1.3824781719742287e-18
10515.611 2.448107227489867e-18 1.0049430568105545e-18
10516.697 2.1016627059402212e-18 9.741204141321992e-19
10517.783 2.0455734521268365e-18 9.43829944818401e-19
10518.869 8.307262743552604e-19 9.188756817649835e-19
10519.955 3.3749675529909238e-18 8.258955000039392e-19
10521.041 1.1932654823995003e-18 7.047903073149153e-19
10522.127 2.3019797582244685e-18 7.005796143637826e-19
10523.213 1.510694146680364e-18 7.125569405883267e-19
10524.299 1.0004135327332681e-18 8.461362299814092e-19
10525.385 2.241210713712654e-18 1.910412873120948e-18
10526.471 -9.350342169744562e-20 2.888181796270387e-18
10527.557 3.8066919131550565e-19 3.0077856639487093e-18
10528.643 -3.1730263138801554e-20 2.8825411462684485e-18
10529.729 3.512063412207351e-18 1.8629265962066477e-18
10530.814 1.9267175528472032e-19 9.861801414499278e-19
10531.9 -1.2953551964101944e-18 6.924018750173703e-19
10532.986 -3.772969814326896e-21 6.233192277714353e-19
10534.072 -4.644609306887973e-19 6.39138212585643e-19
10535.158 6.992137803645627e-19 6.28191054163458e-19
10536.244 -1.6176758313905082e-18 6.705850438372099e-19
10537.33 1.108189501969811e-18 6.21218126061096e-19
10538.416 8.325158637290113e-19 6.321433565204496e-19
10539.502 -5.41065186151156e-19 6.122079783127027e-19
10540.588 -1.6887963492245952e-19 5.999210651530887e-19
10541.674 -2.3621920699254253e-19 5.786521370667319e-19
10542.76 -4.9005016681759226e-20 5.969154093067768e-19
10543.846 6.945432117785868e-19 5.858959474922801e-19
10544.932 -3.7166960456665257e-19 5.890265209148188e-19
10546.018 3.680620960482367e-19 5.840877399946942e-19
10547.104 5.112100464967031e-19 5.940472371883919e-19
10548.19 1.3101171067010555e-18 6.150017954427029e-19
10549.276 1.0998499676043457e-19 5.970625104027462e-19
10550.362 1.3921079831693417e-19 6.101523133045276e-19
10551.448 9.251376832261259e-19 6.140893347403855e-19
10552.534 -8.778705719432784e-19 6.624920058223281e-19
10553.62 1.6617505080626022e-18 7.498323747930381e-19
10554.706 1.8338033537716516e-18 7.761467802341483e-19
10555.792 1.825287176968718e-18 7.729670490763837e-19
10556.878 3.326145580835984e-18 7.114552017532088e-19
10557.964 1.55590240661238e-18 6.089811195247129e-19
10559.05 2.5394890791642086e-19 5.778517452156127e-19
10560.136 9.213163140502965e-19 5.737007843527378e-19
10561.222 -1.5455975608504393e-18 6.319627537578079e-19
10562.308 3.182837217865327e-19 5.660731692430329e-19
10563.394 1.425733210586038e-18 5.676333200537337e-19
10564.48 7.331621913885954e-20 5.656853253552007e-19
10565.566 -5.431690103424912e-19 5.571500700326789e-19
10566.652 3.66952333166955e-19 5.69314053262803e-19
10567.738 -6.646038461044172e-20 6.082109732500765e-19
10568.824 2.2371645200716246e-18 5.781990893091319e-19
10569.91 2.393080986269538e-19 6.022478365401905e-19
10570.995 9.784287909754043e-19 6.163681658785551e-19
10572.081 1.768867873708358e-18 6.684991694554933e-19
10573.167 -2.6180263298992047e-19 1.0100903059786536e-18
10574.253 3.6910135020639255e-20 1.4061099905812979e-18
10575.339 8.268568936891317e-19 1.4407294971874786e-18
10576.425 7.438078114263227e-19 1.3801161228752368e-18
10577.511 2.4978145124689217e-18 1.0083012855941827e-18
10578.597 1.6046346082778786e-18 7.0550573994829025e-19
10579.683 -1.4421527072688545e-18 6.450717745449773e-19
10580.769 9.579184186424367e-19 6.622368684645934e-19
10581.855 4.336992641390003e-19 6.029325413875279e-19
10582.941 1.5351045213679063e-18 5.784488853528338e-19
10584.027 1.38683224952028e-18 5.8319266856789305e-19
10585.113 -5.545457438468256e-19 6.474575736338914e-19
10586.199 -6.304596623257512e-19 1.0598203938271202e-18
10587.285 -6.769835672397961e-19 1.703538333311548e-18
10588.371 1.933293880187906e-18 1.869582475040965e-18
10589.457 3.1252815489119272e-18 1.842404876084662e-18
10590.543 1.0828961131731848e-19 1.4956858041731831e-18
10591.629 6.1918012565573025e-19 9.031189962684913e-19
10592.715 2.264802679292117e-18 6.8693828630313e-19
10593.801 -1.602056024792256e-19 6.31253353596456e-19
10594.887 2.140463805881503e-18 6.0082578385957e-19
10595.973 1.5040946366190613e-18 6.362469131513597e-19
10597.059 7.722855992958161e-19 6.712754991785976e-19
10598.145 1.330883139792296e-18 7.025729792368884e-19
10599.231 -1.3853148759820399e-18 7.517876106534624e-19
10600.317 1.2225701530679492e-18 7.6996265860353495e-19
10601.403 1.8048283846385643e-19 7.319908358836649e-19
10602.489 3.0735187619023915e-19 7.399419955513064e-19
10603.575 6.469953203894915e-19 7.002670201382178e-19
10604.661 3.743074087173772e-19 6.655386118481287e-19
10605.747 2.4784726772195694e-18 6.300843670797252e-19
10606.833 1.7406317962519157e-18 5.944413149237708e-19
10607.919 2.4502363201207464e-18 6.074218730091415e-19
10609.005 8.027154020484826e-19 6.1021479048836055e-19
10610.09 9.731940891999848e-19 5.980793681090453e-19
10611.176 4.809009526529946e-20 6.073143456082188e-19
10612.262 3.956533712633913e-19 6.208122502774184e-19
10613.348 6.636641925553167e-19 6.278750608241809e-19
10614.434 3.054530252924741e-18 6.159317790928225e-19
10615.52 2.8971080087646453e-19 5.982206753675075e-19
10616.606 1.5667358659331767e-19 5.812823803092533e-19
10617.692 1.7408399642544376e-18 5.716227786633321e-19
10618.778 1.7369343955637067e-18 5.845337850270223e-19
10619.864 8.335918051190423e-19 5.808468589819053e-19
10620.95 1.5142625820535821e-18 5.729436935960394e-19
10622.036 1.1984136204668601e-18 5.708545935940503e-19
10623.122 -6.129397078214792e-19 5.908892692500497e-19
10624.208 3.6045523575810822e-19 6.184825119087131e-19
10625.294 2.0117692257012783e-18 6.100215226066214e-19
10626.38 2.388209461161903e-18 5.994503921630883e-19
10627.466 1.417735271389174e-18 6.001818054316241e-19
10628.552 9.857455146134397e-19 5.954583469664408e-19
10629.638 -7.364321503799636e-19 5.916897422708495e-19
10630.724 -3.1157319787788765e-20 5.7780913324049975e-19
10631.81 1.1884742038660614e-18 5.428876737738515e-19
10632.896 2.47765861143283e-18 5.318157687827956e-19
10633.982 2.3898138321925802e-18 5.449747590018415e-19
10635.068 1.1794199050279755e-18 6.2278197947652755e-19
10636.154 -3.247871831394976e-19 6.745226555494294e-19
10637.24 4.1257084963416713e-19 5.793334952129203e-19
10638.326 1.5126013372067838e-18 5.523992261025788e-19
10639.412 1.6588780440912784e-18 5.664651248198626e-19
10640.498 -4.28348520438453e-19 6.313145236058306e-19
10641.584 6.27564005607437e-19 8.228810687918326e-19
10642.67 5.805023130166074e-19 9.763233152930982e-19
10643.756 1.9268723715653616e-18 1.0247495686833065e-18
10644.842 -2.001218484922769e-18 9.670538749254457e-19
10645.928 6.924481694035264e-19 7.242102053456513e-19
10647.014 1.3830648480155276e-18 5.872227148928901e-19
10648.1 4.51472083373776e-19 5.618966960152532e-19
10649.186 1.5913964462862108e-18 5.577161597710626e-19
10650.271 1.8691761918691484e-19 5.419515776661443e-19
10651.357 9.383560287294387e-19 5.831976124736527e-19
10652.443 1.763632016332467e-18 7.320045723478185e-19
10653.529 9.803285160836613e-19 1.0278035239003223e-18
10654.615 1.573778436411104e-18 1.180999385830042e-18
10655.701 2.392753365820707e-18 1.1925914810788438e-18
10656.787 3.8100489608422e-18 1.0338990847731927e-18
10657.873 1.6792058591046062e-18 7.323745396083306e-19
10658.959 1.8883359891862494e-19 5.744929980441278e-19
10660.045 5.051406557065726e-19 5.468214357810411e-19
10661.131 3.4655743391115173e-19 5.663370069497891e-19
10662.217 -3.095673459668935e-19 6.343729703322427e-19
10663.303 2.4308414896381375e-18 5.97353460774521e-19
10664.389 2.317697738031799e-18 5.602028188664578e-19
10665.475 2.2428902530637435e-18 5.521911318814306e-19
10666.561 1.1942577397195811e-18 6.372901108399971e-19
10667.647 -1.2029535321216607e-19 7.573313287424928e-19
10668.733 1.0944222271880484e-18 7.057470963442272e-19
10669.819 1.4942462718216665e-18 6.718728194077221e-19
10670.905 1.210759510313123e-18 6.217878993471617e-19
10671.991 2.076057759081781e-19 5.750816441525437e-19
10673.077 4.581519288298895e-19 5.657025086946128e-19
10674.163 9.858529842883387e-19 5.549126440198354e-19
10675.249 2.4827878850275726e-18 5.63584626900213e-19
10676.335 1.2235964866980475e-18 5.64231588355211e-19
10677.421 -3.7647425161702974e-19 5.612152656329364e-19
10678.507 9.2878546709115e-19 5.625963112797801e-19
10679.593 7.661843570578151e-19 5.59171298270067e-19
10680.679 1.5188401297750225e-18 5.671977576499895e-19
10681.765 1.078586811903315e-18 6.060628195260325e-19
10682.851 2.4086627844688345e-19 6.971824492055726e-19
10683.937 1.5965385606219326e-18 8.196912866525803e-19
10685.023 1.703469927786527e-18 1.0027325636492878e-18
10686.109 1.9895371669452226e-18 1.1491123736771662e-18
10687.195 -2.1451531432168437e-19 1.245801533783359e-18
10688.281 2.8861490129375992e-18 1.380595749135567e-18
10689.367 3.4634614388010273e-18 1.523436892665807e-18
10690.452 1.5257515267144019e-18 1.4893600582908243e-18
10691.538 1.9988181500149206e-18 1.4658843600585022e-18
10692.624 1.3346426518098808e-18 1.4062509050779425e-18
10693.71 2.401520102829216e-18 1.2575226155781063e-18
10694.796 7.570486675198789e-19 1.1287018026575912e-18
10695.882 2.5837843599957787e-18 1.0397021279951953e-18
10696.968 3.1633034754124102e-18 1.0656523595364747e-18
10698.054 4.456411757081501e-18 1.4816738137891235e-18
10699.14 1.607767735500773e-18 1.9429969610002097e-18
10700.226 3.3815444887691448e-18 1.920177078651761e-18
10701.312 1.173348058544679e-18 1.8723028737890993e-18
10702.398 4.6092100505709755e-19 1.3034873287139693e-18
10703.484 1.0276255671619299e-18 1.1238337862807378e-18
10704.57 3.4916967942982376e-19 1.3941849645385005e-18
10705.656 -1.5780413341939895e-19 1.5411171872521756e-18
10706.742 1.4836908936502384e-18 1.492614822866858e-18
10707.828 1.150735235972167e-18 1.3538257960732436e-18
10708.914 5.439689667740076e-19 8.850098249591912e-19
10710.0 6.884343424210188e-19 7.755572226175104e-19
10711.086 2.22994879583949e-18 1.2253923495381882e-18
10712.172 -1.431529693542472e-18 2.547799931657203e-18
10713.258 -1.0788454890267666e-18 2.8684983131245837e-18
10714.344 -2.1101529134719496e-18 2.8786413320700966e-18
10715.43 -2.354843119899439e-18 2.3637504052504035e-18
10716.516 -8.547536931533616e-19 1.4323546671846859e-18
10717.602 3.1924148763645417e-18 1.1740723208771151e-18
10718.688 2.9603951889576085e-18 1.1488328884508709e-18
10719.774 1.649413405857898e-18 1.0781361367017575e-18
10720.86 4.336136230115089e-19 1.299946685646038e-18
10721.946 -6.899020681743361e-19 1.8881147531645052e-18
10723.032 -1.7024189227594951e-18 2.037718806367073e-18
10724.118 3.225946471010864e-18 2.0661447380156816e-18
10725.204 3.3702875012969806e-18 1.7331124074234179e-18
10726.29 4.1795693997415187e-19 1.146559196532705e-18
10727.376 8.338059850860527e-19 1.014669694017094e-18
10728.462 -4.1473552617046934e-19 1.2459448225648105e-18
10729.548 -3.216961845261069e-18 2.3533127645638502e-18
10730.633 7.446800556046905e-19 3.764537838443646e-18
10731.719 6.087667056653155e-18 3.8415519169363224e-18
10732.805 -2.6715043344975496e-18 3.696521912389913e-18
10733.891 -4.0573157051084617e-19 2.050300853825937e-18
10734.977 4.106513324780163e-19 8.364553751011586e-19
10736.063 1.3872391936190179e-18 6.72042179875492e-19
10737.149 -1.2774394073949077e-19 7.730819727513191e-19
10738.235 -2.1090496499336853e-18 8.93776234134879e-19
10739.321 -1.2424254283261004e-18 9.033773001239714e-19
10740.407 -1.160175038231943e-18 9.023013775355015e-19
10741.493 1.6182797041242112e-18 8.13141156777056e-19
10742.579 8.078271068432992e-19 8.029676550869535e-19
10743.665 -1.5127916666917713e-18 1.2327978049583464e-18
10744.751 -1.517369198290489e-18 2.3549966274370576e-18
10745.837 -9.919807562941518e-19 2.613323660527056e-18
10746.923 -2.057254785463457e-19 2.599665586877189e-18
10748.009 2.336704290354952e-19 1.967417632889589e-18
10749.095 1.1910272820116734e-18 1.0345598002758426e-18
10750.181 1.4132218266144582e-18 9.607918643464302e-19
10751.267 -1.3420344443074606e-18 1.6194665082786834e-18
10752.353 -1.6823716345753726e-19 3.71773652291344e-18
10753.439 9.81207456312501e-18 4.719527663035827e-18
10754.525 6.138080037941214e-18 4.556392290010672e-18
10755.611 -1.0554774377287643e-19 3.420064801257297e-18
10756.697 5.996491791905186e-19 1.1549008994055253e-18
10757.783 -1.160561352500417e-19 7.187894476022712e-19
10758.869 1.8611040505449587e-18 6.749682764408468e-19
10759.955 9.96154486816089e-19 7.683500520289752e-19
10761.041 -3.5798608065488826e-19 7.886170081416903e-19
10762.127 1.452532945411965e-18 6.773906946649519e-19
10763.213 -1.2819417890267647e-18 7.415656165486236e-19
10764.299 7.455412778486502e-19 8.5032739854807e-19
10765.385 2.9809676089927646e-18 8.689166074891414e-19
10766.471 1.238127554449557e-18 8.562586321533457e-19
10767.557 1.948612550430285e-18 7.531289444097366e-19
10768.643 7.594057181543532e-19 6.563989494674598e-19
10769.729 1.9047624412255283e-18 6.631152626467515e-19
10770.814 -5.252831726059489e-19 6.73143573097894e-19
10771.9 8.623604064076055e-19 8.705106097993706e-19
10772.986 4.242710758950927e-18 1.7176848461836557e-18
10774.072 3.9343430103069135e-18 2.556501736337181e-18
10775.158 1.441478749405886e-18 2.6010643163700944e-18
10776.244 5.4743236948028476e-18 2.4863340696994193e-18
10777.33 6.929473790108162e-18 1.3868059549257967e-18
10778.416 1.8352024384824087e-18 7.215253847990201e-19
10779.502 4.788682466829399e-19 6.279825855117947e-19
10780.588 1.4216325621905965e-18 6.279897356018903e-19
10781.674 1.3631846404226373e-18 6.371877605145366e-19
10782.76 1.6183495978626952e-18 6.565731213459024e-19
10783.846 8.489457932061125e-19 6.503176265995871e-19
10784.932 -2.2987333753304555e-19 6.331174774155275e-19
10786.018 3.0411794999072226e-18 6.230656465360215e-19
10787.104 8.619218859301096e-19 6.034341826580028e-19
10788.19 3.2195626108968366e-19 5.948599219798636e-19
10789.276 1.6521536162485094e-20 5.860851553110807e-19
10790.362 -1.8091577168609435e-18 5.986228141386703e-19
10791.448 1.5894246711039476e-18 5.833289494164045e-19
10792.534 1.8694576673109857e-18 6.107649191429767e-19
10793.62 1.2801371289598098e-18 7.167522629463327e-19
10794.706 2.8671173532306873e-19 8.493725647665712e-19
10795.792 1.03562133257616e-18 9.195808931112358e-19
10796.878 -8.173819053681686e-19 9.111942633424312e-19
10797.964 6.107518055579662e-20 8.176853030162115e-19
10799.05 -4.3016022280154507e-19 6.827239756410768e-19
10800.136 4.293272592666056e-19 6.021974082113118e-19
10801.222 1.5885315482885115e-18 6.360114927629678e-19
10802.308 5.358715273492131e-19 7.385444804602534e-19
10803.394 4.697517973303787e-20 8.055915805416401e-19
10804.48 -8.571717570219615e-19 8.292925680548294e-19
10805.566 5.916018200928989e-19 7.974448408843332e-19
10806.652 -8.609248821174785e-19 6.980243298440161e-19
10807.738 -1.9653894069630584e-19 6.181827952791483e-19
10808.824 5.881021001821416e-19 6.111225280321939e-19
10809.91 5.556359351394488e-19 6.269624005889715e-19
10810.995 2.7072148583848206e-18 6.655668741389997e-19
10812.081 2.302812212778921e-18 6.650621926886101e-19
10813.167 3.665672939715768e-18 6.522908768032144e-19
10814.253 1.2214740667739683e-18 6.592522195062522e-19
10815.339 -7.921369765638807e-19 6.350670129115272e-19
10816.425 -1.066937183014373e-18 6.209166030651401e-19
10817.511 -2.510730384709824e-19 6.106519481413976e-19
10818.597 8.678573388334138e-19 5.937910359823675e-19
10819.683 1.5547462949866376e-18 5.9064542834110555e-19
10820.769 1.9966975539418087e-18 5.88863077503689e-19
10821.855 3.2910303081304274e-18 5.7628423525240345e-19
10822.941 7.97577531901535e-19 5.7169362931870265e-19
10824.027 1.0168144589160007e-18 5.795427417538256e-19
10825.113 1.0283674059652257e-18 5.791754760200344e-19
10826.199 9.503216859139572e-19 5.899672908162474e-19
10827.285 3.63211999268265e-18 6.111021322874929e-19
10828.371 6.931280608616486e-19 6.683901999771556e-19
10829.457 9.019288787027927e-19 1.0322448720696581e-18
10830.543 -9.849679311971998e-21 1.9792811976530757e-18
10831.629 4.042523889113072e-18 3.568382781042503e-18
10832.715 6.255189427942058e-18 6.1122663366420586e-18
10833.801 4.764453592859599e-18 6.7808429411413776e-18
10834.887 1.7690016300797223e-17 6.6087141156269284e-18
10835.973 1.2115414985504792e-17 5.4456990183662064e-18
10837.059 -6.35292447377038e-19 1.817304221859235e-18
10838.145 4.522524867584106e-19 1.0896509008355925e-18
10839.231 2.3784631950025964e-20 1.2204114468740123e-18
10840.317 -6.785160502098961e-19 1.2896828057199549e-18
10841.403 1.4411772752552078e-18 1.4989662526742107e-18
10842.489 -6.319616342457525e-18 2.635707572442221e-18
10843.575 2.346652981039162e-18 3.7478532247964765e-18
10844.661 1.0211768090432603e-18 3.835272620857786e-18
10845.747 4.512922767735203e-18 3.712549363582108e-18
10846.833 1.5945004600203113e-18 2.4053835296207158e-18
10847.919 4.465326921378612e-19 8.55446479325726e-19
10849.005 1.6153820362241972e-18 6.529212724076392e-19
10850.09 7.794482905341939e-19 6.258026399612761e-19
10851.176 1.6646141152283892e-18 6.07037016303149e-19
10852.262 -6.437593139046283e-20 7.0496220000377745e-19
10853.348 -7.720999712152495e-19 8.32392023491655e-19
10854.434 1.595770833819694e-19 8.803162185413158e-19
10855.52 4.949080596984094e-19 9.988432814420941e-19
10856.606 -4.552716460770229e-18 1.2080930088591632e-18
10857.692 -1.0586498037708619e-19 1.7575969212342767e-18
10858.778 -6.729589700713442e-19 2.1650122604923602e-18
10859.864 6.972720013390408e-19 2.468694311035494e-18
10860.95 2.248563649685825e-18 2.2616095364403448e-18
10862.036 2.9421215402851984e-18 1.3330328963428145e-18
10863.122 5.168751285792237e-19 7.325010211867741e-19
10864.208 5.866361474949966e-19 6.258286604623354e-19
10865.294 6.985426742167641e-19 5.640147240162425e-19
10866.38 -5.391968809985814e-19 5.491405511392127e-19
10867.466 7.071259286327468e-19 5.486700982557172e-19
10868.552 3.0410181062376575e-18 6.898670053787203e-19
10869.638 1.9974154742323146e-18 5.32856529018335e-19
10870.724 7.961234587716143e-19 5.454448022824762e-19
10871.81 -3.0361545596542307e-19 6.119498310618675e-19
10872.896 4.1110390117314095e-19 6.672453928436254e-19
10873.982 2.7039411918044824e-18 7.320834205633763e-19
10875.068 3.72597779353051e-18 7.989913024197112e-19
10876.154 1.1685043344193576e-18 1.0054194035223311e-18
10877.24 2.527462041775704e-18 1.2043513794068834e-18
10878.326 6.5968738434739385e-19 1.3786527013406978e-18
10879.412 2.8916558187647877e-18 1.4406970646178883e-18
10880.498 4.6714824389704255e-19 1.289536707155165e-18
10881.584 1.7649456043108536e-18 9.964324277803685e-19
10882.67 7.785936193632386e-19 6.390592981901421e-19
10883.756 6.914022387576395e-19 6.3782155384308805e-19
10884.842 1.9155201899616447e-18 6.408929709219999e-19
10885.928 9.508055833036939e-19 7.061296058439844e-19
10887.014 -1.6010458949725437e-18 7.608089050706124e-19
10888.1 -1.7225933481149535e-18 7.43902097355088e-19
10889.186 1.3692017031232308e-18 6.652879154051007e-19
10890.271 1.4384232132022786e-18 5.702295890875477e-19
10891.357 3.007649160390681e-18 5.581128968467281e-19
10892.443 1.2504589649124284e-18 5.467853844826679e-19
10893.529 2.006117827300922e-18 5.527526032104423e-19
10894.615 2.6053673009004844e-18 5.947083401602429e-19
10895.701 1.210701939221412e-18 9.772170866590077e-19
10896.787 4.7392824785556706e-18 2.3908954147284148e-18
10897.873 4.055506501797482e-19 3.0489045613245655e-18
10898.959 -7.819193334063366e-19 3.0698914856720565e-18
10900.045 -8.6282333608094e-18 2.8875742792407705e-18
10901.131 -3.809396153214086e-18 1.5751150020601967e-18
10902.217 2.418451921205905e-18 8.203208990548111e-19
10903.303 9.4452086830475e-19 8.170302909549637e-19
10904.389 1.1350410187875517e-18 9.502052792545815e-19
10905.475 1.4693024251773407e-18 8.258192365584751e-19
10906.561 2.080504675111971e-18 7.521739825710504e-19
10907.647 1.620860516414715e-18 5.796312371797816e-19
10908.733 -6.069698413278759e-19 5.690163434992328e-19
10909.819 7.41285209825523e-19 5.573112684787484e-19
10910.905 2.4564850403033512e-18 5.586599785442073e-19
10911.991 2.54130724622672e-18 5.578254120325805e-19
10913.077 -2.187861663485107e-19 5.472564469071045e-19
10914.163 1.2283976477746127e-18 5.388032170655947e-19
10915.249 1.096953526858274e-19 5.296164990509759e-19
10916.335 -1.4373576770711272e-18 5.495297592477728e-19
10917.421 -1.5583947641845256e-18 7.807094878173827e-19
10918.507 2.409265275039239e-19 7.587123504635912e-19
10919.593 7.600673221016912e-19 6.219820180269916e-19
10920.679 1.3566873500121803e-19 6.333784243658058e-19
10921.765 -3.9780654997785685e-19 6.875775680431442e-19
10922.851 -2.172802365619213e-18 9.349985914328807e-19
10923.937 -2.1536062247745104e-18 2.5893338013662166e-18
10925.023 -7.787256811063655e-19 5.363879955678916e-18
10926.109 -1.1701132196715002e-18 5.864204812101204e-18
10927.195 3.1903738626488278e-18 5.718684943872171e-18
10928.281 2.9418762688638407e-18 4.277194798161861e-18
10929.367 -1.6271898573307886e-18 1.5339083751302485e-18
10930.452 3.0958208684847267e-18 7.710667991678345e-19
10931.538 3.1194795763373914e-19 6.811194406391041e-19
10932.624 6.174964879666833e-19 6.723496165408783e-19
10933.71 1.5081810782516613e-19 6.284592525729426e-19
10934.796 -4.652307644937082e-20 6.1822661504500285e-19
10935.882 1.3079375062363133e-18 6.22650387534064e-19
10936.968 -1.5457551646128266e-18 6.083745468529261e-19
10938.054 8.947564757258907e-19 5.736352359891152e-19
10939.14 -7.510824504216547e-19 5.615585120625429e-19
10940.226 -1.3542287584580797e-18 5.736283065770729e-19
10941.312 4.928023577863468e-19 6.001567005371832e-19
10942.398 1.1128497020071837e-18 5.947352574031123e-19
10943.484 1.2340718402432869e-18 6.001235456959756e-19
10944.57 1.988471285263584e-18 5.754019890788138e-19
10945.656 -5.172979383907018e-20 5.939071607932631e-19
10946.742 -1.4544914557612524e-18 5.985387580292219e-19
10947.828 4.752917475345975e-19 7.307773462331328e-19
10948.914 3.4850336323727336e-18 1.8566833930353946e-18
10950.0 9.873031201986742e-18 3.4667390127864427e-18
10951.086 5.624684401512158e-18 3.61095790185944e-18
10952.172 5.9096423357715446e-18 3.559756969917664e-18
10953.258 6.869697488418077e-18 2.668918933661569e-18
10954.344 6.665147933882699e-18 1.094548877208431e-18
10955.43 8.108235174574752e-18 7.113518238715109e-19
10956.516 5.4207585482013595e-18 6.253707001670658e-19
10957.602 4.042036587897887e-18 5.66049955886465e-19
10958.688 2.120572229595652e-18 5.579233131217053e-19
10959.774 1.302033473521645e-18 5.534891552968593e-19
10960.86 1.614841755482945e-18 5.639444729926274e-19
10961.946 6.235299755357439e-19 5.78140944404632e-19
10963.032 -3.944778166346442e-19 5.972502992959048e-19
10964.118 -5.221526647070247e-19 6.395163932236456e-19
10965.204 -1.077715999868254e-18 6.62848736788992e-19
10966.29 -8.85382648325547e-19 7.053491977686417e-19
10967.376 -1.5893023258286915e-18 7.807070225169508e-19
10968.462 -1.0654016126938952e-18 8.58543800270558e-19
10969.548 1.7437102340025147e-18 9.33774962006371e-19
10970.633 1.3987142228340262e-18 9.35205324828034e-19
10971.719 -1.8024155201076853e-18 1.0981576504017044e-18
10972.805 -3.258079926179102e-18 3.3968317071504914e-18
10973.891 9.14089376532616e-19 6.737970289535094e-18
10974.977 -1.4604351778369032e-18 6.181550008946434e-18
10976.063 -2.5504483311704854e-19 6.111738313135504e-18
10977.149 -1.5060676283064377e-18 4.6837272901165785e-18
10978.235 -1.5751545415056064e-18 1.8724045340209838e-18
10979.321 8.407255612513019e-19 9.13671731735862e-19
10980.407 1.1605302544894095e-18 7.630840782817317e-19
10981.493 -1.0825576177257672e-18 7.084265555158496e-19
10982.579 -2.011699925645024e-19 6.690404440545465e-19
10983.665 2.099834010776527e-18 7.470972603791013e-19
10984.751 3.375181704026774e-19 9.775524785621537e-19
10985.837 1.936558728032506e-18 9.953946493200798e-19
10986.923 1.230842513617368e-18 9.714724958935292e-19
10988.009 2.690822559523171e-18 8.396473929392665e-19
10989.095 3.249849724427713e-18 6.34332148326632e-19
10990.181 3.5500736298031445e-18 5.861994258019337e-19
10991.267 2.935120529177378e-18 6.103051209528544e-19
10992.353 8.221739669746316e-19 5.738444412009976e-19
10993.439 2.2789516722942565e-18 5.913542952010942e-19
10994.525 -1.08866435787415e-19 6.16717139033976e-19
10995.611 1.962463425510622e-18 6.135241952630257e-19
10996.697 1.5716337158344096e-18 5.897970933972126e-19
10997.783 1.3879817524867258e-18 6.009685520672614e-19
10998.869 4.868228152640278e-19 5.854704916851012e-19
10999.955 1.2393393424140743e-18 5.87847179039418e-19
11001.041 3.0305000615853495e-18 6.15523065169705e-19
11002.127 2.056251407910931e-18 6.51736813092718e-19
11003.213 1.0436602927053902e-18 6.459998921393538e-19
11004.299 2.934252486502433e-18 6.691271949229782e-19
11005.385 -4.214358187473443e-19 6.97975722292914e-19
11006.471 1.1914059559298176e-18 1.4224346087116875e-18
11007.557 1.0880192920394264e-18 2.822566929943227e-18
11008.643 2.1456893819457258e-18 3.3331416594701342e-18
11009.729 -2.352797785252888e-19 3.385036341951562e-18
11010.814 -3.0330987254646743e-18 2.973469683834437e-18
11011.9 1.4290963485728475e-20 1.44661485845634e-18
11012.986 1.5868730452885684e-18 7.223790864068174e-19
11014.072 -2.012053970790348e-19 6.276351354943453e-19
11015.158 -3.0013718818110016e-19 6.132381512363373e-19
11016.244 1.368717594192819e-18 5.949817375528768e-19
11017.33 1.5076691732678154e-19 5.801432260190974e-19
11018.416 2.8364019128751532e-18 5.73171629743568e-19
11019.502 5.669643895550292e-19 5.803965452397772e-19
11020.588 1.4793071269479057e-18 5.799746141579728e-19
11021.674 -4.434465273589555e-19 6.040519954571696e-19
11022.76 -1.746225032877728e-19 5.99214605604092e-19
11023.846 1.612389821397726e-18 6.146057508744749e-19
11024.932 -9.590459578945187e-19 6.38538941019263e-19
11026.018 -8.943927635694456e-19 7.710391417403635e-19
11027.104 -3.3221789870613116e-18 2.1352451359687667e-18
11028.19 -1.92970584117334e-18 4.53080413653143e-18
11029.276 1.1301932674049771e-18 5.0290151381642755e-18
11030.362 9.848523806549267e-18 5.074143778918593e-18
11031.448 5.584272452277522e-18 4.26852126306654e-18
11032.534 5.0044781712416095e-18 1.929522332436752e-18
11033.62 8.119701040633806e-19 8.290991608717805e-19
11034.706 -1.133647074251091e-18 6.266966807775363e-19
11035.792 -5.852047029045374e-19 6.144439611295151e-19
11036.878 2.789425120145298e-20 6.169449661514025e-19
11037.964 -9.03478283873733e-19 6.345278918255542e-19
11039.05 -5.443159357379264e-19 6.781644643968946e-19
11040.136 1.9308875036710846e-18 6.924114366447955e-19
11041.222 -1.0242524876084513e-19 7.017250032803707e-19
11042.308 -4.557926778539618e-19 6.950801025431307e-19
11043.394 2.5511728897715852e-18 6.898661096786567e-19
11044.48 2.1114040775877635e-18 6.403769063404505e-19
11045.566 1.6697840760845029e-18 6.089037008147835e-19
11046.652 1.6300562191925753e-18 5.9831202281809485e-19
11047.738 2.83674662213425e-19 5.66012887722086e-19
11048.824 1.001196253335956e-19 6.810398619686163e-19
11049.91 7.072298253314944e-19 6.562576170005678e-19
11050.995 1.0462992966097836e-18 5.570410391296737e-19
11052.081 1.2314344994030953e-18 8.007545274830643e-19
11053.167 -3.4037234352913792e-18 9.232993283548797e-19
11054.253 2.199466502815432e-18 9.67875420297227e-19
11055.339 1.627590002081872e-19 9.63875903560303e-19
11056.425 -1.6374494566889848e-18 8.376372413545763e-19
11057.511 6.722408803718085e-19 6.638263315610748e-19
11058.597 3.518336203884572e-18 6.495054785653378e-19
11059.683 3.7575199485196866e-18 6.465586114465484e-19
11060.769 3.343005579003106e-19 5.994413372277115e-19
11061.855 2.113269111726665e-18 6.705335481616683e-19
11062.941 1.1527534741037928e-18 7.004443588630797e-19
11064.027 1.9010446587448102e-19 7.318153703179115e-19
11065.113 6.544798176915603e-19 7.195998849474457e-19
11066.199 2.0723587791739683e-18 6.744118140068496e-19
11067.285 9.453199038460564e-19 6.584537316699433e-19
11068.371 -1.1890847310166904e-18 7.093665936736623e-19
11069.457 2.6354179824068086e-18 9.456838649636273e-19
11070.543 2.2251690505869174e-18 2.020006558659426e-18
11071.629 3.2472126435309043e-19 2.493598880026179e-18
11072.715 8.419570357543918e-19 2.492641202811823e-18
11073.801 -8.697721931488176e-19 2.2754622411263123e-18
11074.887 2.2028243881883836e-18 1.3085602463126052e-18
11075.973 6.752793487631588e-19 6.85230432397614e-19
11077.059 -1.8524501079967763e-18 5.667855522218179e-19
11078.145 4.932502840034589e-19 5.606193942242862e-19
11079.231 1.955340222008151e-18 5.135460875468979e-19
11080.317 2.6041349598423193e-18 5.544772971026823e-19
11081.403 1.3463794590990508e-18 6.608963685777197e-19
11082.489 2.552780097265523e-18 8.831202886562105e-19
11083.575 2.380743843131851e-18 9.367734395950403e-19
11084.661 6.897674957482057e-19 9.48298584491077e-19
11085.747 1.414310046810849e-19 9.158070432951411e-19
11086.833 9.792226645682474e-19 1.1087985012422982e-18
11087.919 7.059606973548568e-18 2.5813615789656032e-18
11089.005 1.9893681214548136e-19 3.4893880272618825e-18
11090.09 3.7012363599965895e-18 3.534599325060783e-18
11091.176 5.182931175943772e-18 3.3409342216257625e-18
11092.262 -3.1469296362463225e-18 2.147794074967007e-18
11093.348 -2.4785385762811147e-18 1.032827548397482e-18
11094.434 3.9763198087014186e-19 7.342246546672433e-19
11095.52 3.666235705134397e-19 5.35560748328437e-19
11096.606 1.533003963088993e-18 5.494462332217297e-19
11097.692 1.15424826582872e-18 5.403644966783882e-19
11098.778 1.5708119468340848e-18 5.217352627804319e-19
11099.864 8.405378810059961e-19 5.219731462314069e-19
11100.95 2.7172041784088128e-18 5.230782470574339e-19
11102.036 2.123474128884653e-18 5.402119961148666e-19
11103.122 3.57352269433232e-18 5.444052035313329e-19
11104.208 2.7444188489229163e-18 5.502487911587476e-19
11105.294 -1.4047144579350614e-19 5.762053731633777e-19
11106.38 1.6356197167181874e-18 5.92541808679918e-19
11107.466 6.697489079357316e-19 6.079648756678225e-19
11108.552 2.5091319817548365e-18 6.249025801948842e-19
11109.638 7.834156098891717e-19 6.158804471999708e-19
11110.724 1.5179818393702894e-18 5.883487925436569e-19
11111.81 2.1286699060203484e-18 5.946640957283721e-19
11112.896 -2.6056711618921106e-19 5.603227595372296e-19
11113.982 2.9323721749518784e-18 5.495701932408989e-19
11115.068 4.582261467313437e-19 5.659722497823374e-19
11116.154 2.380231662463471e-18 5.640123041299484e-19
11117.24 -2.0609096349343911e-19 5.502637505382301e-19
11118.326 4.367815629621456e-19 5.564196757676012e-19
11119.412 7.286303280674413e-20 5.731939793504243e-19
11120.498 -1.3221828097028604e-19 5.529952092317167e-19
11121.584 1.509796628405543e-18 6.515051380649076e-19
11122.67 3.589831275817883e-18 7.562174898219044e-19
11123.756 -1.5836288271545505e-18 7.755449476834664e-19
11124.842 1.5429237465566752e-18 7.513423448586022e-19
11125.928 3.3181653579646076e-18 6.7176384876729435e-19
11127.014 8.842463796099587e-19 6.013666252984428e-19
11128.1 3.751334581435915e-20 5.208131974918706e-19
11129.186 8.69908792998709e-19 5.522706654188766e-19
11130.271 2.654416242983196e-18 7.2215646537819e-19
11131.357 -2.454426039439733e-19 5.719516322780528e-19
11132.443 4.0470800633009584e-19 5.682196416201001e-19
11133.529 1.3177040432118497e-18 5.835913010655707e-19
11134.615 1.6352242870218128e-18 5.482693124202073e-19
11135.701 -1.196752229454311e-18 5.688574198635055e-19
11136.787 -6.050271526954638e-19 6.183777102853583e-19
11137.873 9.726999526340559e-19 7.963199605859644e-19
11138.959 2.563052396681948e-18 1.5140440107355386e-18
11140.045 8.487561659801926e-19 1.7921324513472442e-18
11141.131 -1.2543765512147995e-18 1.771068886999347e-18
11142.217 3.8984409757059673e-19 1.6377464936150563e-18
11143.303 -1.2474035301064768e-18 1.0712261342421236e-18
11144.389 -1.5225725343598965e-20 6.5513223184535825e-19
11145.475 5.192674728590916e-19 5.561838148028183e-19
11146.561 -1.6450709728380806e-19 5.786202432659893e-19
11147.647 1.4294828008413226e-18 5.79670914786259e-19
11148.733 1.4888023931880744e-18 6.160651841982243e-19
11149.819 5.3511355110171564e-20 6.565097669514844e-19
11150.905 -7.9050439896292e-19 7.580777479283322e-19
11151.991 7.928133110580679e-19 8.209423137380821e-19
11153.077 3.7052439081805043e-19 1.1105452625315122e-18
11154.163 -2.900235883293572e-18 2.122475070899494e-18
11155.249 1.4948403968893213e-18 2.631111848680441e-18
11156.335 5.475933600410423e-18 2.612485621115881e-18
11157.421 -9.75539635938214e-19 2.2555573413801483e-18
11158.507 -4.6159820463474874e-18 1.4240151352908787e-18
11159.593 -1.5389346386343454e-18 8.101825328572427e-19
11160.679 -3.881854759718246e-19 6.648842837039582e-19
11161.765 7.237355716121026e-20 7.081655152322788e-19
11162.851 5.288254558202446e-19 9.108057549470624e-19
11163.937 -2.0901278697365754e-18 1.2306877445770698e-18
11165.023 2.8859710300387656e-20 1.6311720770212902e-18
11166.109 2.070399612496872e-18 1.229880653694874e-18
11167.195 2.7626459637307225e-18 1.1430866332186454e-18
11168.281 -1.2829693245103918e-18 1.0588404802857654e-18
11169.367 3.730956110711259e-19 9.91636733658759e-19
11170.452 -8.246741008001411e-19 9.489104861379198e-19
11171.538 8.786505875349867e-19 9.945408223835137e-19
11172.624 -5.68020950385874e-20 9.371956195616836e-19
11173.71 1.98883097356264e-18 8.592883615645715e-19
11174.796 3.734685202499767e-19 7.612762054143364e-19
11175.882 2.422649096101341e-18 6.770275146021272e-19
11176.968 1.5736467094984748e-18 6.390914988925493e-19
11178.054 -8.656269330492119e-19 5.575600850356583e-19
11179.14 -3.999575221830198e-19 5.788344248533807e-19
11180.226 -1.3272434347120945e-18 6.133216450168566e-19
11181.312 -1.2259976918961528e-19 6.352012736727107e-19
11182.398 -1.8187337922300016e-19 7.259432928628071e-19
11183.484 -2.4370350257960795e-18 7.897095155600364e-19
11184.57 -1.3989060619306183e-20 7.317156011586115e-19
11185.656 -1.159398931477857e-18 6.555959853918772e-19
11186.742 5.665359861544546e-19 6.624448398283999e-19
11187.828 6.382456451300147e-19 7.788247606413631e-19
11188.914 -3.9864730869616585e-18 8.969876116133369e-19
11190.0 -6.360407118712574e-19 8.794401107577629e-19
11191.086 -1.870723105625455e-18 8.195806707972171e-19
11192.172 2.190815472380577e-18 8.30407997158061e-19
11193.258 1.720904408785284e-18 8.330731380128646e-19
11194.344 -1.9658475951364914e-19 7.782355382875892e-19
11195.43 -1.0215131110151627e-18 7.154053717827556e-19
11196.516 2.5399839516450417e-19 6.377238854754517e-19
11197.602 3.952203538188817e-18 6.96198436540121e-19
11198.688 2.7734126798187813e-18 7.067699959431642e-19
11199.774 2.1877102892263026e-18 7.153533249824055e-19
11200.86 3.812625870697951e-18 7.467615781655341e-19
11201.946 2.6150202347519077e-18 8.142739992032249e-19
11203.032 -5.206000165878403e-18 1.0035183710602705e-18
11204.118 -6.494051195804989e-19 8.883247739763134e-19
11205.204 -5.445234964832171e-19 6.926121298605077e-19
11206.29 -1.070451387114383e-18 7.248815752632078e-19
11207.376 3.703941848878068e-18 7.756569823655849e-19
11208.462 3.26564005874341e-18 8.379035213115539e-19
11209.548 2.559135411245838e-18 8.89507660002417e-19
11210.633 -1.7864564613804252e-19 9.240446100535108e-19
11211.719 4.344513255809907e-18 1.1011310580836183e-18
11212.805 3.08140802392287e-18 1.4938090439923134e-18
11213.891 2.302353910380603e-18 1.6913869337561783e-18
11214.977 6.521352229366608e-18 1.4011080040221172e-18
11216.063 4.632765439142355e-18 1.2599260546338494e-18
11217.149 -2.5986485247604564e-18 1.1904452652909172e-18
11218.235 1.669134155727758e-18 1.142338576926155e-18
11219.321 1.9328660504375584e-18 1.2159535546077729e-18
11220.407 4.5563900015019736e-18 1.1842171833079689e-18
11221.493 2.5070960675049065e-18 1.4106984008774025e-18
11222.579 4.000440184976441e-18 1.9278928639507363e-18
11223.665 1.2965614892249412e-18 1.4150967189215843e-18
11224.751 1.0881627230439148e-19 1.3710680882177567e-18
11225.837 -2.9374615789534433e-18 2.0621843987314557e-18
11226.923 -3.191074973191768e-18 2.3582134080064107e-18
11228.009 3.1923876621823556e-19 2.0911704544118456e-18
11229.095 -2.208244748906594e-18 1.6454812799987452e-18
11230.181 -7.162924368512767e-19 1.1991884793706404e-18
11231.267 4.243625307984022e-18 8.970641491624255e-19
11232.353 3.6912382192563693e-19 8.112753190862406e-19
11233.439 1.802617413714802e-18 8.637925452484169e-19
11234.525 2.4051113437284544e-18 1.0990041979366687e-18
11235.611 7.281780486115874e-18 1.398053724295197e-18
11236.697 2.8259998626046845e-18 1.3890590132808535e-18
11237.783 2.6426180678947153e-18 1.151098101428537e-18
