lambda f_lambda fErr_lambda
9139.469999999797 3.540288057204387e-18 0.0
9140.569999999798 3.540288057204387e-18 0.0
9141.669999999798 3.540288057204387e-18 0.0
9142.769999999799 3.540288057204387e-18 0.0
9143.869999999799 3.540288057204387e-18 0.0
9144.9699999998 3.540288057204387e-18 0.0
9146.0699999998 3.540288057204387e-18 0.0
9147.1699999998 3.540288057204387e-18 0.0
9148.2699999998 3.540288057204387e-18 0.0
9149.3699999998 3.540288057204387e-18 0.0
9150.469999999801 3.540288057204387e-18 0.0
9151.569999999801 3.540288057204387e-18 0.0
9152.669999999802 3.540288057204387e-18 0.0
9153.769999999802 3.540288057204387e-18 0.0
9154.869999999803 3.540288057204387e-18 0.0
9155.969999999803 3.540288057204387e-18 0.0
9157.069999999803 3.540288057204387e-18 0.0
9158.169999999804 3.540288057204387e-18 0.0
9159.269999999804 3.540288057204387e-18 0.0
9160.369999999804 3.540288057204387e-18 0.0
9161.469999999805 3.540288057204387e-18 0.0
9162.569999999805 3.540288057204387e-18 0.0
9163.669999999805 3.540288057204387e-18 0.0
9164.769999999806 3.540288057204387e-18 0.0
9165.869999999806 3.540288057204387e-18 0.0
9166.969999999807 3.540288057204387e-18 0.0
9168.069999999807 3.540288057204387e-18 0.0
9169.169999999807 3.540288057204387e-18 0.0
9170.269999999808 3.540288057204387e-18 0.0
9171.369999999808 3.540288057204387e-18 0.0
9172.469999999808 3.540288057204387e-18 0.0
9173.569999999809 3.540288057204387e-18 0.0
9174.669999999809 3.540288057204387e-18 0.0
9175.76999999981 3.540288057204387e-18 0.0
9176.86999999981 3.540288057204387e-18 0.0
9177.96999999981 3.540288057204387e-18 0.0
9179.06999999981 3.540288057204387e-18 0.0
9180.16999999981 3.540288057204387e-18 0.0
9181.269999999811 3.540288057204387e-18 0.0
9182.369999999812 3.540288057204387e-18 0.0
9183.469999999812 3.540288057204387e-18 0.0
9184.569999999812 3.540288057204387e-18 0.0
9185.669999999813 3.540288057204387e-18 0.0
9186.769999999813 3.540288057204387e-18 0.0
9187.869999999813 3.540288057204387e-18 0.0
9188.969999999814 3.540288057204387e-18 0.0
9190.069999999814 3.540288057204387e-18 0.0
9191.169999999815 3.540288057204387e-18 0.0
9192.269999999815 3.540288057204387e-18 0.0
9193.369999999815 3.540288057204387e-18 0.0
9194.469999999816 3.540288057204387e-18 0.0
9195.569999999816 3.540288057204387e-18 0.0
9196.669999999816 3.540288057204387e-18 0.0
9197.769999999817 3.540288057204387e-18 0.0
9198.869999999817 3.540288057204387e-18 0.0
9199.969999999817 3.540288057204387e-18 0.0
9201.069999999818 3.540288057204387e-18 0.0
9202.169999999818 3.540288057204387e-18 0.0
9203.269999999819 3.540288057204387e-18 0.0
9204.369999999819 3.540288057204387e-18 0.0
9205.46999999982 3.540288057204387e-18 0.0
9206.56999999982 3.540288057204387e-18 0.0
9207.66999999982 3.540288057204387e-18 0.0
9208.76999999982 3.540288057204387e-18 0.0
9209.86999999982 3.540288057204387e-18 0.0
9210.969999999821 3.540288057204387e-18 0.0
9212.069999999821 3.540288057204387e-18 0.0
9213.169999999822 3.540288057204387e-18 0.0
9214.269999999822 3.540288057204387e-18 0.0
9215.369999999823 3.540288057204387e-18 0.0
9216.469999999823 3.540288057204387e-18 0.0
9217.569999999823 3.540288057204387e-18 0.0
9218.669999999824 3.540288057204387e-18 0.0
9219.769999999824 3.540288057204387e-18 0.0
9220.869999999824 3.540288057204387e-18 0.0
9221.969999999825 3.540288057204387e-18 0.0
9223.069999999825 3.540288057204387e-18 0.0
9224.169999999825 3.540288057204387e-18 0.0
9225.269999999826 3.540288057204387e-18 0.0
9226.369999999826 3.540288057204387e-18 0.0
9227.469999999827 3.540288057204387e-18 0.0
9228.569999999827 3.540288057204387e-18 0.0
9229.669999999827 3.540288057204387e-18 0.0
9230.769999999828 3.540288057204387e-18 0.0
9231.869999999828 3.540288057204387e-18 0.0
9232.969999999828 3.540288057204387e-18 0.0
9234.069999999829 3.540288057204387e-18 0.0
9235.169999999829 3.540288057204387e-18 0.0
9236.26999999983 3.540288057204387e-18 0.0
9237.36999999983 3.540288057204387e-18 0.0
9238.46999999983 3.540288057204387e-18 0.0
9239.56999999983 3.540288057204387e-18 0.0
9240.66999999983 3.540288057204387e-18 0.0
9241.769999999831 3.540288057204387e-18 0.0
9242.869999999832 3.540288057204387e-18 0.0
9243.969999999832 3.540288057204387e-18 0.0
9245.069999999832 3.540288057204387e-18 0.0
9246.169999999833 3.540288057204387e-18 0.0
9247.269999999833 3.540288057204387e-18 0.0
9248.369999999833 3.540288057204387e-18 0.0
9249.469999999834 3.540288057204387e-18 0.0
9250.569999999834 3.540288057204387e-18 0.0
9251.669999999835 3.540288057204387e-18 0.0
9252.769999999835 3.540288057204387e-18 0.0
9253.869999999835 3.540288057204387e-18 0.0
9254.969999999836 3.540288057204387e-18 0.0
9256.069999999836 3.540288057204387e-18 0.0
9257.169999999836 3.540288057204387e-18 0.0
9258.269999999837 3.540288057204387e-18 0.0
9259.369999999837 3.540288057204387e-18 0.0
9260.469999999837 3.540288057204387e-18 0.0
9261.569999999838 3.540288057204387e-18 0.0
9262.669999999838 3.540288057204387e-18 0.0
9263.769999999839 3.540288057204387e-18 0.0
9264.869999999839 3.540288057204387e-18 0.0
9265.96999999984 3.540288057204387e-18 0.0
9267.06999999984 3.540288057204387e-18 0.0
9268.16999999984 3.540288057204387e-18 0.0
9269.26999999984 3.540288057204387e-18 0.0
9270.36999999984 3.540288057204387e-18 0.0
9271.469999999841 3.540288057204387e-18 0.0
9272.569999999841 3.540288057204387e-18 0.0
9273.669999999842 3.540288057204387e-18 0.0
9274.769999999842 3.540288057204387e-18 0.0
9275.869999999843 3.540288057204387e-18 0.0
9276.969999999843 3.540288057204387e-18 0.0
9278.069999999843 3.540288057204387e-18 0.0
9279.169999999844 3.540288057204387e-18 0.0
9280.269999999844 3.540288057204387e-18 0.0
9281.369999999844 3.540288057204387e-18 0.0
9282.469999999845 3.540288057204387e-18 0.0
9283.569999999845 3.540288057204387e-18 0.0
9284.669999999845 3.540288057204387e-18 0.0
9285.769999999846 3.540288057204387e-18 0.0
9286.869999999846 3.540288057204387e-18 0.0
9287.969999999847 3.540288057204387e-18 0.0
9289.069999999847 3.540288057204387e-18 0.0
9290.169999999847 3.540288057204387e-18 0.0
9291.269999999848 3.540288057204387e-18 0.0
9292.369999999848 3.540288057204387e-18 0.0
9293.469999999848 3.540288057204387e-18 0.0
9294.569999999849 3.540288057204387e-18 0.0
9295.66999999985 3.540288057204387e-18 0.0
9296.76999999985 3.540288057204387e-18 0.0
9297.86999999985 3.540288057204387e-18 0.0
9298.96999999985 3.540288057204387e-18 0.0
9300.06999999985 3.540288057204387e-18 0.0
9301.169999999851 3.540288057204387e-18 0.0
9302.269999999851 3.540288057204387e-18 0.0
9303.369999999852 3.540288057204387e-18 0.0
9304.469999999852 3.540288057204387e-18 0.0
9305.569999999852 3.540288057204387e-18 0.0
9306.669999999853 3.540288057204387e-18 0.0
9307.769999999853 3.540288057204387e-18 0.0
9308.869999999853 3.540288057204387e-18 0.0
9309.969999999854 3.540288057204387e-18 0.0
9311.069999999854 3.540288057204387e-18 0.0
9312.169999999855 3.540288057204387e-18 0.0
9313.269999999855 3.540288057204387e-18 0.0
9314.369999999855 3.540288057204387e-18 0.0
9315.469999999856 3.540288057204387e-18 0.0
9316.569999999856 3.540288057204387e-18 0.0
9317.669999999856 3.540288057204387e-18 0.0
9318.769999999857 3.540288057204387e-18 0.0
9319.869999999857 3.540288057204387e-18 0.0
9320.969999999857 3.540288057204387e-18 0.0
9322.069999999858 3.540288057204387e-18 0.0
9323.169999999858 3.540288057204387e-18 0.0
9324.269999999859 3.540288057204387e-18 0.0
9325.369999999859 3.540288057204387e-18 0.0
9326.46999999986 3.540288057204387e-18 0.0
9327.56999999986 3.540288057204387e-18 0.0
9328.66999999986 3.540288057204387e-18 0.0
9329.76999999986 3.540288057204387e-18 0.0
9330.86999999986 3.540288057204387e-18 0.0
9331.969999999861 3.540288057204387e-18 0.0
9333.069999999861 3.540288057204387e-18 0.0
9334.169999999862 3.540288057204387e-18 0.0
9335.269999999862 3.540288057204387e-18 0.0
9336.369999999863 3.540288057204387e-18 0.0
9337.469999999863 3.540288057204387e-18 0.0
9338.569999999863 3.540288057204387e-18 0.0
9339.669999999864 3.540288057204387e-18 0.0
9340.769999999864 3.540288057204387e-18 0.0
9341.869999999864 3.540288057204387e-18 0.0
9342.969999999865 3.540288057204387e-18 0.0
9344.069999999865 3.540288057204387e-18 0.0
9345.169999999865 3.540288057204387e-18 0.0
9346.269999999866 3.540288057204387e-18 0.0
9347.369999999866 3.540288057204387e-18 0.0
9348.469999999867 3.540288057204387e-18 0.0
9349.569999999867 3.540288057204387e-18 0.0
9350.669999999867 3.540288057204387e-18 0.0
9351.769999999868 3.540288057204387e-18 0.0
9352.869999999868 3.540288057204387e-18 0.0
9353.969999999868 3.540288057204387e-18 0.0
9355.069999999869 3.540288057204387e-18 0.0
9356.16999999987 3.540288057204387e-18 0.0
9357.26999999987 3.540288057204387e-18 0.0
9358.36999999987 3.540288057204387e-18 0.0
9359.46999999987 3.540288057204387e-18 0.0
9360.56999999987 3.540288057204387e-18 0.0
9361.669999999871 3.540288057204387e-18 0.0
9362.769999999871 3.540288057204387e-18 0.0
9363.869999999872 3.540288057204387e-18 0.0
9364.969999999872 3.540288057204387e-18 0.0
9366.069999999872 3.540288057204387e-18 0.0
9367.169999999873 3.540288057204387e-18 0.0
9368.269999999873 3.540288057204387e-18 0.0
9369.369999999873 3.540288057204387e-18 0.0
9370.469999999874 3.540288057204387e-18 0.0
9371.569999999874 3.540288057204387e-18 0.0
9372.669999999875 3.540288057204387e-18 0.0
9373.769999999875 3.540288057204387e-18 0.0
9374.869999999875 3.540288057204387e-18 0.0
9375.969999999876 3.540288057204387e-18 0.0
9377.069999999876 3.540288057204387e-18 0.0
9378.169999999876 3.540288057204387e-18 0.0
9379.269999999877 3.540288057204387e-18 0.0
9380.369999999877 3.540288057204387e-18 0.0
9381.469999999877 3.540288057204387e-18 0.0
9382.569999999878 3.540288057204387e-18 0.0
9383.669999999878 3.540288057204387e-18 0.0
9384.769999999879 3.540288057204387e-18 0.0
9385.869999999879 3.540288057204387e-18 0.0
9386.96999999988 3.540288057204387e-18 0.0
9388.06999999988 3.540288057204387e-18 0.0
9389.16999999988 3.540288057204387e-18 0.0
9390.26999999988 3.540288057204387e-18 0.0
9391.36999999988 3.540288057204387e-18 0.0
9392.469999999881 3.540288057204387e-18 0.0
9393.569999999881 3.540288057204387e-18 0.0
9394.669999999882 3.540288057204387e-18 0.0
9395.769999999882 3.540288057204387e-18 0.0
9396.869999999883 3.540288057204387e-18 0.0
9397.969999999883 3.540288057204387e-18 0.0
9399.069999999883 3.540288057204387e-18 0.0
9400.169999999884 3.540288057204387e-18 0.0
9401.269999999884 3.540288057204387e-18 0.0
9402.369999999884 3.540288057204387e-18 0.0
9403.469999999885 3.540288057204387e-18 0.0
9404.569999999885 3.540288057204387e-18 0.0
9405.669999999885 3.540288057204387e-18 0.0
9406.769999999886 3.540288057204387e-18 0.0
9407.869999999886 3.540288057204387e-18 0.0
9408.969999999887 3.540288057204387e-18 0.0
9410.069999999887 3.540288057204387e-18 0.0
9411.169999999887 3.540288057204387e-18 0.0
9412.269999999888 3.540288057204387e-18 0.0
9413.369999999888 3.540288057204387e-18 0.0
9414.469999999888 3.540288057204387e-18 0.0
9415.569999999889 3.540288057204387e-18 0.0
9416.66999999989 3.540288057204387e-18 0.0
9417.76999999989 3.540288057204387e-18 0.0
9418.86999999989 3.540288057204387e-18 0.0
9419.96999999989 3.540288057204387e-18 0.0
9421.06999999989 3.540288057204387e-18 0.0
9422.169999999891 3.540288057204387e-18 0.0
9423.269999999891 3.540288057204387e-18 0.0
9424.369999999892 3.540288057204387e-18 0.0
9425.469999999892 3.540288057204387e-18 0.0
9426.569999999892 3.540288057204387e-18 0.0
9427.669999999893 3.540288057204387e-18 0.0
9428.769999999893 3.540288057204387e-18 0.0
9429.869999999893 3.540288057204387e-18 0.0
9430.969999999894 3.540288057204387e-18 0.0
9432.069999999894 3.540288057204387e-18 0.0
9433.169999999895 3.540288057204387e-18 0.0
9434.269999999895 3.540288057204387e-18 0.0
9435.369999999895 3.540288057204387e-18 0.0
9436.469999999896 3.540288057204387e-18 0.0
9437.569999999896 3.540288057204387e-18 0.0
9438.669999999896 3.540288057204387e-18 0.0
9439.769999999897 3.540288057204387e-18 0.0
9440.869999999897 3.540288057204387e-18 0.0
9441.969999999897 3.540288057204387e-18 0.0
9443.069999999898 3.540288057204387e-18 0.0
9444.169999999898 3.540288057204387e-18 0.0
9445.269999999899 3.540288057204387e-18 0.0
9446.369999999899 3.540288057204387e-18 0.0
9447.4699999999 3.540288057204387e-18 0.0
9448.5699999999 3.540288057204387e-18 0.0
9449.6699999999 3.540288057204387e-18 0.0
9450.7699999999 3.540288057204387e-18 0.0
9451.8699999999 3.540288057204387e-18 0.0
9452.969999999901 3.540288057204387e-18 0.0
9454.069999999901 3.540288057204387e-18 0.0
9455.169999999902 3.540288057204387e-18 0.0
9456.269999999902 3.540288057204387e-18 0.0
9457.369999999903 3.540288057204387e-18 0.0
9458.469999999903 3.540288057204387e-18 0.0
9459.569999999903 3.540288057204387e-18 0.0
9460.669999999904 3.540288057204387e-18 0.0
9461.769999999904 3.540288057204387e-18 0.0
9462.869999999904 3.540288057204387e-18 0.0
9463.969999999905 3.540288057204387e-18 0.0
9465.069999999905 3.540288057204387e-18 0.0
9466.169999999905 3.540288057204387e-18 0.0
9467.269999999906 3.540288057204387e-18 0.0
9468.369999999906 3.540288057204387e-18 0.0
9469.469999999907 3.540288057204387e-18 0.0
9470.569999999907 3.540288057204387e-18 0.0
9471.669999999907 3.540288057204387e-18 0.0
9472.769999999908 3.540288057204387e-18 0.0
9473.869999999908 3.540288057204387e-18 0.0
9474.969999999908 3.540288057204387e-18 0.0
9476.069999999909 3.540288057204387e-18 0.0
9477.16999999991 3.540288057204387e-18 0.0
9478.26999999991 3.540288057204387e-18 0.0
9479.36999999991 3.540288057204387e-18 0.0
9480.46999999991 3.540288057204387e-18 0.0
9481.56999999991 3.540288057204387e-18 0.0
9482.669999999911 3.540288057204387e-18 0.0
9483.769999999911 3.540288057204387e-18 0.0
9484.869999999912 3.540288057204387e-18 0.0
9485.969999999912 3.540288057204387e-18 0.0
9487.069999999912 3.540288057204387e-18 0.0
9488.169999999913 3.540288057204387e-18 0.0
9489.269999999913 3.540288057204387e-18 0.0
9490.369999999913 3.540288057204387e-18 0.0
9491.469999999914 3.540288057204387e-18 0.0
9492.569999999914 3.540288057204387e-18 0.0
9493.669999999915 3.540288057204387e-18 0.0
9494.769999999915 3.540288057204387e-18 0.0
9495.869999999915 3.540288057204387e-18 0.0
9496.969999999916 3.540288057204387e-18 0.0
9498.069999999916 3.540288057204387e-18 0.0
9499.169999999916 3.540288057204387e-18 0.0
9500.269999999917 3.540288057204387e-18 0.0
9501.369999999917 3.540288057204387e-18 0.0
9502.469999999917 3.540288057204387e-18 0.0
9503.569999999918 3.540288057204387e-18 0.0
9504.669999999918 3.540288057204387e-18 0.0
9505.769999999919 3.540288057204387e-18 0.0
9506.869999999919 3.540288057204387e-18 0.0
9507.96999999992 3.540288057204387e-18 0.0
9509.06999999992 3.540288057204387e-18 0.0
9510.16999999992 3.540288057204387e-18 0.0
9511.26999999992 3.540288057204387e-18 0.0
9512.36999999992 3.540288057204387e-18 0.0
9513.469999999921 3.540288057204387e-18 0.0
9514.569999999921 3.540288057204387e-18 0.0
9515.669999999922 3.540288057204387e-18 0.0
9516.769999999922 3.540288057204387e-18 0.0
9517.869999999923 3.540288057204387e-18 0.0
9518.969999999923 3.540288057204387e-18 0.0
9520.069999999923 3.540288057204387e-18 0.0
9521.169999999924 3.540288057204387e-18 0.0
9522.269999999924 3.540288057204387e-18 0.0
9523.369999999924 3.540288057204387e-18 0.0
9524.469999999925 3.540288057204387e-18 0.0
9525.569999999925 3.540288057204387e-18 0.0
9526.669999999925 3.540288057204387e-18 0.0
9527.769999999926 3.540288057204387e-18 0.0
9528.869999999926 3.540288057204387e-18 0.0
9529.969999999927 3.540288057204387e-18 0.0
9531.069999999927 3.540288057204387e-18 0.0
9532.169999999927 3.540288057204387e-18 0.0
9533.269999999928 3.540288057204387e-18 0.0
9534.369999999928 3.540288057204387e-18 0.0
9535.469999999928 3.540288057204387e-18 0.0
9536.569999999929 3.540288057204387e-18 0.0
9537.66999999993 3.540288057204387e-18 0.0
9538.76999999993 3.540288057204387e-18 0.0
9539.86999999993 3.540288057204387e-18 0.0
9540.96999999993 3.540288057204387e-18 0.0
9542.06999999993 3.540288057204387e-18 0.0
9543.169999999931 3.540288057204387e-18 0.0
9544.269999999931 3.540288057204387e-18 0.0
9545.369999999932 3.540288057204387e-18 0.0
9546.469999999932 3.540288057204387e-18 0.0
9547.569999999932 3.540288057204387e-18 0.0
9548.669999999933 3.540288057204387e-18 0.0
9549.769999999933 3.540288057204387e-18 0.0
9550.869999999933 3.540288057204387e-18 0.0
9551.969999999934 3.540288057204387e-18 0.0
9553.069999999934 3.540288057204387e-18 0.0
9554.169999999935 3.540288057204387e-18 0.0
9555.269999999935 3.540288057204387e-18 0.0
9556.369999999935 3.540288057204387e-18 0.0
9557.469999999936 3.540288057204387e-18 0.0
9558.569999999936 3.540288057204387e-18 0.0
9559.669999999936 3.540288057204387e-18 0.0
9560.769999999937 3.540288057204387e-18 0.0
9561.869999999937 3.540288057204387e-18 0.0
9562.969999999937 3.540288057204387e-18 0.0
9564.069999999938 3.540288057204387e-18 0.0
9565.169999999938 3.540288057204387e-18 0.0
9566.269999999939 3.540288057204387e-18 0.0
9567.369999999939 3.540288057204387e-18 0.0
9568.46999999994 3.540288057204387e-18 0.0
9569.56999999994 3.540288057204387e-18 0.0
9570.66999999994 3.540288057204387e-18 0.0
9571.76999999994 3.540288057204387e-18 0.0
9572.86999999994 3.540288057204387e-18 0.0
9573.969999999941 3.540288057204387e-18 0.0
9575.069999999942 3.540288057204387e-18 0.0
9576.169999999942 3.540288057204387e-18 0.0
9577.269999999942 3.540288057204387e-18 0.0
9578.369999999943 3.540288057204387e-18 0.0
9579.469999999943 3.540288057204387e-18 0.0
9580.569999999943 3.540288057204387e-18 0.0
9581.669999999944 3.540288057204387e-18 0.0
9582.769999999944 3.540288057204387e-18 0.0
9583.869999999944 3.540288057204387e-18 0.0
9584.969999999945 3.540288057204387e-18 0.0
9586.069999999945 3.540288057204387e-18 0.0
9587.169999999946 3.540288057204387e-18 0.0
9588.269999999946 3.540288057204387e-18 0.0
9589.369999999946 3.540288057204387e-18 0.0
9590.469999999947 3.540288057204387e-18 0.0
9591.569999999947 3.540288057204387e-18 0.0
9592.669999999947 3.540288057204387e-18 0.0
9593.769999999948 3.540288057204387e-18 0.0
9594.869999999948 3.540288057204387e-18 0.0
9595.969999999948 3.540288057204387e-18 0.0
9597.069999999949 3.540288057204387e-18 0.0
9598.16999999995 3.540288057204387e-18 0.0
9599.26999999995 3.540288057204387e-18 0.0
9600.36999999995 3.540288057204387e-18 0.0
9601.46999999995 3.540288057204387e-18 0.0
9602.56999999995 3.540288057204387e-18 0.0
9603.669999999951 3.540288057204387e-18 0.0
9604.769999999951 3.540288057204387e-18 0.0
9605.869999999952 3.540288057204387e-18 0.0
9606.969999999952 3.540288057204387e-18 0.0
9608.069999999952 3.540288057204387e-18 0.0
9609.169999999953 3.540288057204387e-18 0.0
9610.269999999953 3.540288057204387e-18 0.0
9611.369999999954 3.540288057204387e-18 0.0
9612.469999999954 3.540288057204387e-18 0.0
9613.569999999954 3.540288057204387e-18 0.0
9614.669999999955 3.540288057204387e-18 0.0
9615.769999999955 3.540288057204387e-18 0.0
9616.869999999955 3.540288057204387e-18 0.0
9617.969999999956 3.540288057204387e-18 0.0
9619.069999999956 3.540288057204387e-18 0.0
9620.169999999956 3.540288057204387e-18 0.0
9621.269999999957 3.540288057204387e-18 0.0
9622.369999999957 3.540288057204387e-18 0.0
9623.469999999958 3.540288057204387e-18 0.0
9624.569999999958 3.540288057204387e-18 0.0
9625.669999999958 3.540288057204387e-18 0.0
9626.769999999959 3.540288057204387e-18 0.0
9627.869999999959 3.540288057204387e-18 0.0
9628.96999999996 3.540288057204387e-18 0.0
9630.06999999996 3.540288057204387e-18 0.0
9631.16999999996 3.540288057204387e-18 0.0
9632.26999999996 3.540288057204387e-18 0.0
9633.36999999996 3.540288057204387e-18 0.0
9634.469999999961 3.540288057204387e-18 0.0
9635.569999999962 3.540288057204387e-18 0.0
9636.669999999962 3.540288057204387e-18 0.0
9637.769999999962 3.540288057204387e-18 0.0
9638.869999999963 3.540288057204387e-18 0.0
9639.969999999963 3.540288057204387e-18 0.0
9641.069999999963 3.540288057204387e-18 0.0
9642.169999999964 3.540288057204387e-18 0.0
9643.269999999964 3.540288057204387e-18 0.0
9644.369999999964 3.540288057204387e-18 0.0
9645.469999999965 3.540288057204387e-18 0.0
9646.569999999965 3.540288057204387e-18 0.0
9647.669999999966 3.540288057204387e-18 0.0
9648.769999999966 3.540288057204387e-18 0.0
9649.869999999966 3.540288057204387e-18 0.0
9650.969999999967 3.540288057204387e-18 0.0
9652.069999999967 3.540288057204387e-18 0.0
9653.169999999967 3.540288057204387e-18 0.0
9654.269999999968 3.540288057204387e-18 0.0
9655.369999999968 3.540288057204387e-18 0.0
9656.469999999968 3.540288057204387e-18 0.0
9657.569999999969 3.540288057204387e-18 0.0
9658.66999999997 3.540288057204387e-18 0.0
9659.76999999997 3.540288057204387e-18 0.0
9660.86999999997 3.540288057204387e-18 0.0
9661.96999999997 3.540288057204387e-18 0.0
9663.06999999997 3.540288057204387e-18 0.0
9664.169999999971 3.540288057204387e-18 0.0
9665.269999999971 3.540288057204387e-18 0.0
9666.369999999972 3.540288057204387e-18 0.0
9667.469999999972 3.540288057204387e-18 0.0
9668.569999999972 3.540288057204387e-18 0.0
9669.669999999973 3.540288057204387e-18 0.0
9670.769999999973 3.540288057204387e-18 0.0
9671.869999999974 3.540288057204387e-18 0.0
9672.969999999974 3.540288057204387e-18 0.0
9674.069999999974 3.540288057204387e-18 0.0
9675.169999999975 3.540288057204387e-18 0.0
9676.269999999975 3.540288057204387e-18 0.0
9677.369999999975 3.540288057204387e-18 0.0
9678.469999999976 3.540288057204387e-18 0.0
9679.569999999976 3.540288057204387e-18 0.0
9680.669999999976 3.540288057204387e-18 0.0
9681.769999999977 3.540288057204387e-18 0.0
9682.869999999977 3.540288057204387e-18 0.0
9683.969999999978 3.540288057204387e-18 0.0
9685.069999999978 3.540288057204387e-18 0.0
9686.169999999978 3.540288057204387e-18 0.0
9687.269999999979 3.540288057204387e-18 0.0
9688.369999999979 3.540288057204387e-18 0.0
9689.46999999998 3.540288057204387e-18 0.0
9690.56999999998 3.540288057204387e-18 0.0
9691.66999999998 3.540288057204387e-18 0.0
9692.76999999998 3.540288057204387e-18 0.0
9693.86999999998 3.540288057204387e-18 0.0
9694.969999999981 3.540288057204387e-18 0.0
9696.069999999982 3.540288057204387e-18 0.0
9697.169999999982 3.540288057204387e-18 0.0
9698.269999999982 3.540288057204387e-18 0.0
9699.369999999983 3.540288057204387e-18 0.0
9700.469999999983 3.540288057204387e-18 0.0
9701.569999999983 3.540288057204387e-18 0.0
9702.669999999984 3.540288057204387e-18 0.0
9703.769999999984 3.540288057204387e-18 0.0
9704.869999999984 3.540288057204387e-18 0.0
9705.969999999985 3.540288057204387e-18 0.0
9707.069999999985 3.540288057204387e-18 0.0
9708.169999999986 3.540288057204387e-18 0.0
9709.269999999986 3.540288057204387e-18 0.0
9710.369999999986 3.540288057204387e-18 0.0
9711.469999999987 3.540288057204387e-18 0.0
9712.569999999987 3.540288057204387e-18 0.0
9713.669999999987 3.540288057204387e-18 0.0
9714.769999999988 3.540288057204387e-18 0.0
9715.869999999988 3.540288057204387e-18 0.0
9716.969999999988 3.540288057204387e-18 0.0
9718.069999999989 3.540288057204387e-18 0.0
9719.16999999999 3.540288057204387e-18 0.0
9720.26999999999 3.540288057204387e-18 0.0
9721.36999999999 3.540288057204387e-18 0.0
9722.46999999999 3.540288057204387e-18 0.0
9723.56999999999 3.540288057204387e-18 0.0
9724.669999999991 3.540288057204387e-18 0.0
9725.769999999991 3.540288057204387e-18 0.0
9726.869999999992 3.540288057204387e-18 0.0
9727.969999999992 3.540288057204387e-18 0.0
9729.069999999992 3.540288057204387e-18 0.0
9730.169999999993 3.540288057204387e-18 0.0
9731.269999999993 3.540288057204387e-18 0.0
9732.369999999994 3.540288057204387e-18 0.0
9733.469999999994 3.540288057204387e-18 0.0
9734.569999999994 3.540288057204387e-18 0.0
9735.669999999995 3.540288057204387e-18 0.0
9736.769999999995 3.540288057204387e-18 0.0
9737.869999999995 3.540288057204387e-18 0.0
9738.969999999996 3.540288057204387e-18 0.0
9740.069999999996 3.540288057204387e-18 0.0
9741.169999999996 3.540288057204387e-18 0.0
9742.269999999997 3.540288057204387e-18 0.0
9743.369999999997 3.540288057204387e-18 0.0
9744.469999999998 3.540288057204387e-18 0.0
9745.569999999998 3.540288057204387e-18 0.0
9746.669999999998 3.540288057204387e-18 0.0
9747.769999999999 3.540288057204387e-18 0.0
9748.869999999999 3.540288057204387e-18 0.0
9749.97 3.540288057204387e-18 0.0
9751.07 3.540288057204387e-18 0.0
9752.17 -1.1458435872890741e-18 2.05261796788379e-17
9753.26 3.4168826902351716e-18 1.4546502590080093e-17
9754.34 4.57929084014878e-18 1.6736024678206223e-17
9755.43 1.8932154830929923e-18 1.0805256256263866e-17
9756.52 5.747915286666759e-18 1.890390213843983e-17
9757.6 6.381585054436772e-18 1.981885282359708e-17
9758.69 5.03109265828503e-18 1.7548797208683498e-17
9759.77 5.781372144281211e-18 1.888945577189081e-17
9760.86 7.992308943754922e-19 6.984800663630619e-18
9761.95 2.6604579054492288e-18 1.2511861666392956e-17
9763.03 1.7232515688405577e-18 9.980632103021352e-18
9764.12 1.9847155535340548e-18 1.0730098690734139e-17
9765.2 3.4138293525497393e-18 1.412570469153349e-17
9766.29 3.6028330005769245e-18 1.441602738212638e-17
9767.38 2.2218691410388872e-18 1.1185163483799159e-17
9768.46 4.116149428851544e-18 1.5137553192645058e-17
9769.55 3.521016699911757e-18 1.3868855894177123e-17
9770.63 4.66836494442128e-18 1.592595654533849e-17
9771.72 4.698535639892785e-18 1.593652107388129e-17
9772.81 2.8440803046556656e-18 1.2336889925240213e-17
9773.89 1.7268936313612438e-18 9.596792699248536e-18
9774.98 3.0189962312860417e-18 1.2729169943757386e-17
9776.06 5.117161820232209e-19 5.228259892410271e-18
9777.15 5.635985681378565e-18 1.725619071019582e-17
9778.24 3.3310593695927663e-18 1.3243519945278221e-17
9779.32 4.341117706033428e-18 1.5066465191133003e-17
9780.41 1.9063451017349382e-18 9.987475981767928e-18
9781.49 2.949093424758183e-18 1.2704104475669547e-17
9782.58 2.632566999525296e-18 1.1907419709857734e-17
9783.67 4.220652965845738e-18 1.4987032044988446e-17
9784.75 3.559559414497019e-18 1.3766457195963123e-17
9785.84 3.246233726141711e-18 1.2996621587415543e-17
9786.92 3.213116767801219e-18 1.2815063883898115e-17
9788.01 5.755392639545209e-18 1.7048569273216812e-17
9789.09 4.910874924922101e-18 1.5736389946372525e-17
9790.18 3.5072162216717794e-18 1.3300730999689988e-17
9791.27 -1.294506794863832e-18 1.6121075360091958e-17
9792.35 5.3655444947848786e-18 1.6416798065985033e-17
9793.44 9.737375888204467e-18 2.2241118132268923e-17
9794.52 5.0028145815542445e-18 1.5990598510492414e-17
9795.61 5.7818460247991015e-18 1.7138769599839646e-17
9796.7 4.318434234987794e-18 1.467162553793852e-17
9797.78 4.1112994722650034e-18 1.4181383258234974e-17
9798.87 -2.002103555944576e-19 1.5552371051060283e-17
9799.96 3.428753260567339e-18 1.2901600806957121e-17
9801.04 6.213267762647876e-18 1.735372132512205e-17
9802.13 4.666566109378497e-18 1.5112328277152722e-17
9803.21 5.857252821871804e-18 1.7049802442198626e-17
9804.3 1.6527331588588875e-18 9.122821960673305e-18
9805.38 5.528779536418369e-18 1.651119158572332e-17
9806.47 2.089294331759908e-18 1.0018967278927309e-17
9807.56 2.2260002699745014e-18 1.0317241526871977e-17
9808.64 3.491142165196191e-20 1.2953148372567231e-18
9809.73 3.1363656360417217e-18 1.2244440125856457e-17
9810.81 5.421577644865087e-18 1.598501508315765e-17
9811.9 5.943900980158863e-18 1.6661726438641966e-17
9812.99 5.6348041688722835e-18 1.625014762362124e-17
9814.07 2.9871049038439304e-18 1.1827143199361863e-17
9815.16 5.045823700133105e-19 4.894469403918125e-18
9816.24 2.3734188472221836e-18 1.0662076162999786e-17
9817.33 6.532481730521348e-18 1.756304198447889e-17
9818.42 4.730539764532722e-18 1.4906073350673152e-17
9819.5 5.753004280522975e-18 1.6357774572774713e-17
9820.59 3.117274560712503e-18 1.200380413121119e-17
9821.67 5.594998749109132e-19 5.0888745013178284e-18
9822.76 2.937282913722325e-18 1.164986315844067e-17
9823.85 1.9416750694959653e-18 9.454006228384423e-18
9824.93 3.268139556954302e-18 1.2252319424296929e-17
9826.02 3.504903879448628e-18 1.2743104345681934e-17
9827.1 2.134703073320422e-18 9.97114463888292e-18
9828.19 8.231180324708117e-20 1.954010068900182e-18
9829.28 2.4427378612810967e-18 1.0556229603454319e-17
9830.36 3.465471054366871e-18 1.2532036665297411e-17
9831.45 2.885021935045741e-18 1.141359363598647e-17
9832.53 2.6050157748398305e-18 1.0868042548177632e-17
9833.62 4.392734513237276e-19 4.4591016707049004e-18
9834.71 9.941559681807214e-19 6.705359696403784e-18
9835.79 3.913694805916073e-18 1.3273779017812782e-17
9836.88 4.63032100537309e-18 1.4396788880008637e-17
9837.96 4.655504946259004e-18 1.4391275335550808e-17
9839.05 2.7385678274637117e-18 1.1045382866122111e-17
9840.14 3.854578720596331e-18 1.3078656210227682e-17
9841.22 1.810523436135112e-18 9.008444735089013e-18
9842.31 2.325051858868188e-18 1.016594566012626e-17
9843.39 2.849931776918262e-18 1.1241600802190901e-17
9844.48 2.1263803545725465e-18 9.70853143423656e-18
9845.57 2.894888275139749e-18 1.1350328514933086e-17
9846.65 4.629732443341535e-18 1.437206901003121e-17
9847.74 4.927853771117693e-18 1.474491286398696e-17
9848.82 1.5188489606650151e-18 8.207178881569642e-18
9849.91 4.800094574769922e-19 4.635075658825786e-18
9851.0 3.913754405472086e-18 1.3131588136254761e-17
9852.08 5.089954645445514e-18 1.4915271236554653e-17
9853.17 3.565553492262106e-18 1.2473757692950893e-17
9854.25 2.0725806416731296e-18 9.46320048565166e-18
9855.34 2.72614004984257e-18 1.0838049851857309e-17
9856.43 1.3537158897046438e-18 7.634300448382677e-18
9857.51 3.352428866398986e-18 1.2001867984088814e-17
9858.6 2.8038902757437206e-18 1.1008455890488022e-17
9859.68 4.755576293265615e-19 4.5447539819990385e-18
9860.77 4.655649630844495e-19 4.461658884872676e-18
9861.86 4.044868371381806e-18 1.309843250692558e-17
9862.94 4.4482376901184396e-18 1.3699051623432052e-17
9864.03 2.7456931769791028e-18 1.0810821831182991e-17
9865.11 2.6554648438944875e-18 1.061097093599463e-17
9866.2 2.7652700347691806e-18 1.0807535066517837e-17
9867.29 1.906257182158644e-18 8.983404777115372e-18
9868.37 1.3792380755515783e-18 7.636911884010368e-18
9869.46 2.5797401647378794e-18 1.0445895185383965e-17
9870.54 3.879255780770254e-18 1.2796217191101235e-17
9871.63 5.982041072158962e-18 1.5801445457540636e-17
9872.71 5.211575829932591e-19 4.676703352822455e-18
9873.8 3.647150524309551e-18 1.2372151724978996e-17
9874.89 1.6030991925288867e-18 8.173955382621422e-18
9875.97 -4.094968962250678e-18 1.3313913140267457e-17
9877.06 1.0496725673672168e-18 6.6109323853724426e-18
9878.14 1.462326946815721e-18 7.909049365448382e-18
9879.23 3.7937175981238604e-18 1.259659443599943e-17
9880.32 1.8884493990485263e-18 8.79297263182795e-18
9881.4 2.7438738470492587e-18 1.0616445083595805e-17
9882.49 2.6629168983396786e-18 1.0468109535647663e-17
9883.57 2.2014347700873866e-18 9.509380937551314e-18
9884.66 1.0421467289596565e-18 6.50478429984352e-18
9885.75 3.360961240757768e-19 3.704000526345955e-18
9886.83 3.9390942942293296e-18 1.2677847361652646e-17
9887.92 3.559581183848792e-18 1.2055213037138723e-17
9889.0 1.843416290518417e-18 8.636470728043223e-18
9890.09 4.710058914746378e-18 1.377137378474911e-17
9891.18 7.86650736023351e-19 5.63115353417976e-18
9892.26 4.47443390921596e-18 1.332074931568613e-17
9893.35 1.969870007160734e-18 8.750731980280767e-18
9894.43 5.9370822802941735e-18 1.5223781361332658e-17
9895.52 6.5802860631648556e-18 1.613147864692985e-17
9896.61 3.204844889746361e-18 1.1294067684311992e-17
9897.69 3.913906477122184e-18 1.247215940444107e-17
9898.78 2.374281745556487e-18 9.729507955591164e-18
9899.86 -2.056848756370524e-18 1.2757610906019541e-17
9900.95 2.266188069031403e-18 9.46800058102719e-18
9902.04 2.473405348685459e-18 9.839851117556077e-18
9903.12 6.0766123311377885e-19 4.870244141192295e-18
9904.21 2.8440591340416155e-19 3.33516562396617e-18
9905.29 1.9823120191063172e-18 8.776166072428123e-18
9906.38 4.1458494511828424e-18 1.2675941188748962e-17
9907.47 3.4382559997191115e-18 1.1478352651504832e-17
9908.55 2.74525610443561e-18 1.0242679557531933e-17
9909.64 3.2335447823158752e-18 1.11360212185588e-17
9910.72 2.6101578534706706e-18 1.0013725199947575e-17
9911.81 1.5941857767602575e-18 7.765616878614975e-18
9912.9 2.0100174764609672e-18 8.721399307977857e-18
9913.98 6.854179569098112e-19 5.0893171343446166e-18
9915.07 -1.5791444416159595e-18 1.209483792150104e-17
9916.15 -2.7466023219310415e-18 1.195147719218381e-17
9917.24 6.416914013109363e-19 4.8904617115248895e-18
9918.33 6.5131176660792865e-18 1.556220894453739e-17
9919.41 6.012618405056832e-18 1.4939048759355407e-17
9920.5 2.348910932673317e-18 9.326286926239795e-18
9921.58 1.2336187513825708e-18 6.756648507834959e-18
9922.67 3.017159936494352e-18 1.057802235223609e-17
9923.76 1.902649131093654e-18 8.397745728037998e-18
9924.84 2.3052361352408834e-18 9.223993160445412e-18
9925.93 5.2386841650380474e-18 1.3862599588625666e-17
9927.01 3.3714053911576828e-18 1.1125994313177891e-17
9928.1 2.3325861283136605e-18 9.276169185605503e-18
9929.19 3.2916998062205433e-18 1.1052718252141698e-17
9930.27 2.216150982772284e-18 9.003619761682698e-18
9931.36 2.373819987048565e-18 9.266886244179965e-18
9932.44 3.3289217171814214e-18 1.093838112706728e-17
9933.53 2.0839856892421764e-18 8.651672260267737e-18
9934.62 2.689813220728608e-18 9.787510699195327e-18
9935.7 1.2398062818563814e-18 6.642275633328239e-18
9936.79 1.3909429593200186e-18 7.041497009727802e-18
9937.87 1.803622842712836e-18 8.008815163954917e-18
9938.96 8.569227707069478e-19 5.5304187896307764e-18
9940.04 2.945390472943401e-19 3.2657376924898613e-18
9941.13 1.237871804420915e-19 2.111270956062268e-18
9942.22 3.0085587738345082e-18 1.0331984666187716e-17
9943.3 1.3953227323997485e-18 7.00046155026085e-18
9944.39 2.2195838667402824e-18 8.843460127464803e-18
9945.48 2.667312443459952e-18 9.65274050395065e-18
9946.56 5.697925151601133e-20 1.406414154072135e-18
9947.65 7.499378203212432e-18 1.619612730153017e-17
9948.73 3.5199462353359465e-18 1.1073886379609878e-17
9949.82 -5.593857554146307e-19 1.117055892995199e-17
9950.91 -3.871818884517707e-18 1.1147143767996689e-17
9951.99 2.6415496328411114e-19 3.0157429116874926e-18
9953.08 4.231677829769269e-18 1.2030115639046564e-17
9954.16 2.605548194435559e-18 9.444235434255118e-18
9955.25 3.0038194149647852e-18 1.0107495816877788e-17
9956.33 3.4634121640171637e-18 1.0845054058140129e-17
9957.42 4.641360590807308e-18 1.25323165366439e-17
9958.51 9.186564935371469e-19 5.5784138171542845e-18
9959.59 4.3256035650657275e-18 1.2096865798033594e-17
9960.68 2.8363425776811484e-18 9.760544720619491e-18
9961.76 1.6544868877597847e-18 7.46048929225657e-18
9962.85 -1.6232249178815803e-18 1.0719400345420501e-17
9963.94 -1.2518066104604738e-18 1.0769139869088925e-17
9965.02 3.66233486712468e-18 1.1085077093601582e-17
9966.11 1.7956678772864672e-18 7.734642415526325e-18
9967.19 4.601706910274223e-18 1.236570000395705e-17
9968.28 4.999599596872852e-18 1.2866614661801453e-17
9969.37 2.838595755347747e-18 9.674459887633277e-18
9970.45 2.690515333268838e-18 9.41185186236592e-18
9971.54 2.226631119854252e-18 8.553189222097256e-18
9972.62 2.435870940089858e-18 8.94533590398834e-18
9973.71 3.0383787979886394e-18 9.963699581721774e-18
9974.8 4.503356548401757e-18 1.2095353681982718e-17
9975.88 5.862726970174352e-18 1.3803851493838535e-17
9976.97 3.497715214609164e-18 1.0645756957140344e-17
9978.05 3.179623485101704e-18 1.0139290257739034e-17
9979.14 2.0239823830383e-18 8.092719624968886e-18
9980.23 1.4699971288695576e-18 6.8896075168591225e-18
9981.31 1.3979779717205741e-18 6.68583980180886e-18
9982.4 4.0907591643450144e-19 3.6152953183954214e-18
9983.48 3.7480304980296906e-18 1.092509459111387e-17
9984.57 2.2526005076505452e-18 8.470059449990419e-18
9985.66 2.7258503230097912e-18 9.311472844729983e-18
9986.74 3.04613541800228e-19 3.1116324278686273e-18
9987.83 1.3628306797483412e-18 6.603006652175126e-18
9988.91 7.214266498994717e-19 4.772705665116789e-18
9990.0 1.9172947604742775e-18 7.778240708612897e-18
9991.09 1.5766565074050607e-19 2.2308261776536573e-18
9992.17 6.126212737577448e-19 4.413605202978763e-18
9993.26 2.4146368670385023e-18 8.774746389480431e-18
9994.34 2.4734228862516996e-18 8.856770410153828e-18
9995.43 1.5360474098385169e-18 6.953196892809063e-18
9996.52 9.409515479819286e-19 5.432771012513128e-18
9997.6 5.207912474007122e-18 1.2768358999586018e-17
9998.69 3.3521216272195223e-18 1.0247879779339744e-17
9999.77 3.1490362351906117e-18 9.925754204088333e-18
10000.9 5.178559916934484e-18 1.2706368168391413e-17
10001.9 3.3633376314487545e-18 1.0243023746830159e-17
10003.0 1.930646499960486e-18 7.764630911318499e-18
10004.1 1.7515836318553215e-18 7.409767312587745e-18
10005.2 5.195880970899212e-18 1.273674284579515e-17
10006.3 1.972473549504041e-18 7.82358031004042e-18
10007.4 3.167989434954384e-18 9.920021826309798e-18
10008.5 3.2413538748642978e-18 1.0005256500735199e-17
10009.5 1.4025076707837636e-18 6.5818918709725025e-18
10010.6 8.254869600395404e-19 5.045346646828618e-18
10011.7 -1.15961860538511e-19 9.851748990802434e-18
10012.8 1.3813841815714772e-18 6.5170734673633664e-18
10013.9 5.645073618557101e-18 1.3178843071069034e-17
10015.0 3.7762139698943624e-18 1.0767716517851297e-17
10016.1 3.919313632912285e-18 1.0974108899819103e-17
10017.1 6.764538001607881e-18 1.437753102577879e-17
10018.2 2.8218591984875973e-18 9.310105602889326e-18
10019.3 3.8856419918447165e-18 1.09326995720953e-17
10020.4 2.7071004811173225e-18 9.061063559513792e-18
10021.5 2.4492830170294616e-18 8.601896843229466e-18
10022.6 2.711025332197826e-18 9.025033756939735e-18
10023.7 6.137190261494676e-19 4.305190013221779e-18
10024.8 3.520848331832454e-18 1.033865163439451e-17
10025.8 1.9532374033294116e-18 7.664971796108508e-18
10026.9 1.0820096847114825e-18 5.6743908886094484e-18
10028.0 -1.3386666472807642e-18 9.499209454759071e-18
10029.1 8.902862070610923e-18 1.624634839673728e-17
10030.2 6.399870827778914e-18 1.3838493442405019e-17
10031.3 1.8823858617925905e-18 7.479473053721258e-18
10032.4 2.3948634130895273e-18 8.417858010493621e-18
10033.4 3.5641886865585145e-18 1.034152724566977e-17
10034.5 1.3139715332562427e-18 6.270893805203397e-18
10035.6 2.0113403414933025e-18 7.717367474196562e-18
10036.7 3.075175036756954e-18 9.509754343889393e-18
10037.8 2.5436799117760955e-18 8.63132894017587e-18
10038.9 1.8536166381201382e-18 7.360661945726365e-18
10040.0 1.956331454327077e-18 7.571772882098918e-18
10041.0 2.455714259871644e-18 8.51012953196565e-18
10042.1 3.3497777900848308e-18 9.921046133677296e-18
10043.2 3.1110113339083863e-18 9.550001537366471e-18
10044.3 2.0585428614722564e-18 7.778082435799898e-18
10045.4 3.442534910442984e-18 1.0078539528800032e-17
10046.5 4.081584232928065e-18 1.101578217421106e-17
10047.6 5.138181585167978e-18 1.2403859901745293e-17
10048.6 6.3828972651674715e-19 4.374676507840032e-18
10049.7 1.9983576013986427e-18 7.7114196098466e-18
10050.8 2.724800437300003e-18 8.999773957121391e-18
10051.9 4.383633121646694e-18 1.149137250491042e-17
10053.0 2.8529591928152935e-18 9.293672218618348e-18
10054.1 9.067467499850783e-19 5.24929055347134e-18
10055.2 2.6152289042358932e-18 8.895756743093003e-18
10056.2 2.0773785895558005e-18 7.84979017261643e-18
10057.3 4.726067628880034e-18 1.1725266066549237e-17
10058.4 4.789652463624102e-18 1.173879143565537e-17
10059.5 3.4332939863282558e-18 9.939285237283566e-18
10060.6 2.7813968246817197e-18 8.953323716424573e-18
10061.7 2.943818756106647e-18 9.18923980817708e-18
10062.8 4.63050470843686e-18 1.1475963416245046e-17
10063.8 1.680202841353749e-18 6.886445528604955e-18
10064.9 2.2697942622008646e-18 7.975224703070822e-18
10066.0 3.4578365035910548e-18 9.910673214733399e-18
10067.1 3.695652601187921e-18 1.0285785528346904e-17
10068.2 1.4932869826666634e-18 6.514886473815206e-18
10069.3 2.4865364068769154e-18 8.387574517259892e-18
10070.4 2.2169764534732798e-18 7.881190810544141e-18
10071.4 3.063509341297401e-19 2.937232479229086e-18
10072.5 1.4871499665725003e-18 6.473116671945651e-18
10073.6 1.6433217274564166e-18 6.8531446311633195e-18
10074.7 2.1688340555881398e-18 7.798854432850364e-18
10075.8 2.8442600201597555e-18 8.920983457589933e-18
10076.9 2.2178917257783484e-18 7.859020119081141e-18
10078.0 2.976095284697133e-18 9.111153821835969e-18
10079.0 3.6463801921215806e-18 1.0086203766057461e-17
10080.1 3.278128748482157e-18 9.626360121529079e-18
10081.2 1.5384483227881537e-18 6.5895275616661035e-18
10082.3 2.7657144746651925e-18 8.792905162785233e-18
10083.4 8.647800568999657e-18 1.5544899484754422e-17
10084.5 8.161052428408215e-18 1.5058479181969047e-17
10085.6 5.577176493109974e-18 1.2480238711885634e-17
10086.7 5.0644834682767505e-18 1.1906269391049066e-17
10087.7 2.5960367521237816e-18 8.560038770694102e-18
10088.8 2.368598461940423e-18 8.170348681967378e-18
10089.9 1.369933925336006e-18 6.1961804512102285e-18
10091.0 1.6730730928842417e-18 6.886888298176082e-18
10092.1 2.1762573874565747e-18 7.885578558471439e-18
10093.2 1.4374235744598958e-18 6.34130553883041e-18
10094.3 1.6916613208263802e-18 6.8235029916520844e-18
10095.3 1.6695340317206203e-18 6.759942782597771e-18
10096.4 1.1911302817767548e-18 5.736319983396404e-18
10097.5 2.4027396889975485e-18 8.123731975159974e-18
10098.6 1.7521410348650194e-18 6.9276036386119505e-18
10099.7 1.8346125584203353e-18 7.101135525463725e-18
10100.8 3.506367138970467e-18 9.882661367354781e-18
10101.9 1.807968198408829e-18 7.131570144075852e-18
10102.9 2.716079264140244e-18 8.656553740164773e-18
10104.0 6.290623881151368e-19 4.143557235056479e-18
10105.1 2.138879827113364e-19 2.409389870915585e-18
10106.2 2.542865886326583e-19 2.624828966535875e-18
10107.3 6.601306706336471e-20 1.337432472080342e-18
10108.4 2.7000221661582785e-18 8.545473249549771e-18
10109.5 3.3776908359588957e-18 9.575911114928903e-18
10110.5 2.822264322910912e-18 8.754192262461402e-18
10111.6 2.70325676479872e-18 8.538686998449818e-18
10112.7 3.1013113223304474e-18 9.175873271336521e-18
10113.8 2.1649717767403274e-18 7.700219607674958e-18
10114.9 1.9080043789897177e-18 7.205165663930111e-18
10116.0 4.0220456399060485e-18 1.0420488316373516e-17
10117.1 1.1526623580091732e-18 5.551114254828705e-18
10118.1 2.66833110138167e-18 8.4555684323296e-18
10119.2 3.359749400140246e-18 9.504546440744396e-18
10120.3 5.3210163766507314e-18 1.197039507295564e-17
10121.4 2.618368899252843e-18 8.390159243099823e-18
10122.5 2.2024181325754965e-18 7.694132689633188e-18
10123.6 3.665363288256859e-18 9.912299061202317e-18
10124.7 6.791308819961383e-18 1.3462971807562516e-17
10125.7 8.203095956962795e-18 1.48199348130965e-17
10126.8 8.169689603868377e-18 1.4725139884904683e-17
10127.9 9.05994073227347e-18 1.5503247932255658e-17
10129.0 4.3664971515316054e-18 1.0794960928487447e-17
10130.1 3.563206841614878e-18 9.733470888381658e-18
10131.2 2.897936368224585e-18 8.74920084613678e-18
10132.3 2.23718173342949e-18 7.679823685069415e-18
10133.3 3.761245584091027e-18 9.959825146527451e-18
10134.4 1.80283443734857e-18 6.891921205953507e-18
10135.5 2.869233383337962e-18 8.693329644558531e-18
10136.6 1.059542789545371e-18 5.287213237294846e-18
10137.7 2.798652455614794e-18 8.605445501055453e-18
10138.8 2.812651961279499e-18 8.624089207978227e-18
10139.9 2.3345468985779283e-18 7.8443708927504e-18
10141.0 1.2691984743726919e-18 5.773297729256305e-18
10142.0 3.0352625096819146e-18 8.91892714970237e-18
10143.1 2.256765748387575e-18 7.699957388695976e-18
10144.2 5.2634928569629e-18 1.1767641367395688e-17
10145.3 3.3703517904656396e-18 9.408373476924099e-18
10146.4 1.344702054215563e-18 5.925296752560798e-18
10147.5 3.152487569606687e-18 9.083236485269305e-18
10148.6 2.5520802053768188e-18 8.141157852104632e-18
10149.6 2.8357229981889004e-18 8.600419325418242e-18
10150.7 2.4786413694583527e-18 8.040858115565382e-18
10151.8 1.710380391428566e-18 6.677163974987241e-18
10152.9 4.567851714131625e-18 1.0898790485033363e-17
10154.0 3.2253755959952246e-18 9.14664403374914e-18
10155.1 4.124479641665327e-18 1.03205347127968e-17
10156.2 4.960207518230859e-19 3.5738460996630745e-18
10157.2 3.886723467196661e-18 1.0038429382881552e-17
10158.3 3.2826043310639468e-18 9.2179277762056e-18
10159.4 4.868892600737072e-18 1.1204421942094929e-17
10160.5 4.8277346501351796e-18 1.1147711889689586e-17
10161.6 1.5223215937993926e-18 6.2598340861081344e-18
10162.7 2.042055986365014e-18 7.266244954597376e-18
10163.8 3.0041228755325873e-18 8.797797622991877e-18
10164.8 2.0920216320958464e-18 7.307273208964655e-18
10165.9 2.6200497632244537e-18 8.168723024120288e-18
10167.0 2.4243829700827142e-18 7.863326208796843e-18
10168.1 3.900259196995593e-18 9.996955742360022e-18
10169.2 2.010572650087653e-18 7.176291474858241e-18
10170.3 9.455446063996466e-19 4.911830894306177e-18
10171.4 1.6129890426523797e-18 6.4207538637442196e-18
10172.4 3.66048296691095e-18 9.664779444716238e-18
10173.5 2.9888696922171205e-18 8.756869686505052e-18
10174.6 8.07920336670911e-18 1.438652262102531e-17
10175.7 -1.631434978877742e-18 8.126936726023224e-18
10176.8 4.749757613603257e-18 1.100573621408391e-17
10177.9 1.4733622750903186e-18 6.1181471747250615e-18
10179.0 2.2054226369173627e-18 7.470554984552285e-18
10180.0 2.3913213513326074e-18 7.766632772097782e-18
10181.1 2.6827964540392718e-18 8.243346633844436e-18
10182.2 2.628209625834668e-18 8.151074921944469e-18
10183.3 1.2820539482727118e-18 5.7182798813257795e-18
10184.4 1.3256748575082928e-18 5.8219005416479735e-18
10185.5 1.7154909869805499e-18 6.636857349763822e-18
10186.6 1.2111957481615232e-18 5.559878662994126e-18
10187.6 2.7753438649943915e-18 8.374243513719545e-18
10188.7 2.0377300290002586e-18 7.160226426418632e-18
10189.8 4.262735885772723e-18 1.0341534495371458e-17
10190.9 2.1385383313115956e-18 7.325439532123354e-18
10192.0 3.3310721699915977e-18 9.144026168975556e-18
10193.1 5.988647804704119e-18 1.2257115050139775e-17
10194.2 5.149343934058922e-18 1.1361828690865067e-17
10195.2 2.9972575537248205e-18 8.705851146946159e-18
10196.3 1.605526702252086e-18 6.331480875427935e-18
10197.4 2.288556021660565e-18 7.556994066657474e-18
10198.5 2.9836865349723754e-18 8.657358221101123e-18
10199.6 3.789075981208354e-18 9.740183449120476e-18
10200.7 2.6092147431591863e-18 8.133651660728659e-18
10201.8 1.4576993482099956e-18 6.093402737354901e-18
10202.9 2.5179157137997565e-18 7.97064025458921e-18
10203.9 2.8582376087118083e-18 8.466008369911553e-18
10205.0 2.4584490787447757e-18 7.849181042849978e-18
10206.1 2.2427764432791645e-18 7.525310493965243e-18
10207.2 4.818215503177352e-18 1.1026571648105098e-17
10208.3 -4.37096211823471e-19 7.999946954532444e-18
10209.4 4.213620960874033e-18 1.0258522401353109e-17
10210.5 2.522673063220352e-18 7.919489890717016e-18
10211.5 5.474183742660714e-19 3.697114023430464e-18
10212.6 -4.721806269312687e-19 7.97633766231226e-18
10213.7 5.720968066650027e-18 1.1930717436224952e-17
10214.8 5.232111011832072e-18 1.1422924061905151e-17
10215.9 5.115565358888619e-18 1.1296476452316937e-17
10217.0 2.837417584652839e-18 8.428529782079234e-18
10218.1 3.733859128833735e-18 9.654260691852006e-18
10219.1 1.3151539393994083e-18 5.709011735873334e-18
10220.2 2.108190831746074e-18 7.244385481362671e-18
10221.3 2.8396232470315905e-18 8.399439251489275e-18
10222.4 4.2691880315598135e-18 1.0302242205204726e-17
10223.5 3.3447422003218795e-18 9.095628015814746e-18
10224.6 3.3623542549404593e-18 9.132211799186405e-18
10225.7 2.9751306095575058e-18 8.603568478129141e-18
10226.7 5.279590733427492e-18 1.1454508800297486e-17
10227.8 2.3510191177203216e-18 7.6430384388053e-18
10228.9 2.611170837794894e-18 8.06986913939265e-18
10230.0 1.2687829714938163e-18 5.6152744087546206e-18
10231.1 6.277204608044577e-18 1.2479899759588374e-17
10232.2 3.997780947412808e-18 9.978325957226986e-18
10233.3 2.902536141171453e-18 8.489875997469808e-18
10234.3 1.0097417269435212e-18 5.0137926042327515e-18
10235.4 1.3980819693031138e-18 5.8882049886996075e-18
10236.5 2.4597450499957093e-18 7.800272769255376e-18
10237.6 3.1678598511598177e-18 8.831139285095456e-18
10238.7 3.887118412433887e-18 9.811672047104357e-18
10239.8 1.915357469663854e-18 6.910780323930454e-18
10240.9 1.5680868636690984e-18 6.239461534707298e-18
10241.9 9.073585375294248e-19 4.732749072445024e-18
10243.0 1.656413972114389e-18 6.412629788628431e-18
10244.1 3.596751742198434e-18 9.434865286862439e-18
10245.2 2.9065064442463952e-18 8.498296748738658e-18
10246.3 2.728071113669006e-18 8.21177410909658e-18
10247.4 1.7138382064575122e-18 6.512858918305744e-18
10248.5 1.9290907215140092e-18 6.900053063068373e-18
10249.5 1.6238150776152454e-18 6.3265858629888575e-18
10250.6 2.6593954043859743e-18 8.099961580438866e-18
10251.7 1.4818737713741372e-18 6.06487358043709e-18
10252.8 9.306501386341437e-19 4.813268109102869e-18
10253.9 9.82796674506576e-19 4.946119295403757e-18
10255.0 2.2536719682206976e-18 7.459208832900133e-18
10256.1 2.942699527244919e-18 8.543750906772198e-18
10257.1 2.670381017766789e-18 8.125824268152654e-18
10258.2 1.813441475549905e-18 6.722649871244963e-18
10259.3 1.4348148346807413e-18 5.979065785992333e-18
10260.4 2.2098686669863808e-18 7.39220114327037e-18
10261.5 3.540481800080152e-18 9.371579045382946e-18
10262.6 2.6113532504122787e-18 8.054336864086382e-18
10263.7 3.079164757990039e-18 8.742179083410466e-18
10264.8 2.0286305302409276e-18 7.083458433667958e-18
10265.8 2.6736252752631724e-18 8.141742719498615e-18
10266.9 3.2834933257174956e-18 9.023079232675566e-18
10268.0 2.7069510418713417e-18 8.196070336749897e-18
10269.1 3.563655898244421e-18 9.404657282442802e-18
10270.2 3.61888984028087e-18 9.580197507336759e-18
10271.3 3.4938249024654595e-18 9.53352763544247e-18
10272.4 2.6327340514728785e-18 8.077555798617269e-18
10273.4 4.995248303540457e-18 1.113578353281848e-17
10274.5 4.089516679431636e-18 1.0076353396516737e-17
10275.6 3.142493293370771e-18 8.833346034317623e-18
10276.7 5.2463749169071045e-18 1.142408710509958e-17
10277.8 2.3130403066608254e-18 7.600309595518997e-18
10278.9 2.8843734050749318e-18 8.49217716978117e-18
10280.0 1.6814543121789784e-18 6.4599384722290465e-18
10281.0 3.4185602360688495e-18 9.223619794377091e-18
10282.1 3.36834655571749e-18 9.188293180297722e-18
10283.2 3.472458687124629e-18 9.276916426755648e-18
10284.3 1.5408887050717253e-18 6.162904085291934e-18
10285.4 9.210537409856802e-19 4.776255270186102e-18
10286.5 1.8915611621664978e-18 6.871954048274655e-18
10287.6 6.71844714510133e-18 1.2947489660781633e-17
10288.6 8.520333333316785e-20 1.4568465472065693e-18
10289.7 3.968830670821741e-18 9.953730662930935e-18
10290.8 7.823664606471611e-18 1.394760391882068e-17
10291.9 4.598696627454925e-18 1.0693786841405747e-17
10293.0 3.899370810380671e-18 9.826027184190289e-18
10294.1 2.8804581572481924e-18 8.455895595237898e-18
10295.2 3.610628736355824e-18 9.478805597205423e-18
10296.2 4.002104240102698e-18 9.980631845254403e-18
10297.3 3.61140989853863e-18 9.551698172313589e-18
10298.4 5.474689373396596e-20 1.1732752408797375e-18
10299.5 2.1164167305731953e-19 2.297682905310817e-18
10300.6 1.2265311028947188e-18 5.532644511063465e-18
10301.7 1.5214420128783385e-18 6.166126467465161e-18
10302.8 2.448693878006711e-18 7.813932670974227e-18
10303.8 4.0593228008290866e-18 1.007729643422821e-17
10304.9 4.143786038897044e-18 1.0180893737898366e-17
10306.0 2.1329917810244106e-18 7.283418112177808e-18
10307.1 1.4725169195003695e-18 6.0488436746875044e-18
10308.2 1.0550319778588175e-18 5.130953204303948e-18
10309.3 2.9204995975506977e-18 8.522332916808902e-18
10310.4 3.599225752591086e-18 9.461519820053795e-18
10311.4 2.80701978304929e-18 8.469200714541898e-18
10312.5 3.674964745122374e-18 9.717264866025894e-18
10313.6 3.0979403962068934e-18 8.799551426994534e-18
10314.7 2.3640667784783995e-18 7.655683256226628e-18
10315.8 1.705614031013061e-18 6.500375532620864e-18
10316.9 2.7867973956852333e-18 8.303512206829839e-18
10318.0 5.4262331762666426e-18 1.156029050836769e-17
10319.0 3.0779359596635876e-18 8.719962142819882e-18
10320.1 2.0209281647124795e-18 7.082270466427645e-18
10321.2 2.901741792366903e-18 8.498751075634853e-18
10322.3 3.4421349035959814e-18 9.235030528793372e-18
10323.4 2.4400329919808716e-18 7.752085275735138e-18
10324.5 2.825344905795904e-18 8.379873175456922e-18
10325.6 2.7988335088906364e-18 8.344283297944895e-18
10326.7 3.435175525682376e-18 9.254782844533687e-18
10327.7 3.980074454161581e-18 9.947190457960112e-18
10328.8 4.884002844819271e-18 1.0968431923349523e-17
10329.9 3.892295980413706e-18 9.807884979085425e-18
10331.0 2.8703660819841116e-18 8.430538127683616e-18
10332.1 2.6465733912751214e-18 8.105703549157806e-18
10333.2 3.4506005855144374e-18 9.246056655218639e-18
10334.3 2.882794283525193e-18 8.429012482808992e-18
10335.3 3.2268871207681904e-18 8.887187400662064e-18
10336.4 4.058135275392437e-18 9.97714045163773e-18
10337.5 3.066696689612501e-18 8.680689126367016e-18
10338.6 2.418531780402211e-18 7.7233305402119e-18
10339.7 2.9095109875068494e-18 8.455801633742477e-18
10340.8 3.244134442706785e-18 8.929603685973427e-18
10341.9 3.7752895102077276e-18 9.632388894650888e-18
10342.9 1.7444964223849104e-18 6.5363144891193435e-18
10344.0 7.168876158551177e-19 4.20823534173832e-18
10345.1 4.849794961167621e-19 3.4619328110938134e-18
10346.2 9.141380662454213e-19 4.747550128319999e-18
10347.3 1.2444160561733167e-18 5.5275679903695845e-18
10348.4 3.647372237215747e-18 9.432980372919514e-18
10349.5 3.4100847724145406e-18 9.128380113405043e-18
10350.5 5.66508101239474e-19 3.718815579906082e-18
10351.6 -1.2303523952501504e-19 7.828687103293723e-18
10352.7 2.2224394261071773e-18 7.35443561163492e-18
10353.8 2.1357636573759213e-18 7.211281814445913e-18
10354.9 2.368988131381081e-18 7.580638791526926e-18
10356.0 4.456799473676077e-18 1.038616896379907e-17
10357.1 4.8436535798790456e-18 1.0824219989337923e-17
10358.1 3.7309530015506165e-18 9.505050391854894e-18
10359.2 1.895862560237869e-18 6.76820735217045e-18
10360.3 2.0114386469359016e-18 6.969908453532087e-18
10361.4 2.2736877570061767e-18 7.407609647767543e-18
10362.5 4.477783888772302e-18 1.037693302496021e-17
10363.6 3.7014671798260085e-18 9.44438858649746e-18
10364.7 2.9053197124712377e-18 8.368313837600607e-18
10365.7 1.695933821036009e-18 6.383294285451532e-18
10366.8 2.5621521154122637e-18 7.841139102190632e-18
10367.9 3.752569491367589e-18 9.479300916629047e-18
10369.0 3.589051730760533e-18 9.268786714497852e-18
10370.1 2.7290149334344068e-18 8.088981428186063e-18
10371.2 2.2623108425747012e-18 7.379047501317702e-18
10372.3 1.8701807346858618e-18 6.685025302770661e-18
10373.3 6.042150531158191e-18 1.2015178965368596e-17
10374.4 1.797974525191281e-18 6.523417024508373e-18
10375.5 -1.5759654299318693e-18 7.62477364745904e-18
10376.6 6.165397090602567e-18 1.2125493185397966e-17
10377.7 7.738761279203856e-18 1.3562304340826351e-17
10378.8 1.641504046898021e-18 6.2295364874055735e-18
10379.9 2.0099292975133303e-18 6.905703463843935e-18
10381.0 2.216860586722664e-18 7.24812884603176e-18
10382.0 2.8163229132756062e-18 8.128541743479495e-18
10383.1 1.5278564917734444e-18 5.995761508148716e-18
10384.2 1.6739572131843388e-18 6.270557045472886e-18
10385.3 2.1475335497206716e-18 7.18446739751889e-18
10386.4 2.065821624437955e-18 6.979248190628247e-18
10387.5 2.528932692703869e-18 7.712226328490023e-18
10388.6 3.664031973794309e-18 9.254287481550872e-18
10389.6 2.7748752865621063e-18 8.043007303870289e-18
10390.7 2.7731076407498385e-18 8.053577980536533e-18
10391.8 4.313842768462932e-18 1.0052437078355156e-17
10392.9 4.3726168292329405e-18 1.0105951094700338e-17
10394.0 2.0016343606249473e-18 6.83322123989623e-18
10395.1 2.7466070640528887e-18 7.996531988349787e-18
10396.2 2.5988608775652344e-18 7.779489766350427e-18
10397.2 3.362294609998664e-18 8.839571994857422e-18
10398.3 -2.1871849519858707e-18 7.572437821303468e-18
10399.4 5.3417334554271175e-18 1.1300194058107227e-17
10400.5 6.564335309225696e-18 1.247135330352454e-17
10401.6 1.3861226822330524e-18 5.6846456383538975e-18
10402.7 1.3514218225486285e-18 5.581043780268813e-18
10403.8 3.046323444124786e-18 8.380703774968407e-18
10404.8 2.9869312784694998e-18 8.30525497622745e-18
10405.9 3.3356296956533596e-18 8.814512984518186e-18
10407.0 1.5960112914665254e-18 6.063814006179136e-18
10408.1 3.0766221696239598e-18 8.408703108438378e-18
10409.2 3.669870214508557e-18 9.192682479108657e-18
10410.3 1.4941362930143367e-18 5.871595377138627e-18
10411.4 1.0012127211650811e-18 4.7900287707756405e-18
10412.4 1.2906103961897245e-18 5.4501655462400345e-18
10413.5 1.9305648001020373e-18 6.663782521753485e-18
10414.6 1.736942838185738e-18 6.312118603105031e-18
10415.7 2.5992979032552976e-18 7.72851935296151e-18
10416.8 1.7983797215362024e-18 6.410001637784325e-18
10417.9 2.627738170696359e-18 7.73553887872022e-18
10419.0 -2.161808031936939e-18 7.27669321099591e-18
10420.0 -2.9338477122984275e-20 7.252104601170975e-18
10421.1 -2.8636939204324714e-18 7.27766662076726e-18
10422.2 1.4445363658362996e-18 5.7403877982166516e-18
10423.3 2.4284177604708935e-18 7.432336369539966e-18
10424.4 3.5480302236616525e-18 8.981281865831823e-18
10425.5 4.1533164696567185e-18 9.727187822052448e-18
10426.6 2.1720366266770883e-18 7.040244917700837e-18
10427.6 3.765959560072396e-18 9.322315657200181e-18
10428.7 2.7918511368873345e-18 8.047201303338514e-18
10429.8 1.6193288039260515e-18 6.071891061579737e-18
10430.9 3.741579753351275e-18 9.218150221409594e-18
10432.0 4.719273514551116e-18 1.0353997087889582e-17
10433.1 8.559861754742766e-19 4.416239487857636e-18
10434.2 2.82126238914163e-18 8.0136188970626e-18
10435.2 3.292253943041455e-18 8.684241212790088e-18
10436.3 2.4166504454527948e-18 7.450500476547038e-18
10437.4 1.9891582459904767e-18 6.701964710503264e-18
10438.5 2.086567753917012e-18 6.855694285273469e-18
10439.6 2.0751472045697615e-18 6.836254352728443e-18
10440.7 2.053524762276889e-18 6.819844075435507e-18
10441.8 1.9254192721441472e-18 6.603326860997625e-18
10442.9 2.451981434972096e-18 7.443180997203817e-18
10443.9 2.3013205830037143e-18 7.216473915185637e-18
10445.0 2.5744596503770016e-18 7.664822864557583e-18
10446.1 3.035588306565162e-18 8.271860924245999e-18
10447.2 2.471478068221836e-18 7.458323776669412e-18
10448.3 1.6485621383848505e-18 6.0911809718162705e-18
10449.4 3.0976124892186076e-18 8.373631306171293e-18
10450.5 3.3862165669652877e-18 8.762756582103598e-18
10451.5 1.763104323769462e-18 6.3014438492979836e-18
10452.6 -6.153979939954099e-19 7.200778189384473e-18
10453.7 1.740756045752437e-18 6.272387383078122e-18
10454.8 1.1317370024666147e-18 5.05647757570766e-18
10455.9 4.747241011057578e-18 1.0368233062769122e-17
10457.0 3.0125398901482332e-18 8.279779773316588e-18
10458.1 2.3416973709663816e-18 7.291600191865989e-18
10459.1 1.8376863015990047e-18 6.447737938144273e-18
10460.2 2.580252232771397e-18 7.669516797025058e-18
10461.3 1.8359612662427263e-18 6.460895699175822e-18
10462.4 2.445839195778066e-18 7.442882528843449e-18
10463.5 3.1662501934833272e-18 8.461696001879351e-18
10464.6 2.898797044694325e-18 8.088900313142649e-18
10465.7 2.4272526046062215e-18 7.404968376581802e-18
10466.7 2.5600649444862435e-18 7.613402064563326e-18
10467.8 2.6410885587224776e-18 7.709688431254425e-18
10468.9 5.185452377502951e-18 1.0805450059455086e-17
10470.0 2.9090893803183506e-18 8.134445875057468e-18
10471.1 4.828633252245916e-19 3.29978779744851e-18
10472.2 1.5548963009355122e-18 5.9102616300522186e-18
10473.3 5.262910167746076e-18 1.0914362796460891e-17
10474.3 4.192836809062453e-18 9.725631693364512e-18
10475.4 3.213347501400621e-18 8.511155248132428e-18
10476.5 3.152361394188142e-18 8.4441385973804e-18
10477.6 1.5221377261587636e-18 5.859697769441057e-18
10478.7 8.570950686782368e-19 4.388535275817226e-18
10479.8 1.8044386003203036e-18 6.3784745511832774e-18
10480.9 1.6832709987318857e-18 6.171505670150357e-18
10481.9 3.769374583402782e-18 9.23140241635742e-18
10483.0 2.4827753697961553e-18 7.505549017366844e-18
10484.1 2.404830270704458e-18 7.384155777753756e-18
10485.2 8.437019131678188e-19 4.3636742317432596e-18
10486.3 2.3532269533494576e-18 7.276895924361578e-18
10487.4 5.421506714914436e-20 1.1070374156233096e-18
10488.5 3.008691081477582e-18 8.247033527767228e-18
10489.5 3.402967572651339e-18 8.767351686650054e-18
10490.6 2.460183093340663e-18 7.435608551604537e-18
10491.7 1.9900687801562185e-18 6.6729580139217675e-18
10492.8 2.4011164902451463e-18 7.339388285628754e-18
10493.9 5.5536438769338e-19 3.534110434109605e-18
10495.0 2.492612014259466e-18 7.51746644945209e-18
10496.1 2.4676423099306243e-18 7.467396884373167e-18
10497.1 3.972811113237117e-18 9.468571516931956e-18
10498.2 3.2106119894697188e-18 8.530077618830773e-18
10499.3 2.123600768571059e-18 6.951951088076692e-18
10500.4 2.310286430009087e-18 7.252164940899794e-18
10501.5 1.3739194160666216e-18 5.5773244359402536e-18
10502.6 1.4246880873262045e-18 5.671036122749271e-18
10503.7 2.0148374677559415e-18 6.7282500922117974e-18
10504.8 2.644621327135616e-18 7.721858675692619e-18
10505.8 2.3079776831761494e-18 7.339835921562517e-18
10506.9 2.380185795586259e-18 7.58849994039684e-18
10508.0 2.9252109012696998e-18 8.23727921747927e-18
10509.1 2.102867479854711e-18 6.885933483195591e-18
10510.2 1.18752467245767e-18 5.178517550430825e-18
10511.3 1.4801948323219013e-18 5.791047184611986e-18
10512.4 4.664441353561032e-18 1.0261071221340075e-17
10513.4 4.2443274981013584e-18 9.785379933671462e-18
10514.5 2.6044034904165826e-18 7.701127004752442e-18
10515.6 3.0562136547165336e-18 8.407305037979955e-18
10516.7 5.147336185794294e-18 1.0858080634421456e-17
10517.8 1.8995173096532447e-18 6.57101462465995e-18
10518.9 2.4561332045894596e-18 7.456919932233334e-18
10520.0 3.3536901921068146e-18 8.725696988772734e-18
10521.0 2.4536974820104615e-18 7.456395307904114e-18
10522.1 1.4438063708907405e-18 5.7321364323872715e-18
10523.2 2.084929341872134e-18 6.903250769173703e-18
10524.3 1.8551187548135957e-18 6.493708946368492e-18
10525.4 2.1561590276508852e-18 7.000177782515975e-18
10526.5 6.536359415748982e-18 1.2172405021097018e-17
10527.6 4.949247840844866e-18 1.0596394688717229e-17
10528.6 3.122715313518067e-18 8.419542760784216e-18
10529.7 4.6546428990603065e-18 1.0252988295183816e-17
10530.8 2.8194160250529717e-18 8.008538252670031e-18
10531.9 1.865406370767922e-18 6.4906971553060366e-18
10533.0 3.148012299509652e-18 8.461050568839119e-18
10534.1 3.95480679269897e-18 9.516989571277218e-18
10535.2 2.9798322859210677e-18 8.226424681422206e-18
10536.2 1.6894005290400387e-18 6.175500291655263e-18
10537.3 3.0590238493823963e-18 8.365927567263178e-18
10538.4 3.050826809136948e-18 8.294975965181717e-18
10539.5 2.4908469134755912e-18 7.500547325056405e-18
10540.6 2.2073024431897614e-18 7.053135887339276e-18
10541.7 3.707454467260327e-18 9.147657500523182e-18
10542.8 2.692503195345479e-18 7.791165654260949e-18
10543.8 2.401916831342827e-18 7.35707026288114e-18
10544.9 1.9964532440015323e-18 6.701977638968078e-18
10546.0 1.7668464674339704e-18 6.319374741610502e-18
10547.1 2.6723701324261492e-18 7.744594539550777e-18
10548.2 2.1399236186124468e-18 6.954333656579163e-18
10549.3 3.567885782708038e-18 8.963206586130596e-18
10550.4 2.2423015771945667e-18 7.091479099366906e-18
10551.4 2.4681098360787673e-18 7.438676381789697e-18
10552.5 2.76234464743713e-18 7.85860626191677e-18
10553.6 3.4537839119796087e-18 8.787744401315244e-18
10554.7 2.5347220874551893e-18 7.553386286969963e-18
10555.8 2.742544990161207e-18 7.863964656559625e-18
10556.9 3.1480177057538895e-18 8.402391354045331e-18
10558.0 4.250262522197337e-18 9.737872079003208e-18
10559.0 1.46357148478581e-18 5.71352655674815e-18
10560.1 2.1654330754330816e-18 6.940421895882083e-18
10561.2 5.434311866795546e-19 3.475875101263666e-18
10562.3 9.075326465379483e-19 4.5015359095857185e-18
10563.4 1.8429478170836238e-18 6.3975386431441905e-18
10564.5 1.954641007432903e-18 6.582527152359372e-18
10565.6 2.827357270546835e-18 7.91753600324296e-18
10566.7 3.3626387247057364e-18 8.625422211025465e-18
10567.7 3.0102233519178147e-18 8.166330512820691e-18
10568.8 3.0116487282852604e-18 8.17930509057449e-18
10569.9 1.021143654387757e-18 4.7634246208470465e-18
10571.0 2.4228532591139825e-18 7.325616557356735e-18
10572.1 1.4253134293873367e-18 5.6116968779806776e-18
10573.2 2.6872056243733837e-19 2.437039234915125e-18
10574.3 1.4571483569410316e-18 5.679897003150286e-18
10575.3 3.204162386532964e-18 8.431069857806862e-18
10576.4 1.7713386303717254e-18 6.2485406069389995e-18
10577.5 3.50922852953911e-18 8.764031771782037e-18
10578.6 2.85411673242582e-18 7.92254792811483e-18
10579.7 9.959355885244037e-19 4.693808668786619e-18
10580.8 2.341277677236867e-18 7.193346698305589e-18
10581.9 1.7450045882658467e-18 6.203140149371037e-18
10582.9 1.4631189510071636e-18 5.6814903521383665e-18
10584.0 2.2511661139313357e-18 7.042486743681257e-18
10585.1 1.645757256478806e-18 6.026971314006717e-18
10586.2 2.0567247137352744e-18 6.731058610218896e-18
10587.3 4.342024665317494e-18 9.768687382135493e-18
10588.4 3.0067474933562965e-18 8.134733356855326e-18
10589.5 1.861108347791217e-18 6.403428703151801e-18
10590.5 1.0032721340909562e-18 4.693021211986499e-18
10591.6 2.6341214150416176e-18 7.577829639178377e-18
10592.7 1.9765464366433727e-18 6.6529209507537256e-18
10593.8 2.79604962759927e-18 7.846360046731571e-18
10594.9 2.8134057712279402e-18 7.918202669144333e-18
10596.0 2.61305459739633e-18 7.609375064163076e-18
10597.1 1.1655748638593615e-18 5.031364498416598e-18
10598.1 1.9342443235817248e-19 2.0539547689135932e-18
10599.2 3.597886329988579e-18 8.83512025931828e-18
10600.3 3.871297964236371e-18 9.151693781992302e-18
10601.4 2.34807959796143e-18 7.154927745777048e-18
10602.5 1.3415271438891174e-18 5.422969090094432e-18
10603.6 2.789949670074994e-18 7.795943519109627e-18
10604.7 2.2039046127363643e-18 6.938024079666716e-18
10605.7 2.238651236620264e-18 6.98829167553968e-18
10606.8 2.815536320566453e-18 7.823784656172298e-18
10607.9 3.534536306243654e-18 8.763251386864338e-18
10609.0 2.3208693816255783e-18 7.118843812696233e-18
10610.1 3.541852712599409e-18 8.76245655176995e-18
10611.2 3.526692577450928e-18 8.756453440464879e-18
10612.3 3.136218652924325e-18 8.253171545417943e-18
10613.3 2.388610861923367e-18 7.22701398044651e-18
10614.4 5.54412854606545e-18 1.1006168951975039e-17
10615.5 4.360004816272053e-18 9.765169378292481e-18
10616.6 4.514397840022152e-18 9.88963631014547e-18
10617.7 4.012896556607727e-18 9.326690144117606e-18
10618.8 2.8559634725165704e-18 7.88412550200714e-18
10619.9 3.1109267264604166e-18 8.224393762638125e-18
10621.0 4.8021739027117314e-18 1.018960646621535e-17
10622.0 2.4956703531108133e-18 7.362048372026172e-18
10623.1 3.5146258203383265e-18 8.723032870413e-18
10624.2 2.282575363773594e-18 7.101377488505e-18
10625.3 3.925598317159832e-18 9.36463537457499e-18
10626.4 3.461733835986485e-18 8.721639977420994e-18
10627.5 3.9270343999852224e-18 9.237915484922819e-18
10628.6 4.167655398106782e-18 9.497586159631657e-18
10629.6 3.423261490964528e-18 8.58989270414235e-18
10630.7 3.585677899134827e-18 8.797038074897709e-18
10631.8 3.304898792574424e-18 8.488661732235903e-18
10632.9 3.7746434624574226e-18 9.071995440373223e-18
10634.0 4.859954491057206e-18 1.0281548869300227e-17
10635.1 3.4521142248498235e-18 8.656212829854563e-18
10636.2 2.939380305441234e-18 7.968716803391681e-18
10637.2 3.0603067147334316e-18 8.161536180517066e-18
10638.3 3.4510909990351078e-18 8.67987055440726e-18
10639.4 3.299543707821648e-18 8.500019089632657e-18
10640.5 3.300365452402416e-18 8.541990998313084e-18
10641.6 3.892884455596485e-18 9.232479422190054e-18
10642.7 1.072530326354179e-18 4.824084305371898e-18
10643.8 2.914237117858344e-18 7.977713736621898e-18
10644.8 1.0271933824952303e-18 4.736205826452254e-18
10645.9 2.265613200445159e-18 7.046341509666407e-18
10647.0 2.243553077646285e-18 7.01568022294326e-18
10648.1 1.935368994150668e-18 6.505342036450616e-18
10649.2 2.2145300562494834e-18 6.954672310426489e-18
10650.3 2.7815899948975823e-18 7.810422410495925e-18
10651.4 3.078663431654084e-18 8.266045746722839e-18
10652.4 3.478498389298189e-18 8.741243693273492e-18
10653.5 3.206230877651415e-18 8.384987128777648e-18
10654.6 2.0807296520314306e-18 6.7410534694376094e-18
10655.7 3.282377444553561e-18 8.50077505153214e-18
10656.8 3.59354806546948e-18 8.912843650790126e-18
10657.9 2.0126146397116153e-18 6.668808020963554e-18
10659.0 1.9690546590204144e-18 6.598385387905573e-18
10660.0 3.673769859256524e-18 9.013193453975331e-18
10661.1 2.8426140456075806e-18 7.9515389003716e-18
10662.2 2.6619691645484464e-18 7.660317386567651e-18
10663.3 2.763596298195306e-18 7.801460548624971e-18
10664.4 3.1388437955346373e-18 8.335262915065869e-18
10665.5 3.143517928861916e-18 8.331070999675662e-18
10666.6 2.180251832376934e-18 6.95131494582598e-18
10667.6 2.2244761010512055e-18 7.008658724155624e-18
10668.7 3.2500599605335212e-18 8.50437808377553e-18
10669.8 1.1517929575934601e-18 5.076212338054567e-18
10670.9 1.6299409420936592e-18 6.040673049527046e-18
10672.0 1.484325033357772e-18 5.787069620122105e-18
10673.1 2.1522829824118264e-18 6.99166955992992e-18
10674.2 3.2479598429402003e-18 8.554710151087458e-18
10675.2 4.788510573065582e-18 1.0368445928690792e-17
10676.3 1.917614887512639e-18 6.563116559622281e-18
10677.4 1.576043215132605e-18 5.934756025765138e-18
10678.5 2.259960548809751e-18 7.103623105093003e-18
10679.6 2.3286857400420607e-18 7.222137743566954e-18
10680.7 2.91299363447873e-18 8.129718286960811e-18
10681.8 3.5792003637775105e-18 9.012151035788787e-18
10682.9 4.827060661417432e-18 1.046748775178181e-17
10683.9 2.732863959197938e-18 7.897432994234932e-18
10685.0 3.1967182794797694e-18 8.45382409474995e-18
10686.1 1.7338183162772445e-18 6.202425906980632e-18
10687.2 1.4639781425076334e-18 5.701252434702564e-18
10688.3 1.0492558196607084e-18 4.850608939474149e-18
10689.4 2.4786360551306208e-18 7.503254382147531e-18
10690.5 3.0460866313610297e-18 8.383741397311072e-18
10691.5 5.294484454426033e-18 1.1070136277943515e-17
10692.6 3.247396562439701e-18 8.647343526596974e-18
10693.7 -2.659877433783341e-19 7.20800112053915e-18
10694.8 1.4207357344003387e-18 5.642224559539075e-18
10695.9 3.3081607811865017e-18 8.679527019013369e-18
10697.0 2.29357627737079e-18 7.258850990363967e-18
10698.1 1.3395610008916352e-18 5.558323539718808e-18
10699.1 1.651539886221306e-18 6.17060860068478e-18
10700.2 2.4995856496989245e-18 7.579944119900746e-18
10701.3 3.2592351720908514e-18 8.6516471937463e-18
10702.4 2.5869151513695772e-18 7.715413862607161e-18
10703.5 3.651543286882251e-18 9.158941047349333e-18
10704.6 2.984428143670711e-18 8.296838945160411e-18
10705.7 3.996619759815777e-18 9.618908598529954e-18
10706.7 2.7408705449809115e-18 7.954217029881986e-18
10707.8 3.659943266351109e-18 9.201234962415246e-18
10708.9 3.828574035386749e-18 9.406257940551892e-18
10710.0 2.3671424977205925e-18 7.316272793367577e-18
10711.1 3.1026310800769687e-18 8.413272913651557e-18
10712.2 6.6795793149590224e-18 1.2415214984806219e-17
10713.3 3.482951271704757e-18 8.975251251064409e-18
10714.3 3.2535122984335804e-18 8.672796160266989e-18
10715.4 5.826953864758383e-19 3.683163782524131e-18
10716.5 1.658255552597085e-18 6.21621545879559e-18
10717.6 3.3720040835114337e-18 8.815674806722897e-18
10718.7 3.045119496575026e-18 8.441817885957722e-18
10719.8 3.601817696688733e-18 9.210601631612568e-18
10720.9 2.792095356472026e-18 8.05605049061059e-18
10721.9 3.6878545886017046e-18 9.280403212724318e-18
10723.0 1.468663533289976e-18 5.871696288983722e-18
10724.1 4.711844275680978e-18 1.0454843790672578e-17
10725.2 3.3718550505187442e-18 8.878198303475187e-18
10726.3 2.3346425036613595e-18 7.404382478489129e-18
10727.4 3.4418512806974733e-18 9.004231012738879e-18
10728.5 4.0550996591496196e-18 9.785249335595743e-18
10729.5 4.968538846389642e-18 1.080631756948104e-17
10730.6 2.2919336116434837e-18 7.324007614038525e-18
10731.7 1.474180292657999e-18 5.839957239707202e-18
10732.8 -5.83349027592928e-18 7.376455756648767e-18
10733.9 -1.6513888971444288e-18 7.431473194042164e-18
10735.0 4.5583886048548104e-18 1.0364747503582508e-17
10736.1 3.4974688547945794e-18 9.102891106898761e-18
10737.1 3.814124716623859e-18 9.523517196560735e-18
10738.2 3.771482943197521e-18 9.46402166921575e-18
10739.3 3.070703229894231e-18 8.528178503720611e-18
10740.4 3.6591770002519704e-18 9.352327004073511e-18
10741.5 3.0832968373760216e-18 8.676935337127147e-18
10742.6 2.295962087002343e-18 7.484321574427053e-18
10743.7 -3.5048380742546285e-19 7.605337805093624e-18
10744.8 -2.6231337032762474e-18 7.548383208087526e-18
10745.8 7.172421474599386e-19 4.129747492661701e-18
10746.9 6.893123138712416e-18 1.279657657239921e-17
10748.0 5.512753667758824e-18 1.1448418619128336e-17
10749.1 2.3821111242604683e-18 7.53847008478093e-18
10750.2 4.081468146153109e-18 9.863820173369037e-18
10751.3 1.9096952467443783e-18 6.729153216311779e-18
10752.4 5.789498939147226e-18 1.169557178945933e-17
10753.4 2.9636880557151472e-18 8.367354466398966e-18
10754.5 4.564956536545294e-18 1.0398443444578742e-17
10755.6 2.9326886640497798e-18 8.318344795027468e-18
10756.7 3.988427268738678e-18 9.683698362830036e-18
10757.8 3.3577878042397113e-18 8.920550977038315e-18
10758.9 3.917538070577111e-18 9.658958029745219e-18
10760.0 2.460205435725096e-18 7.653263522568991e-18
10761.0 1.6228682912769964e-18 6.221622421271452e-18
10762.1 7.424199786592661e-19 4.198365784143345e-18
10763.2 2.308575949721046e-18 7.394851463364867e-18
10764.3 3.5650455758143525e-18 9.192207465016014e-18
10765.4 2.8224653806698788e-18 8.17269960405357e-18
10766.5 7.739966514211074e-19 4.2846014492267755e-18
10767.6 2.1505414407204337e-18 7.112524879073886e-18
10768.6 1.4599851221800864e-18 5.861358743097198e-18
10769.7 2.143499097378233e-18 7.091528170500737e-18
10770.8 3.4969257896674966e-18 9.074928315046184e-18
10771.9 2.622439227496077e-18 7.860061661053137e-18
10773.0 1.2572979243490372e-18 5.44463177913111e-18
10774.1 3.512716783556097e-18 9.123977553920513e-18
10775.2 3.833504833305938e-18 9.513605467087072e-18
10776.2 1.1667689932841543e-18 5.226644461704451e-18
10777.3 5.118336170529888e-19 3.469920466817637e-18
10778.4 3.279046041001562e-18 8.772048324299047e-18
10779.5 4.476724511583811e-18 1.0231597834043866e-17
10780.6 3.579075818129518e-18 9.148811146164832e-18
10781.7 3.597086476577203e-18 9.177057596009166e-18
10782.8 2.9710240007652706e-18 8.347820536685651e-18
10783.8 2.2584047913676862e-18 7.276136339201084e-18
10784.9 1.84439138922813e-18 6.57475402878447e-18
10786.0 2.884369369520991e-18 8.222260985993394e-18
10787.1 3.191295485111516e-18 8.641559237169874e-18
10788.2 3.130269089455859e-18 8.527199854965752e-18
10789.3 3.618346627284738e-18 9.139806722022405e-18
10790.4 2.5882618246440424e-18 7.76159675547404e-18
10791.4 4.44322955178041e-18 1.0150030765898788e-17
10792.5 2.3219008846739e-18 7.336559569349e-18
10793.6 2.2358367404000064e-18 7.200787805959798e-18
10794.7 2.4616814505858622e-18 7.54729758606231e-18
10795.8 3.3462140146400424e-18 8.792414645657702e-18
10796.9 4.277181444279312e-18 9.909047400483817e-18
10798.0 3.160009511977883e-18 8.499380861511924e-18
10799.0 2.2396733079321346e-18 7.170906393610966e-18
10800.1 2.1492155065344764e-18 7.02654697080701e-18
10801.2 2.5175727893614904e-18 7.624249243221507e-18
10802.3 2.4332862755246594e-18 7.49152699990058e-18
10803.4 1.928879531277171e-18 6.65602509813491e-18
10804.5 2.879722714323765e-18 8.09091149295503e-18
10805.6 3.636306648786062e-18 9.140487136977874e-18
10806.7 4.502669278289827e-18 1.0170675579540942e-17
10807.7 2.2578060923876207e-18 7.191429052708267e-18
10808.8 2.374362276818793e-18 7.376081753235343e-18
10809.9 2.7440096455116083e-18 7.907702911928294e-18
10811.0 2.858349343617381e-18 8.160272520319646e-18
10812.1 3.497327825022255e-18 9.009028847381833e-18
10813.2 2.3508413751593883e-18 7.3079155378103e-18
10814.3 2.0594380433228623e-18 6.832139998007314e-18
10815.3 2.9142665069550848e-18 8.09673441797255e-18
10816.4 2.7557582278395625e-18 7.879575094063162e-18
10817.5 2.4850645733850402e-18 7.502418486011896e-18
10818.6 1.6262973373827353e-18 6.058825601550059e-18
10819.7 1.605154830165471e-18 5.998422045460793e-18
10820.8 2.5284981271177476e-18 7.54742103672074e-18
10821.9 4.027910410342518e-18 9.512383314749667e-18
10822.9 2.5431306043861623e-18 7.569528264845273e-18
10824.0 7.83913248787668e-19 4.209267860172549e-18
10825.1 4.1394573143547427e-19 3.0535562199894596e-18
10826.2 3.6077044389510435e-18 8.993868938792656e-18
10827.3 3.4656579574348513e-18 8.80635247084024e-18
10828.4 2.7166661059385233e-18 7.801671599117414e-18
10829.5 3.332628158832929e-18 8.634173597615358e-18
10830.5 3.047992826031012e-18 8.233370382615437e-18
10831.6 -2.0355519702310123e-18 7.14185454037928e-18
10832.7 5.1105162778287995e-18 1.0691898411032806e-17
10833.8 1.4138615831688348e-18 5.654632182878574e-18
10834.9 5.0013171520161595e-18 1.0660726270529301e-17
10836.0 -5.548355795063162e-19 7.215686107088097e-18
10837.1 1.635955062650757e-18 6.0507660261229415e-18
10838.1 3.4474969425746288e-18 8.754656051185623e-18
10839.2 3.797171509818874e-18 9.20871429807723e-18
10840.3 3.776477134891564e-18 9.166479679084366e-18
10841.4 1.9190414141178e-18 6.505856530017257e-18
10842.5 9.05577628349059e-19 4.483743133251562e-18
10843.6 9.786400229115766e-19 4.691442083985481e-18
10844.7 4.629144193086004e-18 1.0172528828165189e-17
10845.7 1.6331606451420707e-18 6.016817805541903e-18
10846.8 -1.1838513010768171e-18 7.098671345037552e-18
10847.9 4.416951835011207e-18 9.902575477946434e-18
10849.0 2.5649093455996486e-18 7.534444718444032e-18
10850.1 3.093237790139467e-18 8.270852243034078e-18
10851.2 3.525965351578802e-19 2.794613822313268e-18
10852.3 -3.4344365534403736e-19 7.106202188559374e-18
10853.3 1.8171500349443214e-18 6.329611300979335e-18
10854.4 2.5244968192751936e-18 7.46323760769782e-18
10855.5 3.874531814669692e-18 9.26476385098621e-18
10856.6 3.794808569543187e-18 9.143091219507684e-18
10857.7 1.7616761466576927e-18 6.232814498143828e-18
10858.8 7.614229777785673e-19 4.10072076226683e-18
10859.9 2.513642872192705e-18 7.44737308832937e-18
10861.0 3.3800646078953535e-18 8.827865905807753e-18
10862.0 3.434453409531379e-18 8.825341512020368e-18
10863.1 3.978103770875141e-18 9.472630519167372e-18
10864.2 2.7751853755273548e-18 7.874483767489065e-18
10865.3 2.6811337017254955e-18 7.683821689178034e-18
10866.4 1.3791868780124285e-18 5.52862196095267e-18
10867.5 2.4842618009132035e-18 7.409689238694838e-18
10868.6 1.6770793944239562e-18 6.0813641368935494e-18
10869.6 1.7109781332967576e-18 6.146172753758706e-18
10870.7 2.453263890400812e-18 7.347271201620966e-18
10871.8 3.9858161631362425e-18 9.330635335046155e-18
10872.9 1.0751531812404412e-18 4.8424870842113905e-18
10874.0 1.4911735791404578e-18 5.7240803114467335e-18
10875.1 4.672881946948569e-18 1.0128316852474963e-17
10876.2 2.9006819626474094e-18 8.042874999559571e-18
10877.2 1.074679107926275e-18 4.926573358419113e-18
10878.3 -4.3745213613579157e-20 7.101608227428764e-18
10879.4 8.405009989330738e-19 4.293616332942117e-18
10880.5 2.6427028882021155e-18 7.65940737971338e-18
10881.6 3.697334975881426e-18 9.075363838628511e-18
10882.7 2.4002799281564013e-18 7.285014747958688e-18
10883.8 2.0374412327711152e-18 6.708829536189903e-18
10884.8 2.867982479097408e-18 7.972922581773051e-18
10885.9 3.108575608730592e-18 8.297493396834097e-18
10887.0 3.5919924812848586e-18 8.91729838083309e-18
10888.1 3.141324518248594e-18 8.378578692230749e-18
10889.2 3.289360409621281e-18 8.540425102037559e-18
10890.3 1.0692325599289937e-18 4.8587409803030486e-18
10891.4 2.9827223857345927e-18 8.13978423934254e-18
10892.4 1.3658713142071108e-18 5.50738766853738e-18
10893.5 1.0986799755008495e-18 4.938796026292702e-18
10894.6 -5.367559224129244e-19 7.077381201674497e-18
10895.7 1.749408085630244e-18 6.226437434180142e-18
10896.8 -1.4815717777286994e-18 7.065264448682068e-18
10897.9 4.451037406016129e-19 3.1335285690388418e-18
10899.0 2.5280483850717077e-18 7.465343899964231e-18
10900.0 3.490228912268813e-18 8.77463349509337e-18
10901.1 3.1093610359704776e-18 8.304345382343109e-18
10902.2 1.2432063864806897e-18 5.263146415197818e-18
10903.3 8.225658825242768e-19 4.297647169518258e-18
10904.4 2.3672732086770534e-18 7.299413125550787e-18
10905.5 1.4162870245133894e-18 5.633064651046514e-18
10906.6 2.056723723519042e-18 6.78878241084637e-18
10907.6 2.0660436674492348e-18 6.7944913140089916e-18
10908.7 2.8804671927070947e-18 7.989471614877732e-18
10909.8 2.1262283063679057e-18 6.847815102673428e-18
10910.9 1.3836983427566723e-18 5.536982444605642e-18
10912.0 1.6114377451092323e-18 5.968110299201953e-18
10913.1 1.2084637986188707e-18 5.1811551719742676e-18
10914.2 1.7290769167998965e-18 6.217167494607255e-18
10915.2 2.0937082099654598e-18 6.8247283479571804e-18
10916.3 3.042576782629236e-18 8.299986803413469e-18
10917.4 1.6929060334097533e-18 6.210794666131383e-18
10918.5 1.7288279513313374e-18 6.208190370373011e-18
10919.6 1.7232180398397366e-18 6.215864656134055e-18
10920.7 8.086426055671768e-19 4.25530422271598e-18
10921.8 2.74796873184782e-18 7.819094920892999e-18
10922.9 1.966097457475715e-18 6.635288368993741e-18
10923.9 3.323223576569855e-18 8.643537688161323e-18
10925.0 2.0197854095933093e-18 6.787829789947868e-18
10926.1 6.359552358007858e-18 1.2168499363528979e-17
10927.2 7.381005674145848e-19 4.1121485852837325e-18
10928.3 6.460040624965413e-19 3.8348295962983955e-18
10929.4 -2.133988204666531e-19 7.211425372564481e-18
10930.5 6.339538419546476e-19 3.774229197241056e-18
10931.5 1.4267784031008736e-18 5.668299882121172e-18
10932.6 9.132214217618514e-19 4.541333039634214e-18
10933.7 2.37883555732095e-18 7.361900498042e-18
10934.8 3.2265731491015893e-18 8.616320972960096e-18
10935.9 2.2829772728894806e-18 7.250995172509539e-18
10937.0 1.2557133414271913e-18 5.3986684256438234e-18
10938.1 1.721493270215836e-18 6.323415775823204e-18
10939.1 1.7091585296408944e-18 6.331048868849701e-18
10940.2 1.2617290115694929e-18 5.466864675268341e-18
10941.3 2.9132741794331965e-18 8.352503508435199e-18
10942.4 3.2088626480009082e-18 8.808407881437792e-18
10943.5 1.1947127613768332e-18 5.346268551977993e-18
10944.6 2.1150694979717095e-18 7.05685562674238e-18
10945.7 1.709305721942708e-18 6.308700632551456e-18
10946.7 2.4939842463972e-18 7.625070260281089e-18
10947.8 2.7300375243308403e-18 7.98190123817682e-18
10948.9 2.0870854857359677e-18 6.949993163178257e-18
10950.0 1.746560106277714e-18 6.351190646664455e-18
10951.1 2.2128721318421735e-20 7.111653993409264e-19
10952.2 9.366752549769022e-19 4.605808060576098e-18
10953.3 4.681548771279342e-18 1.0300173274075141e-17
10954.3 7.576640852378879e-19 4.128739079452529e-18
10955.4 1.9546047648677454e-18 6.653158886302367e-18
10956.5 2.583588494712441e-18 7.65757363685985e-18
10957.6 1.3307785239695028e-18 5.510861719376608e-18
10958.7 2.0810894567941878e-18 6.910818113520946e-18
10959.8 1.721429558909525e-18 6.290253388123559e-18
10960.9 1.8778898956847557e-18 6.558394252156727e-18
10961.9 3.0264678798429274e-18 8.306190792673462e-18
10963.0 2.6781832150812236e-18 7.813803224027515e-18
10964.1 3.3248480052900133e-18 8.744015664996343e-18
10965.2 2.8472838935404186e-18 8.05851201695919e-18
10966.3 2.261020276127603e-18 7.172670490659235e-18
10967.4 1.9649728109473047e-18 6.7000975596012424e-18
10968.5 1.2358844978532587e-18 5.291295031117071e-18
10969.5 2.4228363922942717e-18 7.388186570558351e-18
10970.6 1.4458503527967141e-18 5.701351659157031e-18
10971.7 8.064398516065979e-19 4.258112675180856e-18
10972.8 4.724539169663005e-18 1.0323284553921521e-17
10973.9 4.975797306604149e-18 1.0684661582403536e-17
10975.0 2.6058318300602225e-18 7.735944110661305e-18
10976.1 5.316895797113346e-18 1.1066075836011491e-17
10977.1 1.0743055218233926e-18 4.971743587664705e-18
10978.2 2.161439568876169e-18 7.0690853668947e-18
10979.3 3.8317798950898116e-18 9.408766443189904e-18
10980.4 3.654830947702436e-18 9.16943352623647e-18
10981.5 1.3736995708363107e-18 5.6143753268780236e-18
10982.6 2.898591315644974e-18 8.151088991308331e-18
10983.7 2.516118365408725e-18 7.575083494495509e-18
10984.8 4.743186852815398e-18 1.042721732242451e-17
10985.8 2.3641760494342832e-18 7.387926061962721e-18
10986.9 3.4372896826892162e-18 8.887760067405834e-18
10988.0 2.935314257233945e-18 8.211506028593034e-18
10989.1 1.2415543587714973e-18 5.3566137697299916e-18
10990.2 1.56944473322828e-18 6.007002825160671e-18
10991.3 2.232627136536926e-18 7.17286045853792e-18
10992.4 1.208145145046778e-18 5.271211944644901e-18
10993.4 2.1521107421853787e-18 7.030899143028285e-18
10994.5 9.426811268290645e-19 4.667814510851023e-18
10995.6 2.800009319828539e-18 8.098978641191397e-18
10996.7 3.5472240090399336e-18 9.176885886048495e-18
10997.8 3.0166194170416453e-18 8.430907438411303e-18
10998.9 1.948496600638573e-18 6.7545843478640315e-18
11000.0 3.8474867993609586e-18 9.441922792635846e-18
11001.0 2.3763339884502384e-18 7.390745565494676e-18
11002.1 3.8663740008263534e-18 9.400173925851259e-18
11003.2 1.5632310286816276e-18 5.981220235262739e-18
11004.3 1.4707507770526636e-18 5.816838878040102e-18
11005.4 2.159804406485764e-18 7.06081778594443e-18
11006.5 9.7263844785735e-19 4.733902328611811e-18
11007.6 3.755511070746535e-18 9.260313487141646e-18
11008.6 4.623954045532594e-18 1.0321615227985308e-17
11009.7 -4.934530101844893e-20 7.466076343071548e-18
11010.8 1.3671572629269537e-18 5.644455351821745e-18
11011.9 3.240573775194101e-18 8.652063785749518e-18
11013.0 3.507015643818456e-18 8.935098673639002e-18
11014.1 9.14831462518513e-19 4.563628192021432e-18
11015.2 2.2826369866927502e-18 7.2017810420089e-18
11016.2 2.4658032650457953e-18 7.502060299800173e-18
11017.3 2.6743195474508006e-18 7.799882565162397e-18
11018.4 1.6927048210835764e-18 6.250664573554667e-18
11019.5 2.1147383094706846e-18 7.01963659236043e-18
11020.6 1.034032792179915e-18 4.908542778352612e-18
11021.7 1.4132627775856885e-18 5.730745020597634e-18
11022.8 6.873919097097321e-19 3.959403490196489e-18
11023.8 9.778885762088292e-19 4.711169352934681e-18
11024.9 1.7796174230530984e-18 6.4019871498955926e-18
11026.0 2.2257944447206708e-18 7.172968256523409e-18
11027.1 1.914357235454103e-18 6.646973723268561e-18
11028.2 2.9742960015808045e-18 8.225468912778497e-18
11029.3 -5.334236722963223e-18 7.304524115906347e-18
11030.4 -1.2891157670625352e-18 7.369118817273195e-18
11031.4 1.6305570815076985e-18 6.134979934952684e-18
11032.5 4.876891892308384e-18 1.0567438690625135e-17
11033.6 2.250772218535465e-18 7.163310661548957e-18
11034.7 3.728775781328622e-18 9.203839857876173e-18
11035.8 1.4888159701919235e-18 5.793720336132733e-18
11036.9 1.4259142391390783e-18 5.6403167044120856e-18
11038.0 1.154161562456423e-18 5.074386974922796e-18
11039.0 1.0777561096148546e-18 4.907176607872017e-18
11040.1 3.3036543400804266e-18 8.61752308132513e-18
11041.2 1.9964855245868476e-18 6.737385228334171e-18
11042.3 1.7295086055202747e-18 6.323219563722104e-18
11043.4 3.3281007345755934e-18 8.810513968701537e-18
11044.5 4.044687551386331e-18 9.709371116597579e-18
11045.6 3.387624352561496e-18 8.816588667035334e-18
11046.7 2.4480534150226966e-18 7.42420245949681e-18
11047.7 2.9566887024221833e-18 8.198618416840585e-18
11048.8 1.9791476645812e-18 6.695642309424358e-18
11049.9 1.2272401824027628e-18 5.241868394185411e-18
11051.0 2.7307378850731365e-18 7.782706114591683e-18
11052.1 4.776586242178803e-18 1.0332343672171515e-17
11053.2 1.9022218878814292e-18 6.529264153040699e-18
11054.3 3.025310918507122e-18 8.248012574473809e-18
11055.3 1.843172179294017e-18 6.4763240207370376e-18
11056.4 1.311616423402706e-18 5.475799622500436e-18
11057.5 1.881219304515327e-18 6.521861422216874e-18
11058.6 1.6188991724427542e-18 6.046507210390351e-18
11059.7 8.629162127641937e-19 4.446424999831322e-18
11060.8 2.517119145894175e-18 7.616041353041808e-18
11061.9 3.3261906171291575e-18 8.808292606719022e-18
11062.9 4.504888908628371e-18 1.0283919825073699e-17
11064.0 8.899291099971737e-19 4.557670223730751e-18
11065.1 2.243028445123958e-18 7.181932369212566e-18
11066.2 2.3308925410792486e-18 7.330180443728685e-18
11067.3 2.675927581489293e-18 7.843668884287224e-18
11068.4 2.4995585018181075e-18 7.524566281613184e-18
11069.5 2.1857370317678723e-18 6.96712090135154e-18
11070.5 3.0200065142223663e-18 8.195657665257216e-18
11071.6 2.086187023547085e-18 6.823011900437379e-18
11072.7 2.6998172248874853e-18 7.762649687893453e-18
11073.8 2.027306030183913e-18 6.710077404186108e-18
11074.9 2.6853356052149313e-18 7.745574370018802e-18
11076.0 2.7939436971296247e-18 7.896944869088542e-18
11077.1 3.1245167344922004e-18 8.379241767590301e-18
11078.1 2.6629477389230198e-18 7.773174446140889e-18
11079.2 5.819666911741407e-19 3.639365744867152e-18
11080.3 2.56586948630106e-18 7.692442588285424e-18
11081.4 2.9659514592468714e-18 8.292473465710259e-18
11082.5 1.3732816943904572e-18 5.6212577969522874e-18
11083.6 1.002051865586521e-18 4.796643753645413e-18
11084.7 2.6538636710859833e-18 7.833783957944595e-18
11085.7 1.5818045543310695e-18 6.083131262438029e-18
11086.8 2.165532622160066e-18 7.116128560537868e-18
11087.9 -2.0170811192909096e-18 7.445599883980028e-18
11089.0 3.6962246830036244e-18 9.192517668027056e-18
11090.1 4.158088178379971e-18 9.665635112456179e-18
11091.2 4.872096931367371e-18 1.0463414271037493e-17
11092.3 2.106373668481283e-18 6.91675188009832e-18
11093.3 2.3261185137540184e-18 7.294007602738308e-18
11094.4 1.1018495253212081e-18 5.007978599906247e-18
11095.5 1.4419619460933745e-18 5.706768047839059e-18
11096.6 2.3323540339710713e-18 7.270503472235446e-18
11097.7 2.8330814664218853e-18 8.021076457901219e-18
11098.8 1.2180369136974256e-18 5.26164871704429e-18
11099.9 2.1171296792825963e-18 6.926888829198786e-18
11101.0 2.0314484207035066e-18 6.746497831720713e-18
11102.0 2.8867115919412404e-18 8.059243720114056e-18
11103.1 1.0632798328809617e-18 4.8980746495777554e-18
11104.2 3.557262549271742e-18 9.106133374165057e-18
11105.3 2.4657320991745045e-18 7.754251199872478e-18
11106.4 3.387703854760511e-18 9.102306514431064e-18
11107.5 1.6146254128282793e-18 6.2165379698414585e-18
11108.6 8.429759728819894e-19 4.483400808928619e-18
11109.6 2.7439780316080046e-18 8.051125128985005e-18
11110.7 2.7744155832251377e-18 8.067035342808984e-18
11111.8 2.615636087667068e-18 8.008163568943972e-18
11112.9 3.787442098508729e-18 9.654574941306626e-18
11114.0 1.896393086094102e-18 6.874322457441193e-18
11115.1 1.592177329912595e-18 6.331078216060647e-18
11116.2 2.922282921932509e-18 8.406720697617237e-18
11117.2 1.1976866605068148e-18 5.249140288415671e-18
11118.3 6.01866541480494e-19 3.690023454591409e-18
11119.4 3.589338360462344e-18 9.043491197788712e-18
11120.5 1.4707082435612504e-20 5.829303271752704e-19
11121.6 1.9837886325408456e-18 6.8118010998906774e-18
11122.7 2.623234810163961e-18 7.857043621952651e-18
11123.8 1.8487519800517812e-18 6.6182889078115896e-18
11124.8 1.8897940030482806e-18 6.673332201256578e-18
11125.9 2.0221202268529e-18 6.884740190237433e-18
11127.0 1.2369712713392295e-18 5.3982899266027954e-18
11128.1 2.1757006572799173e-18 7.249332330087163e-18
11129.2 2.1631861402022978e-19 2.3426603117295434e-18
11130.3 2.505936405603275e-18 8.180638387888034e-18
11131.4 1.5153149481280877e-18 6.406485015243118e-18
11132.4 3.3668470700001947e-18 9.58857663075956e-18
11133.5 2.5913488818392003e-18 8.294173677103267e-18
11134.6 1.811528802483615e-18 6.807504473642691e-18
11135.7 2.0430150472835275e-18 7.244645662168065e-18
11136.8 2.6774872329877183e-18 8.463802684925962e-18
11137.9 1.3524216818939898e-18 6.0642715041179165e-18
11139.0 1.740162035485638e-18 6.800444157136445e-18
11140.0 3.392640011125047e-18 9.233671502745048e-18
11141.1 3.2739063201035723e-18 8.927328357983962e-18
11142.2 3.605957612493905e-18 9.352788813434508e-18
11143.3 2.227627157549622e-18 7.31850106336375e-18
11144.4 3.2085667435508858e-18 8.788025611108777e-18
11145.5 1.92423222615486e-18 6.783954149701124e-18
11146.6 1.9957182885162177e-18 6.9902425950172e-18
11147.6 1.4205367121409954e-18 5.941373247685695e-18
11148.7 1.9560201619758375e-18 7.064661380566849e-18
11149.8 2.0937340097336382e-18 7.719233099539659e-18
11150.9 6.741201386817024e-19 4.730312418191233e-18
11152.0 4.501787328492099e-18 1.2331023801497863e-17
11153.1 2.5548442258582317e-18 8.734222551229878e-18
11154.2 3.4502119843405126e-19 3.102877454782467e-18
11155.2 9.326932491649852e-19 5.0341687453401e-18
11156.3 5.000361724634244e-18 1.1479774205535148e-17
11157.4 2.1114159376636517e-18 7.455943618406554e-18
11158.5 1.4644535473365034e-19 1.9607808523192224e-18
11159.6 2.4870546017424284e-18 8.069921989829382e-18
11160.7 2.612891590244154e-18 8.380152005326025e-18
11161.8 2.8094281401532486e-18 9.01768271197741e-18
11162.9 1.806990677500351e-18 7.689008776441574e-18
11163.9 2.128226627007688e-18 8.848847019293335e-18
11165.0 2.8787519837424476e-18 1.0770071068763708e-17
11166.1 2.0538701938773042e-18 9.156829952961443e-18
11167.2 1.6282913408109777e-18 7.934616822127472e-18
11168.3 4.371777294107898e-19 3.90595877517922e-18
11169.4 2.2646177210383166e-18 8.362268272625812e-18
11170.5 2.9295337091427684e-18 9.289538486568315e-18
11171.5 2.558963418393985e-18 8.948414494291742e-18
11172.6 2.6394483279647487e-18 9.503240284695546e-18
11173.7 1.4370622930042733e-18 7.131639951584653e-18
11174.8 6.806707950043658e-19 4.844986674544943e-18
11175.9 2.0154279142477996e-19 2.5002023970457682e-18
11177.0 6.540163584679838e-19 4.264793259476472e-18
11178.1 3.768247128248896e-18 1.0137577229975795e-17
11179.1 7.511754914687671e-19 4.588218845379203e-18
11180.2 4.1773266080735217e-20 1.099823941822432e-18
11181.3 1.3932676867104831e-18 6.543842260760944e-18
11182.4 3.0121408706440413e-18 1.017363296358943e-17
11183.5 1.2235414967745575e-18 6.726924495144975e-18
11184.6 1.0434484591908676e-18 5.9140735019284705e-18
11185.7 2.1572309237415434e-18 8.051258180576877e-18
11186.7 3.1107367744032108e-18 9.753064457489055e-18
11187.8 1.558859764872647e-18 7.396781652228099e-18
11188.9 3.215824515642583e-18 1.1416436822922768e-17
11190.0 1.917496343664519e-18 8.874662303146788e-18
11191.1 3.1578843961419835e-18 1.1199648315593741e-17
11192.2 5.2666268280183e-19 4.694520344682322e-18
11193.3 1.791883918758739e-18 8.86817384542129e-18
11194.3 -1.200382436205872e-19 1.2932538340107108e-17
11195.4 1.4784591093239914e-18 7.213789034804762e-18
11196.5 2.3636159464471734e-18 8.760123903085699e-18
11197.6 2.0398239578204205e-18 8.264867477177257e-18
11198.7 1.2680084319054261e-18 6.8906338337557145e-18
11199.8 2.1597494653543086e-18 9.268991917370011e-18
11200.9 3.171907186322549e-18 1.110846575760835e-17
11201.9 4.116812670940553e-18 1.3252801041945634e-17
11203.0 2.9637224388943494e-18 1.2158579912703811e-17
11204.1 1.0461712855861926e-18 7.019215412234055e-18
11205.2 2.7492251393860082e-18 1.035286408435636e-17
11206.3 3.469472187524294e-18 1.1205722603745605e-17
11207.4 1.2217176078417673e-18 6.64103701276215e-18
11208.5 3.1670006174027388e-18 1.07003914767015e-17
11209.5 3.688416434664652e-18 1.1514035750847558e-17
11210.6 5.000245219262771e-18 1.3775456223461846e-17
11211.7 4.847036047715283e-18 1.4579436073676603e-17
11212.8 4.827808905299363e-18 1.5728193875062144e-17
11213.9 2.6680287655430177e-19 3.681538114314256e-18
11215.0 -1.8749377182484784e-18 1.3821822542485203e-17
11216.1 2.0172621042246215e-18 9.094179119116685e-18
11217.1 2.024609224854283e-18 9.644921496597267e-18
11218.2 -9.188114136609664e-19 1.8420075306511234e-17
11219.3 1.7116610592992804e-18 1.0641997256974591e-17
11220.4 1.0242842296920904e-18 7.808631396538531e-18
11221.5 1.0836081399185835e-18 7.730847398628181e-18
11222.6 3.6293104544064334e-18 1.5229495599960706e-17
11223.7 6.2544073990927454e-18 2.1484384730239574e-17
11224.8 4.283662968584587e-18 1.757127595806204e-17
11225.8 2.1470894270760324e-18 1.2504624586586586e-17
11226.9 2.916404993032559e-18 1.4376847966615314e-17
11228.0 1.373716467111047e-18 9.164202905911521e-18
11229.1 1.054474811012082e-18 7.349771962081811e-18
11230.2 2.474087077844441e-18 1.0852634656831817e-17
11231.3 1.3154818557810178e-18 7.871226258610804e-18
11232.4 1.4205410692202735e-18 8.283872912244049e-18
11233.4 1.0834604537170994e-18 7.59869205347889e-18
11234.5 -2.81376621756088e-18 2.128233861455843e-17
11235.6 8.364242162217875e-19 8.56213138233433e-18
11236.7 -1.980979029704678e-19 2.984983814019452e-17
11237.8 9.964386649623008e-19 8.739967822503823e-18
