lambda f_lambda fErr_lambda
9139.667900000377 2.452461352513233e-19 0.0
9140.753900000376 2.452461352513233e-19 0.0
9141.839900000376 2.452461352513233e-19 0.0
9142.925900000375 2.452461352513233e-19 0.0
9144.011900000374 2.452461352513233e-19 0.0
9145.097900000374 2.452461352513233e-19 0.0
9146.183900000373 2.452461352513233e-19 0.0
9147.269900000372 2.452461352513233e-19 0.0
9148.355900000372 2.452461352513233e-19 0.0
9149.44190000037 2.452461352513233e-19 0.0
9150.52790000037 2.452461352513233e-19 0.0
9151.61390000037 2.452461352513233e-19 0.0
9152.699900000369 2.452461352513233e-19 0.0
9153.785900000368 2.452461352513233e-19 0.0
9154.871900000368 2.452461352513233e-19 0.0
9155.957900000367 2.452461352513233e-19 0.0
9157.043900000366 2.452461352513233e-19 0.0
9158.129900000366 2.452461352513233e-19 0.0
9159.215900000365 2.452461352513233e-19 0.0
9160.301900000364 2.452461352513233e-19 0.0
9161.387900000364 2.452461352513233e-19 0.0
9162.473900000363 2.452461352513233e-19 0.0
9163.559900000362 2.452461352513233e-19 0.0
9164.645900000362 2.452461352513233e-19 0.0
9165.73190000036 2.452461352513233e-19 0.0
9166.81790000036 2.452461352513233e-19 0.0
9167.90390000036 2.452461352513233e-19 0.0
9168.989900000359 2.452461352513233e-19 0.0
9170.075900000358 2.452461352513233e-19 0.0
9171.161900000357 2.452461352513233e-19 0.0
9172.247900000357 2.452461352513233e-19 0.0
9173.333900000356 2.452461352513233e-19 0.0
9174.419900000355 2.452461352513233e-19 0.0
9175.505900000355 2.452461352513233e-19 0.0
9176.591900000354 2.452461352513233e-19 0.0
9177.677900000353 2.452461352513233e-19 0.0
9178.763900000353 2.452461352513233e-19 0.0
9179.849900000352 2.452461352513233e-19 0.0
9180.935900000351 2.452461352513233e-19 0.0
9182.02190000035 2.452461352513233e-19 0.0
9183.10790000035 2.452461352513233e-19 0.0
9184.19390000035 2.452461352513233e-19 0.0
9185.279900000349 2.452461352513233e-19 0.0
9186.365900000348 2.452461352513233e-19 0.0
9187.451900000347 2.452461352513233e-19 0.0
9188.537900000347 2.452461352513233e-19 0.0
9189.623900000346 2.452461352513233e-19 0.0
9190.709900000345 2.452461352513233e-19 0.0
9191.795900000345 2.452461352513233e-19 0.0
9192.881900000344 2.452461352513233e-19 0.0
9193.967900000343 2.452461352513233e-19 0.0
9195.053900000343 2.452461352513233e-19 0.0
9196.139900000342 2.452461352513233e-19 0.0
9197.225900000341 2.452461352513233e-19 0.0
9198.31190000034 2.452461352513233e-19 0.0
9199.39790000034 2.452461352513233e-19 0.0
9200.48390000034 2.452461352513233e-19 0.0
9201.569900000339 2.452461352513233e-19 0.0
9202.655900000338 2.452461352513233e-19 0.0
9203.741900000337 2.452461352513233e-19 0.0
9204.827900000337 2.452461352513233e-19 0.0
9205.913900000336 2.452461352513233e-19 0.0
9206.999900000335 2.452461352513233e-19 0.0
9208.085900000335 2.452461352513233e-19 0.0
9209.171900000334 2.452461352513233e-19 0.0
9210.257900000333 2.452461352513233e-19 0.0
9211.343900000333 2.452461352513233e-19 0.0
9212.429900000332 2.452461352513233e-19 0.0
9213.515900000331 2.452461352513233e-19 0.0
9214.60190000033 2.452461352513233e-19 0.0
9215.68790000033 2.452461352513233e-19 0.0
9216.77390000033 2.452461352513233e-19 0.0
9217.859900000329 2.452461352513233e-19 0.0
9218.945900000328 2.452461352513233e-19 0.0
9220.031900000327 2.452461352513233e-19 0.0
9221.117900000327 2.452461352513233e-19 0.0
9222.203900000326 2.452461352513233e-19 0.0
9223.289900000325 2.452461352513233e-19 0.0
9224.375900000325 2.452461352513233e-19 0.0
9225.461900000324 2.452461352513233e-19 0.0
9226.547900000323 2.452461352513233e-19 0.0
9227.633900000323 2.452461352513233e-19 0.0
9228.719900000322 2.452461352513233e-19 0.0
9229.805900000321 2.452461352513233e-19 0.0
9230.89190000032 2.452461352513233e-19 0.0
9231.97790000032 2.452461352513233e-19 0.0
9233.06390000032 2.452461352513233e-19 0.0
9234.149900000319 2.452461352513233e-19 0.0
9235.235900000318 2.452461352513233e-19 0.0
9236.321900000317 2.452461352513233e-19 0.0
9237.407900000317 2.452461352513233e-19 0.0
9238.493900000316 2.452461352513233e-19 0.0
9239.579900000315 2.452461352513233e-19 0.0
9240.665900000315 2.452461352513233e-19 0.0
9241.751900000314 2.452461352513233e-19 0.0
9242.837900000313 2.452461352513233e-19 0.0
9243.923900000313 2.452461352513233e-19 0.0
9245.009900000312 2.452461352513233e-19 0.0
9246.095900000311 2.452461352513233e-19 0.0
9247.18190000031 2.452461352513233e-19 0.0
9248.26790000031 2.452461352513233e-19 0.0
9249.35390000031 2.452461352513233e-19 0.0
9250.439900000309 2.452461352513233e-19 0.0
9251.525900000308 2.452461352513233e-19 0.0
9252.611900000307 2.452461352513233e-19 0.0
9253.697900000307 2.452461352513233e-19 0.0
9254.783900000306 2.452461352513233e-19 0.0
9255.869900000305 2.452461352513233e-19 0.0
9256.955900000305 2.452461352513233e-19 0.0
9258.041900000304 2.452461352513233e-19 0.0
9259.127900000303 2.452461352513233e-19 0.0
9260.213900000303 2.452461352513233e-19 0.0
9261.299900000302 2.452461352513233e-19 0.0
9262.385900000301 2.452461352513233e-19 0.0
9263.4719000003 2.452461352513233e-19 0.0
9264.5579000003 2.452461352513233e-19 0.0
9265.6439000003 2.452461352513233e-19 0.0
9266.729900000299 2.452461352513233e-19 0.0
9267.815900000298 2.452461352513233e-19 0.0
9268.901900000297 2.452461352513233e-19 0.0
9269.987900000297 2.452461352513233e-19 0.0
9271.073900000296 2.452461352513233e-19 0.0
9272.159900000295 2.452461352513233e-19 0.0
9273.245900000295 2.452461352513233e-19 0.0
9274.331900000294 2.452461352513233e-19 0.0
9275.417900000293 2.452461352513233e-19 0.0
9276.503900000293 2.452461352513233e-19 0.0
9277.589900000292 2.452461352513233e-19 0.0
9278.675900000291 2.452461352513233e-19 0.0
9279.76190000029 2.452461352513233e-19 0.0
9280.84790000029 2.452461352513233e-19 0.0
9281.93390000029 2.452461352513233e-19 0.0
9283.019900000289 2.452461352513233e-19 0.0
9284.105900000288 2.452461352513233e-19 0.0
9285.191900000287 2.452461352513233e-19 0.0
9286.277900000287 2.452461352513233e-19 0.0
9287.363900000286 2.452461352513233e-19 0.0
9288.449900000285 2.452461352513233e-19 0.0
9289.535900000285 2.452461352513233e-19 0.0
9290.621900000284 2.452461352513233e-19 0.0
9291.707900000283 2.452461352513233e-19 0.0
9292.793900000283 2.452461352513233e-19 0.0
9293.879900000282 2.452461352513233e-19 0.0
9294.965900000281 2.452461352513233e-19 0.0
9296.05190000028 2.452461352513233e-19 0.0
9297.13790000028 2.452461352513233e-19 0.0
9298.22390000028 2.452461352513233e-19 0.0
9299.309900000279 2.452461352513233e-19 0.0
9300.395900000278 2.452461352513233e-19 0.0
9301.481900000277 2.452461352513233e-19 0.0
9302.567900000276 2.452461352513233e-19 0.0
9303.653900000276 2.452461352513233e-19 0.0
9304.739900000275 2.452461352513233e-19 0.0
9305.825900000274 2.452461352513233e-19 0.0
9306.911900000274 2.452461352513233e-19 0.0
9307.997900000273 2.452461352513233e-19 0.0
9309.083900000272 2.452461352513233e-19 0.0
9310.169900000272 2.452461352513233e-19 0.0
9311.255900000271 2.452461352513233e-19 0.0
9312.34190000027 2.452461352513233e-19 0.0
9313.42790000027 2.452461352513233e-19 0.0
9314.51390000027 2.452461352513233e-19 0.0
9315.599900000268 2.452461352513233e-19 0.0
9316.685900000268 2.452461352513233e-19 0.0
9317.771900000267 2.452461352513233e-19 0.0
9318.857900000266 2.452461352513233e-19 0.0
9319.943900000266 2.452461352513233e-19 0.0
9321.029900000265 2.452461352513233e-19 0.0
9322.115900000264 2.452461352513233e-19 0.0
9323.201900000264 2.452461352513233e-19 0.0
9324.287900000263 2.452461352513233e-19 0.0
9325.373900000262 2.452461352513233e-19 0.0
9326.459900000262 2.452461352513233e-19 0.0
9327.545900000261 2.452461352513233e-19 0.0
9328.63190000026 2.452461352513233e-19 0.0
9329.71790000026 2.452461352513233e-19 0.0
9330.80390000026 2.452461352513233e-19 0.0
9331.889900000258 2.452461352513233e-19 0.0
9332.975900000258 2.452461352513233e-19 0.0
9334.061900000257 2.452461352513233e-19 0.0
9335.147900000256 2.452461352513233e-19 0.0
9336.233900000256 2.452461352513233e-19 0.0
9337.319900000255 2.452461352513233e-19 0.0
9338.405900000254 2.452461352513233e-19 0.0
9339.491900000254 2.452461352513233e-19 0.0
9340.577900000253 2.452461352513233e-19 0.0
9341.663900000252 2.452461352513233e-19 0.0
9342.749900000252 2.452461352513233e-19 0.0
9343.835900000251 2.452461352513233e-19 0.0
9344.92190000025 2.452461352513233e-19 0.0
9346.00790000025 2.452461352513233e-19 0.0
9347.093900000249 2.452461352513233e-19 0.0
9348.179900000248 2.452461352513233e-19 0.0
9349.265900000248 2.452461352513233e-19 0.0
9350.351900000247 2.452461352513233e-19 0.0
9351.437900000246 2.452461352513233e-19 0.0
9352.523900000246 2.452461352513233e-19 0.0
9353.609900000245 2.452461352513233e-19 0.0
9354.695900000244 2.452461352513233e-19 0.0
9355.781900000244 2.452461352513233e-19 0.0
9356.867900000243 2.452461352513233e-19 0.0
9357.953900000242 2.452461352513233e-19 0.0
9359.039900000242 2.452461352513233e-19 0.0
9360.125900000241 2.452461352513233e-19 0.0
9361.21190000024 2.452461352513233e-19 0.0
9362.29790000024 2.452461352513233e-19 0.0
9363.383900000239 2.452461352513233e-19 0.0
9364.469900000238 2.452461352513233e-19 0.0
9365.555900000238 2.452461352513233e-19 0.0
9366.641900000237 2.452461352513233e-19 0.0
9367.727900000236 2.452461352513233e-19 0.0
9368.813900000236 2.452461352513233e-19 0.0
9369.899900000235 2.452461352513233e-19 0.0
9370.985900000234 2.452461352513233e-19 0.0
9372.071900000234 2.452461352513233e-19 0.0
9373.157900000233 2.452461352513233e-19 0.0
9374.243900000232 2.452461352513233e-19 0.0
9375.329900000232 2.452461352513233e-19 0.0
9376.415900000231 2.452461352513233e-19 0.0
9377.50190000023 2.452461352513233e-19 0.0
9378.58790000023 2.452461352513233e-19 0.0
9379.673900000229 2.452461352513233e-19 0.0
9380.759900000228 2.452461352513233e-19 0.0
9381.845900000228 2.452461352513233e-19 0.0
9382.931900000227 2.452461352513233e-19 0.0
9384.017900000226 2.452461352513233e-19 0.0
9385.103900000226 2.452461352513233e-19 0.0
9386.189900000225 2.452461352513233e-19 0.0
9387.275900000224 2.452461352513233e-19 0.0
9388.361900000224 2.452461352513233e-19 0.0
9389.447900000223 2.452461352513233e-19 0.0
9390.533900000222 2.452461352513233e-19 0.0
9391.619900000222 2.452461352513233e-19 0.0
9392.705900000221 2.452461352513233e-19 0.0
9393.79190000022 2.452461352513233e-19 0.0
9394.87790000022 2.452461352513233e-19 0.0
9395.963900000219 2.452461352513233e-19 0.0
9397.049900000218 2.452461352513233e-19 0.0
9398.135900000218 2.452461352513233e-19 0.0
9399.221900000217 2.452461352513233e-19 0.0
9400.307900000216 2.452461352513233e-19 0.0
9401.393900000216 2.452461352513233e-19 0.0
9402.479900000215 2.452461352513233e-19 0.0
9403.565900000214 2.452461352513233e-19 0.0
9404.651900000214 2.452461352513233e-19 0.0
9405.737900000213 2.452461352513233e-19 0.0
9406.823900000212 2.452461352513233e-19 0.0
9407.909900000212 2.452461352513233e-19 0.0
9408.99590000021 2.452461352513233e-19 0.0
9410.08190000021 2.452461352513233e-19 0.0
9411.16790000021 2.452461352513233e-19 0.0
9412.253900000209 2.452461352513233e-19 0.0
9413.339900000208 2.452461352513233e-19 0.0
9414.425900000208 2.452461352513233e-19 0.0
9415.511900000207 2.452461352513233e-19 0.0
9416.597900000206 2.452461352513233e-19 0.0
9417.683900000206 2.452461352513233e-19 0.0
9418.769900000205 2.452461352513233e-19 0.0
9419.855900000204 2.452461352513233e-19 0.0
9420.941900000204 2.452461352513233e-19 0.0
9422.027900000203 2.452461352513233e-19 0.0
9423.113900000202 2.452461352513233e-19 0.0
9424.199900000202 2.452461352513233e-19 0.0
9425.2859000002 2.452461352513233e-19 0.0
9426.3719000002 2.452461352513233e-19 0.0
9427.4579000002 2.452461352513233e-19 0.0
9428.543900000199 2.452461352513233e-19 0.0
9429.629900000198 2.452461352513233e-19 0.0
9430.715900000198 2.452461352513233e-19 0.0
9431.801900000197 2.452461352513233e-19 0.0
9432.887900000196 2.452461352513233e-19 0.0
9433.973900000195 2.452461352513233e-19 0.0
9435.059900000195 2.452461352513233e-19 0.0
9436.145900000194 2.452461352513233e-19 0.0
9437.231900000193 2.452461352513233e-19 0.0
9438.317900000193 2.452461352513233e-19 0.0
9439.403900000192 2.452461352513233e-19 0.0
9440.489900000191 2.452461352513233e-19 0.0
9441.57590000019 2.452461352513233e-19 0.0
9442.66190000019 2.452461352513233e-19 0.0
9443.74790000019 2.452461352513233e-19 0.0
9444.833900000189 2.452461352513233e-19 0.0
9445.919900000188 2.452461352513233e-19 0.0
9447.005900000187 2.452461352513233e-19 0.0
9448.091900000187 2.452461352513233e-19 0.0
9449.177900000186 2.452461352513233e-19 0.0
9450.263900000185 2.452461352513233e-19 0.0
9451.349900000185 2.452461352513233e-19 0.0
9452.435900000184 2.452461352513233e-19 0.0
9453.521900000183 2.452461352513233e-19 0.0
9454.607900000183 2.452461352513233e-19 0.0
9455.693900000182 2.452461352513233e-19 0.0
9456.779900000181 2.452461352513233e-19 0.0
9457.86590000018 2.452461352513233e-19 0.0
9458.95190000018 2.452461352513233e-19 0.0
9460.03790000018 2.452461352513233e-19 0.0
9461.123900000179 2.452461352513233e-19 0.0
9462.209900000178 2.452461352513233e-19 0.0
9463.295900000177 2.452461352513233e-19 0.0
9464.381900000177 2.452461352513233e-19 0.0
9465.467900000176 2.452461352513233e-19 0.0
9466.553900000175 2.452461352513233e-19 0.0
9467.639900000175 2.452461352513233e-19 0.0
9468.725900000174 2.452461352513233e-19 0.0
9469.811900000173 2.452461352513233e-19 0.0
9470.897900000173 2.452461352513233e-19 0.0
9471.983900000172 2.452461352513233e-19 0.0
9473.069900000171 2.452461352513233e-19 0.0
9474.15590000017 2.452461352513233e-19 0.0
9475.24190000017 2.452461352513233e-19 0.0
9476.32790000017 2.452461352513233e-19 0.0
9477.413900000169 2.452461352513233e-19 0.0
9478.499900000168 2.452461352513233e-19 0.0
9479.585900000167 2.452461352513233e-19 0.0
9480.671900000167 2.452461352513233e-19 0.0
9481.757900000166 2.452461352513233e-19 0.0
9482.843900000165 2.452461352513233e-19 0.0
9483.929900000165 2.452461352513233e-19 0.0
9485.015900000164 2.452461352513233e-19 0.0
9486.101900000163 2.452461352513233e-19 0.0
9487.187900000163 2.452461352513233e-19 0.0
9488.273900000162 2.452461352513233e-19 0.0
9489.359900000161 2.452461352513233e-19 0.0
9490.44590000016 2.452461352513233e-19 0.0
9491.53190000016 2.452461352513233e-19 0.0
9492.61790000016 2.452461352513233e-19 0.0
9493.703900000159 2.452461352513233e-19 0.0
9494.789900000158 2.452461352513233e-19 0.0
9495.875900000157 2.452461352513233e-19 0.0
9496.961900000157 2.452461352513233e-19 0.0
9498.047900000156 2.452461352513233e-19 0.0
9499.133900000155 2.452461352513233e-19 0.0
9500.219900000155 2.452461352513233e-19 0.0
9501.305900000154 2.452461352513233e-19 0.0
9502.391900000153 2.452461352513233e-19 0.0
9503.477900000153 2.452461352513233e-19 0.0
9504.563900000152 2.452461352513233e-19 0.0
9505.649900000151 2.452461352513233e-19 0.0
9506.73590000015 2.452461352513233e-19 0.0
9507.82190000015 2.452461352513233e-19 0.0
9508.90790000015 2.452461352513233e-19 0.0
9509.993900000149 2.452461352513233e-19 0.0
9511.079900000148 2.452461352513233e-19 0.0
9512.165900000147 2.452461352513233e-19 0.0
9513.251900000147 2.452461352513233e-19 0.0
9514.337900000146 2.452461352513233e-19 0.0
9515.423900000145 2.452461352513233e-19 0.0
9516.509900000145 2.452461352513233e-19 0.0
9517.595900000144 2.452461352513233e-19 0.0
9518.681900000143 2.452461352513233e-19 0.0
9519.767900000143 2.452461352513233e-19 0.0
9520.853900000142 2.452461352513233e-19 0.0
9521.939900000141 2.452461352513233e-19 0.0
9523.02590000014 2.452461352513233e-19 0.0
9524.11190000014 2.452461352513233e-19 0.0
9525.19790000014 2.452461352513233e-19 0.0
9526.283900000139 2.452461352513233e-19 0.0
9527.369900000138 2.452461352513233e-19 0.0
9528.455900000137 2.452461352513233e-19 0.0
9529.541900000137 2.452461352513233e-19 0.0
9530.627900000136 2.452461352513233e-19 0.0
9531.713900000135 2.452461352513233e-19 0.0
9532.799900000135 2.452461352513233e-19 0.0
9533.885900000134 2.452461352513233e-19 0.0
9534.971900000133 2.452461352513233e-19 0.0
9536.057900000133 2.452461352513233e-19 0.0
9537.143900000132 2.452461352513233e-19 0.0
9538.229900000131 2.452461352513233e-19 0.0
9539.31590000013 2.452461352513233e-19 0.0
9540.40190000013 2.452461352513233e-19 0.0
9541.48790000013 2.452461352513233e-19 0.0
9542.573900000129 2.452461352513233e-19 0.0
9543.659900000128 2.452461352513233e-19 0.0
9544.745900000127 2.452461352513233e-19 0.0
9545.831900000127 2.452461352513233e-19 0.0
9546.917900000126 2.452461352513233e-19 0.0
9548.003900000125 2.452461352513233e-19 0.0
9549.089900000125 2.452461352513233e-19 0.0
9550.175900000124 2.452461352513233e-19 0.0
9551.261900000123 2.452461352513233e-19 0.0
9552.347900000123 2.452461352513233e-19 0.0
9553.433900000122 2.452461352513233e-19 0.0
9554.519900000121 2.452461352513233e-19 0.0
9555.60590000012 2.452461352513233e-19 0.0
9556.69190000012 2.452461352513233e-19 0.0
9557.77790000012 2.452461352513233e-19 0.0
9558.863900000119 2.452461352513233e-19 0.0
9559.949900000118 2.452461352513233e-19 0.0
9561.035900000117 2.452461352513233e-19 0.0
9562.121900000117 2.452461352513233e-19 0.0
9563.207900000116 2.452461352513233e-19 0.0
9564.293900000115 2.452461352513233e-19 0.0
9565.379900000115 2.452461352513233e-19 0.0
9566.465900000114 2.452461352513233e-19 0.0
9567.551900000113 2.452461352513233e-19 0.0
9568.637900000112 2.452461352513233e-19 0.0
9569.723900000112 2.452461352513233e-19 0.0
9570.809900000111 2.452461352513233e-19 0.0
9571.89590000011 2.452461352513233e-19 0.0
9572.98190000011 2.452461352513233e-19 0.0
9574.06790000011 2.452461352513233e-19 0.0
9575.153900000108 2.452461352513233e-19 0.0
9576.239900000108 2.452461352513233e-19 0.0
9577.325900000107 2.452461352513233e-19 0.0
9578.411900000106 2.452461352513233e-19 0.0
9579.497900000106 2.452461352513233e-19 0.0
9580.583900000105 2.452461352513233e-19 0.0
9581.669900000104 2.452461352513233e-19 0.0
9582.755900000104 2.452461352513233e-19 0.0
9583.841900000103 2.452461352513233e-19 0.0
9584.927900000102 2.452461352513233e-19 0.0
9586.013900000102 2.452461352513233e-19 0.0
9587.099900000101 2.452461352513233e-19 0.0
9588.1859000001 2.452461352513233e-19 0.0
9589.2719000001 2.452461352513233e-19 0.0
9590.3579000001 2.452461352513233e-19 0.0
9591.443900000098 2.452461352513233e-19 0.0
9592.529900000098 2.452461352513233e-19 0.0
9593.615900000097 2.452461352513233e-19 0.0
9594.701900000096 2.452461352513233e-19 0.0
9595.787900000096 2.452461352513233e-19 0.0
9596.873900000095 2.452461352513233e-19 0.0
9597.959900000094 2.452461352513233e-19 0.0
9599.045900000094 2.452461352513233e-19 0.0
9600.131900000093 2.452461352513233e-19 0.0
9601.217900000092 2.452461352513233e-19 0.0
9602.303900000092 2.452461352513233e-19 0.0
9603.389900000091 2.452461352513233e-19 0.0
9604.47590000009 2.452461352513233e-19 0.0
9605.56190000009 2.452461352513233e-19 0.0
9606.647900000089 2.452461352513233e-19 0.0
9607.733900000088 2.452461352513233e-19 0.0
9608.819900000088 2.452461352513233e-19 0.0
9609.905900000087 2.452461352513233e-19 0.0
9610.991900000086 2.452461352513233e-19 0.0
9612.077900000086 2.452461352513233e-19 0.0
9613.163900000085 2.452461352513233e-19 0.0
9614.249900000084 2.452461352513233e-19 0.0
9615.335900000084 2.452461352513233e-19 0.0
9616.421900000083 2.452461352513233e-19 0.0
9617.507900000082 2.452461352513233e-19 0.0
9618.593900000082 2.452461352513233e-19 0.0
9619.679900000081 2.452461352513233e-19 0.0
9620.76590000008 2.452461352513233e-19 0.0
9621.85190000008 2.452461352513233e-19 0.0
9622.937900000079 2.452461352513233e-19 0.0
9624.023900000078 2.452461352513233e-19 0.0
9625.109900000078 2.452461352513233e-19 0.0
9626.195900000077 2.452461352513233e-19 0.0
9627.281900000076 2.452461352513233e-19 0.0
9628.367900000076 2.452461352513233e-19 0.0
9629.453900000075 2.452461352513233e-19 0.0
9630.539900000074 2.452461352513233e-19 0.0
9631.625900000074 2.452461352513233e-19 0.0
9632.711900000073 2.452461352513233e-19 0.0
9633.797900000072 2.452461352513233e-19 0.0
9634.883900000072 2.452461352513233e-19 0.0
9635.969900000071 2.452461352513233e-19 0.0
9637.05590000007 2.452461352513233e-19 0.0
9638.14190000007 2.452461352513233e-19 0.0
9639.227900000069 2.452461352513233e-19 0.0
9640.313900000068 2.452461352513233e-19 0.0
9641.399900000068 2.452461352513233e-19 0.0
9642.485900000067 2.452461352513233e-19 0.0
9643.571900000066 2.452461352513233e-19 0.0
9644.657900000066 2.452461352513233e-19 0.0
9645.743900000065 2.452461352513233e-19 0.0
9646.829900000064 2.452461352513233e-19 0.0
9647.915900000064 2.452461352513233e-19 0.0
9649.001900000063 2.452461352513233e-19 0.0
9650.087900000062 2.452461352513233e-19 0.0
9651.173900000062 2.452461352513233e-19 0.0
9652.259900000061 2.452461352513233e-19 0.0
9653.34590000006 2.452461352513233e-19 0.0
9654.43190000006 2.452461352513233e-19 0.0
9655.517900000059 2.452461352513233e-19 0.0
9656.603900000058 2.452461352513233e-19 0.0
9657.689900000058 2.452461352513233e-19 0.0
9658.775900000057 2.452461352513233e-19 0.0
9659.861900000056 2.452461352513233e-19 0.0
9660.947900000056 2.452461352513233e-19 0.0
9662.033900000055 2.452461352513233e-19 0.0
9663.119900000054 2.452461352513233e-19 0.0
9664.205900000054 2.452461352513233e-19 0.0
9665.291900000053 2.452461352513233e-19 0.0
9666.377900000052 2.452461352513233e-19 0.0
9667.463900000052 2.452461352513233e-19 0.0
9668.549900000051 2.452461352513233e-19 0.0
9669.63590000005 2.452461352513233e-19 0.0
9670.72190000005 2.452461352513233e-19 0.0
9671.807900000049 2.452461352513233e-19 0.0
9672.893900000048 2.452461352513233e-19 0.0
9673.979900000048 2.452461352513233e-19 0.0
9675.065900000047 2.452461352513233e-19 0.0
9676.151900000046 2.452461352513233e-19 0.0
9677.237900000046 2.452461352513233e-19 0.0
9678.323900000045 2.452461352513233e-19 0.0
9679.409900000044 2.452461352513233e-19 0.0
9680.495900000044 2.452461352513233e-19 0.0
9681.581900000043 2.452461352513233e-19 0.0
9682.667900000042 2.452461352513233e-19 0.0
9683.753900000042 2.452461352513233e-19 0.0
9684.83990000004 2.452461352513233e-19 0.0
9685.92590000004 2.452461352513233e-19 0.0
9687.01190000004 2.452461352513233e-19 0.0
9688.097900000039 2.452461352513233e-19 0.0
9689.183900000038 2.452461352513233e-19 0.0
9690.269900000038 2.452461352513233e-19 0.0
9691.355900000037 2.452461352513233e-19 0.0
9692.441900000036 2.452461352513233e-19 0.0
9693.527900000036 2.452461352513233e-19 0.0
9694.613900000035 2.452461352513233e-19 0.0
9695.699900000034 2.452461352513233e-19 0.0
9696.785900000034 2.452461352513233e-19 0.0
9697.871900000033 2.452461352513233e-19 0.0
9698.957900000032 2.452461352513233e-19 0.0
9700.043900000031 2.452461352513233e-19 0.0
9701.12990000003 2.452461352513233e-19 0.0
9702.21590000003 2.452461352513233e-19 0.0
9703.30190000003 2.452461352513233e-19 0.0
9704.387900000029 2.452461352513233e-19 0.0
9705.473900000028 2.452461352513233e-19 0.0
9706.559900000027 2.452461352513233e-19 0.0
9707.645900000027 2.452461352513233e-19 0.0
9708.731900000026 2.452461352513233e-19 0.0
9709.817900000025 2.452461352513233e-19 0.0
9710.903900000025 2.452461352513233e-19 0.0
9711.989900000024 2.452461352513233e-19 0.0
9713.075900000023 2.452461352513233e-19 0.0
9714.161900000023 2.452461352513233e-19 0.0
9715.247900000022 2.452461352513233e-19 0.0
9716.333900000021 2.452461352513233e-19 0.0
9717.41990000002 2.452461352513233e-19 0.0
9718.50590000002 2.452461352513233e-19 0.0
9719.59190000002 2.452461352513233e-19 0.0
9720.677900000019 2.452461352513233e-19 0.0
9721.763900000018 2.452461352513233e-19 0.0
9722.849900000017 2.452461352513233e-19 0.0
9723.935900000017 2.452461352513233e-19 0.0
9725.021900000016 2.452461352513233e-19 0.0
9726.107900000015 2.452461352513233e-19 0.0
9727.193900000015 2.452461352513233e-19 0.0
9728.279900000014 2.452461352513233e-19 0.0
9729.365900000013 2.452461352513233e-19 0.0
9730.451900000013 2.452461352513233e-19 0.0
9731.537900000012 2.452461352513233e-19 0.0
9732.623900000011 2.452461352513233e-19 0.0
9733.70990000001 2.452461352513233e-19 0.0
9734.79590000001 2.452461352513233e-19 0.0
9735.88190000001 2.452461352513233e-19 0.0
9736.967900000009 2.452461352513233e-19 0.0
9738.053900000008 2.452461352513233e-19 0.0
9739.139900000007 2.452461352513233e-19 0.0
9740.225900000007 2.452461352513233e-19 0.0
9741.311900000006 2.452461352513233e-19 0.0
9742.397900000005 2.452461352513233e-19 0.0
9743.483900000005 2.452461352513233e-19 0.0
9744.569900000004 2.452461352513233e-19 0.0
9745.655900000003 2.452461352513233e-19 0.0
9746.741900000003 2.452461352513233e-19 0.0
9747.827900000002 2.452461352513233e-19 0.0
9748.913900000001 2.452461352513233e-19 0.0
9749.9999 2.452461352513233e-19 0.0
9751.0859 2.452461352513233e-19 0.0
9752.1719 7.189606843688555e-19 2.4150983939103716e-19
9753.2579 1.348363201630317e-19 2.1814206524144673e-19
9754.3439 2.5562852820450743e-19 2.1913289941652286e-19
9755.4299 1.3628069832144692e-18 2.0216488593172652e-19
9756.5158 -9.934000041769343e-21 2.1874499303172967e-19
9757.6018 3.982149383466889e-19 2.263454095232531e-19
9758.6878 1.0599494252657768e-18 2.3130622315500654e-19
9759.7738 1.1322170602523033e-18 2.3339952917577993e-19
9760.8597 1.2009428726068899e-18 2.350156424209263e-19
9761.9457 -2.5251080138376927e-19 2.1142826772365662e-19
9763.0317 1.5623559139901305e-18 2.0171271324642978e-19
9764.1176 1.0836277574031394e-18 2.269929044205908e-19
9765.2036 3.5009763031308983e-19 2.198497266072907e-19
9766.2896 1.0940059766336724e-18 2.0954094452480546e-19
9767.3756 8.27383252964317e-19 2.0138555438735836e-19
9768.4615 -1.2733501249383917e-19 2.0457981407483495e-19
9769.5475 4.2575056604924655e-19 1.8617274680717267e-19
9770.6335 -2.0098760494102362e-20 1.8282386214733726e-19
9771.7195 5.00351439097068e-19 1.946639299535299e-19
9772.8054 5.503249774317792e-20 1.8383437333866937e-19
9773.8914 2.2714943516471747e-19 1.7873719279329782e-19
9774.9774 -2.199423935012337e-19 1.8233154895901583e-19
9776.0633 7.959842878906181e-19 1.9246778764460349e-19
9777.1493 8.485678138565199e-19 1.8485663615590292e-19
9778.2353 1.1257156274731622e-19 1.8112777741480146e-19
9779.3213 8.74659505042191e-19 1.7781061685165307e-19
9780.4072 2.3486374229813915e-19 1.6405410399814583e-19
9781.4932 -3.5834107825845785e-19 1.9224285576805337e-19
9782.5792 6.209322650306044e-19 1.79769793003471e-19
9783.6652 8.579618714081663e-20 1.786806509470213e-19
9784.7511 8.2161153318727235e-19 1.9926701078042175e-19
9785.8371 4.1735859974505566e-19 1.9489906794241234e-19
9786.9231 2.296680603054137e-19 1.8567969156889609e-19
9788.009 5.0309068426524e-19 1.8565854011736672e-19
9789.095 -1.4025983585224415e-19 2.1443991556335698e-19
9790.181 -2.369724686595787e-19 3.35129884673771e-19
9791.267 -2.472833328988296e-19 5.704829000821785e-19
9792.3529 -2.8975054539705536e-19 9.841925106818081e-19
9793.4389 1.0285288825103635e-18 1.1275396162192685e-18
9794.5249 -8.678933366738587e-19 1.0768458972485015e-18
9795.6109 -6.173326489729088e-19 8.569581269127538e-19
9796.6968 -1.4403256952960433e-18 3.9840783012079536e-19
9797.7828 -9.442959899755164e-19 2.7496457137109664e-19
9798.8688 3.0078574330755445e-19 2.693773577930746e-19
9799.9548 1.1185622453062762e-18 3.6570766570271244e-19
9801.0407 9.607938133001082e-20 5.539270516919363e-19
9802.1267 -2.854920907867672e-19 5.826483398075398e-19
9803.2127 1.028766848619273e-19 5.97366389011938e-19
9804.2986 2.8004524704396284e-19 5.019113619374373e-19
9805.3846 1.0790833648944803e-19 2.6082366514258564e-19
9806.4706 9.16554240407075e-20 1.924619047727344e-19
9807.5566 5.360986224610263e-19 1.9769033308727552e-19
9808.6425 9.696780868025076e-19 2.3777551412716127e-19
9809.7285 6.240640949984059e-19 2.5521681305839924e-19
9810.8145 6.584891715731689e-21 2.637644310628173e-19
9811.9005 4.786417477980936e-19 2.8266487834914104e-19
9812.9864 6.486971228226362e-19 3.3604347142329134e-19
9814.0724 4.503975757084603e-19 3.578102915337796e-19
9815.1584 3.5102434179096087e-19 3.651381954469329e-19
9816.2443 6.891833820399352e-19 3.4043952551774213e-19
9817.3303 6.5921152201063115e-19 2.708018023107674e-19
9818.4163 5.772649845923874e-19 2.44905990089399e-19
9819.5023 5.506564921434891e-19 2.633742769333244e-19
9820.5882 2.5011227069401988e-20 2.596706435903977e-19
9821.6742 -2.1857468963704915e-19 2.383787254442745e-19
9822.7602 -3.1049846148615865e-20 2.0525392810544532e-19
9823.8462 3.902644890153462e-19 1.8336018845971215e-19
9824.9321 7.65735502800398e-19 1.8126043523219357e-19
9826.0181 6.050176948350686e-19 1.8139423882313936e-19
9827.1041 4.0745431017843533e-19 1.8470815975873769e-19
9828.19 5.773012124366397e-19 2.0440131169944201e-19
9829.276 -9.751099589477935e-20 2.358399756041659e-19
9830.362 1.2989391749729706e-19 2.400317407448956e-19
9831.448 7.843177043997159e-19 2.392260306064403e-19
9832.5339 4.841069044839177e-19 2.307218806246074e-19
9833.6199 8.879053443788113e-19 2.0422867889852013e-19
9834.7059 2.33665271281817e-19 1.8311875256592148e-19
9835.7919 5.336580051464256e-19 1.7818709427233094e-19
9836.8778 8.98195679145855e-19 1.8100359689788725e-19
9837.9638 1.0273037448154284e-19 1.7320872616781127e-19
9839.0498 -2.0012028711344992e-19 1.7048269482734013e-19
9840.1357 -7.378799771427885e-20 1.8030922772085545e-19
9841.2217 -1.9307194558420737e-21 2.0031251195777934e-19
9842.3077 4.3376677062920594e-20 1.6716690029390742e-19
9843.3937 7.037800413910085e-19 1.752194116657064e-19
9844.4796 2.643136806795726e-19 1.6853382185815055e-19
9845.5656 4.450933527964166e-19 1.681851318635305e-19
9846.6516 1.6414321675018531e-19 1.7457262872625273e-19
9847.7376 -7.465972763495314e-20 1.9120354359717705e-19
9848.8235 1.2233608292988829e-18 3.0489132492284876e-19
9849.9095 1.5963210008501784e-18 4.855038133378079e-19
9850.9955 1.7965387138596172e-18 5.114827182245982e-19
9852.0814 1.9419950278494765e-18 5.1445365297069345e-19
9853.1674 1.5756972447321804e-18 4.102762354926881e-19
9854.2534 1.8113984189890524e-18 1.5673300558112552e-19
9855.3394 2.5652298778076065e-19 1.6845567372047001e-19
9856.4253 -4.2155023216902255e-19 1.6803285954837304e-19
9857.5113 -7.148923365708271e-20 1.609531870509649e-19
9858.5973 1.0197151096856208e-19 1.657220489293636e-19
9859.6833 -6.086184976723098e-19 1.7058562804180525e-19
9860.7692 -3.689025600720913e-19 1.6194509798414412e-19
9861.8552 5.6073907785108084e-21 1.514894860552553e-19
9862.9412 -1.3619638770603222e-20 1.5367038632709838e-19
9864.0271 -4.924912488582371e-20 1.5732097698340968e-19
9865.1131 -1.6112049910203655e-19 1.577104854515655e-19
9866.1991 -4.238938999115629e-19 1.602508832976387e-19
9867.2851 2.573778178698024e-19 1.6127640225070386e-19
9868.371 -4.87076523208954e-20 1.6380607409290077e-19
9869.457 1.3882298084188597e-18 1.698119508189161e-19
9870.543 3.2548961401289123e-19 1.7121388645511668e-19
9871.629 -3.264930809049593e-20 2.3040311937533687e-19
9872.7149 -8.223988193584503e-19 5.624035415802189e-19
9873.8009 -4.505852573416591e-19 8.607669895217879e-19
9874.8869 1.5551959074417215e-18 8.823069477690118e-19
9875.9729 3.0916680334254037e-18 8.633490389940328e-19
9877.0588 1.872485312447498e-18 5.243932213311233e-19
9878.1448 1.111971559765064e-18 2.228644751742681e-19
9879.2308 4.772877061572039e-19 1.7102032200256988e-19
9880.3167 9.663473832530867e-19 1.5985130948353971e-19
9881.4027 8.734572358794446e-19 1.6861137865197036e-19
9882.4887 9.728551628710402e-19 1.5971796661885174e-19
9883.5747 4.449556359687748e-19 1.620979376518469e-19
9884.6606 8.378753929729833e-19 1.747698716836737e-19
9885.7466 6.810890069694081e-19 1.7529700916510941e-19
9886.8326 5.721492119508948e-19 2.0306857481251777e-19
9887.9186 5.813881882834939e-19 2.1150732559700531e-19
9889.0045 7.591703170771087e-19 2.0997408074272235e-19
9890.0905 6.52216042440195e-19 2.0591878589010688e-19
9891.1765 4.817583092172511e-19 2.0371815842530127e-19
9892.2624 2.314031910976906e-20 1.4216829806362426e-19
9893.3484 6.155262692433961e-19 1.6194119783003302e-19
9894.4344 7.796591272340832e-19 2.110994763757464e-19
9895.5204 -5.923662561838849e-19 4.2312167063385065e-19
9896.6063 7.232885859421098e-20 5.480354715359156e-19
9897.6923 3.8429417992728756e-19 5.609258747436748e-19
9898.7783 7.584897129454521e-19 5.242453624487653e-19
9899.8643 1.6301318491834424e-19 3.2688965005821628e-19
9900.9502 1.8657588898828008e-19 2.0032350510834365e-19
9902.0362 6.93391972882653e-19 1.8290326930993379e-19
9903.1222 4.4905434174582605e-19 1.779428265445137e-19
9904.2081 7.45221779382686e-19 1.7614217661086567e-19
9905.2941 2.68348809251428e-19 1.6617165494259784e-19
9906.3801 1.292838659082763e-19 1.5690666869674124e-19
9907.4661 3.0930336540905406e-19 1.536335719272564e-19
9908.552 -4.7316231346911976e-20 1.4965034336757722e-19
9909.638 -4.7536047356631715e-19 1.4993389735740329e-19
9910.724 2.191640623533921e-19 1.5309986135655246e-19
9911.81 1.2230496564101623e-19 1.5339568532496503e-19
9912.8959 8.11530608703146e-19 1.631731384508198e-19
9913.9819 6.490491003011615e-20 2.180492993912012e-19
9915.0679 1.0762425034557022e-18 5.231678845132749e-19
9916.1538 1.6320846914879138e-18 9.09829440690185e-19
9917.2398 1.7123645939735315e-18 8.495102506683332e-19
9918.3258 1.921375842613715e-18 8.325971033752546e-19
9919.4118 3.01319858079473e-19 5.811482903136557e-19
9920.4977 1.3641080504407518e-19 2.2779893243666194e-19
9921.5837 6.555798601297743e-19 1.6387737901003083e-19
9922.6697 2.528178308989579e-19 1.640371326325251e-19
9923.7557 1.8356087295202504e-19 1.48706073344819e-19
9924.8416 9.503620753000501e-20 1.4320690770554973e-19
9925.9276 3.7482205903280527e-19 1.4427941886005033e-19
9927.0136 3.312055804659624e-19 1.4656601768276195e-19
9928.0995 7.684112210235765e-19 1.3994939917044528e-19
9929.1855 1.6937605503715987e-19 1.4025409217036898e-19
9930.2715 4.077921575098913e-19 1.4312036421224696e-19
9931.3575 2.2811800960107416e-19 1.4362283129809662e-19
9932.4434 8.896332476506948e-19 1.4102884563111232e-19
9933.5294 4.338811684408662e-19 1.4046884434273346e-19
9934.6154 5.355254869555728e-19 1.3959596621714605e-19
9935.7014 6.5073635866469e-19 1.4118362825873302e-19
9936.7873 1.0638070665736038e-18 1.4307665130237107e-19
9937.8733 7.316771267712138e-19 1.4017473635596808e-19
9938.9593 8.077111835439534e-19 1.4166388631790046e-19
9940.0452 6.416099058334783e-19 1.448652235007068e-19
9941.1312 8.002560114880673e-19 1.7955919999384274e-19
9942.2172 1.1936353813036693e-18 3.6213395264629793e-19
9943.3032 5.521611974492641e-19 5.481500891377969e-19
9944.3891 3.1632471819443207e-19 5.690823422439422e-19
9945.4751 -6.35094794692293e-20 6.122858130142245e-19
9946.5611 -4.99131251018094e-19 6.86453621881981e-19
9947.6471 1.2723455582884475e-19 7.387110092062273e-19
9948.733 -7.155641147459737e-19 8.164224827473798e-19
9949.819 7.453023467420057e-19 8.601651918257462e-19
9950.905 1.3052389094235238e-18 6.638879176105283e-19
9951.991 8.256856815396106e-19 4.527180809025235e-19
9953.0769 1.5038364683977735e-19 3.012227037969841e-19
9954.1629 7.519701586469474e-19 2.10228333140212e-19
9955.2489 -6.143464051335452e-20 1.7001086111591987e-19
9956.3348 -3.2410870895100687e-19 2.247657974740502e-19
9957.4208 -1.2122148325649689e-18 5.303587342640167e-19
9958.5068 -1.0212240556925632e-18 6.87561499293636e-19
9959.5928 6.6528317131116e-19 6.815468789342428e-19
9960.6787 1.0556107154217066e-18 6.49977081810374e-19
9961.7647 2.8541375256158117e-19 5.300334140895026e-19
9962.8507 -4.502726435901281e-19 5.848135289117174e-19
9963.9367 1.9366870360338515e-19 6.68152473638041e-19
9965.0226 3.014373334600566e-19 6.556040172277733e-19
9966.1086 -2.255024241940331e-19 5.804214764158013e-19
9967.1946 -2.0036626442794904e-19 3.07765299571859e-19
9968.2805 7.13263839263445e-20 1.6825576820653973e-19
9969.3665 1.1087834061624678e-19 1.4567709623476267e-19
9970.4525 4.2718815620674345e-19 1.4414478487745084e-19
9971.5385 3.722478951417978e-19 1.620793759386126e-19
9972.6244 6.571193653744053e-19 2.4139618296177345e-19
9973.7104 -2.719603450510118e-19 3.62661686891917e-19
9974.7964 1.5229633378930016e-19 3.7973153502853016e-19
9975.8824 -4.179980131881789e-19 3.7889094295719405e-19
9976.9683 -1.3068633867519424e-20 3.2131958141909043e-19
9978.0543 6.031422259397283e-19 2.2191613751597157e-19
9979.1403 2.8527909516147023e-19 2.104584136582967e-19
9980.2262 4.0333214527134276e-19 2.1145860659116225e-19
9981.3122 3.958454576677535e-19 2.204486743803839e-19
9982.3982 -6.71405831803588e-20 2.1618533610468656e-19
9983.4842 2.7365928329862274e-19 1.8656420661030814e-19
9984.5701 4.784217645660033e-20 1.5590888552552774e-19
9985.6561 1.7444635792981023e-19 1.3432216251444765e-19
9986.7421 3.222369443756238e-19 1.2966765085772717e-19
9987.8281 6.378188437440194e-19 1.3135501652981608e-19
9988.914 4.460092025628471e-19 1.3052550634909006e-19
9990.0 4.743615786771523e-19 1.34325767512203e-19
9991.086 4.426179231431905e-19 1.3336763571594286e-19
9992.1719 -2.9918017347697306e-19 1.3478571600025134e-19
9993.2579 3.0611052012954815e-19 1.3484298965616338e-19
9994.3439 6.100061914037249e-19 1.3209685678926538e-19
9995.4299 4.000752089900331e-19 1.3133694736963335e-19
9996.5158 3.940651045964554e-19 1.3118859715770752e-19
9997.6018 1.47147827453593e-19 1.3082275521945737e-19
9998.6878 -2.8109007170699735e-19 1.3280171408962035e-19
9999.7738 -2.1256862738897568e-19 1.5888877001876534e-19
10000.86 -2.5894373262469194e-20 2.615454637613052e-19
10001.946 9.274234472071765e-19 3.398679413267785e-19
10003.032 3.5014155659413043e-19 3.566397310513378e-19
10004.118 -2.2684439023127005e-19 3.62521577478149e-19
10005.204 5.2713717062016545e-19 2.4137979341198983e-19
10006.29 6.631597278157871e-19 1.6295288297336206e-19
10007.376 -3.034255163450764e-19 1.3892104251933782e-19
10008.462 1.8921542447927615e-19 1.3274313753340676e-19
10009.548 1.049866835169495e-19 1.3727950185083782e-19
10010.633 3.8005823158444374e-19 1.4826014516215241e-19
10011.719 9.521250018733336e-19 2.185763167951966e-19
10012.805 -3.380865482567602e-20 4.251900736546204e-19
10013.891 -2.008833972956019e-18 8.222430065081417e-19
10014.977 -1.262093713341619e-18 9.735158529466219e-19
10016.063 2.6092509231899892e-19 9.505476393444267e-19
10017.149 5.298339239036451e-19 8.412680841279559e-19
10018.235 -1.7480859756304397e-19 4.854852548053047e-19
10019.321 3.940029380513854e-19 2.5415714716511934e-19
10020.407 3.5674770738816056e-19 1.6294704634496604e-19
10021.493 4.603033533875213e-19 1.5932629824450551e-19
10022.579 5.88045876011029e-19 1.8726729097463961e-19
10023.665 4.2775193525739885e-20 2.0465947805967479e-19
10024.751 -2.2662937144943146e-19 2.1510004383644207e-19
10025.837 -2.654701179693789e-19 3.345686161380203e-19
10026.923 -1.3324001076181545e-19 4.99597830321243e-19
10028.009 6.745313817390504e-19 5.179337098936418e-19
10029.095 8.553150514759459e-19 5.456731825648269e-19
10030.181 1.405922430857956e-18 3.891150200300901e-19
10031.267 2.100223058814872e-19 1.7395582591976345e-19
10032.353 3.825540383888064e-19 1.348042294566282e-19
10033.439 5.981722354858702e-19 1.3191852726488283e-19
10034.525 5.224499289033337e-19 1.303747976816098e-19
10035.611 -3.181563234808136e-20 1.3250412656209056e-19
10036.697 4.488561443323119e-19 1.3987547958126988e-19
10037.783 6.151436281457662e-19 1.4607448070066244e-19
10038.869 2.580371934560801e-19 1.6127639766883773e-19
10039.955 3.9442258863270124e-19 1.6371051412115606e-19
10041.041 3.560222214468671e-19 1.5779398181271727e-19
10042.127 1.9561243310052072e-19 1.511059804220354e-19
10043.213 4.0206464301238706e-19 1.6466002752396238e-19
10044.299 8.319375415288476e-19 2.5906793207139204e-19
10045.385 7.27965197920532e-22 3.2411099421019583e-19
10046.471 -4.676106915630462e-19 3.2171311290653365e-19
10047.557 1.6719978534588087e-19 3.05854981233133e-19
10048.643 5.835768848544362e-19 2.0533559863889175e-19
10049.729 4.055349877650751e-19 1.3392660449186893e-19
10050.814 8.344572826508316e-20 1.2235376227710656e-19
10051.9 1.968825485411237e-19 1.2234288630463394e-19
10052.986 1.6117901176743878e-19 1.1700949480351824e-19
10054.072 4.994160673881454e-19 1.2547236128279054e-19
10055.158 6.208499857963731e-19 1.3540998549084922e-19
10056.244 3.2916763043255044e-19 1.3156271696090233e-19
10057.33 7.903087782467318e-19 1.4018522181645885e-19
10058.416 5.60497289637683e-19 1.3036478562846087e-19
10059.502 -1.763452398946719e-19 1.607344293635022e-19
10060.588 2.2824627150458374e-19 2.3341068047722157e-19
10061.674 -3.242953032064885e-19 3.76956037214847e-19
10062.76 -7.303975460843245e-20 4.1779051923913892e-19
10063.846 -3.1722832696443115e-20 4.100421927986654e-19
10064.932 8.505127301362672e-20 3.6994948907742224e-19
10066.018 -6.13645373249966e-19 2.3042562530168354e-19
10067.104 2.6520494074547703e-19 1.8025524755948382e-19
10068.19 3.747677644030213e-19 2.0196678359469197e-19
10069.276 2.606273970051646e-19 2.1692784200350915e-19
10070.362 3.2649877788070677e-19 2.314846672572975e-19
10071.448 6.496860436033839e-19 2.6958209198954535e-19
10072.534 8.500319878519157e-19 2.873848931080461e-19
10073.62 5.64354544704563e-19 2.8039751784751314e-19
10074.706 -1.9303487426533852e-19 2.6616883820104914e-19
10075.792 5.876904289745879e-19 2.0900954750480985e-19
10076.878 4.348445848043154e-19 1.4691045066455467e-19
10077.964 -1.401527032118938e-19 1.3250426098114394e-19
10079.05 -7.16190402821406e-20 1.343109419624176e-19
10080.136 3.1794934360476663e-19 1.4194024138404917e-19
10081.222 -1.421625435119599e-19 1.4891260393898573e-19
10082.308 3.822305537974225e-19 2.295319935922043e-19
10083.394 1.4637509599631273e-18 5.544113974768898e-19
10084.48 -2.8397823739347996e-19 6.851135742859293e-19
10085.566 -6.442349298325845e-19 6.881025562168368e-19
10086.652 -3.765751317262857e-19 6.316715103833158e-19
10087.738 4.637217814182219e-19 2.917345232650532e-19
10088.824 4.22032740411649e-19 1.4338864472066413e-19
10089.91 3.6450952001551174e-19 1.268620109238594e-19
10090.995 5.907747951152607e-19 1.2899666242072703e-19
10092.081 5.617552593031665e-19 1.3038263485654055e-19
10093.167 1.1988435212143338e-19 1.269741877559106e-19
10094.253 3.824516321187847e-19 1.2521713550129596e-19
10095.339 5.154945634809691e-19 1.2159126863204588e-19
10096.425 2.1529243257218546e-19 1.2951556882710222e-19
10097.511 2.204677271229506e-19 1.4538708440141756e-19
10098.597 4.504038996754494e-19 1.6124058621753654e-19
10099.683 2.2386754080905257e-19 1.5613990297323692e-19
10100.769 5.026864327020683e-19 1.6022953035420583e-19
10101.855 4.2435193866399286e-19 1.6201601383224372e-19
10102.941 1.4351414044134888e-19 1.6983830468113867e-19
10104.027 3.270978432434488e-19 2.695076383100917e-19
10105.113 6.034416851918911e-19 4.2209659473888884e-19
10106.199 9.101553247997963e-19 4.38542593437379e-19
10107.285 -2.181971978175341e-19 4.307182463151226e-19
10108.371 1.142701164856687e-19 3.1171966027018687e-19
10109.457 3.325881356691332e-19 1.5185870876090513e-19
10110.543 3.657453040210327e-19 1.1867505128897906e-19
10111.629 4.035908067028939e-19 1.1559518693166368e-19
10112.715 3.007985093312392e-19 1.166593255499572e-19
10113.801 1.8828795341260899e-19 1.1126070467428154e-19
10114.887 1.500794533978351e-19 1.1409269359962995e-19
10115.973 2.00873924961446e-19 1.1552570946208032e-19
10117.059 5.517449420929149e-19 1.1330564958664299e-19
10118.145 8.167340988986651e-19 1.1488882338662406e-19
10119.231 2.1547480798935069e-19 1.1551603156769243e-19
10120.317 3.7299638255796236e-19 1.1751667534039785e-19
10121.403 6.91899600409076e-19 1.2036350584983125e-19
10122.489 4.454675972468241e-19 1.3167145332686496e-19
10123.575 5.785103126365453e-19 1.9189479114203152e-19
10124.661 1.113063299285615e-18 4.811428623071886e-19
10125.747 8.98851420175357e-19 7.101757313131497e-19
10126.833 6.72205021585675e-19 7.316212650842556e-19
10127.919 1.216430016205991e-18 7.082607517127286e-19
10129.005 2.699605959052637e-19 4.2035369459529633e-19
10130.09 2.5520356330106325e-19 1.6593250255828482e-19
10131.176 7.573720826443574e-21 1.2818445221136226e-19
10132.262 2.357923262426503e-19 1.325906165007175e-19
10133.348 6.077194943308674e-19 1.532595607009154e-19
10134.434 8.4863518974156195e-19 1.7240091257123705e-19
10135.52 7.880238071450007e-19 1.7385875609043233e-19
10136.606 2.4274526690862234e-19 1.6796361611293557e-19
10137.692 1.671723864819832e-19 1.5114702818404562e-19
10138.778 7.497443127263374e-19 1.3177820902873315e-19
10139.864 5.733156987940958e-19 1.3087606471391078e-19
10140.95 3.6753204896993415e-19 1.3160743120936203e-19
10142.036 -1.0103798954509307e-19 1.2574359247072216e-19
10143.122 4.680844618582888e-20 1.2998000932601658e-19
10144.208 -1.1292331432194234e-19 1.612685861204711e-19
10145.294 -6.867803130255839e-20 1.9558230497581143e-19
10146.38 2.7323618961147646e-19 2.059104336760767e-19
10147.466 9.38604249232628e-19 2.1970318557803204e-19
10148.552 -3.625523086267333e-19 2.297534625491194e-19
10149.638 1.3015124697842537e-19 2.191580085655972e-19
10150.724 5.012294534000647e-19 2.210077229731512e-19
10151.81 7.3937665690029e-19 2.055917862876482e-19
10152.896 -4.344737399857186e-21 2.412443151391175e-19
10153.982 6.794381455429031e-19 3.8363436081850696e-19
10155.068 4.98917336015745e-19 4.2874747579266475e-19
10156.154 5.499594891043042e-19 4.2740819715826546e-19
10157.24 3.331411523634809e-19 3.929252230900754e-19
10158.326 4.812723650898329e-19 2.664056181118691e-19
10159.412 -1.486378492517768e-19 2.590385137803504e-19
10160.498 -1.2311022995928792e-19 2.894280100754854e-19
10161.584 4.241040256294849e-19 2.8725069990816343e-19
10162.67 -1.2831968058085234e-19 2.7037949013204776e-19
10163.756 3.5308957540544565e-20 1.9527812573182336e-19
10164.842 4.7933744360003e-19 1.926033808709619e-19
10165.928 2.469162164459517e-19 2.289968782356833e-19
10167.014 8.452593088651013e-19 2.260009694270213e-19
10168.1 1.0142179153972901e-18 2.2738865639859203e-19
10169.186 6.20127389625587e-19 2.1143680756031465e-19
10170.271 6.486926284536719e-19 1.8545033672227118e-19
10171.357 4.949617374958283e-19 2.338357406989179e-19
10172.443 2.6501778102381216e-19 4.879986660512675e-19
10173.529 1.0220390245273625e-18 7.630442867511997e-19
10174.615 5.118631994317157e-19 7.703386008349162e-19
10175.701 9.320191234736763e-19 7.624875690760246e-19
10176.787 -6.992287818852984e-19 4.877615757969365e-19
10177.873 1.1558785954418805e-19 1.8633350297587335e-19
10178.959 -3.1920834829482467e-19 1.3477013796877965e-19
10180.045 2.5462192559727484e-19 1.3461460672838727e-19
10181.131 1.087179139943313e-19 1.641943731037004e-19
10182.217 -4.2945514575736307e-19 2.7509837585874376e-19
10183.303 9.856334107836524e-20 3.095167746082588e-19
10184.389 -7.695369638528588e-20 3.121390640467042e-19
10185.475 -1.3176231869529777e-19 2.883491298816515e-19
10186.561 4.096275235763746e-19 1.955902757074801e-19
10187.647 4.935363003936022e-19 1.555476947327744e-19
10188.733 2.841319406584415e-19 1.5873301961388476e-19
10189.819 2.6199863851811983e-19 2.491018295026217e-19
10190.905 1.0966731098145916e-18 5.3505592696416835e-19
10191.991 7.282123394952596e-19 6.07604633585047e-19
10193.077 -3.8559982388606633e-19 6.113976735338686e-19
10194.163 3.597270174541106e-19 5.315724022284552e-19
10195.249 3.8478022942111266e-19 2.393202838383131e-19
10196.335 4.1200919169354995e-19 1.5831426450919417e-19
10197.421 7.979635985702455e-19 1.523685331471289e-19
10198.507 5.291394827384283e-19 1.5181355384676398e-19
10199.593 9.308568386952711e-19 1.4751699371573375e-19
10200.679 6.189053366457714e-19 1.4148710735773364e-19
10201.765 4.721016502727288e-19 1.4296726083102617e-19
10202.851 1.3199805295220837e-19 1.737823465868246e-19
10203.937 -3.7963150037896487e-19 3.169663935441039e-19
10205.023 -4.744506090487791e-19 3.924105199130558e-19
10206.109 1.0390033474076723e-18 3.949217794619005e-19
10207.195 1.539584853985986e-19 3.765420507013732e-19
10208.281 2.702113227138122e-19 2.7037776005295627e-19
10209.367 4.4118176308370694e-20 2.650535988774584e-19
10210.452 1.2227473876808005e-19 3.8693595663226464e-19
10211.538 -6.921750619168945e-19 5.580560870309173e-19
10212.624 1.7084873193722905e-19 7.612211274469567e-19
10213.71 -1.2582602386892752e-19 7.478986837903874e-19
10214.796 4.363260899149412e-19 6.744547839123067e-19
10215.882 1.0811172617804156e-18 4.6579962003123965e-19
10216.968 1.684397279278388e-19 1.815095961284245e-19
10218.054 2.662407455874318e-19 1.2685327945784114e-19
10219.14 2.1372682651887079e-19 1.1978456433777778e-19
10220.226 5.542461944556415e-19 1.235710561270023e-19
10221.312 2.1599815873441701e-19 1.3609642298773973e-19
10222.398 2.600601755934309e-19 1.4601261119663438e-19
10223.484 2.844635517266167e-19 1.4689553659651158e-19
10224.57 -7.53291067947441e-20 1.4709836162134763e-19
10225.656 -7.9534376106044e-19 1.9840161730574252e-19
10226.742 6.733548603075308e-19 3.8542742185874044e-19
10227.828 8.75089936816208e-19 4.800836685926277e-19
10228.914 5.276811317058379e-19 4.831369578070992e-19
10230.0 2.5960418456829746e-19 4.545516368532658e-19
10231.086 4.805941162462402e-19 3.969520295449848e-19
10232.172 -3.0659456468695997e-19 4.0448118008684983e-19
10233.258 -6.47260923839196e-19 4.1169543713210323e-19
10234.344 -2.264438021622387e-19 4.1154299565122287e-19
10235.43 9.027671068137759e-20 3.2010356474274993e-19
10236.516 6.84185558865898e-19 1.6999607842285787e-19
10237.602 6.359108179049125e-19 1.398742911668336e-19
10238.688 1.6104526975260705e-19 1.3246625727179922e-19
10239.774 1.351623776076505e-19 1.1747319552587053e-19
10240.86 4.308246366175127e-19 1.1564169362407095e-19
10241.946 5.830725171939758e-19 1.1500120750613467e-19
10243.032 3.98735311964089e-19 1.1809235655418357e-19
10244.118 -8.878607710499976e-20 1.2035873960484256e-19
10245.204 7.484530886537817e-20 1.2564970327495753e-19
10246.29 5.554486641320651e-19 1.1929810114455617e-19
10247.376 2.942918410920764e-19 1.1722145852999806e-19
10248.462 1.4297916748437227e-19 1.1346510253259283e-19
10249.548 1.5262578772325967e-19 1.1127144996718665e-19
10250.633 3.491473201217049e-19 1.117204201672992e-19
10251.719 6.082129782319056e-19 1.1294950842324458e-19
10252.805 9.406385835383423e-19 1.1190652454761954e-19
10253.891 3.296027696201303e-19 1.0831778737659749e-19
10254.977 5.042984547549716e-19 1.0941017513953206e-19
10256.063 1.6071390596356396e-19 1.1515794781492075e-19
10257.149 5.497712005664386e-19 1.2472809070935568e-19
10258.235 1.9256395403407443e-19 1.321796943749315e-19
10259.321 1.7124978474571776e-19 1.327001718708083e-19
10260.407 3.45117890365334e-19 1.3077785500345766e-19
10261.493 3.620443363934947e-19 1.1933814521966647e-19
10262.579 6.641436409406394e-20 1.1546973916279143e-19
10263.665 1.9809140364605363e-19 1.1958940594573737e-19
10264.751 4.1408125735042327e-19 1.263786007501166e-19
10265.837 4.462504556616892e-19 1.3034221215962586e-19
10266.923 3.6279419300492124e-19 1.387809234385407e-19
10268.009 3.7620318358512576e-19 1.4590402860680936e-19
10269.095 -3.218201629328765e-20 1.4812866467513895e-19
10270.181 3.4051584107703357e-19 1.4592793077121855e-19
10271.267 -3.221946189723154e-20 1.765533234964441e-19
10272.353 -5.032656319449637e-19 2.513232256258354e-19
10273.439 -3.7419581929275985e-19 2.7131332096920144e-19
10274.525 9.078007480190614e-20 2.7149337965130654e-19
10275.611 5.026647503248497e-19 2.485564087427115e-19
10276.697 8.185697545650631e-19 1.6352518939007868e-19
10277.783 2.6936380797321018e-19 1.4203919994922453e-19
10278.869 5.170935303915521e-19 1.3266103067238143e-19
10279.955 4.2133599955322294e-19 1.2738217440208214e-19
10281.041 3.696355033664213e-19 1.3204098079730897e-19
10282.127 7.312916905652088e-19 1.367446905975429e-19
10283.213 7.388144080497992e-19 1.3626029445406427e-19
10284.299 3.4631869919644484e-19 1.5423915226669704e-19
10285.385 7.176102608801436e-19 2.612271098596613e-19
10286.471 1.129096871496739e-18 4.767716850861533e-19
10287.557 1.8923789108249653e-18 9.485221082947269e-19
10288.643 4.1394327584592786e-18 1.1949156991265057e-18
10289.729 3.244438780854667e-18 1.2039185805577939e-18
10290.814 2.0996889449803516e-18 1.0919148363030194e-18
10291.9 -1.2476048802001514e-19 5.104909096511936e-19
10292.986 6.542458748731054e-20 2.39781185518662e-19
10294.072 4.738432752018478e-19 2.338254066750158e-19
10295.158 1.8630190761106271e-19 2.4119273103876007e-19
10296.244 3.9677962231414375e-19 3.5314881788064115e-19
10297.33 1.3853658111381588e-18 6.32593411913655e-19
10298.416 -2.7336233454702404e-19 6.838153192857547e-19
10299.502 6.174768200397233e-19 6.571847154294694e-19
10300.588 8.86089127599396e-19 5.407098889442137e-19
10301.674 5.835259808830383e-19 2.2776822813383006e-19
10302.76 5.836159768948235e-19 1.4446217013636526e-19
10303.846 7.308693709504264e-20 1.4673411199349259e-19
10304.932 1.606225099414475e-19 1.5799345449855474e-19
10306.018 3.160775429442135e-19 1.7068310401672983e-19
10307.104 7.709487155782485e-19 1.747234525115376e-19
10308.19 2.667844671436315e-19 1.699935964899631e-19
10309.276 5.566151573807429e-19 1.9858908126917427e-19
10310.362 7.200719127903852e-20 2.9754502861013185e-19
10311.448 2.5179639026283497e-19 3.640419228897135e-19
10312.534 -1.0506346994282206e-19 3.696100265359258e-19
10313.62 -3.7669223530421367e-19 3.5693403233971134e-19
10314.706 -1.465160293168252e-19 2.334274964423872e-19
10315.792 9.559158749555798e-20 1.380023994620856e-19
10316.878 -1.0326669028298673e-21 1.2426677362297304e-19
10317.964 -5.219358344253157e-20 1.2446099431456933e-19
10319.05 4.527225807702816e-19 1.2255308448036403e-19
10320.136 6.843502643181844e-19 1.2059500578581448e-19
10321.222 3.8087941489474164e-19 1.1382486540651771e-19
10322.308 -5.966206309451974e-20 1.1281271718763923e-19
10323.394 3.1058817359086277e-19 1.191380652462139e-19
10324.48 3.7865817781888134e-19 1.3275015362493201e-19
10325.566 -6.916274924210098e-20 1.3271233697922044e-19
10326.652 -6.099668732303862e-20 1.4419202275250043e-19
10327.738 3.76264938429577e-19 1.7414007503516618e-19
10328.824 2.2093139780143336e-19 2.0127948826383352e-19
10329.91 8.611946524483129e-19 2.1776406079699936e-19
10330.995 6.4647054832986e-19 2.1091947808939335e-19
10332.081 4.898020952328428e-19 1.809311330642088e-19
10333.167 6.7523920681435146e-21 1.4168244086959294e-19
10334.253 2.4592129579192104e-19 1.1977735110148452e-19
10335.339 5.349711251718421e-19 1.1875850065778487e-19
10336.425 1.6512308616235437e-19 1.145602502916162e-19
10337.511 1.251161351342005e-19 1.1161717121021257e-19
10338.597 3.4783418777646817e-19 1.1496713684773918e-19
10339.683 2.958324695966961e-19 1.3278800713323986e-19
10340.769 1.7230042637144247e-19 1.992398737162532e-19
10341.855 -2.6489338255828895e-19 2.2952914629615578e-19
10342.941 5.297977195515159e-19 2.319262665729917e-19
10344.027 7.587534112259133e-19 2.17943877619128e-19
10345.113 1.0735846319658018e-19 1.7786753801108877e-19
10346.199 7.679070871522866e-19 1.487945047413721e-19
10347.285 4.3241195253467827e-19 2.0510859679716015e-19
10348.371 3.194129917508273e-19 4.514018362114522e-19
10349.457 -3.4699419973179665e-19 5.592243896272579e-19
10350.543 4.077188998873855e-19 5.589403868743171e-19
10351.629 5.109825311657015e-19 4.999184167427277e-19
10352.715 5.079433313597144e-19 2.5580378358752424e-19
10353.801 9.017468148561514e-19 1.7988952598925628e-19
10354.887 9.92382984924309e-21 2.2239675846202837e-19
10355.973 -6.442638192708945e-19 2.569521400251245e-19
10357.059 -1.73182310788533e-19 2.585359893063054e-19
10358.145 3.010943648955783e-19 2.4434646352237985e-19
10359.231 3.146344293926125e-19 1.8086339525061866e-19
10360.317 5.498309183456832e-19 1.268585666782378e-19
10361.403 5.059149710622581e-19 1.155891572541813e-19
10362.489 6.098824650338613e-19 1.1497003938572978e-19
10363.575 3.8876044073645195e-19 1.1730847817320248e-19
10364.661 2.551952492968723e-19 1.1759145573303859e-19
10365.747 6.286913822083837e-20 1.2223948635499946e-19
10366.833 4.1051362703350237e-19 1.171565971088535e-19
10367.919 4.0755084924709885e-19 1.2530249327851497e-19
10369.005 4.957000907591288e-19 1.2441634739558381e-19
10370.09 1.8279387624257464e-19 1.2560417259329249e-19
10371.176 9.660475797898864e-20 1.3470370211556748e-19
10372.262 1.6951272050433213e-19 1.6913414819184579e-19
10373.348 -7.219897575089552e-19 4.56248608630815e-19
10374.434 -4.295431572416758e-19 9.201549179462812e-19
10375.52 -2.3446944008376627e-18 9.645380073556184e-19
10376.606 -3.808053626577708e-19 9.522367375881461e-19
10377.692 -1.145768132790481e-19 6.848518213581182e-19
10378.778 3.1264096399456813e-19 2.3779321254238275e-19
10379.864 2.17645525492083e-19 1.5291891609042666e-19
10380.95 9.273921889609853e-20 1.4726852518558538e-19
10382.036 7.021302738215035e-19 1.3469462550558954e-19
10383.122 4.0809525927187735e-19 1.2431838616506128e-19
10384.208 7.846971188299769e-20 1.2379025586975796e-19
10385.294 -1.8659641298891909e-19 1.2319522663527794e-19
10386.38 5.653144675354226e-20 1.2026463654194816e-19
10387.466 2.585511115198038e-19 1.1687853788425756e-19
10388.552 1.7896830655993965e-19 1.2203922095542472e-19
10389.638 1.5134787961272576e-19 1.2946641588070895e-19
10390.724 -3.4060790738228015e-19 1.3318257850560825e-19
10391.81 6.579404684045735e-19 1.272043950866551e-19
10392.896 1.2590996144068844e-19 1.2621806871040641e-19
10393.982 4.900403896754262e-19 1.3096706753840904e-19
10395.068 6.086634032251127e-19 1.3495223286570518e-19
10396.154 6.13388147994268e-19 1.6192392083971858e-19
10397.24 5.56802998656509e-19 3.647148522840411e-19
10398.326 3.4837464144708786e-19 5.622089091440374e-19
10399.412 7.71577735783781e-19 5.745126875873271e-19
10400.498 8.407682712977582e-19 5.602197570165215e-19
10401.584 5.195665205228394e-19 3.532563375443831e-19
10402.67 4.1670959457779815e-19 1.5757786601703983e-19
10403.756 2.9783772324827034e-19 1.2823584968525167e-19
10404.842 3.9964830863426483e-19 1.323347907961313e-19
10405.928 2.557585031937244e-19 1.3413877848160808e-19
10407.014 1.2253653967146977e-19 1.3076812593701956e-19
10408.1 2.738950133018226e-19 1.2792443781642306e-19
10409.186 -3.485830964149394e-19 1.428364656316391e-19
10410.271 1.4758787886862798e-19 1.6562205672703014e-19
10411.357 4.3229512548557954e-19 1.7366400424397197e-19
10412.443 5.301686576261833e-19 1.622771028897698e-19
10413.529 8.861386218066021e-19 1.4630864265044577e-19
10414.615 5.83548381064282e-19 1.3095958507165358e-19
10415.701 4.889513511737592e-19 1.3105616534416623e-19
10416.787 6.08448247529548e-19 1.5914326268965312e-19
10417.873 6.6540620147759315e-19 2.1955597729843443e-19
10418.959 -3.83922610912307e-19 5.504578005177535e-19
10420.045 -4.1750285657884956e-19 9.256034855936035e-19
10421.131 -4.502950043497738e-19 9.918119425780315e-19
10422.217 -1.3662845406485586e-18 9.381911321984386e-19
10423.303 -7.377404118541758e-19 6.3667341876038985e-19
10424.389 -7.902046753131157e-19 2.609103772029369e-19
10425.475 -5.985889094048165e-19 1.9401296970453302e-19
10426.561 -4.4094063463679834e-20 1.8664802228794378e-19
10427.647 6.678934292957045e-20 1.6634409872395608e-19
10428.733 1.1110065026024792e-19 1.5664962263799904e-19
10429.819 3.6635309256931535e-19 1.829713168808235e-19
10430.905 -1.6822237951469037e-19 1.9684906163162803e-19
10431.991 1.7700608592473728e-19 1.984754709621301e-19
10433.077 -2.685560439960737e-19 1.9471440133389694e-19
10434.163 7.112573117436211e-20 1.59789404121274e-19
10435.249 2.9188465457230037e-19 1.336840332234771e-19
10436.335 4.442050721106186e-19 1.2596823029133537e-19
10437.421 1.4997221961028756e-19 1.2514754064513818e-19
10438.507 4.751828484572363e-19 1.1608989352287897e-19
10439.593 3.660920229163266e-19 1.107690488659341e-19
10440.679 2.0142951157519048e-20 1.1546890934076696e-19
10441.765 2.2322382918876573e-19 1.10409803742993e-19
10442.851 1.9034778492702786e-19 1.0909288682268465e-19
10443.937 5.728007781519502e-19 1.1414446429755758e-19
10445.023 1.8116498113406834e-19 1.1212501878509345e-19
10446.109 3.7374879254875917e-19 1.1813921925283196e-19
10447.195 3.4404325768510425e-19 1.1543315403247294e-19
10448.281 6.745090958318925e-19 1.2354351954384248e-19
10449.367 4.601260689294071e-19 1.2974066559671086e-19
10450.452 3.4461506358024404e-19 1.786119082886555e-19
10451.538 9.745777651098575e-19 4.029969688753467e-19
10452.624 1.1352697340940902e-19 4.936914081856308e-19
10453.71 1.0494016921081115e-18 4.987711237104556e-19
10454.796 -1.9716842794574793e-19 4.642312223831758e-19
10455.882 -1.4961230162834626e-19 2.3696358332439942e-19
10456.968 5.986475740072581e-19 1.2974906066951524e-19
10458.054 2.403103260215818e-19 1.1638678537261628e-19
10459.14 5.400710208369787e-19 1.1385593063364723e-19
10460.226 2.2323136210644728e-19 1.1468923646823893e-19
10461.312 5.360550163274681e-19 1.1190529017038847e-19
10462.398 3.234164807253183e-19 1.1238495366112204e-19
10463.484 5.830338625930575e-19 1.1549174269873975e-19
10464.57 5.365247675807117e-19 1.140960993561496e-19
10465.656 4.744541772555698e-19 1.1636175811274575e-19
10466.742 3.334323401298694e-19 1.1692836494660074e-19
10467.828 6.301618840783077e-19 1.2786612772378904e-19
10468.914 -2.768941454984723e-19 2.248985079378682e-19
10470.0 -3.87892436394206e-19 6.1774921400530065e-19
10471.086 -1.7774937666023153e-19 7.669949393676891e-19
10472.172 -5.646695760032704e-19 7.705368678206072e-19
10473.258 -4.044285103542904e-19 7.074764431798127e-19
10474.344 -1.640246763109374e-21 3.6524270595053386e-19
10475.43 2.1542978534234438e-19 1.5658428725560078e-19
10476.516 1.2604357996487087e-19 1.2407169507825448e-19
10477.602 4.271056684620575e-19 1.1630545408335482e-19
10478.688 6.22907151830486e-19 1.1490156386307713e-19
10479.774 4.891895738939605e-19 1.2100113688193514e-19
10480.86 7.150053473518884e-19 1.1424860218538365e-19
10481.946 6.542873499247077e-19 1.1370550144655484e-19
10483.032 7.739048771569854e-19 1.1422648171646001e-19
10484.118 2.1360969377788355e-19 1.1132226007873184e-19
10485.204 -3.086621457195753e-20 1.1134688755990222e-19
10486.29 1.005365932111362e-19 1.127585604744025e-19
10487.376 2.995240479839406e-20 1.3497812821672919e-19
10488.462 -3.2523993781589836e-19 1.6864287017368822e-19
10489.548 -1.0839550776890571e-19 1.7697749448699504e-19
10490.633 5.782714527598133e-19 1.7746016299900531e-19
10491.719 4.856940090481965e-19 1.6045631853559282e-19
10492.805 3.4084560867413146e-19 1.2451728006419264e-19
10493.891 3.4702221996457063e-19 1.1466746018453274e-19
10494.977 4.434618745893078e-19 1.1489422100423255e-19
10496.063 4.611110659249388e-19 1.2622814413978246e-19
10497.149 5.801627759250704e-19 1.1970345456696238e-19
10498.235 3.8794627706882907e-19 1.2827030914883103e-19
10499.321 4.393505941590694e-19 1.32709530943059e-19
10500.407 1.53568096015319e-19 1.4427647966627685e-19
10501.493 1.6794650149567723e-19 1.4574885389476093e-19
10502.579 1.6279610352719202e-20 1.4347521958795012e-19
10503.665 -1.8786767125791882e-19 1.3825286740651353e-19
10504.751 3.842092642791114e-19 1.3062915509228776e-19
10505.837 4.4723224691889185e-19 1.2179300394285637e-19
10506.923 5.961084436692372e-19 1.322651522767986e-19
10508.009 5.979337859731772e-19 1.3340283233956482e-19
10509.095 7.957088136996857e-19 1.6201302608825721e-19
10510.181 -1.4885360225190954e-19 3.2110311465006296e-19
10511.267 -3.0858102491301333e-19 3.914696390583236e-19
10512.353 1.260311935976253e-19 4.1956996670565497e-19
10513.439 4.2270118678673024e-20 3.7915665860023604e-19
10514.525 -5.1527477363193375e-20 2.431312731107293e-19
10515.611 4.1325792188707607e-19 1.8549546949258408e-19
10516.697 3.315376595212772e-19 1.8224379685604324e-19
10517.783 4.777051616772627e-19 1.8034243446364973e-19
10518.869 4.0457849360200805e-19 1.7906799615634688e-19
10519.955 -1.064820154442811e-19 1.6713728468090908e-19
10521.041 -4.1023371152268995e-19 1.4278748208860048e-19
10522.127 2.770446034352504e-19 1.267641754879055e-19
10523.213 2.354635826310903e-19 1.2492244227960433e-19
10524.299 2.816900142033964e-19 1.4779263868396667e-19
10525.385 8.909939987135462e-19 3.3655963766060636e-19
10526.471 3.711120552717193e-19 5.252498510227628e-19
10527.557 1.813600089745599e-19 5.478571157568222e-19
10528.643 1.2248328374628069e-19 5.712666667955889e-19
10529.729 -1.5842474708516655e-19 4.106101834224807e-19
10530.814 8.447349402377135e-20 1.750456778404912e-19
10531.9 2.34658696344763e-19 1.182941341253985e-19
10532.986 -1.4994318451942838e-19 1.0894270799125396e-19
10534.072 2.6278545004899546e-19 1.1089231405503938e-19
10535.158 4.069284246695798e-19 1.1184941707865826e-19
10536.244 6.720084719481589e-19 1.134927732267453e-19
10537.33 4.690685461158459e-19 1.1751725907576164e-19
10538.416 1.5813525361599828e-19 1.2543132819449611e-19
10539.502 -1.6943992420853e-20 1.176532162577018e-19
10540.588 -1.046889416555665e-19 1.1908655616700113e-19
10541.674 4.643927314298041e-19 1.14196034683964e-19
10542.76 2.5056665938313677e-19 1.1254746691500273e-19
10543.846 3.1284620167692056e-19 1.0988306358179726e-19
10544.932 5.004191702018934e-19 1.1184278248936083e-19
10546.018 3.8081100890655e-19 1.1341449873726678e-19
10547.104 1.6466570704633766e-19 1.09895069942197e-19
10548.19 5.15168187178036e-19 1.1365826540600525e-19
10549.276 2.2555164249030795e-19 1.2025196631224298e-19
10550.362 9.033903458158269e-20 1.1660805058423076e-19
10551.448 2.414240956448939e-20 1.1554089043862357e-19
10552.534 5.477001306158977e-20 1.2307585963795618e-19
10553.62 5.705968818712735e-19 1.3991028631346958e-19
10554.706 3.669691030242221e-19 1.4725142608348302e-19
10555.792 3.0375359397900737e-19 1.4347527302239033e-19
10556.878 6.948305383433998e-19 1.321664413491118e-19
10557.964 4.890180703510342e-19 1.14331992230885e-19
10559.05 3.9831080273525645e-19 1.094792098747447e-19
10560.136 4.57855451720333e-19 1.0812638580180997e-19
10561.222 3.3739727192586055e-19 1.0995889188359889e-19
10562.308 1.4528514075729585e-19 1.0760240529403434e-19
10563.394 -1.2933861391456821e-20 1.111252506328786e-19
10564.48 1.7943451601550347e-19 1.08665151655645e-19
10565.566 3.8274648318832247e-19 1.097215928132725e-19
10566.652 2.0751344789875953e-19 1.0861130498531196e-19
10567.738 4.689175374646619e-19 1.072347370616993e-19
10568.824 4.795678143759315e-19 1.0934852478401802e-19
10569.91 3.3155830984906405e-19 1.117313885076448e-19
10570.995 5.176419515760093e-19 1.1270587232098054e-19
10572.081 5.3676230032798525e-19 1.2298252495788434e-19
10573.167 5.118220334941131e-19 1.9177130575617202e-19
10574.253 1.1774479797208429e-18 2.7217398801015237e-19
10575.339 3.067522610062969e-19 2.606733599740114e-19
10576.425 1.0218902257998535e-19 2.5907214715006325e-19
10577.511 9.124883241360895e-20 1.9315141440119195e-19
10578.597 6.154650936919088e-19 1.227079935915129e-19
10579.683 4.2099406661770787e-19 1.088264397615129e-19
10580.769 2.6768900442264573e-19 1.0789531122259928e-19
10581.855 1.4614536455156768e-19 1.0787679072219195e-19
10582.941 8.033813404313217e-21 1.07887011772153e-19
10584.027 2.6345491241412786e-19 1.0652216961134586e-19
10585.113 4.1570433173435537e-19 1.1998141582617145e-19
10586.199 -5.044547405817664e-20 2.040097922409764e-19
10587.285 3.117559546546556e-19 3.3519702171365688e-19
10588.371 3.4507704097147996e-21 3.43030542424059e-19
10589.457 1.0251081107022664e-18 3.3940590817741455e-19
10590.543 5.498018172078492e-19 2.852026232140427e-19
10591.629 4.571898661588951e-19 1.7228364495092141e-19
10592.715 2.4279593427058946e-20 1.276263910547026e-19
10593.801 3.436728609823857e-19 1.2056567218109282e-19
10594.887 1.2230288611450999e-19 1.1306481640497902e-19
10595.973 5.5098461866486895e-19 1.1910992569555306e-19
10597.059 3.316059949457446e-19 1.2554589265677967e-19
10598.145 7.42729513656728e-19 1.3181241286456831e-19
10599.231 3.641028807238065e-19 1.39158436605523e-19
10600.317 4.43766550829969e-19 1.3702121803352849e-19
10601.403 2.4431903495888528e-20 1.38050529659021e-19
10602.489 1.6074218056442544e-19 1.4070983470373373e-19
10603.575 -2.151844150703498e-19 1.3264368728267965e-19
10604.661 2.7596571176820427e-19 1.2568565872074866e-19
10605.747 2.681842359402761e-19 1.2087671845994293e-19
10606.833 6.443004149663267e-19 1.1665515017307382e-19
10607.919 2.6742079632932786e-19 1.2224616875197734e-19
10609.005 -1.9893483516167442e-19 1.2751199854984569e-19
10610.09 1.8690953761392322e-19 1.1980940276578337e-19
10611.176 2.6965867661702276e-19 1.1525085264023148e-19
10612.262 6.462952070218691e-19 1.1913703631825202e-19
10613.348 4.134542987977212e-19 1.1909625286722092e-19
10614.434 5.156266397441615e-19 1.1566212096153839e-19
10615.52 1.1013219140608166e-19 1.1162279941536454e-19
10616.606 1.966211507122425e-19 1.1014456941002953e-19
10617.692 3.9570807193797733e-19 1.0979481936035018e-19
10618.778 3.832382701453118e-20 1.108050567442547e-19
10619.864 6.085978743280246e-19 1.0947312302670017e-19
10620.95 2.2279882095310204e-19 1.083972756846511e-19
10622.036 1.7922838037586108e-19 1.1343016875660902e-19
10623.122 7.585912287708004e-19 1.2496391200541867e-19
10624.208 6.194471509461269e-19 1.1689085098013765e-19
10625.294 8.409303364019092e-20 1.1504757934435995e-19
10626.38 2.3894279937056394e-19 1.164047649151546e-19
10627.466 4.130820851844519e-19 1.1702319449736685e-19
10628.552 4.402160070866699e-19 1.1391835824581111e-19
10629.638 4.672720132784333e-19 1.1437226510138888e-19
10630.724 5.977710152078574e-19 1.111616507709629e-19
10631.81 4.471910533749947e-19 1.0561749799380084e-19
10632.896 3.013781668325396e-19 1.0082417516842399e-19
10633.982 4.3215490742719296e-19 1.0023167355576071e-19
10635.068 2.0962170714539664e-19 1.015153428101369e-19
10636.154 2.92697335804131e-19 1.02363954363426e-19
10637.24 2.6633005284293533e-19 1.0328606013367981e-19
10638.326 2.3360660511925322e-19 1.0702478023861457e-19
10639.412 4.600220992225772e-19 1.0765390573101137e-19
10640.498 2.7639182644981896e-19 1.170076986345281e-19
10641.584 2.401402190615962e-19 1.5166400524800744e-19
10642.67 5.466206351759561e-19 1.7584300815435497e-19
10643.756 3.9315910216338835e-20 1.7733761439233244e-19
10644.842 3.633343244807735e-19 1.718491270325371e-19
10645.928 7.235033815518318e-19 1.3753316217390562e-19
10647.014 5.052874292928384e-19 1.07734027412201e-19
10648.1 8.235357226611578e-19 1.0443357407863812e-19
10649.186 4.2740447537621934e-19 1.0486182337120258e-19
10650.271 4.040261733649092e-19 1.0241887123580578e-19
10651.357 1.6985522617933508e-19 1.0802861069357922e-19
10652.443 5.199249456959028e-19 1.3966525569941614e-19
10653.529 6.48265889589282e-20 1.934711300690407e-19
10654.615 8.687058283880321e-21 2.200614346060092e-19
10655.701 3.1650722605698307e-19 2.1495945501811014e-19
10656.787 7.138932150324242e-19 1.9080351912785047e-19
10657.873 2.5538102195274443e-19 1.3823624650826307e-19
10658.959 1.0567365912018049e-19 1.089084748049385e-19
10660.045 2.863442523041154e-19 1.0466336117087937e-19
10661.131 4.0415440018702385e-19 1.086337762508925e-19
10662.217 2.62210547363692e-19 1.0380397028215765e-19
10663.303 3.269472026079344e-19 1.0819264209682305e-19
10664.389 5.206525662272177e-19 1.0815342691897373e-19
10665.475 4.1979124981209617e-19 1.0569394950275757e-19
10666.561 4.778801952357051e-19 1.119998908118018e-19
10667.647 3.181631882412619e-19 1.2430289167413533e-19
10668.733 6.582842267803447e-20 1.272800605849166e-19
10669.819 -3.4648463544910084e-19 1.2871414704017976e-19
10670.905 -2.6664847151880714e-19 1.213637049930142e-19
10671.991 4.177297098339902e-19 1.0826647122456445e-19
10673.077 4.299548070086123e-19 1.0746177879021866e-19
10674.163 1.333580599481337e-18 1.0822631466101826e-19
10675.249 6.206729885621294e-19 1.1068370713952254e-19
10676.335 6.253799131093153e-20 1.0871317597828972e-19
10677.421 7.86448462218966e-19 1.0574578762230793e-19
10678.507 2.774490741440107e-19 1.0422750532811995e-19
10679.593 -9.029831791952025e-20 1.0360462101342342e-19
10680.679 3.0057219405713006e-19 1.0965053124359865e-19
10681.765 4.668197965371822e-19 1.170131757273116e-19
10682.851 3.4540318472115266e-19 1.3437800579330213e-19
10683.937 6.609986210204917e-19 1.5523197849280532e-19
10685.023 7.082490179028561e-20 1.9607553506342034e-19
10686.109 -3.1976963953674707e-19 2.192046419165987e-19
10687.195 3.415275286594102e-20 2.335517963638794e-19
10688.281 6.615777246459926e-19 2.546311542242025e-19
10689.367 4.874164384429471e-19 2.951519501975403e-19
10690.452 5.215685749117897e-19 2.946550130222379e-19
10691.538 3.271875061063309e-19 2.7371343209704334e-19
10692.624 2.238367629685934e-19 2.7393068720913603e-19
10693.71 2.9832407749958666e-19 2.476997252421371e-19
10694.796 -1.1846924709284443e-19 2.13252063905657e-19
10695.882 6.105274497233559e-19 1.9127161433081014e-19
10696.968 1.5892468416015581e-18 1.9770849517926398e-19
10698.054 8.374049950124658e-19 2.792113767447757e-19
10699.14 1.4753134598375865e-18 3.412521329908259e-19
10700.226 3.645314108253986e-19 3.4703027953089207e-19
10701.312 5.837091495901632e-19 3.436065989216067e-19
10702.398 3.608812467522484e-19 2.4817278820745766e-19
10703.484 7.874077183814195e-19 2.0544848436674532e-19
10704.57 7.368755491144561e-19 2.5722664321529637e-19
10705.656 2.546064532076813e-19 2.7295689219686943e-19
10706.742 6.894271989988166e-19 2.647248390703002e-19
10707.828 4.547859746973351e-19 2.5089536633994256e-19
10708.914 1.4018166687196125e-19 1.7361968098354552e-19
10710.0 3.5588773988084175e-19 1.4663905346134247e-19
10711.086 8.83241324008177e-20 2.4703501848642994e-19
10712.172 -6.064036780774551e-20 4.8711956478536815e-19
10713.258 7.809303195753898e-19 5.29162971480254e-19
10714.344 9.36240509810957e-19 5.314478117487822e-19
10715.43 -7.176035044587798e-19 4.698753589324073e-19
10716.516 -7.4620287089843055e-19 2.705029021767919e-19
10717.602 3.5161929002099624e-19 2.33513273196877e-19
10718.688 -2.0880940013670564e-19 2.2497273458966647e-19
10719.774 -1.7284512811120969e-19 1.993856039791908e-19
10720.86 3.84516081983732e-19 2.52818958882352e-19
10721.946 5.94261166524093e-19 3.506643525969975e-19
10723.032 1.1856063496420183e-18 4.104342503454696e-19
10724.118 1.048638298121604e-18 3.7262241196862877e-19
10725.204 5.363573877813856e-19 3.161396597591442e-19
10726.29 4.219782044945198e-19 2.080669213762706e-19
10727.376 3.26246818899096e-19 1.852829951660991e-19
10728.462 7.037062322523481e-19 2.34616699585646e-19
10729.548 3.446733600798824e-19 5.0171919049785495e-19
10730.633 2.772079220900409e-19 7.389877992288207e-19
10731.719 1.1008903472919492e-18 7.364656771679837e-19
10732.805 8.462696402052485e-19 7.149482698185804e-19
10733.891 -5.644205915951088e-19 4.443191760172528e-19
10734.977 3.62785475786662e-19 1.7813353084411666e-19
10736.063 -3.4782197164018386e-20 1.3639224551492038e-19
10737.149 -7.806581402755067e-20 1.5086723460098165e-19
10738.235 -2.1782326112279675e-19 1.742618232561678e-19
10739.321 -8.127010086927807e-21 1.7197536173808197e-19
10740.407 3.2704888721446134e-19 1.6958879692121984e-19
10741.493 6.755413130490132e-20 1.569590291704883e-19
10742.579 2.234976464987136e-19 1.5359149544321251e-19
10743.665 -1.126464294534821e-19 2.546974021681964e-19
10744.751 2.1245554360338774e-19 4.807123361572408e-19
10745.837 -4.791079882790068e-20 5.319182645460109e-19
10746.923 -1.7376168006136935e-19 4.971254676313603e-19
10748.009 1.5292324916256282e-19 3.839496262639909e-19
10749.095 -1.2589254272406854e-20 2.039528045425872e-19
10750.181 3.155228658641562e-19 1.7922078597766196e-19
10751.267 1.3146125215398249e-18 3.411064773698082e-19
10752.353 6.8310050535683595e-19 7.616853867980995e-19
10753.439 -1.0348686737678689e-18 8.348553516161549e-19
10754.525 -9.917675249903722e-20 8.258348088870015e-19
10755.611 -5.638215537939741e-19 6.818053565689753e-19
10756.697 -5.255820629818686e-19 2.650657932442008e-19
10757.783 3.310122331691634e-19 1.4582158838675049e-19
10758.869 6.813878227406256e-19 1.3640931449703757e-19
10759.955 1.2800933159202823e-19 1.3248458586380968e-19
10761.041 -2.5452593711492126e-19 1.315662196722679e-19
10762.127 3.0139111230193167e-19 1.2911699756936187e-19
10763.213 2.7141847125569783e-19 1.4061928320925026e-19
10764.299 4.593126454746853e-20 1.5499882532352058e-19
10765.385 2.705820477666965e-19 1.5851994820617969e-19
10766.471 3.727514584339979e-19 1.5698406145088468e-19
10767.557 2.758617698033856e-19 1.4111962579906652e-19
10768.643 6.235137631443615e-19 1.2215075358199609e-19
10769.729 4.28443567311374e-19 1.178473364726703e-19
10770.814 5.339443070767914e-19 1.2170608565073844e-19
10771.9 2.601508074634324e-19 1.5976758642074773e-19
10772.986 1.5854690165902237e-19 3.6521345840567563e-19
10774.072 2.671799481226393e-19 4.820287294161103e-19
10775.158 7.815514217893111e-19 4.87123881917525e-19
10776.244 1.0200985269095267e-18 4.643985742742315e-19
10777.33 9.855344076004213e-19 2.8573554960634706e-19
10778.416 6.95276715918277e-19 1.4516620708005744e-19
10779.502 4.598443032342618e-19 1.2110357309652047e-19
10780.588 2.9493356411150363e-19 1.1994995598377025e-19
10781.674 -8.195140209546405e-20 1.2197474123166439e-19
10782.76 2.5590901079846464e-19 1.2509172537316933e-19
10783.846 4.775114264493029e-19 1.2721016612682317e-19
10784.932 8.320439065874168e-20 1.2811828171842121e-19
10786.018 3.9539677338395535e-19 1.1759139244532742e-19
10787.104 3.5720522300839314e-19 1.1947136307305068e-19
10788.19 4.723108105523258e-19 1.1554928583538367e-19
10789.276 3.5811317870524087e-19 1.142601679060204e-19
10790.362 6.1491147450712175e-19 1.1275643880726826e-19
10791.448 5.18528960899725e-19 1.1587018597547554e-19
10792.534 5.230970905484014e-19 1.159771190858002e-19
10793.62 5.112247124196589e-19 1.394726015124355e-19
10794.706 2.952213226257735e-19 1.5990136867935062e-19
10795.792 1.4725407055088732e-19 1.6962810245392268e-19
10796.878 1.9988921817713027e-19 1.7586521836208583e-19
10797.964 -1.8658228477695895e-20 1.543548791558341e-19
10799.05 1.0015542451134794e-19 1.3566559423340285e-19
10800.136 1.4866189313542048e-19 1.262174807605566e-19
10801.222 6.976809680086973e-19 1.271344926905735e-19
10802.308 5.814998946153588e-19 1.3989146313129602e-19
10803.394 6.428385212081463e-19 1.531081205435109e-19
10804.48 4.045833770150503e-19 1.5734909175808e-19
10805.566 3.514400947252121e-19 1.470294590073855e-19
10806.652 1.7229775204175966e-19 1.318865392190457e-19
10807.738 -4.218796933237405e-19 1.1690981103436542e-19
10808.824 2.423617734502328e-19 1.142150619370853e-19
10809.91 9.63787554759413e-19 1.1465411352623077e-19
10810.995 3.382259716415678e-19 1.1857394379626436e-19
10812.081 3.083095014944317e-19 1.2299791443862002e-19
10813.167 -4.3156848920145756e-19 1.2492048086750158e-19
10814.253 -4.355301845461634e-19 1.2215908747637245e-19
10815.339 9.779009897926503e-20 1.2186841218360825e-19
10816.425 4.541542357345626e-19 1.214586082638911e-19
10817.511 6.004935124821554e-19 1.164188391167986e-19
10818.597 2.751271290215962e-19 1.1500900828862656e-19
10819.683 3.53670386572499e-19 1.1293683496942393e-19
10820.769 2.879378652894798e-19 1.1171770765319398e-19
10821.855 4.505841914908194e-19 1.0936958267906836e-19
10822.941 6.583069129402417e-19 1.0682644176717834e-19
10824.027 5.691164837306279e-19 1.0607742187201786e-19
10825.113 3.1419704191182297e-19 1.1183249661026043e-19
10826.199 4.555828524052601e-19 1.215090404749623e-19
10827.285 1.0565483774471649e-20 1.3928544648932885e-19
10828.371 3.9853587074583005e-19 1.5879230060315108e-19
10829.457 -1.16488345895538e-19 2.212968141548364e-19
10830.543 -1.49838256961411e-18 4.800594944897097e-19
10831.629 2.5610008793353737e-18 7.851426063544755e-19
10832.715 4.2718148557870154e-18 1.2462307318640903e-18
10833.801 2.4786371031571647e-18 1.3482975618414103e-18
10834.887 -1.6168859056998614e-19 1.3051556796098394e-18
10835.973 2.3762179584867335e-18 1.0579456849672104e-18
10837.059 1.5038602214013267e-18 3.9640279861168477e-19
10838.145 -7.659676063161232e-20 2.2041527300932417e-19
10839.231 -3.4149901417235463e-19 2.431446110741425e-19
10840.317 -4.1831743550464695e-19 2.644698667201672e-19
10841.403 -3.4633860174713874e-19 2.976307801084801e-19
10842.489 -2.583539073110919e-19 5.50455426327765e-19
10843.575 4.625645822608416e-19 7.611921615279113e-19
10844.661 7.5094517543294e-19 7.440477370400597e-19
10845.747 2.7860563463596413e-19 7.151525985477394e-19
10846.833 8.058556101154817e-19 4.625484082701645e-19
10847.919 2.115115878512817e-19 1.8488918317588902e-19
10849.005 8.627142998836466e-20 1.2581283873798789e-19
10850.09 3.5415884142574155e-19 1.1731246590984108e-19
10851.176 6.420649278273287e-19 1.1912997079687003e-19
10852.262 2.43422645299864e-19 1.3545293651506966e-19
10853.348 4.702741294084298e-19 1.5838898831528007e-19
10854.434 2.773889770924592e-20 1.653234136556106e-19
10855.52 -2.184682994486226e-19 1.692502428672504e-19
10856.606 3.409910151228437e-20 2.089850186811611e-19
10857.692 -2.161155072153311e-21 3.3370862983341893e-19
10858.778 9.094790429382933e-19 4.199966694568567e-19
10859.864 -1.0460953779186174e-19 4.491981226746541e-19
10860.95 3.080692271631894e-19 4.2703151469250403e-19
10862.036 7.57591111903376e-19 2.920391902208466e-19
10863.122 1.9907879153222587e-19 1.569228186678689e-19
10864.208 1.5106273649880627e-19 1.3232383848544084e-19
10865.294 7.881194425578451e-20 1.0714591638601744e-19
10866.38 -3.254612820381775e-20 1.0311141691297955e-19
10867.466 1.628984345924203e-20 1.0305471797157846e-19
10868.552 5.484202331164086e-19 1.0165594000755538e-19
10869.638 3.9709553361848255e-19 1.0191733341855314e-19
10870.724 3.733166344674343e-19 1.0708013452807588e-19
10871.81 5.094138313525248e-19 1.2094281821093803e-19
10872.896 -2.25884909356142e-19 1.3179675207516582e-19
10873.982 3.007328937779541e-19 1.3831862429867129e-19
10875.068 6.115576745405715e-19 1.4807476153996996e-19
10876.154 3.480765820057097e-19 1.737499990902005e-19
10877.24 1.4525108130683036e-19 2.2684594916538182e-19
10878.326 3.4983259245853545e-19 2.629433688796644e-19
10879.412 6.203716870389231e-19 2.5634348312725616e-19
10880.498 1.0558045629850892e-18 2.3045330028447566e-19
10881.584 3.649651392799938e-19 1.8278935239332147e-19
10882.67 3.0606405988674973e-19 1.2487853380719893e-19
10883.756 3.3831775444520854e-19 1.1050849311183964e-19
10884.842 5.618891399371804e-19 1.2272949045205677e-19
10885.928 5.132327425298617e-19 1.3755924013058652e-19
10887.014 -4.821676638846261e-20 1.428454631703118e-19
10888.1 -2.0551206048918965e-19 1.406785509274538e-19
10889.186 2.4219254151212997e-19 1.2940362041568346e-19
10890.271 6.069115195932461e-19 1.142479538441487e-19
10891.357 5.642786672973515e-19 1.0538105286664213e-19
10892.443 5.340673844040297e-19 1.0427849966555247e-19
10893.529 9.199457212592554e-19 1.1142408457943841e-19
10894.615 8.23447622666308e-19 1.1481543117129661e-19
10895.701 2.857490178747722e-19 1.7925352262846436e-19
10896.787 8.036211819320505e-19 4.8376465426086445e-19
10897.873 1.2582707931254664e-18 6.076670637398847e-19
10898.959 9.788052025489048e-19 6.246938440834869e-19
10900.045 -3.8738718153583345e-19 5.708590007288943e-19
10901.131 5.5637510767750805e-19 3.0173839913067615e-19
10902.217 6.782268397595183e-19 1.655082772629516e-19
10903.303 3.028437054207952e-19 1.495068618050221e-19
10904.389 4.294667089995556e-19 1.4405451349844187e-19
10905.475 3.707742872068103e-19 1.3187331492603692e-19
10906.561 4.666201071517586e-19 1.2277477317691923e-19
10907.647 1.4214339431808974e-19 1.089017368418193e-19
10908.733 5.579950298926635e-20 1.0466127935333596e-19
10909.819 4.396521738584077e-19 1.0434304339856207e-19
10910.905 3.306783817441847e-19 1.161034003364471e-19
10911.991 3.840817316823668e-19 1.0785905274854462e-19
10913.077 1.359031131614348e-19 1.0312902811959189e-19
10914.163 1.5544047291126931e-19 1.0282977664383175e-19
10915.249 3.0414056876787966e-19 1.0325727469825708e-19
10916.335 6.592513199782204e-19 1.0606393472143776e-19
10917.421 1.8910958990256309e-19 1.0508190957525984e-19
10918.507 5.015461718799017e-19 1.0675000841616309e-19
10919.593 6.867002014052334e-19 1.1479215904574328e-19
10920.679 3.7841125816174347e-19 1.2089091581057146e-19
10921.765 4.0603547025354805e-19 1.3081246044686203e-19
10922.851 -6.170461697874267e-20 1.757699656252262e-19
10923.937 1.6815111289149512e-19 4.815280970480258e-19
10925.023 1.6702154139720115e-18 1.0842152035074773e-18
10926.109 2.287517052232959e-18 1.1526894675007955e-18
10927.195 8.073247073431316e-19 1.1097433939736033e-18
10928.281 6.34878472877628e-20 8.7583465799038e-19
10929.367 9.889691881417583e-20 3.158814297329218e-19
10930.452 2.218329109416428e-19 1.5932797224553002e-19
10931.538 1.478667733355393e-19 1.282266834157173e-19
10932.624 2.7625287981127702e-19 1.2144012658598903e-19
10933.71 2.215863503469172e-19 1.1724516518163912e-19
10934.796 -3.6503487176011307e-20 1.1256554274467999e-19
10935.882 3.5068038512288615e-19 1.229186289071548e-19
10936.968 3.2350741715335617e-19 1.1242437098800088e-19
10938.054 3.219944051961291e-19 1.108020959953111e-19
10939.14 3.2823799846121096e-19 1.1045867524629175e-19
10940.226 -1.4268118794447873e-19 1.1255348304124198e-19
10941.312 3.941542533381192e-19 1.1262481138631828e-19
10942.398 -1.2378521621843151e-20 1.1429879687255173e-19
10943.484 2.3946228898998343e-19 1.1266351909215883e-19
10944.57 5.353016960854399e-19 1.101678744496168e-19
10945.656 4.995704424077344e-19 1.075730729812496e-19
10946.742 -7.267630118258996e-20 1.106209829099054e-19
10947.828 -1.8239941349499725e-19 1.3580739645548846e-19
10948.914 -1.6277021915590446e-19 3.2420228182886475e-19
10950.0 5.491174595597344e-19 6.374442685106378e-19
10951.086 8.263904894014859e-19 6.704411149785622e-19
10952.172 1.865501426012562e-19 6.625851595273464e-19
10953.258 2.558938257988186e-19 5.12537659475821e-19
10954.344 3.8273080983529346e-19 2.134280511957478e-19
10955.43 -2.572004405355911e-19 1.3164692636677373e-19
10956.516 -8.129438541658739e-20 1.1638281950195e-19
10957.602 2.161445089657669e-19 1.071710559601807e-19
10958.688 9.636382586911735e-20 1.0726152278161709e-19
10959.774 1.6922430658298712e-20 1.1087568450502931e-19
10960.86 4.037555456043333e-19 1.0916472612419365e-19
10961.946 2.57105948187465e-19 1.0554621940485989e-19
10963.032 8.227694769222187e-20 1.0725632417110987e-19
10964.118 2.6039830655935453e-19 1.1809857376957295e-19
10965.204 3.0432112267730984e-19 1.218159436687725e-19
10966.29 -3.475167729306519e-20 1.305881994717525e-19
10967.376 3.4691183316006635e-19 1.4504650859906626e-19
10968.462 2.6181817993177677e-19 1.633679228126391e-19
10969.548 3.3519146654874834e-19 1.7677181336200574e-19
10970.633 3.562296220214147e-19 1.7887945315756e-19
10971.719 1.2888114923677218e-19 2.0983624121010971e-19
10972.805 7.40351139466257e-22 5.2525504243358e-19
10973.891 4.366483090425977e-20 1.105735263264832e-18
10974.977 -1.4505413818162323e-18 1.1586286509963343e-18
10976.063 1.8000206620200307e-18 1.2118885172310565e-18
10977.149 5.869519128744632e-19 9.443992230616478e-19
10978.235 -1.1562291557911658e-18 3.7879395841491875e-19
10979.321 1.155428102107602e-18 1.898712941609032e-19
10980.407 9.166491451004194e-19 1.4944424218324438e-19
10981.493 5.027285250157856e-19 1.3631935393804648e-19
10982.579 1.0167426799158126e-19 1.2772206240618927e-19
10983.665 2.7635295138518095e-19 1.461306978302942e-19
10984.751 5.541028628779108e-19 1.828938767018496e-19
10985.837 2.6773946931401183e-19 1.8858449408641993e-19
10986.923 5.705040730188605e-19 1.8778885207789894e-19
10988.009 5.040168322219196e-19 1.6498773769061814e-19
10989.095 3.9712390620414103e-19 1.21083630229485e-19
10990.181 4.421361729663353e-19 1.0853854266549258e-19
10991.267 3.650362109477878e-19 1.0884181911302552e-19
10992.353 2.7652169084269287e-19 1.0775022388010021e-19
10993.439 -4.297826524060013e-20 1.08882341068549e-19
10994.525 2.0973676288992862e-19 1.079342531411733e-19
10995.611 1.0255451210749925e-19 1.1016887608239143e-19
10996.697 2.0479196047754664e-19 1.0778527314429427e-19
10997.783 1.0385440032352066e-19 1.0690725315449696e-19
10998.869 3.9583512518644445e-19 1.069001856705665e-19
10999.955 2.2079921774050187e-19 1.0563225620668181e-19
11001.041 6.806519408676183e-20 1.0874435002150026e-19
11002.127 3.279060727208727e-19 1.173323800513023e-19
11003.213 5.932804373775534e-21 1.203100517612686e-19
11004.299 1.872045354559879e-20 1.278076784478587e-19
11005.385 4.262305786444308e-19 1.3420672423340922e-19
11006.471 1.7797433684637584e-19 2.1110917490986305e-19
11007.557 -1.0201753840163642e-19 5.038438103460847e-19
11008.643 -4.799607987836523e-19 6.186635434590335e-19
11009.729 5.688458711653288e-19 6.264790756607039e-19
11010.814 -9.311353099666568e-19 5.65229898723318e-19
11011.9 -2.1318768798501856e-19 2.7330446160997806e-19
11012.986 2.097377433513794e-19 1.3771410559408775e-19
11014.072 7.79099125214486e-20 1.1430733193119245e-19
11015.158 2.1252754789603762e-19 1.1004008578541736e-19
11016.244 5.091917598106947e-19 1.0815102453487257e-19
11017.33 6.171989741507881e-19 1.0766913287237288e-19
11018.416 5.19102767439641e-19 1.0790754798995322e-19
11019.502 4.339684488638434e-19 1.0587714121567251e-19
11020.588 3.7486727900642336e-19 1.0629302596637971e-19
11021.674 3.660668510488133e-19 1.0947133016321945e-19
11022.76 5.956395776604091e-19 1.1116926457026292e-19
11023.846 7.562065925016452e-19 1.1392453867739747e-19
11024.932 7.659149651346397e-19 1.2050955104728753e-19
11026.018 3.1122869971102537e-19 1.45180302650463e-19
11027.104 1.7408855892530372e-19 3.486355097893498e-19
11028.19 1.3583970309524351e-18 8.383118372666818e-19
11029.276 5.940086666702047e-20 9.630358799061814e-19
11030.362 3.8608011662957103e-19 9.647513183868012e-19
11031.448 -3.6297392662259335e-19 8.316988239403862e-19
11032.534 -1.2033256033600944e-18 3.791423225803508e-19
11033.62 -2.3267640006586705e-19 1.759177795910526e-19
11034.706 2.827644316637666e-19 1.251011881240532e-19
11035.792 2.8288760426253134e-19 1.1541127095253235e-19
11036.878 3.730978643592278e-19 1.147390043524535e-19
11037.964 7.060008970937021e-19 1.1800836921141215e-19
11039.05 1.5232651741201681e-19 1.3248170164302952e-19
11040.136 2.2998450165400167e-19 1.340117568347222e-19
11041.222 4.657166025322946e-19 1.338550889638561e-19
11042.308 6.736889474720208e-19 1.2988182778899746e-19
11043.394 1.5248491903283602e-20 1.2840242826235104e-19
11044.48 3.4066325445592423e-19 1.2118740614718205e-19
11045.566 4.366799100713557e-19 1.1269099655874313e-19
11046.652 4.489206787817361e-19 1.095270361928738e-19
11047.738 6.610541833366287e-20 1.045498870251862e-19
11048.824 1.6874048653133527e-19 9.932546906294931e-20
11049.91 5.876043189461901e-19 1.0120501805089246e-19
11050.995 3.4288627532841135e-19 1.025757709431595e-19
11052.081 -1.3569869462304267e-19 1.3597364910052898e-19
11053.167 -1.4107784746975233e-19 1.7814952215864794e-19
11054.253 3.8162596275337695e-19 1.8794104570936007e-19
11055.339 7.657223575752583e-19 1.9058379107965013e-19
11056.425 5.052021458325758e-19 1.6426543806633408e-19
11057.511 4.068753912192996e-19 1.2262981832870643e-19
11058.597 3.997825362955218e-19 1.1314750662545318e-19
11059.683 6.224498419754013e-19 1.074780187368955e-19
11060.769 4.923715548986803e-19 1.1043696946790677e-19
11061.855 3.4784903492075125e-19 1.2323280185257699e-19
11062.941 2.3318674203358e-19 1.3182858920088657e-19
11064.027 3.4801007140574956e-19 1.3867950994043422e-19
11065.113 4.78290233617484e-19 1.373453823275699e-19
11066.199 3.2750151470586043e-19 1.2584746735073661e-19
11067.285 2.346040336536059e-19 1.2209745270086824e-19
11068.371 7.44933154707812e-19 1.2844162301720197e-19
11069.457 7.65946147401843e-20 1.7533544055939196e-19
11070.543 1.198552377253252e-19 3.659683330237919e-19
11071.629 9.022499690068221e-19 4.809130494868609e-19
11072.715 -1.0508009844503798e-19 4.86100755727623e-19
11073.801 -1.640796473426906e-19 4.403952461008714e-19
11074.887 2.2034327069711046e-20 2.556643930660783e-19
11075.973 3.770267709967202e-19 1.3027727808414166e-19
11077.059 9.187339088645045e-20 1.0811527127390309e-19
11078.145 3.115175367082654e-19 1.0506831306894241e-19
11079.231 3.014258337529626e-19 1.0413149143974175e-19
11080.317 5.106118252684927e-19 1.072656608356813e-19
11081.403 3.0510946111407476e-19 1.2653976397559758e-19
11082.489 8.159970908615514e-19 1.7131560738419125e-19
11083.575 1.0524812681457783e-19 1.877530358408606e-19
11084.661 1.5307769647107705e-19 1.9021349597913173e-19
11085.747 4.544158901891748e-19 1.8220537715387823e-19
11086.833 8.298652347719367e-19 2.208644871911642e-19
11087.919 1.3551932051318834e-19 4.701059255793819e-19
11089.005 1.355217870581064e-18 6.450007369241962e-19
11090.09 -2.147896543597364e-19 6.639679883824835e-19
11091.176 -1.2571873043294801e-18 6.405490087646104e-19
11092.262 -2.252573668946804e-19 4.3295061752968994e-19
11093.348 2.8234190439251037e-19 1.8398600466804075e-19
11094.434 3.5986801257461277e-19 1.1432809770820466e-19
11095.52 3.980530163272172e-19 1.0258346509764372e-19
11096.606 3.7239641015819387e-20 9.980571868689883e-20
11097.692 -3.3492421788182445e-20 9.877666253478927e-20
11098.778 3.5640094795362674e-19 9.876406631074375e-20
11099.864 2.3940612958622193e-19 9.755217206440256e-20
11100.95 3.1599885033418034e-19 9.987347224488951e-20
11102.036 3.4580306693691067e-19 9.978669536173754e-20
11103.122 3.4939905386016033e-19 1.0296310800053227e-19
11104.208 3.8782167929172676e-19 1.0964097548501612e-19
11105.294 5.412651422893546e-19 1.117812074765721e-19
11106.38 7.287633285477041e-19 1.1878236634832937e-19
11107.466 5.923137585419682e-19 1.166420962829119e-19
11108.552 3.130925971621618e-19 1.1659536240303079e-19
11109.638 5.418316580269583e-19 1.1829813226759617e-19
11110.724 2.208409062128463e-19 1.148771025536931e-19
11111.81 2.985712468179193e-19 1.1350207191453757e-19
11112.896 5.893949560302685e-20 1.1196578240693547e-19
11113.982 3.541083819582357e-19 1.0888884145223587e-19
11115.068 3.069021071138847e-19 1.0546441952895233e-19
11116.154 4.70456775199946e-19 1.0115226215441153e-19
11117.24 5.691998221426217e-19 1.0021034061127114e-19
11118.326 7.549691326958215e-19 1.039379707757282e-19
11119.412 -1.2410469811061778e-19 1.0618958263040307e-19
11120.498 1.765741367905331e-19 1.1086856085423786e-19
11121.584 3.0416590936993306e-19 1.2749567627986637e-19
11122.67 -5.34597246554073e-20 1.4814988750144823e-19
11123.756 3.129123694427987e-19 1.5034317440698463e-19
11124.842 4.963282531222026e-19 1.4434408056542174e-19
11125.928 -1.0346104561026101e-19 1.3196213441802857e-19
11127.014 1.2267046636918026e-19 1.1262870071188583e-19
11128.1 1.21566792414353e-19 1.101913588496475e-19
11129.186 6.729192149443374e-19 1.1369551530775862e-19
11130.271 3.2928277422402583e-19 1.1598429653793649e-19
11131.357 -1.1950804039874097e-19 1.1831814578241518e-19
11132.443 1.593817589916483e-19 1.131692836331097e-19
11133.529 5.031626342703049e-19 1.0865801060477715e-19
11134.615 1.2858460889330157e-18 1.0151186803132203e-19
11135.701 4.167509064227344e-19 1.0713689612753601e-19
11136.787 -5.859437682056565e-20 1.2302054817344918e-19
11137.873 -6.749490950414404e-20 1.5435216719659179e-19
11138.959 -4.512643799220461e-19 2.719635686210869e-19
11140.045 1.0919769186895655e-18 3.3874705279646864e-19
11141.131 -1.4057619292544268e-20 3.308061103116975e-19
11142.217 1.7376875621118966e-19 3.0903622412958195e-19
11143.303 4.834507374413621e-19 1.99720730634737e-19
11144.389 2.2292802366013694e-19 1.2054786429077001e-19
11145.475 5.489066856573851e-19 1.0967778066220298e-19
11146.561 3.3278774300509807e-19 1.1057252669184379e-19
11147.647 1.0048993531510986e-19 1.1369544487903462e-19
11148.733 5.482720463984263e-19 1.2892234592328603e-19
11149.819 5.668027256469213e-19 1.4715385785382401e-19
11150.905 1.8538468862812457e-19 1.4655008685988038e-19
11151.991 -4.308331251898241e-19 1.4139484200916886e-19
11153.077 -2.3289706563368665e-19 2.1109051234865823e-19
11154.163 5.54152290115123e-19 3.9709313449850027e-19
11155.249 2.8421389224123177e-19 4.867754107776586e-19
11156.335 1.091111829840094e-18 4.717827012794848e-19
11157.421 8.737170244385112e-19 4.3124866176506246e-19
11158.507 2.4558161436705044e-19 2.8121540138797207e-19
11159.593 5.456707011747326e-19 1.5974700382873518e-19
11160.679 -2.5581561552030154e-19 1.4580763581052699e-19
11161.765 -2.3835407990142783e-19 1.6433570249179635e-19
11162.851 -7.172081400936297e-19 2.1825471976017788e-19
11163.937 -1.226278560187986e-19 2.6670508968811067e-19
11165.023 -1.4656814451516284e-19 2.8390509825671045e-19
11166.109 2.4337941048562838e-19 2.6779596207307116e-19
11167.195 1.116606996206358e-19 2.337342888183058e-19
11168.281 1.9494379506329416e-19 2.048517124819002e-19
11169.367 2.1641962505333214e-19 1.9764292529989458e-19
11170.452 -4.407348633275697e-19 2.0705123263408715e-19
11171.538 2.481153527724731e-19 2.1635895980328322e-19
11172.624 6.850277122952241e-19 1.9892890583251037e-19
11173.71 2.807300357673081e-19 1.686754811645569e-19
11174.796 7.838453009589063e-19 1.3876161895341488e-19
11175.882 2.0387970746405403e-19 1.1554498345553623e-19
11176.968 2.465319334516943e-19 1.089912039704122e-19
11178.054 6.500361648374711e-20 1.1577900888172902e-19
11179.14 2.877732968616711e-19 1.213094130128722e-19
11180.226 6.85734407389639e-19 1.3325881394515685e-19
11181.312 6.912726362361177e-19 1.4647280404657625e-19
11182.398 4.0439879167046444e-19 1.5612289648477465e-19
11183.484 4.1812725885624773e-19 1.4351294204203712e-19
11184.57 2.488721129232993e-19 1.2725842419202771e-19
11185.656 9.24188169503511e-20 1.2654961146171622e-19
11186.742 4.412014225764103e-19 1.4938102853479459e-19
11187.828 -1.5552541931749142e-20 1.6503718147252898e-19
11188.914 -7.872471902531088e-19 1.7369135857245312e-19
11190.0 4.3141893171943487e-19 1.7770740648439925e-19
11191.086 1.0858782103051752e-18 1.8364406494889775e-19
11192.172 8.918678149063328e-19 1.8353225964632175e-19
11193.258 -1.9459382586967666e-19 1.7009475069345496e-19
11194.344 -3.404109848105715e-19 1.4769448058684618e-19
11195.43 -3.0265437876264303e-19 1.3255168759094972e-19
11196.516 1.315229639199569e-19 1.3760894741594074e-19
11197.602 -4.430465001279782e-19 1.5372582634514068e-19
11198.688 5.926828566059226e-19 1.67266668507862e-19
11199.774 -3.384055177926105e-20 1.6702926706251257e-19
11200.86 1.083266230786083e-18 1.7725879719185034e-19
11201.946 1.25810587584297e-18 1.9133412018107967e-19
11203.032 7.514997085742672e-19 1.7507012601580621e-19
11204.118 4.1385471806837235e-19 1.5405823620663486e-19
11205.204 1.4360474522057293e-19 1.4466295138347435e-19
11206.29 -2.6844757971207486e-19 1.408649559298573e-19
11207.376 8.054188720459579e-19 1.4486894272353613e-19
11208.462 -1.3172885304312543e-21 1.6029538701780205e-19
11209.548 4.704486977986072e-19 1.7157147178292492e-19
11210.633 -2.78105111598826e-20 2.0392566979431731e-19
11211.719 1.0900790981067557e-18 2.40417617844215e-19
11212.805 -1.769193396458599e-19 2.954454652432107e-19
11213.891 4.0424972578431726e-19 3.005414957338066e-19
11214.977 -8.271345471708977e-19 2.6018886527823725e-19
11216.063 -2.0304739457731182e-19 2.8031423071390137e-19
11217.149 2.431130501558472e-19 2.9189449247994104e-19
11218.235 1.2438202318741506e-18 2.8123303161635964e-19
11219.321 1.1442549470123612e-19 2.584033704023344e-19
11220.407 3.3416371784364953e-19 2.597143676582392e-19
11221.493 9.550572914560421e-20 2.700507320599925e-19
11222.579 9.465975231222557e-19 2.9061598730632324e-19
11223.665 1.8303955800335586e-19 3.05997568581796e-19
11224.751 6.508636002763762e-19 3.703770866013129e-19
11225.837 5.890539876401258e-19 4.47127538993412e-19
11226.923 -1.5254888725328499e-19 4.2181875389247817e-19
11228.009 2.3283465913957834e-19 3.5234607623428276e-19
11229.095 -1.558603359814137e-20 3.1798987288241465e-19
11230.181 -1.8868422898049719e-19 2.4008317804813085e-19
11231.267 8.201587134502292e-19 1.7989846822700135e-19
11232.353 1.2748499499289174e-18 1.8271531426005601e-19
11233.439 9.311087739044412e-19 2.274999042471067e-19
11234.525 4.885094180351635e-19 3.2183794708889484e-19
11235.611 8.886008774748932e-19 3.2701476315297374e-19
11236.697 8.809172454966444e-19 2.4997791728058264e-19
11237.783 1.1402409052601323e-18 2.279435090062094e-19
