lambda f_lambda fErr_lambda
9139.667900000377 6.676392886764848e-19 0.0
9140.753900000376 6.676392886764848e-19 0.0
9141.839900000376 6.676392886764848e-19 0.0
9142.925900000375 6.676392886764848e-19 0.0
9144.011900000374 6.676392886764848e-19 0.0
9145.097900000374 6.676392886764848e-19 0.0
9146.183900000373 6.676392886764848e-19 0.0
9147.269900000372 6.676392886764848e-19 0.0
9148.355900000372 6.676392886764848e-19 0.0
9149.44190000037 6.676392886764848e-19 0.0
9150.52790000037 6.676392886764848e-19 0.0
9151.61390000037 6.676392886764848e-19 0.0
9152.699900000369 6.676392886764848e-19 0.0
9153.785900000368 6.676392886764848e-19 0.0
9154.871900000368 6.676392886764848e-19 0.0
9155.957900000367 6.676392886764848e-19 0.0
9157.043900000366 6.676392886764848e-19 0.0
9158.129900000366 6.676392886764848e-19 0.0
9159.215900000365 6.676392886764848e-19 0.0
9160.301900000364 6.676392886764848e-19 0.0
9161.387900000364 6.676392886764848e-19 0.0
9162.473900000363 6.676392886764848e-19 0.0
9163.559900000362 6.676392886764848e-19 0.0
9164.645900000362 6.676392886764848e-19 0.0
9165.73190000036 6.676392886764848e-19 0.0
9166.81790000036 6.676392886764848e-19 0.0
9167.90390000036 6.676392886764848e-19 0.0
9168.989900000359 6.676392886764848e-19 0.0
9170.075900000358 6.676392886764848e-19 0.0
9171.161900000357 6.676392886764848e-19 0.0
9172.247900000357 6.676392886764848e-19 0.0
9173.333900000356 6.676392886764848e-19 0.0
9174.419900000355 6.676392886764848e-19 0.0
9175.505900000355 6.676392886764848e-19 0.0
9176.591900000354 6.676392886764848e-19 0.0
9177.677900000353 6.676392886764848e-19 0.0
9178.763900000353 6.676392886764848e-19 0.0
9179.849900000352 6.676392886764848e-19 0.0
9180.935900000351 6.676392886764848e-19 0.0
9182.02190000035 6.676392886764848e-19 0.0
9183.10790000035 6.676392886764848e-19 0.0
9184.19390000035 6.676392886764848e-19 0.0
9185.279900000349 6.676392886764848e-19 0.0
9186.365900000348 6.676392886764848e-19 0.0
9187.451900000347 6.676392886764848e-19 0.0
9188.537900000347 6.676392886764848e-19 0.0
9189.623900000346 6.676392886764848e-19 0.0
9190.709900000345 6.676392886764848e-19 0.0
9191.795900000345 6.676392886764848e-19 0.0
9192.881900000344 6.676392886764848e-19 0.0
9193.967900000343 6.676392886764848e-19 0.0
9195.053900000343 6.676392886764848e-19 0.0
9196.139900000342 6.676392886764848e-19 0.0
9197.225900000341 6.676392886764848e-19 0.0
9198.31190000034 6.676392886764848e-19 0.0
9199.39790000034 6.676392886764848e-19 0.0
9200.48390000034 6.676392886764848e-19 0.0
9201.569900000339 6.676392886764848e-19 0.0
9202.655900000338 6.676392886764848e-19 0.0
9203.741900000337 6.676392886764848e-19 0.0
9204.827900000337 6.676392886764848e-19 0.0
9205.913900000336 6.676392886764848e-19 0.0
9206.999900000335 6.676392886764848e-19 0.0
9208.085900000335 6.676392886764848e-19 0.0
9209.171900000334 6.676392886764848e-19 0.0
9210.257900000333 6.676392886764848e-19 0.0
9211.343900000333 6.676392886764848e-19 0.0
9212.429900000332 6.676392886764848e-19 0.0
9213.515900000331 6.676392886764848e-19 0.0
9214.60190000033 6.676392886764848e-19 0.0
9215.68790000033 6.676392886764848e-19 0.0
9216.77390000033 6.676392886764848e-19 0.0
9217.859900000329 6.676392886764848e-19 0.0
9218.945900000328 6.676392886764848e-19 0.0
9220.031900000327 6.676392886764848e-19 0.0
9221.117900000327 6.676392886764848e-19 0.0
9222.203900000326 6.676392886764848e-19 0.0
9223.289900000325 6.676392886764848e-19 0.0
9224.375900000325 6.676392886764848e-19 0.0
9225.461900000324 6.676392886764848e-19 0.0
9226.547900000323 6.676392886764848e-19 0.0
9227.633900000323 6.676392886764848e-19 0.0
9228.719900000322 6.676392886764848e-19 0.0
9229.805900000321 6.676392886764848e-19 0.0
9230.89190000032 6.676392886764848e-19 0.0
9231.97790000032 6.676392886764848e-19 0.0
9233.06390000032 6.676392886764848e-19 0.0
9234.149900000319 6.676392886764848e-19 0.0
9235.235900000318 6.676392886764848e-19 0.0
9236.321900000317 6.676392886764848e-19 0.0
9237.407900000317 6.676392886764848e-19 0.0
9238.493900000316 6.676392886764848e-19 0.0
9239.579900000315 6.676392886764848e-19 0.0
9240.665900000315 6.676392886764848e-19 0.0
9241.751900000314 6.676392886764848e-19 0.0
9242.837900000313 6.676392886764848e-19 0.0
9243.923900000313 6.676392886764848e-19 0.0
9245.009900000312 6.676392886764848e-19 0.0
9246.095900000311 6.676392886764848e-19 0.0
9247.18190000031 6.676392886764848e-19 0.0
9248.26790000031 6.676392886764848e-19 0.0
9249.35390000031 6.676392886764848e-19 0.0
9250.439900000309 6.676392886764848e-19 0.0
9251.525900000308 6.676392886764848e-19 0.0
9252.611900000307 6.676392886764848e-19 0.0
9253.697900000307 6.676392886764848e-19 0.0
9254.783900000306 6.676392886764848e-19 0.0
9255.869900000305 6.676392886764848e-19 0.0
9256.955900000305 6.676392886764848e-19 0.0
9258.041900000304 6.676392886764848e-19 0.0
9259.127900000303 6.676392886764848e-19 0.0
9260.213900000303 6.676392886764848e-19 0.0
9261.299900000302 6.676392886764848e-19 0.0
9262.385900000301 6.676392886764848e-19 0.0
9263.4719000003 6.676392886764848e-19 0.0
9264.5579000003 6.676392886764848e-19 0.0
9265.6439000003 6.676392886764848e-19 0.0
9266.729900000299 6.676392886764848e-19 0.0
9267.815900000298 6.676392886764848e-19 0.0
9268.901900000297 6.676392886764848e-19 0.0
9269.987900000297 6.676392886764848e-19 0.0
9271.073900000296 6.676392886764848e-19 0.0
9272.159900000295 6.676392886764848e-19 0.0
9273.245900000295 6.676392886764848e-19 0.0
9274.331900000294 6.676392886764848e-19 0.0
9275.417900000293 6.676392886764848e-19 0.0
9276.503900000293 6.676392886764848e-19 0.0
9277.589900000292 6.676392886764848e-19 0.0
9278.675900000291 6.676392886764848e-19 0.0
9279.76190000029 6.676392886764848e-19 0.0
9280.84790000029 6.676392886764848e-19 0.0
9281.93390000029 6.676392886764848e-19 0.0
9283.019900000289 6.676392886764848e-19 0.0
9284.105900000288 6.676392886764848e-19 0.0
9285.191900000287 6.676392886764848e-19 0.0
9286.277900000287 6.676392886764848e-19 0.0
9287.363900000286 6.676392886764848e-19 0.0
9288.449900000285 6.676392886764848e-19 0.0
9289.535900000285 6.676392886764848e-19 0.0
9290.621900000284 6.676392886764848e-19 0.0
9291.707900000283 6.676392886764848e-19 0.0
9292.793900000283 6.676392886764848e-19 0.0
9293.879900000282 6.676392886764848e-19 0.0
9294.965900000281 6.676392886764848e-19 0.0
9296.05190000028 6.676392886764848e-19 0.0
9297.13790000028 6.676392886764848e-19 0.0
9298.22390000028 6.676392886764848e-19 0.0
9299.309900000279 6.676392886764848e-19 0.0
9300.395900000278 6.676392886764848e-19 0.0
9301.481900000277 6.676392886764848e-19 0.0
9302.567900000276 6.676392886764848e-19 0.0
9303.653900000276 6.676392886764848e-19 0.0
9304.739900000275 6.676392886764848e-19 0.0
9305.825900000274 6.676392886764848e-19 0.0
9306.911900000274 6.676392886764848e-19 0.0
9307.997900000273 6.676392886764848e-19 0.0
9309.083900000272 6.676392886764848e-19 0.0
9310.169900000272 6.676392886764848e-19 0.0
9311.255900000271 6.676392886764848e-19 0.0
9312.34190000027 6.676392886764848e-19 0.0
9313.42790000027 6.676392886764848e-19 0.0
9314.51390000027 6.676392886764848e-19 0.0
9315.599900000268 6.676392886764848e-19 0.0
9316.685900000268 6.676392886764848e-19 0.0
9317.771900000267 6.676392886764848e-19 0.0
9318.857900000266 6.676392886764848e-19 0.0
9319.943900000266 6.676392886764848e-19 0.0
9321.029900000265 6.676392886764848e-19 0.0
9322.115900000264 6.676392886764848e-19 0.0
9323.201900000264 6.676392886764848e-19 0.0
9324.287900000263 6.676392886764848e-19 0.0
9325.373900000262 6.676392886764848e-19 0.0
9326.459900000262 6.676392886764848e-19 0.0
9327.545900000261 6.676392886764848e-19 0.0
9328.63190000026 6.676392886764848e-19 0.0
9329.71790000026 6.676392886764848e-19 0.0
9330.80390000026 6.676392886764848e-19 0.0
9331.889900000258 6.676392886764848e-19 0.0
9332.975900000258 6.676392886764848e-19 0.0
9334.061900000257 6.676392886764848e-19 0.0
9335.147900000256 6.676392886764848e-19 0.0
9336.233900000256 6.676392886764848e-19 0.0
9337.319900000255 6.676392886764848e-19 0.0
9338.405900000254 6.676392886764848e-19 0.0
9339.491900000254 6.676392886764848e-19 0.0
9340.577900000253 6.676392886764848e-19 0.0
9341.663900000252 6.676392886764848e-19 0.0
9342.749900000252 6.676392886764848e-19 0.0
9343.835900000251 6.676392886764848e-19 0.0
9344.92190000025 6.676392886764848e-19 0.0
9346.00790000025 6.676392886764848e-19 0.0
9347.093900000249 6.676392886764848e-19 0.0
9348.179900000248 6.676392886764848e-19 0.0
9349.265900000248 6.676392886764848e-19 0.0
9350.351900000247 6.676392886764848e-19 0.0
9351.437900000246 6.676392886764848e-19 0.0
9352.523900000246 6.676392886764848e-19 0.0
9353.609900000245 6.676392886764848e-19 0.0
9354.695900000244 6.676392886764848e-19 0.0
9355.781900000244 6.676392886764848e-19 0.0
9356.867900000243 6.676392886764848e-19 0.0
9357.953900000242 6.676392886764848e-19 0.0
9359.039900000242 6.676392886764848e-19 0.0
9360.125900000241 6.676392886764848e-19 0.0
9361.21190000024 6.676392886764848e-19 0.0
9362.29790000024 6.676392886764848e-19 0.0
9363.383900000239 6.676392886764848e-19 0.0
9364.469900000238 6.676392886764848e-19 0.0
9365.555900000238 6.676392886764848e-19 0.0
9366.641900000237 6.676392886764848e-19 0.0
9367.727900000236 6.676392886764848e-19 0.0
9368.813900000236 6.676392886764848e-19 0.0
9369.899900000235 6.676392886764848e-19 0.0
9370.985900000234 6.676392886764848e-19 0.0
9372.071900000234 6.676392886764848e-19 0.0
9373.157900000233 6.676392886764848e-19 0.0
9374.243900000232 6.676392886764848e-19 0.0
9375.329900000232 6.676392886764848e-19 0.0
9376.415900000231 6.676392886764848e-19 0.0
9377.50190000023 6.676392886764848e-19 0.0
9378.58790000023 6.676392886764848e-19 0.0
9379.673900000229 6.676392886764848e-19 0.0
9380.759900000228 6.676392886764848e-19 0.0
9381.845900000228 6.676392886764848e-19 0.0
9382.931900000227 6.676392886764848e-19 0.0
9384.017900000226 6.676392886764848e-19 0.0
9385.103900000226 6.676392886764848e-19 0.0
9386.189900000225 6.676392886764848e-19 0.0
9387.275900000224 6.676392886764848e-19 0.0
9388.361900000224 6.676392886764848e-19 0.0
9389.447900000223 6.676392886764848e-19 0.0
9390.533900000222 6.676392886764848e-19 0.0
9391.619900000222 6.676392886764848e-19 0.0
9392.705900000221 6.676392886764848e-19 0.0
9393.79190000022 6.676392886764848e-19 0.0
9394.87790000022 6.676392886764848e-19 0.0
9395.963900000219 6.676392886764848e-19 0.0
9397.049900000218 6.676392886764848e-19 0.0
9398.135900000218 6.676392886764848e-19 0.0
9399.221900000217 6.676392886764848e-19 0.0
9400.307900000216 6.676392886764848e-19 0.0
9401.393900000216 6.676392886764848e-19 0.0
9402.479900000215 6.676392886764848e-19 0.0
9403.565900000214 6.676392886764848e-19 0.0
9404.651900000214 6.676392886764848e-19 0.0
9405.737900000213 6.676392886764848e-19 0.0
9406.823900000212 6.676392886764848e-19 0.0
9407.909900000212 6.676392886764848e-19 0.0
9408.99590000021 6.676392886764848e-19 0.0
9410.08190000021 6.676392886764848e-19 0.0
9411.16790000021 6.676392886764848e-19 0.0
9412.253900000209 6.676392886764848e-19 0.0
9413.339900000208 6.676392886764848e-19 0.0
9414.425900000208 6.676392886764848e-19 0.0
9415.511900000207 6.676392886764848e-19 0.0
9416.597900000206 6.676392886764848e-19 0.0
9417.683900000206 6.676392886764848e-19 0.0
9418.769900000205 6.676392886764848e-19 0.0
9419.855900000204 6.676392886764848e-19 0.0
9420.941900000204 6.676392886764848e-19 0.0
9422.027900000203 6.676392886764848e-19 0.0
9423.113900000202 6.676392886764848e-19 0.0
9424.199900000202 6.676392886764848e-19 0.0
9425.2859000002 6.676392886764848e-19 0.0
9426.3719000002 6.676392886764848e-19 0.0
9427.4579000002 6.676392886764848e-19 0.0
9428.543900000199 6.676392886764848e-19 0.0
9429.629900000198 6.676392886764848e-19 0.0
9430.715900000198 6.676392886764848e-19 0.0
9431.801900000197 6.676392886764848e-19 0.0
9432.887900000196 6.676392886764848e-19 0.0
9433.973900000195 6.676392886764848e-19 0.0
9435.059900000195 6.676392886764848e-19 0.0
9436.145900000194 6.676392886764848e-19 0.0
9437.231900000193 6.676392886764848e-19 0.0
9438.317900000193 6.676392886764848e-19 0.0
9439.403900000192 6.676392886764848e-19 0.0
9440.489900000191 6.676392886764848e-19 0.0
9441.57590000019 6.676392886764848e-19 0.0
9442.66190000019 6.676392886764848e-19 0.0
9443.74790000019 6.676392886764848e-19 0.0
9444.833900000189 6.676392886764848e-19 0.0
9445.919900000188 6.676392886764848e-19 0.0
9447.005900000187 6.676392886764848e-19 0.0
9448.091900000187 6.676392886764848e-19 0.0
9449.177900000186 6.676392886764848e-19 0.0
9450.263900000185 6.676392886764848e-19 0.0
9451.349900000185 6.676392886764848e-19 0.0
9452.435900000184 6.676392886764848e-19 0.0
9453.521900000183 6.676392886764848e-19 0.0
9454.607900000183 6.676392886764848e-19 0.0
9455.693900000182 6.676392886764848e-19 0.0
9456.779900000181 6.676392886764848e-19 0.0
9457.86590000018 6.676392886764848e-19 0.0
9458.95190000018 6.676392886764848e-19 0.0
9460.03790000018 6.676392886764848e-19 0.0
9461.123900000179 6.676392886764848e-19 0.0
9462.209900000178 6.676392886764848e-19 0.0
9463.295900000177 6.676392886764848e-19 0.0
9464.381900000177 6.676392886764848e-19 0.0
9465.467900000176 6.676392886764848e-19 0.0
9466.553900000175 6.676392886764848e-19 0.0
9467.639900000175 6.676392886764848e-19 0.0
9468.725900000174 6.676392886764848e-19 0.0
9469.811900000173 6.676392886764848e-19 0.0
9470.897900000173 6.676392886764848e-19 0.0
9471.983900000172 6.676392886764848e-19 0.0
9473.069900000171 6.676392886764848e-19 0.0
9474.15590000017 6.676392886764848e-19 0.0
9475.24190000017 6.676392886764848e-19 0.0
9476.32790000017 6.676392886764848e-19 0.0
9477.413900000169 6.676392886764848e-19 0.0
9478.499900000168 6.676392886764848e-19 0.0
9479.585900000167 6.676392886764848e-19 0.0
9480.671900000167 6.676392886764848e-19 0.0
9481.757900000166 6.676392886764848e-19 0.0
9482.843900000165 6.676392886764848e-19 0.0
9483.929900000165 6.676392886764848e-19 0.0
9485.015900000164 6.676392886764848e-19 0.0
9486.101900000163 6.676392886764848e-19 0.0
9487.187900000163 6.676392886764848e-19 0.0
9488.273900000162 6.676392886764848e-19 0.0
9489.359900000161 6.676392886764848e-19 0.0
9490.44590000016 6.676392886764848e-19 0.0
9491.53190000016 6.676392886764848e-19 0.0
9492.61790000016 6.676392886764848e-19 0.0
9493.703900000159 6.676392886764848e-19 0.0
9494.789900000158 6.676392886764848e-19 0.0
9495.875900000157 6.676392886764848e-19 0.0
9496.961900000157 6.676392886764848e-19 0.0
9498.047900000156 6.676392886764848e-19 0.0
9499.133900000155 6.676392886764848e-19 0.0
9500.219900000155 6.676392886764848e-19 0.0
9501.305900000154 6.676392886764848e-19 0.0
9502.391900000153 6.676392886764848e-19 0.0
9503.477900000153 6.676392886764848e-19 0.0
9504.563900000152 6.676392886764848e-19 0.0
9505.649900000151 6.676392886764848e-19 0.0
9506.73590000015 6.676392886764848e-19 0.0
9507.82190000015 6.676392886764848e-19 0.0
9508.90790000015 6.676392886764848e-19 0.0
9509.993900000149 6.676392886764848e-19 0.0
9511.079900000148 6.676392886764848e-19 0.0
9512.165900000147 6.676392886764848e-19 0.0
9513.251900000147 6.676392886764848e-19 0.0
9514.337900000146 6.676392886764848e-19 0.0
9515.423900000145 6.676392886764848e-19 0.0
9516.509900000145 6.676392886764848e-19 0.0
9517.595900000144 6.676392886764848e-19 0.0
9518.681900000143 6.676392886764848e-19 0.0
9519.767900000143 6.676392886764848e-19 0.0
9520.853900000142 6.676392886764848e-19 0.0
9521.939900000141 6.676392886764848e-19 0.0
9523.02590000014 6.676392886764848e-19 0.0
9524.11190000014 6.676392886764848e-19 0.0
9525.19790000014 6.676392886764848e-19 0.0
9526.283900000139 6.676392886764848e-19 0.0
9527.369900000138 6.676392886764848e-19 0.0
9528.455900000137 6.676392886764848e-19 0.0
9529.541900000137 6.676392886764848e-19 0.0
9530.627900000136 6.676392886764848e-19 0.0
9531.713900000135 6.676392886764848e-19 0.0
9532.799900000135 6.676392886764848e-19 0.0
9533.885900000134 6.676392886764848e-19 0.0
9534.971900000133 6.676392886764848e-19 0.0
9536.057900000133 6.676392886764848e-19 0.0
9537.143900000132 6.676392886764848e-19 0.0
9538.229900000131 6.676392886764848e-19 0.0
9539.31590000013 6.676392886764848e-19 0.0
9540.40190000013 6.676392886764848e-19 0.0
9541.48790000013 6.676392886764848e-19 0.0
9542.573900000129 6.676392886764848e-19 0.0
9543.659900000128 6.676392886764848e-19 0.0
9544.745900000127 6.676392886764848e-19 0.0
9545.831900000127 6.676392886764848e-19 0.0
9546.917900000126 6.676392886764848e-19 0.0
9548.003900000125 6.676392886764848e-19 0.0
9549.089900000125 6.676392886764848e-19 0.0
9550.175900000124 6.676392886764848e-19 0.0
9551.261900000123 6.676392886764848e-19 0.0
9552.347900000123 6.676392886764848e-19 0.0
9553.433900000122 6.676392886764848e-19 0.0
9554.519900000121 6.676392886764848e-19 0.0
9555.60590000012 6.676392886764848e-19 0.0
9556.69190000012 6.676392886764848e-19 0.0
9557.77790000012 6.676392886764848e-19 0.0
9558.863900000119 6.676392886764848e-19 0.0
9559.949900000118 6.676392886764848e-19 0.0
9561.035900000117 6.676392886764848e-19 0.0
9562.121900000117 6.676392886764848e-19 0.0
9563.207900000116 6.676392886764848e-19 0.0
9564.293900000115 6.676392886764848e-19 0.0
9565.379900000115 6.676392886764848e-19 0.0
9566.465900000114 6.676392886764848e-19 0.0
9567.551900000113 6.676392886764848e-19 0.0
9568.637900000112 6.676392886764848e-19 0.0
9569.723900000112 6.676392886764848e-19 0.0
9570.809900000111 6.676392886764848e-19 0.0
9571.89590000011 6.676392886764848e-19 0.0
9572.98190000011 6.676392886764848e-19 0.0
9574.06790000011 6.676392886764848e-19 0.0
9575.153900000108 6.676392886764848e-19 0.0
9576.239900000108 6.676392886764848e-19 0.0
9577.325900000107 6.676392886764848e-19 0.0
9578.411900000106 6.676392886764848e-19 0.0
9579.497900000106 6.676392886764848e-19 0.0
9580.583900000105 6.676392886764848e-19 0.0
9581.669900000104 6.676392886764848e-19 0.0
9582.755900000104 6.676392886764848e-19 0.0
9583.841900000103 6.676392886764848e-19 0.0
9584.927900000102 6.676392886764848e-19 0.0
9586.013900000102 6.676392886764848e-19 0.0
9587.099900000101 6.676392886764848e-19 0.0
9588.1859000001 6.676392886764848e-19 0.0
9589.2719000001 6.676392886764848e-19 0.0
9590.3579000001 6.676392886764848e-19 0.0
9591.443900000098 6.676392886764848e-19 0.0
9592.529900000098 6.676392886764848e-19 0.0
9593.615900000097 6.676392886764848e-19 0.0
9594.701900000096 6.676392886764848e-19 0.0
9595.787900000096 6.676392886764848e-19 0.0
9596.873900000095 6.676392886764848e-19 0.0
9597.959900000094 6.676392886764848e-19 0.0
9599.045900000094 6.676392886764848e-19 0.0
9600.131900000093 6.676392886764848e-19 0.0
9601.217900000092 6.676392886764848e-19 0.0
9602.303900000092 6.676392886764848e-19 0.0
9603.389900000091 6.676392886764848e-19 0.0
9604.47590000009 6.676392886764848e-19 0.0
9605.56190000009 6.676392886764848e-19 0.0
9606.647900000089 6.676392886764848e-19 0.0
9607.733900000088 6.676392886764848e-19 0.0
9608.819900000088 6.676392886764848e-19 0.0
9609.905900000087 6.676392886764848e-19 0.0
9610.991900000086 6.676392886764848e-19 0.0
9612.077900000086 6.676392886764848e-19 0.0
9613.163900000085 6.676392886764848e-19 0.0
9614.249900000084 6.676392886764848e-19 0.0
9615.335900000084 6.676392886764848e-19 0.0
9616.421900000083 6.676392886764848e-19 0.0
9617.507900000082 6.676392886764848e-19 0.0
9618.593900000082 6.676392886764848e-19 0.0
9619.679900000081 6.676392886764848e-19 0.0
9620.76590000008 6.676392886764848e-19 0.0
9621.85190000008 6.676392886764848e-19 0.0
9622.937900000079 6.676392886764848e-19 0.0
9624.023900000078 6.676392886764848e-19 0.0
9625.109900000078 6.676392886764848e-19 0.0
9626.195900000077 6.676392886764848e-19 0.0
9627.281900000076 6.676392886764848e-19 0.0
9628.367900000076 6.676392886764848e-19 0.0
9629.453900000075 6.676392886764848e-19 0.0
9630.539900000074 6.676392886764848e-19 0.0
9631.625900000074 6.676392886764848e-19 0.0
9632.711900000073 6.676392886764848e-19 0.0
9633.797900000072 6.676392886764848e-19 0.0
9634.883900000072 6.676392886764848e-19 0.0
9635.969900000071 6.676392886764848e-19 0.0
9637.05590000007 6.676392886764848e-19 0.0
9638.14190000007 6.676392886764848e-19 0.0
9639.227900000069 6.676392886764848e-19 0.0
9640.313900000068 6.676392886764848e-19 0.0
9641.399900000068 6.676392886764848e-19 0.0
9642.485900000067 6.676392886764848e-19 0.0
9643.571900000066 6.676392886764848e-19 0.0
9644.657900000066 6.676392886764848e-19 0.0
9645.743900000065 6.676392886764848e-19 0.0
9646.829900000064 6.676392886764848e-19 0.0
9647.915900000064 6.676392886764848e-19 0.0
9649.001900000063 6.676392886764848e-19 0.0
9650.087900000062 6.676392886764848e-19 0.0
9651.173900000062 6.676392886764848e-19 0.0
9652.259900000061 6.676392886764848e-19 0.0
9653.34590000006 6.676392886764848e-19 0.0
9654.43190000006 6.676392886764848e-19 0.0
9655.517900000059 6.676392886764848e-19 0.0
9656.603900000058 6.676392886764848e-19 0.0
9657.689900000058 6.676392886764848e-19 0.0
9658.775900000057 6.676392886764848e-19 0.0
9659.861900000056 6.676392886764848e-19 0.0
9660.947900000056 6.676392886764848e-19 0.0
9662.033900000055 6.676392886764848e-19 0.0
9663.119900000054 6.676392886764848e-19 0.0
9664.205900000054 6.676392886764848e-19 0.0
9665.291900000053 6.676392886764848e-19 0.0
9666.377900000052 6.676392886764848e-19 0.0
9667.463900000052 6.676392886764848e-19 0.0
9668.549900000051 6.676392886764848e-19 0.0
9669.63590000005 6.676392886764848e-19 0.0
9670.72190000005 6.676392886764848e-19 0.0
9671.807900000049 6.676392886764848e-19 0.0
9672.893900000048 6.676392886764848e-19 0.0
9673.979900000048 6.676392886764848e-19 0.0
9675.065900000047 6.676392886764848e-19 0.0
9676.151900000046 6.676392886764848e-19 0.0
9677.237900000046 6.676392886764848e-19 0.0
9678.323900000045 6.676392886764848e-19 0.0
9679.409900000044 6.676392886764848e-19 0.0
9680.495900000044 6.676392886764848e-19 0.0
9681.581900000043 6.676392886764848e-19 0.0
9682.667900000042 6.676392886764848e-19 0.0
9683.753900000042 6.676392886764848e-19 0.0
9684.83990000004 6.676392886764848e-19 0.0
9685.92590000004 6.676392886764848e-19 0.0
9687.01190000004 6.676392886764848e-19 0.0
9688.097900000039 6.676392886764848e-19 0.0
9689.183900000038 6.676392886764848e-19 0.0
9690.269900000038 6.676392886764848e-19 0.0
9691.355900000037 6.676392886764848e-19 0.0
9692.441900000036 6.676392886764848e-19 0.0
9693.527900000036 6.676392886764848e-19 0.0
9694.613900000035 6.676392886764848e-19 0.0
9695.699900000034 6.676392886764848e-19 0.0
9696.785900000034 6.676392886764848e-19 0.0
9697.871900000033 6.676392886764848e-19 0.0
9698.957900000032 6.676392886764848e-19 0.0
9700.043900000031 6.676392886764848e-19 0.0
9701.12990000003 6.676392886764848e-19 0.0
9702.21590000003 6.676392886764848e-19 0.0
9703.30190000003 6.676392886764848e-19 0.0
9704.387900000029 6.676392886764848e-19 0.0
9705.473900000028 6.676392886764848e-19 0.0
9706.559900000027 6.676392886764848e-19 0.0
9707.645900000027 6.676392886764848e-19 0.0
9708.731900000026 6.676392886764848e-19 0.0
9709.817900000025 6.676392886764848e-19 0.0
9710.903900000025 6.676392886764848e-19 0.0
9711.989900000024 6.676392886764848e-19 0.0
9713.075900000023 6.676392886764848e-19 0.0
9714.161900000023 6.676392886764848e-19 0.0
9715.247900000022 6.676392886764848e-19 0.0
9716.333900000021 6.676392886764848e-19 0.0
9717.41990000002 6.676392886764848e-19 0.0
9718.50590000002 6.676392886764848e-19 0.0
9719.59190000002 6.676392886764848e-19 0.0
9720.677900000019 6.676392886764848e-19 0.0
9721.763900000018 6.676392886764848e-19 0.0
9722.849900000017 6.676392886764848e-19 0.0
9723.935900000017 6.676392886764848e-19 0.0
9725.021900000016 6.676392886764848e-19 0.0
9726.107900000015 6.676392886764848e-19 0.0
9727.193900000015 6.676392886764848e-19 0.0
9728.279900000014 6.676392886764848e-19 0.0
9729.365900000013 6.676392886764848e-19 0.0
9730.451900000013 6.676392886764848e-19 0.0
9731.537900000012 6.676392886764848e-19 0.0
9732.623900000011 6.676392886764848e-19 0.0
9733.70990000001 6.676392886764848e-19 0.0
9734.79590000001 6.676392886764848e-19 0.0
9735.88190000001 6.676392886764848e-19 0.0
9736.967900000009 6.676392886764848e-19 0.0
9738.053900000008 6.676392886764848e-19 0.0
9739.139900000007 6.676392886764848e-19 0.0
9740.225900000007 6.676392886764848e-19 0.0
9741.311900000006 6.676392886764848e-19 0.0
9742.397900000005 6.676392886764848e-19 0.0
9743.483900000005 6.676392886764848e-19 0.0
9744.569900000004 6.676392886764848e-19 0.0
9745.655900000003 6.676392886764848e-19 0.0
9746.741900000003 6.676392886764848e-19 0.0
9747.827900000002 6.676392886764848e-19 0.0
9748.913900000001 6.676392886764848e-19 0.0
9749.9999 6.676392886764848e-19 0.0
9751.0859 6.676392886764848e-19 0.0
9752.1719 3.760418826448372e-19 4.0343341202265075e-19
9753.2579 1.4973209101365432e-18 3.7767047346692107e-19
9754.3439 7.245437916178074e-19 3.7475224141234456e-19
9755.4299 3.659327166188818e-19 4.2446534503327236e-19
9756.5158 6.305144658463824e-19 3.481652654430798e-19
9757.6018 1.8296461981329113e-18 3.613639377483353e-19
9758.6878 1.7312986689305623e-18 3.3528444543817796e-19
9759.7738 1.4388631736397415e-18 4.2252905521663637e-19
9760.8597 5.59632908503835e-20 4.666677062908894e-19
9761.9457 -5.95598864381229e-19 3.633904275522353e-19
9763.0317 1.8084372991782042e-18 3.987226022531306e-19
9764.1176 4.058407232266123e-19 2.5698406617319405e-19
9765.2036 -6.335303538620926e-19 3.9078234260704616e-19
9766.2896 6.544166061175941e-19 3.5913288915471434e-19
9767.3756 2.7144990419341743e-19 3.829958479860383e-19
9768.4615 -5.073097171210737e-19 3.094754982711142e-19
9769.5475 -5.986414786428219e-19 3.453255055413105e-19
9770.6335 7.681323779009626e-19 3.4323247664161463e-19
9771.7195 3.42312057095875e-19 3.3911796485352737e-19
9772.8054 7.685291702613452e-19 3.0768485859098652e-19
9773.8914 1.3784246041638978e-18 2.997060429995347e-19
9774.9774 6.808619712353753e-19 3.038555152514134e-19
9776.0633 -5.0668682589837036e-20 2.9812096992235515e-19
9777.1493 1.7229967690940195e-18 3.106942825564034e-19
9778.2353 7.425512193146249e-19 2.8979700055216567e-19
9779.3213 7.003329589422402e-19 3.0752504254245398e-19
9780.4072 1.4435671672791717e-18 2.791119772926661e-19
9781.4932 1.1020120678153715e-18 2.975453205411729e-19
9782.5792 8.063728132547094e-19 3.263490049761241e-19
9783.6652 7.842415257993262e-19 3.125674061427827e-19
9784.7511 1.0622652606687368e-19 3.0788264333556626e-19
9785.8371 -3.1025472519110057e-19 2.968144640153334e-19
9786.9231 3.3157446771293846e-19 2.9609347796828463e-19
9788.009 1.8130910499289074e-18 3.303417201353265e-19
9789.095 1.2223811321361506e-18 3.632635210000549e-19
9790.181 -8.681120683778966e-19 7.613377994442828e-19
9791.267 1.030938057549124e-18 1.002902296068154e-18
9792.3529 7.829909419915216e-19 1.6285513994074163e-18
9793.4389 -3.193731462064012e-18 1.7255310326704058e-18
9794.5249 -6.836534410987236e-19 1.7286711041813513e-18
9795.6109 -4.480488755487831e-19 1.4867175947116827e-18
9796.6968 1.1572455429888763e-18 8.128197256797703e-19
9797.7828 -1.2678100023404067e-19 4.964184233132831e-19
9798.8688 9.088365437050633e-19 5.131100319699454e-19
9799.9548 -6.2956188245648125e-19 6.292684233655949e-19
9801.0407 3.35628328110604e-19 9.249897296387729e-19
9802.1267 -1.9591135554367247e-19 9.459204265643268e-19
9803.2127 -1.581695730524019e-19 9.246967752328597e-19
9804.2986 -4.942335943800661e-19 8.167681650497657e-19
9805.3846 6.826539237278979e-19 4.8450299522289475e-19
9806.4706 8.479479545393732e-19 3.093909389124192e-19
9807.5566 1.5146603803500123e-18 3.0307651011983545e-19
9808.6425 1.0429286396376688e-18 3.892596144636996e-19
9809.7285 6.410534015642637e-19 4.0983229302261788e-19
9810.8145 1.6862625754408335e-19 4.05392346041938e-19
9811.9005 -4.35438139850988e-19 4.53413986367305e-19
9812.9864 6.4760287198075975e-19 5.580340567773025e-19
9814.0724 -4.984306922432601e-19 5.767695941405725e-19
9815.1584 -9.519548754143939e-20 5.72663065687321e-19
9816.2443 1.4299661357416694e-18 5.234149717784658e-19
9817.3303 6.326625745600498e-19 4.511690175900381e-19
9818.4163 -3.13532058048067e-19 3.9656595639043252e-19
9819.5023 1.3735135676760433e-18 4.659643832330399e-19
9820.5882 8.969391449891868e-19 4.2243838701508114e-19
9821.6742 1.5478488186021052e-18 3.9117603941168607e-19
9822.7602 3.1471782168937135e-20 3.4927407900878196e-19
9823.8462 -1.320832383064489e-20 2.9474404903065766e-19
9824.9321 9.9924316268421e-19 2.9504278099317564e-19
9826.0181 -1.6784397855049379e-19 3.0456463702515156e-19
9827.1041 5.873542982187774e-19 3.077782259057971e-19
9828.19 2.000772148103531e-18 3.6559504393230215e-19
9829.276 1.7329733017976304e-18 3.602876587173584e-19
9830.362 5.266400980994841e-19 3.7947338690745066e-19
9831.448 9.700089603122225e-19 3.7072537216899687e-19
9832.5339 -5.446359591869328e-19 3.5784653727488077e-19
9833.6199 1.4430274619614767e-18 3.313003720516003e-19
9834.7059 7.133749291463261e-19 3.069484129118655e-19
9835.7919 -5.7760930257074635e-19 2.920678221926318e-19
9836.8778 1.2770286812309054e-18 2.862213855548936e-19
9837.9638 1.1915803423643194e-18 2.796148467742401e-19
9839.0498 -6.440915891249848e-20 2.613802824314391e-19
9840.1357 1.1603069067918733e-18 2.5514287754610356e-19
9841.2217 3.5034920777362376e-19 2.685110548618545e-19
9842.3077 1.3267536396602736e-19 2.4584174859712394e-19
9843.3937 -1.2411541538913592e-19 2.2419354981682104e-19
9844.4796 3.954895559502887e-19 2.4611331755148846e-19
9845.5656 2.308245523684962e-19 2.610551900252841e-19
9846.6516 6.945221241857417e-19 2.649224918096406e-19
9847.7376 1.1427666249653848e-18 2.9520768223662517e-19
9848.8235 -7.204193450633855e-20 5.584588845586663e-19
9849.9095 -2.79750792195691e-18 7.842632269516194e-19
9850.9955 8.614129851355706e-19 8.11633207934103e-19
9852.0814 1.4740560109154208e-18 8.6053907453998e-19
9853.1674 -1.452476771238145e-18 7.090309622540173e-19
9854.2534 1.0642904012180478e-18 3.8927831356181267e-19
9855.3394 -6.07182856543e-19 2.678237646224864e-19
9856.4253 2.22938193610696e-19 2.354674399329635e-19
9857.5113 3.2647790144238585e-20 2.1171773602086497e-19
9858.5973 1.0726531496534194e-18 2.3471102126133975e-19
9859.6833 9.392940552383932e-19 2.331148679728822e-19
9860.7692 4.576536049026597e-19 2.5321097167485917e-19
9861.8552 1.3724819963882662e-18 3.1435625439117836e-19
9862.9412 1.1998917219171048e-18 2.51074494058385e-19
9864.0271 6.588003008949378e-19 2.6301024769781655e-19
9865.1131 5.701596029557424e-19 2.5446835452793342e-19
9866.1991 3.100663353487656e-19 2.499718755323461e-19
9867.2851 5.770117051905252e-19 2.4697148356868405e-19
9868.371 1.3383652810875563e-18 2.6213492265392273e-19
9869.457 1.2297019885350495e-18 2.704542474976382e-19
9870.543 1.407364154755089e-18 2.9175449825557964e-19
9871.629 2.094446247012251e-18 4.1782415746491306e-19
9872.7149 4.4947013204594435e-19 1.0520218301159068e-18
9873.8009 2.3436988428521683e-18 1.4074077850836499e-18
9874.8869 3.8296225649048466e-18 1.4194069803898785e-18
9875.9729 1.0697821566366373e-18 1.386961343697599e-18
9877.0588 1.7929351000378782e-18 1.02802123095478e-18
9878.1448 2.054602245271202e-19 4.2118183623276072e-19
9879.2308 -6.686501492076808e-20 2.789943133272707e-19
9880.3167 -2.165909874332638e-19 2.559856087477364e-19
9881.4027 1.6837481432662822e-18 2.6264786787245734e-19
9882.4887 2.0035606625872215e-18 2.564438071547979e-19
9883.5747 1.6560553176204747e-18 2.562481932364115e-19
9884.6606 6.724115375809853e-19 2.7541766189378473e-19
9885.7466 5.719670784129059e-19 2.836295453202169e-19
9886.8326 8.130579338000957e-19 3.2285668473143097e-19
9887.9186 2.9664649405753733e-19 3.414503747489038e-19
9889.0045 6.870417828921923e-19 3.2552881349981655e-19
9890.0905 -4.65532732059751e-19 3.2696198273367885e-19
9891.1765 1.295481722330186e-18 2.97769959425036e-19
9892.2624 9.305362736094251e-19 2.4703468137672326e-19
9893.3484 1.8897104743039653e-18 2.4877589881089476e-19
9894.4344 2.328017333362421e-19 3.6691988759142854e-19
9895.5204 -6.902482417440317e-19 7.263016693184676e-19
9896.6063 8.496153351659285e-20 8.726715622180517e-19
9897.6923 -6.908365332055047e-19 8.886993771747875e-19
9898.7783 -7.42327465583755e-19 8.551906301501465e-19
9899.8643 2.2385468315346263e-18 6.0268694820141635e-19
9900.9502 1.4512006462247405e-18 3.5712985541838464e-19
9902.0362 7.349781980645045e-19 2.8387994626258153e-19
9903.1222 1.412370273914606e-18 2.838936178717217e-19
9904.2081 9.411911680001053e-19 2.8438462710180794e-19
9905.2941 1.0914221550779282e-18 2.666536607498711e-19
9906.3801 1.3259123290296178e-18 2.4593694065878015e-19
9907.4661 1.3984328342480242e-19 2.376466422007025e-19
9908.552 7.575805679032685e-19 2.6183399437209917e-19
9909.638 1.6453168444055444e-18 2.5377496941572637e-19
9910.724 1.3087965368837807e-18 2.488394766108449e-19
9911.81 5.822994129555872e-19 2.491556158777818e-19
9912.8959 4.472771181256879e-19 2.6661080016502524e-19
9913.9819 1.6600193043073168e-18 3.839472948710398e-19
9915.0679 -2.500270009585268e-18 9.074734211354566e-19
9916.1538 1.3894939844902847e-18 1.313978176331846e-18
9917.2398 8.944646232821324e-19 1.352613837070862e-18
9918.3258 4.63930371301331e-18 1.3330838280793278e-18
9919.4118 2.7507737007482703e-18 1.0847795512333488e-18
9920.4977 -5.541482651984763e-20 4.589431694620312e-19
9921.5837 -4.4958405139194095e-19 2.5103262533760792e-19
9922.6697 3.845986940000446e-19 2.3156307609576975e-19
9923.7557 6.994597475303276e-19 2.268000481306862e-19
9924.8416 3.8686441707076193e-19 2.564713052599888e-19
9925.9276 4.56943053895754e-20 2.349139475896724e-19
9927.0136 -1.5366024532222378e-19 2.4003622476793453e-19
9928.0995 7.216220398426994e-19 2.314008848943702e-19
9929.1855 9.731208666148549e-19 2.344930562626109e-19
9930.2715 -3.2832328922083636e-19 2.608576306534568e-19
9931.3575 6.109246040052011e-19 2.4173335595487447e-19
9932.4434 6.736765874857405e-19 2.375001646295547e-19
9933.5294 8.335195038655239e-19 2.192957864090201e-19
9934.6154 5.594775665100095e-19 2.1600397051249703e-19
9935.7014 8.426657978840508e-19 2.2130893211271885e-19
9936.7873 4.882989694731613e-19 2.279664496980831e-19
9937.8733 1.806475333872535e-18 2.2732512259817705e-19
9938.9593 3.9870896516805337e-19 2.2353452445721827e-19
9940.0452 3.3316603560038734e-19 2.3900156626668255e-19
9941.1312 3.2958685838686043e-19 2.9955945929461177e-19
9942.2172 9.710583051456892e-19 5.906111352486308e-19
9943.3032 -3.252533486226082e-18 8.537383421716401e-19
9944.3891 -2.8193594622720723e-18 8.981127303872934e-19
9945.4751 1.9272763965221207e-18 9.92998662274605e-19
9946.5611 3.3394972382912527e-18 1.1138336952600463e-18
9947.6471 -1.6054772469008663e-18 1.3714334714404177e-18
9948.733 2.2798808305960974e-18 1.3207266263222656e-18
9949.819 1.780447185238311e-18 1.2644228687955832e-18
9950.905 9.481139874248924e-19 1.0819978785087366e-18
9951.991 -3.220599897729895e-19 7.595267587206768e-19
9953.0769 2.337430777641058e-19 5.083401094341914e-19
9954.1629 3.1999309019451216e-19 3.516551907439858e-19
9955.2489 7.969792794488103e-19 2.841972868071058e-19
9956.3348 9.469036598818791e-19 4.412433260632032e-19
9957.4208 -1.886845243658389e-18 1.0045617431421088e-18
9958.5068 -1.4146773702059648e-19 1.3949639536497514e-18
9959.5928 -1.1695783305076592e-18 1.2296450377118983e-18
9960.6787 -2.4233910647727007e-19 1.1604116207262229e-18
9961.7647 -1.597737920789716e-18 1.0515897935552233e-18
9962.8507 -5.526997145904093e-19 1.132487087760921e-18
9963.9367 6.214237681431895e-19 1.1412842607090753e-18
9965.0226 3.4453699854321837e-18 1.038901359839099e-18
9966.1086 1.2070205672141793e-18 9.894518333917305e-19
9967.1946 8.2009025452854685e-19 5.828156662348556e-19
9968.2805 7.740025134608864e-19 2.6541657017174227e-19
9969.3665 1.17840065995114e-18 2.1104866573457448e-19
9970.4525 3.0703983973995625e-19 1.8775498220597597e-19
9971.5385 1.8020077407264965e-18 2.619217799061732e-19
9972.6244 -2.4916010496309503e-19 4.1465426907421444e-19
9973.7104 -1.1031433103427734e-19 5.731850041989355e-19
9974.7964 7.196273070433237e-19 6.015917728395786e-19
9975.8824 1.4062365114127766e-18 6.055057723224216e-19
9976.9683 1.145281466404603e-18 5.188805291343651e-19
9978.0543 4.2302813689781845e-19 3.5579828578911685e-19
9979.1403 1.9475942648308967e-18 3.4185625181450552e-19
9980.2262 2.1085112390977384e-18 3.3659454096289975e-19
9981.3122 6.613731448694944e-19 3.4739206433843557e-19
9982.3982 6.332181554026458e-19 3.3677496448479173e-19
9983.4842 1.045484067889896e-18 2.938423141609316e-19
9984.5701 5.414578361240627e-19 2.5266622064992097e-19
9985.6561 6.328020786612484e-19 2.2650726426699073e-19
9986.7421 9.44606601980166e-19 2.1870025939345845e-19
9987.8281 8.065077688984832e-19 2.174840404204699e-19
9988.914 3.3999360544421395e-19 2.176149314161162e-19
9990.0 6.825084339249852e-19 2.0874081654448495e-19
9991.086 9.349725622888771e-19 2.0144191428602088e-19
9992.1719 4.44771489906008e-19 2.1463123872339757e-19
9993.2579 1.0424159439954558e-18 2.1656728587865896e-19
9994.3439 9.456808574388303e-19 2.3667144288817583e-19
9995.4299 1.316804704256472e-18 2.2092754732137955e-19
9996.5158 8.869996010747044e-19 2.2036601822663366e-19
9997.6018 1.1142749418281394e-18 2.1608323536581108e-19
9998.6878 1.290363072204144e-18 2.172193466773086e-19
9999.7738 8.575563097200645e-19 2.7807613270815774e-19
10000.86 -4.2807724226429813e-19 4.233288195215328e-19
10001.946 9.210296146628576e-20 5.174763503692443e-19
10003.032 3.771430708503231e-20 5.309993542189876e-19
10004.118 8.789765865835905e-19 6.098742848591048e-19
10005.204 3.466615139300624e-20 5.940184565863145e-19
10006.29 3.8048203324055007e-19 2.646647563690901e-19
10007.376 6.86656922782107e-19 2.246241877913882e-19
10008.462 1.1331963556464239e-18 2.1266478300798653e-19
10009.548 6.274355395666868e-19 2.0684323908837235e-19
10010.633 4.998975615460245e-19 2.3589923597568626e-19
10011.719 1.4986947528468283e-19 3.699998569431531e-19
10012.805 1.0208950380916761e-19 7.297019703665688e-19
10013.891 3.599476702748189e-19 1.4211147492994282e-18
10014.977 1.3266494966156017e-18 1.5717527233731531e-18
10016.063 1.2600811106731604e-18 1.4985729644828148e-18
10017.149 7.757153061372137e-19 1.3709102206510228e-18
10018.235 -3.972822702859762e-19 8.432902959306106e-19
10019.321 1.0659687767894336e-18 4.1368795872499423e-19
10020.407 8.90535997512142e-19 2.4136107000847017e-19
10021.493 1.883638433183054e-18 2.5421227238088016e-19
10022.579 4.977586774340855e-19 2.9828549134115834e-19
10023.665 1.42989352505538e-18 3.138483422230035e-19
10024.751 4.0759597663532707e-19 3.5272311701043393e-19
10025.837 3.431169984423664e-19 5.675424953795557e-19
10026.923 8.530914051572548e-19 7.907976191199849e-19
10028.009 6.48957412243829e-19 8.217854948983243e-19
10029.095 -1.2766335677882112e-18 8.231788621321672e-19
10030.181 -3.2306897867564293e-19 6.591659160761437e-19
10031.267 3.9679909220200327e-19 3.1391833081174806e-19
10032.353 8.114641829313362e-19 2.276980191562552e-19
10033.439 -3.656057568392833e-20 2.0803139629622765e-19
10034.525 7.322078231504928e-19 2.075763920355021e-19
10035.611 1.4611710537363092e-18 2.140092149997381e-19
10036.697 1.0847163741562645e-18 2.2324545209394337e-19
10037.783 1.3409745894729634e-18 2.297050566762954e-19
10038.869 8.859414603248555e-19 2.545485488426462e-19
10039.955 6.015737453753549e-19 2.6358729100409945e-19
10041.041 3.935313946202506e-19 2.4380589316852256e-19
10042.127 6.092695673281706e-19 2.3027373861994684e-19
10043.213 -2.603532429295016e-19 2.789683884571594e-19
10044.299 -2.49672892854997e-19 4.1756870921584545e-19
10045.385 5.276652406151626e-19 5.179101736574733e-19
10046.471 7.204935772563178e-19 6.010641102145728e-19
10047.557 -3.209328366607446e-19 5.310924968689187e-19
10048.643 5.51275278277724e-19 3.4744057344499257e-19
10049.729 1.0459193102804157e-18 2.2097639153781223e-19
10050.814 9.306025597297473e-19 2.00607513249394e-19
10051.9 4.1909572319802704e-19 1.9119581781947736e-19
10052.986 1.1146740125895147e-18 1.8364926265529268e-19
10054.072 5.012950194612737e-19 1.874871720059307e-19
10055.158 6.713334059541173e-19 1.9856904483372157e-19
10056.244 2.6018717985246323e-19 1.9684727909277864e-19
10057.33 3.5949590241185212e-19 1.8387568701217585e-19
10058.416 1.5268374433959119e-18 1.917548541454159e-19
10059.502 5.574135511651159e-19 2.6184069502806615e-19
10060.588 7.231438436968656e-19 4.0257290355828787e-19
10061.674 1.0080816274066655e-18 5.887082675400576e-19
10062.76 5.454266233407769e-19 6.65106712451861e-19
10063.846 -2.5279997059982103e-19 6.584768967915207e-19
10064.932 9.953656077186155e-19 6.093838042231402e-19
10066.018 3.565237167650152e-19 3.8893196569052157e-19
10067.104 2.2084096679446287e-19 3.1673349030830157e-19
10068.19 1.655808103357558e-19 3.3262264967531734e-19
10069.276 4.521088534016992e-19 3.4596292615687353e-19
10070.362 3.7981740527867213e-19 3.748479586462693e-19
10071.448 1.7047042418292783e-18 5.142357430549558e-19
10072.534 1.1372970960160963e-18 4.859187263203329e-19
10073.62 1.2839100460191488e-19 4.562439789120652e-19
10074.706 1.2591292522255078e-18 4.364701916213501e-19
10075.792 1.044593699103093e-18 3.5088765366984764e-19
10076.878 1.0121571457356569e-18 2.5307015311773187e-19
10077.964 1.0034758733397634e-18 2.1645605985468311e-19
10079.05 1.2859250036800343e-18 2.1210317826046154e-19
10080.136 9.618857545058925e-19 2.196025092680999e-19
10081.222 1.1757193237106348e-18 2.3444775752332593e-19
10082.308 -5.642689239469829e-19 3.9695519893229223e-19
10083.394 5.967847120421898e-20 8.805769190603622e-19
10084.48 1.3198007184259276e-19 1.0911345427467957e-18
10085.566 2.8010342836947347e-18 1.1105431525395634e-18
10086.652 3.0702870282318145e-18 1.0335863903326988e-18
10087.738 8.829661782983305e-19 5.637637592773294e-19
10088.824 5.50662057183431e-19 2.5530450139749557e-19
10089.91 9.22950616096291e-19 2.1260436600368147e-19
10090.995 4.787661852336758e-19 2.045572941699977e-19
10092.081 1.3718369329431431e-18 2.063304501665059e-19
10093.167 1.271064109451864e-18 2.0514596187326577e-19
10094.253 7.398049786808896e-19 2.0126413623193932e-19
10095.339 5.12454074006075e-19 2.016755723074103e-19
10096.425 1.0496817273104292e-18 2.2090338749121825e-19
10097.511 1.8105292616257025e-18 2.312991749598591e-19
10098.597 1.0277217178880087e-18 2.458571476508883e-19
10099.683 6.166383972274033e-19 2.575836760078997e-19
10100.769 1.5185626058119843e-18 2.4814248580533505e-19
10101.855 1.5837148666135683e-18 2.6569698052102314e-19
10102.941 9.992829814685524e-19 2.991106587617132e-19
10104.027 2.0815636907652427e-19 4.493707469182865e-19
10105.113 -4.560832652827435e-19 6.712125114164035e-19
10106.199 -1.1379424480441155e-18 7.004134174285191e-19
10107.285 -6.321695818347787e-19 6.90235625556069e-19
10108.371 -4.374692454748827e-19 6.314318764189905e-19
10109.457 -1.6685536509472334e-19 2.6031587796487485e-19
10110.543 3.9842146073278365e-19 1.9929887089871617e-19
10111.629 4.730224338920865e-19 1.8953286590280878e-19
10112.715 1.695936879633922e-18 1.843026018676343e-19
10113.801 6.123422096273408e-19 1.8858513002252857e-19
10114.887 4.483336452164219e-19 1.8901962143542864e-19
10115.973 2.796972036929365e-19 1.8768022276624256e-19
10117.059 5.240001920538088e-19 1.895482932877145e-19
10118.145 5.941717808413304e-19 1.9557256536629562e-19
10119.231 4.621930493829134e-19 1.9515422075753132e-19
10120.317 6.815120639288514e-19 1.9691655826486131e-19
10121.403 8.968606763599016e-19 2.024314250828137e-19
10122.489 5.637498959529181e-19 2.3153124305241225e-19
10123.575 -3.342564568278164e-19 3.6851098058947127e-19
10124.661 4.398932144107312e-20 7.76701226141114e-19
10125.747 1.7321307648588542e-18 1.130384738007158e-18
10126.833 1.840941428458376e-18 1.1541147932358219e-18
10127.919 5.095010526290417e-19 1.1235417099883625e-18
10129.005 -1.6136447033522428e-18 7.488539418670087e-19
10130.09 5.80925526020341e-20 2.985688922273792e-19
10131.176 7.081149890433497e-19 2.1924998285044545e-19
10132.262 7.258944158202987e-19 2.215027589486988e-19
10133.348 1.4909816170012152e-18 2.525729425678203e-19
10134.434 1.0744940528528648e-18 2.7837529638584306e-19
10135.52 1.1776501792574367e-18 2.8862587002330095e-19
10136.606 5.170792994644001e-19 2.7534200930904955e-19
10137.692 6.257265792623295e-19 2.4135313270291896e-19
10138.778 1.0989491331239533e-18 2.1286629834906005e-19
10139.864 6.347658372065906e-19 2.0588560391578786e-19
10140.95 7.189140358493939e-19 2.05094830874237e-19
10142.036 8.925790705423996e-19 2.0088039461816074e-19
10143.122 4.729617311168951e-19 2.1627030482341235e-19
10144.208 7.878666802179283e-19 2.648729145373644e-19
10145.294 4.96015704216037e-19 3.091761990683623e-19
10146.38 -1.0288259147436816e-19 3.3059809780208748e-19
10147.466 -2.5675400740484737e-20 3.511688551823287e-19
10148.552 5.778654844492896e-19 3.4356860711213346e-19
10149.638 3.6607900119278756e-19 3.465934376401196e-19
10150.724 5.9660220925314e-19 3.508126065129257e-19
10151.81 1.1115181356061527e-18 3.400639690936404e-19
10152.896 8.847965975705576e-22 4.286845066539509e-19
10153.982 -3.9132245430418367e-19 6.069131793499265e-19
10155.068 6.555479809142623e-19 6.795273276293839e-19
10156.154 -3.5356973633785624e-19 6.826462326689919e-19
10157.24 7.306491183119465e-19 6.378596515526059e-19
10158.326 6.518756720988326e-19 4.538833876705679e-19
10159.412 4.4622119814023235e-20 4.348906883390702e-19
10160.498 4.476499668624361e-19 4.518291239501793e-19
10161.584 -1.8056993885013885e-19 4.558553681566858e-19
10162.67 -8.208505673973795e-20 4.449904942213039e-19
10163.756 2.888413833980842e-19 3.1936049954973326e-19
10164.842 5.481191130287586e-19 3.170458906023125e-19
10165.928 4.77039641603719e-19 3.4802696525732573e-19
10167.014 7.17202691078104e-19 3.5167891203196045e-19
10168.1 7.355580207081367e-19 3.685108896720177e-19
10169.186 5.556882737619092e-19 3.4330283028169754e-19
10170.271 3.237905865869158e-19 3.056944532923356e-19
10171.357 5.496102535200755e-19 4.048120251202148e-19
10172.443 6.176062922325088e-19 7.902025897692574e-19
10173.529 1.2133497758261835e-19 1.1656809497962718e-18
10174.615 9.75903946315389e-19 1.1921429431967774e-18
10175.701 1.0611411211079437e-18 1.1525087986667694e-18
10176.787 1.0269183617853426e-18 8.083471569645283e-19
10177.873 1.23854312447093e-18 3.1748218107086757e-19
10178.959 1.1789740083563527e-18 2.185480262593144e-19
10180.045 5.57738870754966e-19 2.0319995091193307e-19
10181.131 -3.978599238405097e-19 2.7565146176418896e-19
10182.217 2.1157716656177891e-19 4.3163547214907963e-19
10183.303 1.1193954515536094e-18 4.852216509017824e-19
10184.389 9.159336471153852e-19 4.928179897987546e-19
10185.475 3.680681711730572e-19 4.957712621435302e-19
10186.561 5.303731690613852e-19 3.3594393760014326e-19
10187.647 8.161708395090214e-19 2.5675167406791557e-19
10188.733 7.318709740508042e-19 2.682136520219386e-19
10189.819 1.1801753978693006e-18 4.2052371970977267e-19
10190.905 2.668261415046966e-18 8.408837338773207e-19
10191.991 1.6348666702647024e-18 9.500958011144059e-19
10193.077 9.823106506255891e-19 9.86531824204845e-19
10194.163 2.573037625877262e-18 8.585546060177507e-19
10195.249 1.4462930454119947e-18 4.110038435692942e-19
10196.335 8.828471726940213e-19 2.6956073490359254e-19
10197.421 8.337769774846807e-19 2.367985768733624e-19
10198.507 3.202189198951669e-19 2.348349165008248e-19
10199.593 7.650951782706198e-19 2.320017463414238e-19
10200.679 1.2454988409858978e-18 2.2646342333554195e-19
10201.765 1.0203901812834976e-18 2.2922062760793987e-19
10202.851 6.341689630741542e-19 3.3333987120807893e-19
10203.937 2.071957625613326e-18 5.480811068671325e-19
10205.023 1.2980558611406397e-18 6.821955387133914e-19
10206.109 1.5973117868264582e-19 6.305764013009255e-19
10207.195 9.244389252267501e-20 6.018167964274824e-19
10208.281 3.8661662361031877e-19 4.388595641843139e-19
10209.367 -4.7778438520616016e-20 4.551205834732387e-19
10210.452 -5.465293883125034e-19 5.881576029655713e-19
10211.538 -2.2837774131697586e-19 8.452115445442782e-19
10212.624 8.174625558214696e-19 1.1395488455304232e-18
10213.71 6.517774730783556e-19 1.1394809771736672e-18
10214.796 2.9815945929800385e-18 1.0865260610656747e-18
10215.882 2.5275351539743178e-18 8.018403959290812e-19
10216.968 7.489747478237395e-19 3.262514324984661e-19
10218.054 2.854702091850097e-19 2.2156154458377633e-19
10219.14 1.6802624783781982e-19 1.9646693664297866e-19
10220.226 1.077248271700632e-19 1.9969399991053952e-19
10221.312 9.073120342457934e-20 2.1493512499724965e-19
10222.398 -4.488956736830458e-19 2.520285048479311e-19
10223.484 4.793438320614416e-19 2.4555251574312635e-19
10224.57 4.919303679533553e-20 2.440999895649729e-19
10225.656 -4.73621030363263e-20 3.4486302537868454e-19
10226.742 5.228119069946817e-19 6.155703706742633e-19
10227.828 1.2125518889619837e-18 7.590793536885205e-19
10228.914 1.1383870156254855e-18 7.710976762853296e-19
10230.0 1.3196502706724823e-18 7.323385131605688e-19
10231.086 1.3387213728824023e-18 7.510741931671206e-19
10232.172 1.583158884689434e-18 7.365177804654304e-19
10233.258 2.0111600905931673e-18 6.852121027805272e-19
10234.344 1.1398194708707653e-18 6.544239523716712e-19
10235.43 1.11585797139418e-18 5.209138316121634e-19
10236.516 1.291699539084774e-18 2.8408584995706327e-19
10237.602 1.216283892143461e-18 2.2520394561450635e-19
10238.688 8.871960456285963e-19 2.236864899774137e-19
10239.774 3.0113637228296254e-19 2.0339129914708906e-19
10240.86 7.812418399601361e-19 2.0341647163219517e-19
10241.946 7.940536111013612e-19 1.8487823639606068e-19
10243.032 5.630764757729768e-19 1.8067763709824293e-19
10244.118 9.463870746525077e-19 1.8274599503440405e-19
10245.204 7.819126116268264e-19 1.9392936767375252e-19
10246.29 1.0314088659683695e-18 1.9143054500579005e-19
10247.376 7.434084192453221e-19 1.8474367384575967e-19
10248.462 9.200162382932865e-19 1.749813975178691e-19
10249.548 6.517129044129657e-19 1.74777342572178e-19
10250.633 4.573834375181312e-19 1.750557362105339e-19
10251.719 5.906051041410731e-19 1.7647106399161447e-19
10252.805 8.497978085564575e-19 1.753306198135714e-19
10253.891 1.0290045063574593e-18 1.7255474445191322e-19
10254.977 1.4406526987482625e-18 1.7171804248744151e-19
10256.063 9.03205831501899e-19 1.8400409686210222e-19
10257.149 1.218057112351565e-18 2.0834495530776001e-19
10258.235 7.74357367005106e-19 2.1477346794225692e-19
10259.321 6.586716649167422e-19 2.1277697492885332e-19
10260.407 9.517932923489506e-19 2.0781201494626206e-19
10261.493 1.2462708234119417e-18 1.9329667583119296e-19
10262.579 1.059554735437432e-18 1.8535379690923342e-19
10263.665 8.356058597906371e-19 1.9306784925953332e-19
10264.751 8.003823913680169e-19 1.9699121732516724e-19
10265.837 9.132918990647719e-19 2.023295951892045e-19
10266.923 1.045494942044294e-18 2.067084924489768e-19
10268.009 6.134300224597113e-19 2.2075756282780024e-19
10269.095 6.510349739392431e-19 2.285393624214126e-19
10270.181 8.53192360128718e-19 2.399452512567327e-19
10271.267 5.307338683566262e-19 3.016933257003902e-19
10272.353 7.529077901995428e-19 4.036944701730382e-19
10273.439 1.5417443704619065e-19 4.342659019420686e-19
10274.525 8.508332663588068e-19 4.338922011398453e-19
10275.611 1.0712170619461851e-18 3.8893931129251783e-19
10276.697 8.041979865009882e-19 2.697079806297125e-19
10277.783 8.41860773446953e-19 2.270239769295818e-19
10278.869 3.8443426170453893e-19 2.1031678603174337e-19
10279.955 3.1159909320430345e-19 2.0737741666802758e-19
10281.041 6.009725274642388e-19 2.123977536134376e-19
10282.127 9.357518533995188e-19 2.1419929098252772e-19
10283.213 9.838518599034915e-19 2.1928253589908893e-19
10284.299 9.385931048372648e-19 2.7068871170424934e-19
10285.385 4.978096906438258e-19 4.399318138946182e-19
10286.471 1.8597219682089988e-19 8.33566925168265e-19
10287.557 1.5632149212182537e-18 1.5455168453055688e-18
10288.643 -1.5783549520228529e-19 1.9740616475154116e-18
10289.729 -2.4036782317615417e-19 1.9603064126261164e-18
10290.814 2.6012814797948243e-18 1.7748487199842163e-18
10291.9 1.7043309821675552e-18 9.524788766659235e-19
10292.986 1.4205364863715475e-18 4.687897380698199e-19
10294.072 1.0394493539870499e-18 3.843292494391233e-19
10295.158 7.530010174404616e-19 4.1025629286184947e-19
10296.244 5.7495112976019605e-19 5.936857233333597e-19
10297.33 -1.8011991451717733e-20 1.1114500202415154e-18
10298.416 7.275525051862802e-19 1.115064241208354e-18
10299.502 2.4186323520438574e-18 1.0442060943040913e-18
10300.588 2.8174085841416354e-18 8.896954804899565e-19
10301.674 2.0413573782435815e-18 4.021975107378638e-19
10302.76 5.536924285146089e-19 2.571170848930548e-19
10303.846 4.0314660500112276e-19 2.3024001107237526e-19
10304.932 5.693563024396224e-19 2.3764606260672106e-19
10306.018 7.271664719952541e-19 2.5844581141766895e-19
10307.104 1.1552324353278408e-18 2.725398264408714e-19
10308.19 6.55129836861954e-19 2.7393143482312094e-19
10309.276 -6.634355328117818e-20 3.351716163880301e-19
10310.362 -9.313189021645293e-19 4.8039103145517255e-19
10311.448 -3.312711136587095e-19 5.79816069503222e-19
10312.534 3.5511929574501716e-19 5.91188560091782e-19
10313.62 1.7735443217798672e-18 5.583756940111054e-19
10314.706 7.17761888666994e-19 4.086041986599226e-19
10315.792 1.0432241192185006e-19 2.5088135882394847e-19
10316.878 4.446513432281977e-19 2.0532858170661081e-19
10317.964 9.344388322724032e-19 1.9520705252447765e-19
10319.05 8.197404905627693e-19 1.9526847211828779e-19
10320.136 1.0167511084154028e-18 1.9397747395857821e-19
10321.222 9.170280118443906e-19 1.822450658981454e-19
10322.308 4.311719314483165e-19 1.8340505610210028e-19
10323.394 2.1533577231827138e-19 1.9330292867885148e-19
10324.48 4.501319479703896e-19 2.341694525236259e-19
10325.566 9.057237584536292e-19 2.236232358894372e-19
10326.652 6.894983996662409e-19 2.3542693527236226e-19
10327.738 3.909790237580059e-19 2.808798435462754e-19
10328.824 1.7424543938364047e-19 3.292337240540297e-19
10329.91 5.410706486237468e-19 3.495805529820148e-19
10330.995 9.921067643284509e-19 3.379530095030576e-19
10332.081 4.283743294071118e-19 2.8941277328390756e-19
10333.167 6.410711580248176e-19 2.2550312338485303e-19
10334.253 5.166203797114413e-19 1.9541451860123293e-19
10335.339 2.200072369653546e-19 1.8717376568316937e-19
10336.425 7.969264832126886e-19 1.8366632078870945e-19
10337.511 1.0432264118978385e-18 1.8490468746582919e-19
10338.597 5.767071262009391e-19 1.9219340706373756e-19
10339.683 6.213839936433972e-19 2.189606443686438e-19
10340.769 1.036386834474437e-18 2.853880732588932e-19
10341.855 7.876383366450022e-19 3.446587437176736e-19
10342.941 4.61330172277038e-19 3.4984897297211947e-19
10344.027 3.3413389272473767e-19 3.4302207904155296e-19
10345.113 7.251634044008825e-19 2.9053134221617656e-19
10346.199 1.233859320191369e-18 2.611343377464736e-19
10347.285 1.784624781067087e-18 3.5838654206066307e-19
10348.371 9.832036344500121e-19 7.147540944236232e-19
10349.457 2.9988255146058177e-19 8.5332054431235865e-19
10350.543 2.1794990378997787e-18 8.622658014921426e-19
10351.629 2.066663697977433e-18 7.990518010099333e-19
10352.715 4.682966355118877e-19 4.58678418971305e-19
10353.801 -9.704640906644431e-20 3.447542924196183e-19
10354.887 -3.440472592161507e-19 3.626830969400739e-19
10355.973 -2.283993423409518e-19 4.078629747192014e-19
10357.059 8.002548425755159e-20 4.118025393406969e-19
10358.145 2.278823131196454e-19 3.857331420419603e-19
10359.231 1.7427945267763168e-19 2.9237716183146146e-19
10360.317 8.119190785254849e-19 2.0600570981790622e-19
10361.403 1.1598992004185482e-18 1.8096454106790111e-19
10362.489 9.916196323387948e-19 1.842718882732778e-19
10363.575 5.869650385329655e-19 1.9102694963601311e-19
10364.661 4.91796648014704e-19 1.8229845481946214e-19
10365.747 3.758294962217872e-19 1.800110884778781e-19
10366.833 3.7628560245686434e-19 1.8862560315137712e-19
10367.919 6.522918635842257e-19 1.960536298602834e-19
10369.005 7.544449258903183e-19 2.0056893001679917e-19
10370.09 4.892118745833252e-19 2.0473309835685775e-19
10371.176 5.733239237710044e-19 2.198556963806557e-19
10372.262 2.3444596546834256e-19 3.1909137948116797e-19
10373.348 -7.934149517813109e-19 7.531691822819992e-19
10374.434 6.511907162452538e-19 1.4592421740756797e-18
10375.52 4.617843524489261e-20 1.5535047661442026e-18
10376.606 -9.68753525126482e-19 1.541642338255415e-18
10377.692 -2.5678268322243427e-19 1.1876520210335782e-18
10378.778 1.4356422199130718e-18 4.840870751633435e-19
10379.864 1.2623520344768726e-18 3.331453414475407e-19
10380.95 1.3388445907262477e-18 2.9275595491243387e-19
10382.036 1.8821598313713343e-18 2.802140031154494e-19
10383.122 2.1922273228917e-18 2.7462948836281446e-19
10384.208 1.0290597330864277e-18 2.6186716387538347e-19
10385.294 9.606766178813077e-19 2.376529464770965e-19
10386.38 1.5032793607149959e-18 2.0661616014936264e-19
10387.466 7.907974666534168e-19 1.9971273950581778e-19
10388.552 9.531443732945881e-19 1.9484178355308335e-19
10389.638 7.420308435308813e-19 1.953083794255338e-19
10390.724 5.252246003118566e-19 2.0097636715606846e-19
10391.81 1.0850260457842653e-18 1.990362912687709e-19
10392.896 1.2456216970425656e-18 2.008668132742777e-19
10393.982 8.583549204013112e-19 2.0506771745569637e-19
10395.068 9.1392491928719e-19 2.0971183779704693e-19
10396.154 1.3289295690071752e-18 2.914653349046496e-19
10397.24 1.3455492101520809e-18 5.907128199607398e-19
10398.326 5.076218658995295e-19 8.946887649040142e-19
10399.412 3.376730662098807e-19 9.215270925791545e-19
10400.498 1.9163368517614e-18 9.00513459746062e-19
10401.584 1.063438814650425e-18 6.072509533235419e-19
10402.67 1.0702556031525153e-19 2.790852239448696e-19
10403.756 1.0771781483200503e-18 2.137538846434615e-19
10404.842 9.729051558336e-19 2.063037945422857e-19
10405.928 6.445883521334507e-19 2.083001327713397e-19
10407.014 1.0787885497342055e-18 2.0080676280060717e-19
10408.1 1.93062217360205e-18 2.0610314000099332e-19
10409.186 1.4043340327372338e-18 2.2436443472220723e-19
10410.271 6.100515012556106e-19 2.418762629655648e-19
10411.357 9.897652457367963e-19 2.5225935264479445e-19
10412.443 1.2396760619334142e-18 2.5111783731600386e-19
10413.529 1.2033307138383569e-18 2.32962427887803e-19
10414.615 9.397111616289102e-19 2.1028727212251383e-19
10415.701 1.0864171019084358e-18 2.1837675731762674e-19
10416.787 8.120804755021808e-19 2.6173262337488465e-19
10417.873 -7.0823746900100565e-19 4.0044023128019345e-19
10418.959 -3.6070593502780114e-19 8.897818606048926e-19
10420.045 2.6173490575607824e-18 1.474671237410274e-18
10421.131 3.2888877367194085e-18 1.5306492430565453e-18
10422.217 3.4129387205614437e-18 1.50066894136143e-18
10423.303 2.2083003579461623e-18 1.0851949992856904e-18
10424.389 1.100479988658153e-18 4.533816671565909e-19
10425.475 -4.418670443320968e-19 3.2753350968760043e-19
10426.561 6.201220027778343e-19 2.987065536637388e-19
10427.647 7.112526569367756e-19 3.5469203506049647e-19
10428.733 2.326468691537336e-19 3.086587826815524e-19
10429.819 6.586692048414703e-19 2.9382862501603536e-19
10430.905 9.819752990976371e-19 3.147628965560944e-19
10431.991 8.799780249344386e-19 3.4788466040417203e-19
10433.077 4.430100320625e-19 3.2677079697757233e-19
10434.163 1.0591794377549562e-18 2.5361865758503974e-19
10435.249 7.671186095538794e-19 2.031884103176976e-19
10436.335 6.639295623947489e-19 1.848123240170555e-19
10437.421 3.4449858943203217e-19 1.6625251587731443e-19
10438.507 4.1858792851897825e-19 1.625687212450745e-19
10439.593 7.919416715148193e-19 1.65983176397091e-19
10440.679 5.934088965063499e-19 1.6920125994342606e-19
10441.765 3.548443804185392e-19 1.7430518125254796e-19
10442.851 1.4879593805562661e-19 1.7650004413435423e-19
10443.937 4.429878148751697e-19 1.766731652303348e-19
10445.023 6.214968349796658e-19 1.7800732712318288e-19
10446.109 9.959088288588074e-19 1.8148249019788793e-19
10447.195 6.37212529947771e-19 1.860764000274137e-19
10448.281 4.110220650663757e-19 1.9448107920283899e-19
10449.367 4.071676329088882e-19 2.1164199807315433e-19
10450.452 -3.052240194508236e-19 3.163128450041576e-19
10451.538 -1.0264618506540215e-18 6.468920781132436e-19
10452.624 5.075019280601772e-19 7.917693297327534e-19
10453.71 2.409777451364604e-18 8.038964522763959e-19
10454.796 1.4113209880991542e-18 7.506859985922927e-19
10455.882 3.114084657545245e-19 4.14901616196696e-19
10456.968 5.061447603111736e-19 2.3729019235734304e-19
10458.054 7.484490541401438e-19 1.9607890349963446e-19
10459.14 6.605012919060323e-19 1.878674455175163e-19
10460.226 1.0652817827090586e-18 1.8525894632763727e-19
10461.312 1.0212477980425491e-18 2.0993638001815048e-19
10462.398 6.043612506880136e-19 2.0364985046494585e-19
10463.484 1.073767074191461e-18 2.018789132378042e-19
10464.57 9.714988686151493e-19 1.8132403451665355e-19
10465.656 5.334129506476639e-19 1.870893431932464e-19
10466.742 8.363715692433664e-19 1.9764034424284755e-19
10467.828 2.4428415947404716e-20 2.5195851027202317e-19
10468.914 3.075089212475306e-19 4.172135042545704e-19
10470.0 1.4372074448007573e-18 9.909822034936326e-19
10471.086 -4.480125590099266e-19 1.2324070027792081e-18
10472.172 8.473050884127608e-19 1.251783455489727e-18
10473.258 1.5055229931837329e-18 1.149014338010501e-18
10474.344 5.849637564409533e-19 6.262221429640767e-19
10475.43 4.623672671592894e-19 2.7948273057716857e-19
10476.516 8.359564399970961e-19 2.1214617123240864e-19
10477.602 7.051208085481727e-19 1.862962149376082e-19
10478.688 5.739678533581467e-19 1.8437815382170067e-19
10479.774 1.1994103629015998e-18 1.82789112844663e-19
10480.86 8.80624660025564e-19 1.8405627745282067e-19
10481.946 3.3733435163233737e-19 1.8061933495722849e-19
10483.032 7.486092533404888e-19 1.8116128770860085e-19
10484.118 2.836616242101624e-19 1.815858448627788e-19
10485.204 4.695339216787399e-19 1.9899692567555227e-19
10486.29 6.123159894844751e-19 1.9273007217140206e-19
10487.376 6.571834257259171e-19 2.2506487186560045e-19
10488.462 7.659424834682483e-19 2.718483484750911e-19
10489.548 5.173855650370875e-19 2.8095964396469823e-19
10490.633 2.9861692392261645e-19 2.8040151838795467e-19
10491.719 1.1406797280216822e-18 2.5649531205829906e-19
10492.805 1.1098531348791568e-18 2.0798449182497772e-19
10493.891 1.283841560536505e-18 1.8826144113551095e-19
10494.977 1.2293004883315892e-18 1.8477207366189831e-19
10496.063 8.372848024691163e-19 1.8302754340006147e-19
10497.149 6.853524341544411e-19 1.8759056350503908e-19
10498.235 8.861074529269685e-19 1.9348601201432185e-19
10499.321 1.187648007721422e-18 2.124120148951325e-19
10500.407 5.561094570520825e-19 2.292557386555802e-19
10501.493 6.159883240855633e-19 2.3321609658357025e-19
10502.579 8.865917652047903e-19 2.2911597578679475e-19
10503.665 5.972326616710074e-19 2.0977847508096049e-19
10504.751 3.9196078948281794e-19 1.904048687546715e-19
10505.837 3.7152632095670313e-19 1.9342005517991167e-19
10506.923 8.95219189698534e-19 2.0160714933706236e-19
10508.009 3.2178630107499196e-19 2.1097070437914314e-19
10509.095 2.8244624898046087e-19 2.907162039074749e-19
10510.181 7.433748075306691e-19 4.994136956106201e-19
10511.267 7.643357637569355e-19 6.171944753075475e-19
10512.353 1.8197274167982389e-19 6.267629928386408e-19
10513.439 7.060326814070145e-19 6.025762598061488e-19
10514.525 4.743776208460036e-19 3.9827749963893098e-19
10515.611 1.0556316778748266e-18 3.1263763022326053e-19
10516.697 1.235975934192451e-18 3.112586131195027e-19
10517.783 2.1752325343995866e-19 3.0009067924613585e-19
10518.869 5.56683689114956e-19 2.7430462847125416e-19
10519.955 7.3492355037611605e-19 2.4244887833499227e-19
10521.041 6.160776646720495e-19 2.064978169370858e-19
10522.127 8.315404689585815e-19 1.9179522206978128e-19
10523.213 1.1950288135625281e-18 1.989098551776065e-19
10524.299 6.422379865837978e-19 2.728846723708999e-19
10525.385 1.7997803890375938e-18 5.371565435151936e-19
10526.471 -2.195544824651535e-19 8.281368534276306e-19
10527.557 8.363661314324343e-19 9.567579776457509e-19
10528.643 2.0194375101160688e-18 9.27559401808908e-19
10529.729 1.1426631331380253e-18 6.393058485978345e-19
10530.814 1.3481449719262767e-18 3.0176141793195194e-19
10531.9 1.2196836994245737e-18 2.1801749776772325e-19
10532.986 8.464847283262807e-19 1.9918416105587812e-19
10534.072 4.677812610811996e-19 1.9068445604405077e-19
10535.158 3.4189196679601215e-19 1.8145343587803817e-19
10536.244 3.394336528220098e-19 1.7980927571069082e-19
10537.33 2.5681224873988295e-19 1.8264737301161015e-19
10538.416 7.816575574112165e-19 1.804916664341399e-19
10539.502 9.320180752778513e-19 1.7745102205670603e-19
10540.588 8.434917887681511e-19 1.767152842027055e-19
10541.674 5.208276680101609e-19 1.8504516888228437e-19
10542.76 4.99156812206506e-19 1.809232361727344e-19
10543.846 6.182176921960958e-19 1.7772731182239682e-19
10544.932 4.672192502588883e-19 1.7080006521327433e-19
10546.018 4.576320391945385e-19 1.6708221355415542e-19
10547.104 2.7698911206921512e-19 1.760808636307097e-19
10548.19 8.230117552043518e-19 1.71936137518355e-19
10549.276 1.0602204606939767e-18 1.6986191831897163e-19
10550.362 1.1732287565120933e-18 1.735280724282902e-19
10551.448 9.440961103816773e-19 1.8016227693044002e-19
10552.534 7.03040746591405e-19 2.1408045835810783e-19
10553.62 5.357517500787243e-19 2.248358296477161e-19
10554.706 3.3127479452180936e-19 2.2829114205103483e-19
10555.792 2.1838374968240247e-19 2.281185837045553e-19
10556.878 -2.2832143813410875e-20 2.1275844358233808e-19
10557.964 3.7310851228135833e-19 1.8909455180711314e-19
10559.05 5.831847579271883e-19 1.7814852127077412e-19
10560.136 4.850249247909379e-19 1.717595078436368e-19
10561.222 3.5515310948395673e-19 1.7103703825387085e-19
10562.308 7.945198289185685e-19 1.6938085664019604e-19
10563.394 2.7562956063496037e-19 1.6504939946411345e-19
10564.48 2.658738628314222e-19 1.6152092605578052e-19
10565.566 7.897036592281666e-19 1.651835981982057e-19
10566.652 7.394443062560566e-19 1.6906868539001777e-19
10567.738 5.06936499028895e-19 1.6841302153258584e-19
10568.824 4.890978176638011e-19 1.729175107389281e-19
10569.91 6.850189431034293e-19 1.7648889616010765e-19
10570.995 1.0121170494091104e-18 1.7401422651597533e-19
10572.081 6.72281996156059e-19 2.0024847555787718e-19
10573.167 -4.986964299472785e-19 2.9896280595950927e-19
10574.253 -1.4738673726909546e-19 3.959877091687833e-19
10575.339 6.335603204717827e-19 4.101988583833447e-19
10576.425 3.292011696507986e-19 4.035522486676854e-19
10577.511 6.383118569636639e-19 3.0842165643899213e-19
10578.597 9.454512776515034e-19 2.0594160031003838e-19
10579.683 8.111623909089861e-19 1.778358857113243e-19
10580.769 5.991993675631547e-19 1.7438314414403795e-19
10581.855 9.081648294876447e-19 1.7191224498311908e-19
10582.941 8.352193782650006e-19 1.7100891141357332e-19
10584.027 1.0259488087874862e-18 1.7050093722688296e-19
10585.113 9.014889976654994e-19 2.0582137824442215e-19
10586.199 1.2460570998725234e-18 3.6031400128559736e-19
10587.285 6.58870384868752e-19 5.222077551002874e-19
10588.371 -2.4598549165363855e-19 5.3858904099966075e-19
10589.457 -4.330150525059848e-19 5.363510957536538e-19
10590.543 -2.612086184151571e-19 4.574989869447881e-19
10591.629 4.2702596131601456e-19 2.785976521793328e-19
10592.715 5.2104551850652555e-19 2.1200283410008746e-19
10593.801 7.133825239084854e-19 2.2834463157411357e-19
10594.887 6.151196048627194e-19 1.9614493181510574e-19
10595.973 9.657145419063977e-19 1.9327686116458265e-19
10597.059 8.337492390620125e-19 2.0458435913596557e-19
10598.145 1.17511213917881e-18 2.0966678001241337e-19
10599.231 5.391225981865512e-19 2.186923178571564e-19
10600.317 1.323481484337147e-19 2.1362265240782824e-19
10601.403 8.245874089728923e-19 2.156466916813305e-19
10602.489 1.007157402637516e-18 2.1185232204948388e-19
10603.575 9.677037592800323e-19 1.9887697364353023e-19
10604.661 8.019934600646061e-19 1.9502421905845277e-19
10605.747 5.5058287073826405e-19 1.8804326485603876e-19
10606.833 6.905830221366905e-19 1.8994069313359695e-19
10607.919 3.972637243352745e-19 1.870393980227142e-19
10609.005 5.002896910928556e-19 1.7451122594018968e-19
10610.09 7.663408426670712e-19 1.7535893636324454e-19
10611.176 1.087692346588259e-18 1.76306880060538e-19
10612.262 5.943361103925172e-19 1.7908762850234877e-19
10613.348 4.829948790185661e-19 1.8521819028663734e-19
10614.434 4.41050191773004e-19 1.8159468773570215e-19
10615.52 5.834805132138349e-19 1.786784714543105e-19
10616.606 8.467589053054052e-19 1.7636073007865367e-19
10617.692 5.384957978416262e-19 1.7927956438751635e-19
10618.778 4.872352756168861e-19 1.8315295118834004e-19
10619.864 1.0150685930433364e-18 1.7973866185399774e-19
10620.95 1.2300176584827397e-18 1.7262926856257885e-19
10622.036 8.724874542093359e-19 1.7385252136513696e-19
10623.122 7.9068605073976045e-19 1.8004511047014425e-19
10624.208 4.714977485295913e-19 1.8196727632872462e-19
10625.294 5.185635304337526e-19 1.8259589539924677e-19
10626.38 6.178641090246141e-19 1.8779032184728137e-19
10627.466 5.395808054630854e-19 2.694299567496015e-19
10628.552 1.009307949357046e-18 1.9940653065041206e-19
10629.638 2.9460479060070836e-19 1.766758551771601e-19
10630.724 5.591334515380281e-19 1.7054864641563058e-19
10631.81 6.691613340316278e-19 1.6077422361174043e-19
10632.896 1.7451353345984708e-19 1.5688738021879968e-19
10633.982 4.194971352396316e-19 1.7530958486681572e-19
10635.068 4.608102141657498e-19 1.7841245521530615e-19
10636.154 5.520709335518182e-19 1.6872042798276306e-19
10637.24 1.1093080441234303e-18 1.6704736170438407e-19
10638.326 7.638936559899727e-19 1.675007558536603e-19
10639.412 3.5036391376435014e-19 1.6776449880895124e-19
10640.498 2.194663096848538e-19 1.8819764344392235e-19
10641.584 6.147624381588601e-19 2.381682509961186e-19
10642.67 7.826712143539202e-19 2.723271127569633e-19
10643.756 4.566975493213838e-19 2.9730913889784927e-19
10644.842 4.1001663954910223e-19 2.8615881164427605e-19
10645.928 6.3516417898219065e-19 2.1718960921128294e-19
10647.014 1.1985628497085502e-18 1.7456461274060193e-19
10648.1 1.106312518728038e-18 1.648595275719436e-19
10649.186 1.0425350486480888e-18 1.6442493617297466e-19
10650.271 8.708911954398535e-19 1.7020725459704806e-19
10651.357 1.2405188816654745e-18 1.854013184138281e-19
10652.443 9.758898141151207e-19 2.348386720421039e-19
10653.529 5.542389515521007e-19 3.0552597076879575e-19
10654.615 5.7888445792832375e-19 3.3260734568304297e-19
10655.701 7.71789841031417e-19 3.3295259747663647e-19
10656.787 3.453263523443017e-19 2.9911521479130015e-19
10657.873 7.378029567601714e-19 2.1854081910661984e-19
10658.959 1.0094023815600334e-18 1.6632066492236813e-19
10660.045 8.907611213230173e-19 1.5595945034459155e-19
10661.131 5.122138984767025e-19 1.6156029691762511e-19
10662.217 6.494267087364914e-19 1.6236770852940907e-19
10663.303 4.806074278888254e-19 1.6350052130072934e-19
10664.389 1.112907428434121e-20 1.6180868686406453e-19
10665.475 3.2350111299569607e-19 1.6099420990958963e-19
10666.561 5.909616636674359e-19 1.775725019281128e-19
10667.647 6.789464710380613e-19 1.930597818900142e-19
10668.733 4.559484515132209e-19 1.9809552551765696e-19
10669.819 6.0843438549017645e-19 1.973129491081752e-19
10670.905 1.083186647986342e-18 1.859659890633154e-19
10671.991 1.1775106133493725e-18 1.7103595612271949e-19
10673.077 1.0485312250140191e-18 1.694821322045747e-19
10674.163 6.327702247908136e-19 1.734842905657109e-19
10675.249 3.4354588392776905e-19 1.7372120276408004e-19
10676.335 5.63830936242042e-19 1.6758899805404886e-19
10677.421 1.2670802022869285e-18 1.6034038185820522e-19
10678.507 1.2889919172046421e-18 1.5886172782833457e-19
10679.593 5.450763313250597e-19 1.6836837208715358e-19
10680.679 7.930824698797562e-19 1.6590115002807537e-19
10681.765 1.0721372486982333e-18 1.782277003244969e-19
10682.851 8.656046575896569e-19 2.0935078695648023e-19
10683.937 9.054902420415737e-19 2.497599744173329e-19
10685.023 5.346849408823009e-19 3.0842953771604055e-19
10686.109 -3.4676316208276655e-19 3.4569785909463846e-19
10687.195 -5.988808554510229e-20 3.6873239523551924e-19
10688.281 5.359898770730193e-20 4.014799705850809e-19
10689.367 2.5052127225885725e-19 4.225741654298293e-19
10690.452 1.0084802100927233e-18 4.3008862657029176e-19
10691.538 1.2220958849816226e-18 4.3084248566672375e-19
10692.624 4.2094610477441742e-19 4.2378648589249773e-19
10693.71 5.829928914021997e-19 3.749565107701867e-19
10694.796 1.1021540929435945e-18 3.3410079854516995e-19
10695.882 7.335106541641014e-19 3.092173285051974e-19
10696.968 6.567586370476128e-20 3.384339805908928e-19
10698.054 8.667284934816685e-19 4.480165318686321e-19
10699.14 5.363122894305246e-19 5.279541593762409e-19
10700.226 -2.172860375962142e-19 5.42415546030591e-19
10701.312 -1.2647188654233432e-19 5.354109825677819e-19
10702.398 4.941260126439943e-19 3.9332891779879447e-19
10703.484 1.2015763487021664e-18 3.512247575103341e-19
10704.57 1.2187223092489352e-18 4.057655653301713e-19
10705.656 3.336420794579431e-19 4.31574546055104e-19
10706.742 -2.3989183723414957e-19 4.1476056728055736e-19
10707.828 -8.97159449538919e-19 3.935671092264261e-19
10708.914 -4.359492403534791e-19 2.80125216620169e-19
10710.0 -7.524047343662036e-20 2.6208820335630066e-19
10711.086 -1.0451315298560753e-18 4.543977643723452e-19
10712.172 -8.789415058764111e-20 8.01497531424967e-19
10713.258 2.0684099489613325e-18 8.1936617000617915e-19
10714.344 2.7423394996633143e-18 8.23107146702935e-19
10715.43 2.1796502823777682e-18 7.121028459298479e-19
10716.516 1.0639102096500848e-18 4.2375631135881054e-19
10717.602 6.910648199219944e-19 3.469486649771208e-19
10718.688 1.6451130756032888e-19 3.2729331883171653e-19
10719.774 7.73047032817108e-19 3.178048163290625e-19
10720.86 -1.0650679673570002e-19 3.991936368946013e-19
10721.946 -5.119619807210322e-19 5.434623071093334e-19
10723.032 1.4369038816005366e-19 5.7351228240986155e-19
10724.118 -8.881323736511995e-19 5.776120357566552e-19
10725.204 7.500753797041085e-19 5.008378438763189e-19
10726.29 8.591620882682193e-19 3.6590788422024114e-19
10727.376 5.559551439769186e-19 3.2906578241011875e-19
10728.462 2.2575228935315093e-19 4.2199235885773705e-19
10729.548 -3.408507783495514e-19 8.019346989178518e-19
10730.633 2.53622321921755e-19 1.1571506124004068e-18
10731.719 9.023869589909363e-19 1.1535831546001022e-18
10732.805 5.546194931368263e-19 1.0982012221611723e-18
10733.891 1.883541453032589e-18 7.181035850835478e-19
10734.977 7.672143322248104e-19 3.0917582704408577e-19
10736.063 4.806571752619865e-19 2.300410450125918e-19
10737.149 8.873782001470721e-19 2.3496880780035294e-19
10738.235 8.056216348174898e-19 2.6033830928003084e-19
10739.321 6.068892975241635e-19 2.5881566689098215e-19
10740.407 1.0075687137119513e-18 2.562229669107101e-19
10741.493 1.2294178447013257e-18 2.3790004161870847e-19
10742.579 1.3922799080275788e-18 2.5526987271564643e-19
10743.665 1.2170289529182505e-19 4.0436581449826843e-19
10744.751 2.027056677075201e-18 7.012577936586522e-19
10745.837 2.5623422103135827e-18 7.475963775570983e-19
10746.923 1.335738644254037e-18 7.495569974951335e-19
10748.009 1.26574364090878e-18 6.16623836245842e-19
10749.095 3.328540986149042e-19 3.290176722981308e-19
10750.181 4.527361279238616e-19 3.2068173364123556e-19
10751.267 8.37852548765465e-19 5.540676691972804e-19
10752.353 2.3453820543384954e-18 1.1722004647843963e-18
10753.439 4.9635239268439005e-18 1.4019898838219658e-18
10754.525 2.58609428699091e-18 1.3333355460337423e-18
10755.611 6.665603421008082e-19 1.0948512306102107e-18
10756.697 9.469403091357137e-19 4.3261452290440903e-19
10757.783 8.78371765424407e-19 2.526600803064834e-19
10758.869 6.954933079095279e-19 2.2732714841024926e-19
10759.955 3.7163134330777304e-19 1.997703356284485e-19
10761.041 3.1803259509157876e-19 1.900553451127702e-19
10762.127 1.857079588656743e-19 2.0970292447571414e-19
10763.213 3.8598813094503203e-19 2.348575820568682e-19
10764.299 1.1898458933034702e-18 2.366076606537181e-19
10765.385 1.2732153356545255e-18 2.4455454008390885e-19
10766.471 9.792189016136341e-19 2.458486302271869e-19
10767.557 9.39439785710512e-19 2.232540787239566e-19
10768.643 6.636414557220389e-19 1.9894980487735567e-19
10769.729 1.0174731750598125e-18 1.9018296241475104e-19
10770.814 8.591091091600441e-19 2.0005289376374632e-19
10771.9 1.4070921735041281e-18 2.8292792550534807e-19
10772.986 2.3951846027184305e-18 5.558267263458818e-19
10774.072 2.1163523597511347e-18 7.451239337577296e-19
10775.158 2.0457835990182514e-18 7.515145918520713e-19
10776.244 1.0652415871441941e-18 7.191217351153201e-19
10777.33 1.0095263038094222e-18 4.464497301171351e-19
10778.416 6.579573847847285e-19 2.34846517648624e-19
10779.502 7.122805371197843e-19 1.937613197861914e-19
10780.588 6.767223163453668e-19 2.1733920079242925e-19
10781.674 4.407411872752609e-19 2.0575472043260849e-19
10782.76 8.772728011317827e-19 1.9574855157193887e-19
10783.846 9.799189095915148e-19 1.89201909149943e-19
10784.932 1.0993539066877713e-18 1.8487622280865046e-19
10786.018 7.565585520391974e-19 1.8300370847438767e-19
10787.104 -4.0106872047114704e-20 1.819664382956622e-19
10788.19 5.725049301527131e-19 1.8587016954031295e-19
10789.276 1.369927024377785e-18 1.9500486481843129e-19
10790.362 7.483198673383456e-19 1.8579041626389263e-19
10791.448 7.79403114420421e-19 1.792763641048199e-19
10792.534 8.411821411471213e-19 1.881794259782193e-19
10793.62 6.563550070358207e-19 2.0982229389608363e-19
10794.706 1.0640051708436359e-18 2.3964629756598343e-19
10795.792 2.8696287919695246e-19 2.5933315385603776e-19
10796.878 6.0238872954595345e-19 2.5894449261957233e-19
10797.964 1.2352924923577023e-18 2.35757928520367e-19
10799.05 1.2920762238300713e-18 2.0466372002301588e-19
10800.136 6.468809753900592e-19 1.8025649326660583e-19
10801.222 1.0365122739999348e-18 1.865011199213217e-19
10802.308 1.788588699237014e-18 2.3264065609454395e-19
10803.394 1.1735143125935395e-18 2.5509068898279283e-19
10804.48 5.412358371320866e-19 2.3400367206060763e-19
10805.566 3.4351835125041013e-19 2.2668542361237007e-19
10806.652 9.01720159361749e-19 2.0508273217732738e-19
10807.738 5.975470695301347e-19 1.8616865543244333e-19
10808.824 6.356557064305368e-19 1.8139255307614882e-19
10809.91 5.595252842702077e-19 1.865265343985828e-19
10810.995 4.356468520072284e-19 1.895446227840075e-19
10812.081 8.212118423069012e-19 1.9187823612810214e-19
10813.167 6.071658483520584e-19 1.957846702654704e-19
10814.253 9.246016503292354e-19 1.9085886178514028e-19
10815.339 1.28720049689583e-18 1.904632273779689e-19
10816.425 6.594680342432546e-19 1.8593460659712444e-19
10817.511 6.371055500234087e-19 1.7890230702657202e-19
10818.597 5.889906609829831e-19 1.7823088404743813e-19
10819.683 4.727666662854522e-19 1.7503472363299516e-19
10820.769 1.094686625349083e-19 1.706965642044537e-19
10821.855 1.066769751280156e-20 1.6893033582590479e-19
10822.941 1.1075326326585438e-18 1.632104209083899e-19
10824.027 1.0175510583967125e-18 1.6333231418774207e-19
10825.113 4.1436240240837065e-19 1.657575440446688e-19
10826.199 5.829024122037497e-19 1.6990750916506947e-19
10827.285 9.199513286071706e-19 1.7985167734586716e-19
10828.371 -9.064853182754464e-20 2.10422206594897e-19
10829.457 2.2723071358875925e-18 3.3543863230876006e-19
10830.543 1.7304394347566289e-18 7.05131783130191e-19
10831.629 -4.858853289037337e-18 1.1666543655096353e-18
10832.715 -4.866513004035281e-18 1.9341823690232435e-18
10833.801 2.0494996565704004e-18 2.0866448999678486e-18
10834.887 5.9831131527371e-19 2.019838437336147e-18
10835.973 2.1624103036449468e-18 1.6366263379241796e-18
10837.059 1.8049238028178937e-18 6.104206279023282e-19
10838.145 2.768261647085714e-19 3.9664048103222264e-19
10839.231 -2.2788238603539523e-19 3.753814568025778e-19
10840.317 -7.03435922886931e-20 4.038882814122023e-19
10841.403 7.865374837714608e-19 5.593768517059667e-19
10842.489 3.2279232514392727e-18 9.283185541130273e-19
10843.575 1.5233480374832167e-18 1.1227728114083858e-18
10844.661 -4.2680481601399705e-19 1.1290366596317246e-18
10845.747 3.919223413546286e-19 1.1014481694684628e-18
10846.833 1.1050257707393243e-18 7.265604791984785e-19
10847.919 9.043615582303034e-19 3.0775852253594766e-19
10849.005 4.804873916681853e-19 2.0914493166618414e-19
10850.09 6.137215435178187e-19 1.881659278077294e-19
10851.176 5.99637147554904e-19 1.8634884509163216e-19
10852.262 5.887700545687556e-19 2.0472912177419965e-19
10853.348 4.04316029565661e-20 2.3874858078123827e-19
10854.434 -1.7646123309924603e-19 2.497808099437035e-19
10855.52 3.529804852341592e-19 2.609874493898228e-19
10856.606 7.390120146533707e-19 3.351151508085495e-19
10857.692 1.4567718454981435e-18 5.167142986984079e-19
10858.778 1.3569072603344794e-18 6.217452000717634e-19
10859.864 7.847725198777242e-19 6.433483177695416e-19
10860.95 1.0141746858785302e-18 6.097293942107604e-19
10862.036 1.507066527336134e-18 3.9730210510525795e-19
10863.122 1.447252468018254e-18 2.368331991441472e-19
10864.208 6.504019900388939e-19 1.8194534955849222e-19
10865.294 5.5366218957649795e-19 1.6586403881721815e-19
10866.38 7.798548814458051e-19 1.561769551201372e-19
10867.466 6.710425854611147e-19 1.529254965521038e-19
10868.552 8.516976201023998e-19 1.515102946453587e-19
10869.638 4.2945997106096667e-19 1.536718700697159e-19
10870.724 2.9801333780576924e-19 1.5870787281157147e-19
10871.81 4.1204940478535253e-19 1.7282014307441732e-19
10872.896 6.355027361615471e-19 1.933124118517737e-19
10873.982 6.201097741632379e-19 2.326125698307539e-19
10875.068 6.456126352233778e-19 2.705862972254881e-19
10876.154 8.242671407745779e-19 2.914034035212529e-19
10877.24 4.33178934818029e-21 3.3205588432276335e-19
10878.326 -8.121549323661516e-20 3.7838391163643745e-19
10879.412 2.982229447224591e-19 3.829004749580187e-19
10880.498 3.1716884963011096e-19 3.5152640699727375e-19
10881.584 7.907033604494665e-20 2.729380949739602e-19
10882.67 3.2315236371587037e-19 1.9486116886187442e-19
10883.756 2.2667650294110546e-19 1.718900317982641e-19
10884.842 7.9313021791555115e-19 1.8195235668920735e-19
10885.928 8.515820470179917e-19 1.999678452020849e-19
10887.014 8.380628571332688e-19 2.1275544349191384e-19
10888.1 6.817336265744964e-19 2.336324253690464e-19
10889.186 3.432542946365567e-19 2.1506295462129443e-19
10890.271 4.711574582829807e-19 1.7547193541741956e-19
10891.357 7.612249652669758e-19 1.611492388125653e-19
10892.443 3.7208962333389485e-19 1.5758808890853218e-19
10893.529 6.716244568944481e-20 1.6555461765716677e-19
10894.615 1.7637167935569513e-19 1.857720984925129e-19
10895.701 -1.4002055329983414e-20 2.9345899971467045e-19
10896.787 -6.440372079621149e-20 7.272025637175122e-19
10897.873 1.2426494070645627e-18 8.902555896829084e-19
10898.959 2.1455097625766597e-18 8.960943597149645e-19
10900.045 7.305603747409508e-19 8.297024720750217e-19
10901.131 3.5884069915943143e-19 4.733986865458384e-19
10902.217 2.2455963424596294e-19 2.8973674046730275e-19
10903.303 7.732262345248177e-19 2.360533857386374e-19
10904.389 6.093768253882375e-19 2.2309658909185095e-19
10905.475 4.0028712249599268e-19 2.0159099908811595e-19
10906.561 5.24007825456814e-19 1.8182290646882614e-19
10907.647 4.79270139929874e-19 1.6077216319679578e-19
10908.733 4.983790664801393e-19 1.549542140999442e-19
10909.819 7.922635779233406e-19 1.5755348516437695e-19
10910.905 9.439315713350784e-19 1.5406661778355182e-19
10911.991 5.553839795527695e-19 1.5487945519041735e-19
10913.077 5.263081025450531e-19 1.5696817824388385e-19
10914.163 1.2466855906414248e-18 1.555075738156667e-19
10915.249 1.4057577760042157e-18 1.5715102485998404e-19
10916.335 1.203475880398103e-18 1.5892579314741967e-19
10917.421 7.213510639413934e-19 1.6188540756878176e-19
10918.507 3.239828081692631e-19 1.6048126131785261e-19
10919.593 6.327604470545993e-19 1.6583700578632672e-19
10920.679 1.2301578298424159e-18 1.8142798280884125e-19
10921.765 1.1764569413812696e-18 2.020773856102872e-19
10922.851 9.203185691626823e-19 2.93165414393365e-19
10923.937 1.2547876052642817e-18 8.752222421293334e-19
10925.023 2.4893244162004538e-18 1.6411256870482785e-18
10926.109 3.092112260575943e-18 1.7593898643122395e-18
10927.195 2.927422214032649e-18 1.8083040572544674e-18
10928.281 1.6975185023274007e-18 1.4736971510709893e-18
10929.367 -3.4549411286172614e-20 5.157296545511904e-19
10930.452 3.8688241018260215e-19 2.7475025985061965e-19
10931.538 6.08820538469707e-19 2.1538633791855347e-19
10932.624 8.368422947005561e-19 1.987261703806822e-19
10933.71 9.209654848362696e-19 1.8474969302638238e-19
10934.796 6.878680643464375e-19 1.7320137167952845e-19
10935.882 3.8716834095429356e-19 1.8186564236590084e-19
10936.968 1.6696314752925101e-19 1.9954315856201346e-19
10938.054 4.2341459875948317e-19 1.6911470411103793e-19
10939.14 2.577628160172205e-19 1.6863303345457902e-19
10940.226 1.1377085165779507e-19 1.7355534970925866e-19
10941.312 7.039657508498973e-19 1.7433690402366102e-19
10942.398 7.793203959540824e-19 1.74298567902976e-19
10943.484 6.686163713118967e-19 1.7018373278999436e-19
10944.57 2.412001078993517e-19 1.628687613564612e-19
10945.656 3.762314337306687e-19 1.6565754815717944e-19
10946.742 9.768815824141921e-19 1.760848622254392e-19
10947.828 9.906320082770041e-19 2.3076880144094445e-19
10948.914 1.6497150671474244e-18 5.864698196491913e-19
10950.0 1.0612674067016861e-18 1.0199808788160571e-18
10951.086 1.9750990653005276e-18 1.0594522315197233e-18
10952.172 1.0564080009367259e-18 1.025655011493507e-18
10953.258 1.5779182882332372e-18 7.700039744242764e-19
10954.344 5.607230401515777e-19 3.5015284987799875e-19
10955.43 2.3892846543135265e-19 2.1681675764976125e-19
10956.516 1.0636707244400525e-18 1.8606424998720084e-19
10957.602 1.2065923209903422e-18 1.6778076311536418e-19
10958.688 6.662097879911e-19 1.6240269750416465e-19
10959.774 7.777833848672314e-19 1.631259618046771e-19
10960.86 4.169366635099621e-19 1.697770757380834e-19
10961.946 9.487326272951094e-19 1.7315669462596107e-19
10963.032 4.801671554982112e-19 1.9098616124491756e-19
10964.118 4.829427042084943e-19 1.7945745166362283e-19
10965.204 9.02512088776025e-19 1.9124911306782523e-19
10966.29 4.0170552492112067e-19 2.0322002780372716e-19
10967.376 6.380195461103656e-19 2.3113300262768704e-19
10968.462 9.211929977109259e-19 2.559745911964996e-19
10969.548 1.3221576495708768e-18 2.7820056132192643e-19
10970.633 1.576853726094898e-18 2.8414511561359347e-19
10971.719 1.6219880195660935e-18 3.568810269152677e-19
10972.805 2.9711897165109425e-18 9.437950759523346e-19
10973.891 3.4663640261440774e-18 1.6903768359733984e-18
10974.977 1.747888833172095e-18 1.7971588378355797e-18
10976.063 7.268819259846765e-19 1.7909692187123586e-18
10977.149 -2.5878295263404285e-18 1.4347565932977223e-18
10978.235 -3.629741824757538e-19 6.187131108087384e-19
10979.321 -2.585600536537425e-19 3.203867602297293e-19
10980.407 4.808290057950355e-20 2.459091576637632e-19
10981.493 7.452283266256472e-19 2.1450686131354938e-19
10982.579 3.8817255072451967e-19 2.0255971439142853e-19
10983.665 8.3982740036417215e-19 2.3062556448540256e-19
10984.751 2.583569762167761e-19 2.8890519138663668e-19
10985.837 1.999501525605984e-19 2.926360310659973e-19
10986.923 6.370414553178138e-19 2.9212023163566504e-19
10988.009 1.6773463368690521e-18 2.542495322641004e-19
10989.095 1.4095857432512503e-18 1.9105573418575962e-19
10990.181 8.044240550273013e-19 1.6891323146087585e-19
10991.267 9.664828953221744e-19 1.6896858008882195e-19
10992.353 5.269787016324122e-19 1.662067801110182e-19
10993.439 9.370353225664419e-19 1.6532696605383041e-19
10994.525 8.808905736759108e-19 1.6924183664179947e-19
10995.611 1.1417691712833951e-18 1.7078709346167996e-19
10996.697 9.921928760677637e-19 1.7106653703440193e-19
10997.783 1.3028141588188485e-18 1.6132402052161502e-19
10998.869 1.4144347935259366e-18 1.6208672948706001e-19
10999.955 1.2036143968631047e-18 1.6831668047997485e-19
11001.041 6.452036304549729e-19 1.7275256427068844e-19
11002.127 8.175369642278799e-19 1.8716653677178371e-19
11003.213 9.73468145807357e-19 1.88230755717524e-19
11004.299 1.198845340388659e-18 1.8625445106564217e-19
11005.385 6.840029300998683e-19 2.079830267244419e-19
11006.471 4.424318672191987e-19 3.8519178982276735e-19
11007.557 2.0711202805272317e-18 8.495265585405728e-19
11008.643 3.475836092872656e-18 9.661536154878078e-19
11009.729 1.3051485474432752e-18 9.712910414965087e-19
11010.814 1.0551529947929418e-18 8.782945016551012e-19
11011.9 2.3027469886357047e-18 4.663720068863842e-19
11012.986 8.883043150095332e-19 2.2788091637265595e-19
11014.072 2.136530900790472e-18 1.920706715730771e-19
11015.158 4.140314476567224e-18 1.842624305930437e-19
11016.244 5.176479604041854e-18 1.8748009828388995e-19
11017.33 4.946775988499516e-18 1.824846725385565e-19
11018.416 5.1796281325941676e-18 1.837651097095452e-19
11019.502 6.539671544974595e-18 1.8668719590613448e-19
11020.588 7.168541168007181e-18 2.160039025161426e-19
11021.674 7.132293204988676e-18 1.9204432241969297e-19
11022.76 6.595822342364573e-18 1.970786820563254e-19
11023.846 5.904194275699702e-18 1.9665679728331555e-19
11024.932 4.1505023845681415e-18 2.0355198352784966e-19
11026.018 3.0876327482934033e-18 2.513695073956921e-19
11027.104 1.0986740192529344e-18 7.135834325326737e-19
11028.19 1.7108760079158706e-18 1.3830372583783836e-18
11029.276 -3.0707249520794636e-18 1.511640906867076e-18
11030.362 4.2190789254055464e-19 1.5047798826015173e-18
11031.448 2.6275446422282187e-19 1.3318537237347957e-18
11032.534 6.055606998253475e-19 6.8283632806914355e-19
11033.62 8.008838485040215e-19 2.890046663411206e-19
11034.706 1.328482111758676e-18 2.225708180603581e-19
11035.792 4.0940547876571147e-19 1.8596707162820522e-19
11036.878 1.5375948867372284e-18 1.7590365728884674e-19
11037.964 5.503931775500697e-19 1.7522775831923244e-19
11039.05 1.3456332836113141e-18 1.9172957243504116e-19
11040.136 9.634701570981837e-19 2.0241241470778468e-19
11041.222 1.7370724770542542e-20 2.0550365320308877e-19
11042.308 8.33601118298886e-19 1.9670889611187638e-19
11043.394 1.5349431030063405e-18 1.9695278507725002e-19
11044.48 4.801746310039537e-19 1.8334851945553679e-19
11045.566 7.710008200080576e-19 1.7580556575516884e-19
11046.652 9.087335636497932e-19 1.9489996655060766e-19
11047.738 1.3084590323495225e-18 1.633331740082841e-19
11048.824 1.65558906431246e-18 1.605685184814495e-19
11049.91 1.7404195691331933e-18 1.6253293360401198e-19
11050.995 2.2050432428041367e-18 1.691233836776489e-19
11052.081 2.4919391281344823e-18 2.3454825722813677e-19
11053.167 3.74484976276867e-18 2.9894048777042793e-19
11054.253 2.2888020043451525e-18 3.001788980369045e-19
11055.339 3.255298778001712e-18 3.035518752328654e-19
11056.425 2.0420857592322176e-18 2.7520640268555655e-19
11057.511 2.6398419381366977e-18 2.0020378510019368e-19
11058.597 3.1238559378416444e-18 1.8438642256026286e-19
11059.683 1.843699423688202e-18 1.7793984698969796e-19
11060.769 1.8553194381056816e-18 1.7929823212534933e-19
11061.855 9.22387259250667e-19 1.9410363869317278e-19
11062.941 7.311885714458951e-19 2.090379201093783e-19
11064.027 1.0197534799171274e-18 2.172738925720381e-19
11065.113 1.041398926818388e-18 2.1070369437977107e-19
11066.199 -1.8971535674319394e-19 1.9509307711345158e-19
11067.285 3.1041368865072775e-19 1.8929635265360972e-19
11068.371 9.769283195179068e-19 2.0507671920694787e-19
11069.457 7.980034173565324e-19 3.017761179755274e-19
11070.543 2.3801172767205926e-18 5.914598589844752e-19
11071.629 1.723814077790698e-18 7.091461921312109e-19
11072.715 2.1168461351649425e-18 7.102080597246062e-19
11073.801 4.403227568484354e-20 6.752330537196971e-19
11074.887 2.5411380234261635e-19 4.323453466221919e-19
11075.973 5.2827058542348774e-20 2.0634966409740184e-19
11077.059 9.525108480413613e-19 1.793598775504707e-19
11078.145 4.3174022672058568e-19 1.7522222778312646e-19
11079.231 6.272288751712041e-19 1.6291919914691127e-19
11080.317 6.387027300689583e-19 1.6927366542152312e-19
11081.403 8.286908764945063e-19 2.103791288770655e-19
11082.489 8.416177158552895e-19 2.740851216541706e-19
11083.575 8.757148977237103e-19 2.9146448515142525e-19
11084.661 5.149705270860518e-19 2.9173177398425797e-19
11085.747 1.4415641984654152e-18 2.949697260664629e-19
11086.833 -3.3716550329036803e-19 3.892748968842847e-19
11087.919 1.8582771459314786e-18 7.893802074952873e-19
11089.005 -1.376874679788562e-19 1.0310435974768431e-18
11090.09 2.1309936009250682e-18 1.0541529544569963e-18
11091.176 1.101312445739282e-18 1.0236705970570234e-18
11092.262 2.0452498931650725e-18 7.386884287576133e-19
11093.348 4.4060742818131e-19 3.077841669173362e-19
11094.434 6.780231767203567e-20 1.944409866866419e-19
11095.52 7.861808284635256e-19 1.7019921295697037e-19
11096.606 1.9566561176769462e-19 1.5987516844517997e-19
11097.692 5.028496722265013e-19 1.5696164866196465e-19
11098.778 6.414234276190651e-19 1.5783763519750262e-19
11099.864 3.948699228855453e-19 1.5690524733974727e-19
11100.95 3.3584565548571004e-19 1.6188793738052414e-19
11102.036 6.73459009088804e-19 1.6254797015003381e-19
11103.122 6.757238813041967e-19 1.6245132789806847e-19
11104.208 1.984066323544354e-19 1.6415992828196452e-19
11105.294 5.373250521018892e-19 1.9467214425472692e-19
11106.38 6.847626871295303e-19 1.833103385167552e-19
11107.466 1.5303741196711618e-18 1.8821417014261023e-19
11108.552 8.81589221966017e-19 1.8259058257794936e-19
11109.638 1.0831617259561538e-18 1.8277858785518056e-19
11110.724 1.1994619305393343e-19 1.80177263197117e-19
11111.81 9.758389728509435e-20 1.8075609870887784e-19
11112.896 7.19474147259135e-19 1.7222145722734859e-19
11113.982 8.819284637129032e-19 1.6804458574159323e-19
11115.068 8.000115334645781e-19 1.7044598999623675e-19
11116.154 1.886571506902144e-18 1.5340296178914167e-19
11117.24 5.634848953683697e-19 1.5784013176562048e-19
11118.326 1.1874749102311942e-18 1.5926097212199904e-19
11119.412 9.883915113311691e-19 1.567149741514152e-19
11120.498 3.845475379691007e-19 1.6919487664171346e-19
11121.584 6.661784861341404e-19 2.0385370898842795e-19
11122.67 1.430016809453669e-18 2.3600789527153966e-19
11123.756 1.4378967789494818e-18 2.5295788936476533e-19
11124.842 7.47751981742426e-19 2.377317291402083e-19
11125.928 3.9219268784874126e-19 2.0911083558511169e-19
11127.014 8.388061444517498e-19 1.7366181160215806e-19
11128.1 -9.401576767943079e-20 1.7178620529948059e-19
11129.186 1.0056342549820792e-19 1.771994325850193e-19
11130.271 1.05775982644085e-18 1.8553517456278762e-19
11131.357 5.636691120764277e-19 1.9153572090189862e-19
11132.443 5.201871008013926e-19 1.9299944068158341e-19
11133.529 6.244157965383374e-20 1.7718468588498783e-19
11134.615 8.821542187065894e-20 1.6922706906775744e-19
11135.701 4.710582936642206e-19 1.7997301040063022e-19
11136.787 1.0853137424073416e-18 2.0103751536788617e-19
11137.873 9.630544306099536e-19 2.721026221188962e-19
11138.959 2.6660945853716236e-19 4.453298124516989e-19
11140.045 -6.23002813248226e-19 5.315934680849301e-19
11141.131 -1.2581044100813858e-18 5.237375630714787e-19
11142.217 -2.815228646179743e-19 5.010791256080856e-19
11143.303 2.363412819337273e-19 3.4045301497082846e-19
11144.389 4.094642393152308e-19 2.029850873942014e-19
11145.475 9.540023789111357e-19 1.8045158949176638e-19
11146.561 9.528270112858029e-19 1.7436117153886718e-19
11147.647 1.0489052573783455e-18 1.7725012837384906e-19
11148.733 8.129220214589415e-19 2.0208975271070712e-19
11149.819 9.848555408495608e-19 2.335610772465758e-19
11150.905 3.9119969258042615e-19 2.3545836437373476e-19
11151.991 3.9253305092882403e-19 2.395742706057667e-19
11153.077 1.9843805966033206e-19 3.6105907295720015e-19
11154.163 9.37978441847552e-19 6.377807013871219e-19
11155.249 -1.0046931916732512e-20 7.537424734891215e-19
11156.335 2.5273668735876362e-19 7.570703931139205e-19
11157.421 1.3159564972188992e-18 7.026931443309703e-19
11158.507 9.383386785350847e-19 4.7511903877394065e-19
11159.593 7.55063256626749e-19 2.53781679546194e-19
11160.679 1.0930853237463178e-18 2.3214818007678823e-19
11161.765 1.278590362492561e-18 2.5426577853375215e-19
11162.851 1.9175705420419524e-18 3.2700396488411247e-19
11163.937 2.470299471210298e-18 3.977641116185993e-19
11165.023 9.051106254879275e-19 4.234382753411858e-19
11166.109 -2.8370085305137887e-19 4.0764921947650786e-19
11167.195 -6.765961035632027e-20 3.699893950218356e-19
11168.281 2.522689613895669e-19 3.330869477021095e-19
11169.367 -5.521776610769277e-20 3.1703905364847925e-19
11170.452 -9.207161987832559e-20 3.2910804050857163e-19
11171.538 2.3037379848330495e-19 3.4243207149326893e-19
11172.624 5.158788133479257e-19 3.2205293133987206e-19
11173.71 5.257216174531112e-19 2.538381259015163e-19
11174.796 5.994389179010308e-19 2.0876898194490955e-19
11175.882 3.1916380377304823e-19 1.81980803847486e-19
11176.968 5.944480856432908e-19 1.7217144039566142e-19
11178.054 9.258675413446252e-19 1.8120817744022714e-19
11179.14 1.0917967520222968e-18 1.9076891421126006e-19
11180.226 7.310301210270681e-19 2.1083386989931123e-19
11181.312 6.759451628325989e-19 2.350952639458951e-19
11182.398 9.537974452683504e-20 2.42941669435022e-19
11183.484 6.892045971355138e-19 2.3575110757081424e-19
11184.57 9.238663711515946e-19 2.1407782305908792e-19
11185.656 1.1811959553746547e-18 2.0648104533702963e-19
11186.742 1.2350575649392252e-18 2.3669183907756963e-19
11187.828 1.0019416379122334e-18 2.710046657040934e-19
11188.914 9.328896750049727e-19 2.800372414561488e-19
11190.0 8.900304302223132e-19 2.828247573308028e-19
11191.086 3.1483704447209164e-19 2.911415917987089e-19
11192.172 1.1805554767101932e-18 2.8710263347506663e-19
11193.258 1.372745934708229e-18 2.6484331005972646e-19
11194.344 2.5887494063941467e-19 2.225498652428867e-19
11195.43 8.712220993604589e-19 2.0348082995318013e-19
11196.516 5.406003058888083e-19 2.1555322165693342e-19
11197.602 5.831846114685624e-19 2.2362671955596635e-19
11198.688 4.773585575470144e-19 2.4248864321580116e-19
11199.774 8.202697528521117e-19 2.509545185687118e-19
11200.86 8.608747626997822e-19 2.672902945111087e-19
11201.946 1.1830081283030837e-18 2.9642258907851157e-19
11203.032 1.904527712596496e-18 2.9058342239433264e-19
11204.118 6.219121095745264e-19 2.542966733800201e-19
11205.204 5.809489203311212e-20 2.6495670102563223e-19
11206.29 3.1709068898886254e-19 2.6176482176124967e-19
11207.376 1.1962036229952974e-18 2.346765466527886e-19
11208.462 1.1070730998361804e-18 2.636033669813463e-19
11209.548 1.0247613395833608e-18 3.075106031995376e-19
11210.633 1.2189615090053886e-18 3.383633081434864e-19
11211.719 7.879654115776074e-19 4.038623328774127e-19
11212.805 7.978732288718848e-19 4.774746611272825e-19
11213.891 5.197544529166903e-19 4.849987475529394e-19
11214.977 -5.752127890881811e-19 4.624811494324479e-19
11216.063 4.0898154488875574e-19 4.961640843479231e-19
11217.149 9.320125657407254e-19 5.087512664442569e-19
11218.235 4.367656542988052e-19 4.551384954343328e-19
11219.321 6.075197935315282e-19 3.9166864220530903e-19
11220.407 -4.5292376993561e-19 3.686098385770992e-19
11221.493 1.0832744703773545e-18 4.20278225389154e-19
11222.579 1.1548862914929118e-18 4.445033734453908e-19
11223.665 5.833800535224993e-20 4.2175194498086436e-19
11224.751 -1.5071703910315392e-19 5.035960972335597e-19
11225.837 -1.3224166774611815e-18 7.424849196880506e-19
11226.923 -1.5651874001291448e-18 7.380378218070435e-19
11228.009 -1.2836241476425613e-18 6.317794931316541e-19
11229.095 1.6790141329450687e-19 5.317511145654393e-19
11230.181 2.9142343025816817e-19 4.304239644027173e-19
11231.267 8.933649096580638e-19 3.450289682491954e-19
11232.353 1.5916510219008025e-18 3.3474918272846355e-19
11233.439 1.33542231561396e-18 4.080202780831651e-19
11234.525 -8.780744255719929e-19 5.25018651138401e-19
11235.611 -1.3966719078865262e-18 5.727515994288278e-19
11236.697 -4.83458713059965e-19 4.784405358993156e-19
11237.783 -5.042540571938477e-19 3.717839331928131e-19
