lambda f_lambda fErr_lambda
9139.667900000377 1.150690910622653e-18 0.0
9140.753900000376 1.150690910622653e-18 0.0
9141.839900000376 1.150690910622653e-18 0.0
9142.925900000375 1.150690910622653e-18 0.0
9144.011900000374 1.150690910622653e-18 0.0
9145.097900000374 1.150690910622653e-18 0.0
9146.183900000373 1.150690910622653e-18 0.0
9147.269900000372 1.150690910622653e-18 0.0
9148.355900000372 1.150690910622653e-18 0.0
9149.44190000037 1.150690910622653e-18 0.0
9150.52790000037 1.150690910622653e-18 0.0
9151.61390000037 1.150690910622653e-18 0.0
9152.699900000369 1.150690910622653e-18 0.0
9153.785900000368 1.150690910622653e-18 0.0
9154.871900000368 1.150690910622653e-18 0.0
9155.957900000367 1.150690910622653e-18 0.0
9157.043900000366 1.150690910622653e-18 0.0
9158.129900000366 1.150690910622653e-18 0.0
9159.215900000365 1.150690910622653e-18 0.0
9160.301900000364 1.150690910622653e-18 0.0
9161.387900000364 1.150690910622653e-18 0.0
9162.473900000363 1.150690910622653e-18 0.0
9163.559900000362 1.150690910622653e-18 0.0
9164.645900000362 1.150690910622653e-18 0.0
9165.73190000036 1.150690910622653e-18 0.0
9166.81790000036 1.150690910622653e-18 0.0
9167.90390000036 1.150690910622653e-18 0.0
9168.989900000359 1.150690910622653e-18 0.0
9170.075900000358 1.150690910622653e-18 0.0
9171.161900000357 1.150690910622653e-18 0.0
9172.247900000357 1.150690910622653e-18 0.0
9173.333900000356 1.150690910622653e-18 0.0
9174.419900000355 1.150690910622653e-18 0.0
9175.505900000355 1.150690910622653e-18 0.0
9176.591900000354 1.150690910622653e-18 0.0
9177.677900000353 1.150690910622653e-18 0.0
9178.763900000353 1.150690910622653e-18 0.0
9179.849900000352 1.150690910622653e-18 0.0
9180.935900000351 1.150690910622653e-18 0.0
9182.02190000035 1.150690910622653e-18 0.0
9183.10790000035 1.150690910622653e-18 0.0
9184.19390000035 1.150690910622653e-18 0.0
9185.279900000349 1.150690910622653e-18 0.0
9186.365900000348 1.150690910622653e-18 0.0
9187.451900000347 1.150690910622653e-18 0.0
9188.537900000347 1.150690910622653e-18 0.0
9189.623900000346 1.150690910622653e-18 0.0
9190.709900000345 1.150690910622653e-18 0.0
9191.795900000345 1.150690910622653e-18 0.0
9192.881900000344 1.150690910622653e-18 0.0
9193.967900000343 1.150690910622653e-18 0.0
9195.053900000343 1.150690910622653e-18 0.0
9196.139900000342 1.150690910622653e-18 0.0
9197.225900000341 1.150690910622653e-18 0.0
9198.31190000034 1.150690910622653e-18 0.0
9199.39790000034 1.150690910622653e-18 0.0
9200.48390000034 1.150690910622653e-18 0.0
9201.569900000339 1.150690910622653e-18 0.0
9202.655900000338 1.150690910622653e-18 0.0
9203.741900000337 1.150690910622653e-18 0.0
9204.827900000337 1.150690910622653e-18 0.0
9205.913900000336 1.150690910622653e-18 0.0
9206.999900000335 1.150690910622653e-18 0.0
9208.085900000335 1.150690910622653e-18 0.0
9209.171900000334 1.150690910622653e-18 0.0
9210.257900000333 1.150690910622653e-18 0.0
9211.343900000333 1.150690910622653e-18 0.0
9212.429900000332 1.150690910622653e-18 0.0
9213.515900000331 1.150690910622653e-18 0.0
9214.60190000033 1.150690910622653e-18 0.0
9215.68790000033 1.150690910622653e-18 0.0
9216.77390000033 1.150690910622653e-18 0.0
9217.859900000329 1.150690910622653e-18 0.0
9218.945900000328 1.150690910622653e-18 0.0
9220.031900000327 1.150690910622653e-18 0.0
9221.117900000327 1.150690910622653e-18 0.0
9222.203900000326 1.150690910622653e-18 0.0
9223.289900000325 1.150690910622653e-18 0.0
9224.375900000325 1.150690910622653e-18 0.0
9225.461900000324 1.150690910622653e-18 0.0
9226.547900000323 1.150690910622653e-18 0.0
9227.633900000323 1.150690910622653e-18 0.0
9228.719900000322 1.150690910622653e-18 0.0
9229.805900000321 1.150690910622653e-18 0.0
9230.89190000032 1.150690910622653e-18 0.0
9231.97790000032 1.150690910622653e-18 0.0
9233.06390000032 1.150690910622653e-18 0.0
9234.149900000319 1.150690910622653e-18 0.0
9235.235900000318 1.150690910622653e-18 0.0
9236.321900000317 1.150690910622653e-18 0.0
9237.407900000317 1.150690910622653e-18 0.0
9238.493900000316 1.150690910622653e-18 0.0
9239.579900000315 1.150690910622653e-18 0.0
9240.665900000315 1.150690910622653e-18 0.0
9241.751900000314 1.150690910622653e-18 0.0
9242.837900000313 1.150690910622653e-18 0.0
9243.923900000313 1.150690910622653e-18 0.0
9245.009900000312 1.150690910622653e-18 0.0
9246.095900000311 1.150690910622653e-18 0.0
9247.18190000031 1.150690910622653e-18 0.0
9248.26790000031 1.150690910622653e-18 0.0
9249.35390000031 1.150690910622653e-18 0.0
9250.439900000309 1.150690910622653e-18 0.0
9251.525900000308 1.150690910622653e-18 0.0
9252.611900000307 1.150690910622653e-18 0.0
9253.697900000307 1.150690910622653e-18 0.0
9254.783900000306 1.150690910622653e-18 0.0
9255.869900000305 1.150690910622653e-18 0.0
9256.955900000305 1.150690910622653e-18 0.0
9258.041900000304 1.150690910622653e-18 0.0
9259.127900000303 1.150690910622653e-18 0.0
9260.213900000303 1.150690910622653e-18 0.0
9261.299900000302 1.150690910622653e-18 0.0
9262.385900000301 1.150690910622653e-18 0.0
9263.4719000003 1.150690910622653e-18 0.0
9264.5579000003 1.150690910622653e-18 0.0
9265.6439000003 1.150690910622653e-18 0.0
9266.729900000299 1.150690910622653e-18 0.0
9267.815900000298 1.150690910622653e-18 0.0
9268.901900000297 1.150690910622653e-18 0.0
9269.987900000297 1.150690910622653e-18 0.0
9271.073900000296 1.150690910622653e-18 0.0
9272.159900000295 1.150690910622653e-18 0.0
9273.245900000295 1.150690910622653e-18 0.0
9274.331900000294 1.150690910622653e-18 0.0
9275.417900000293 1.150690910622653e-18 0.0
9276.503900000293 1.150690910622653e-18 0.0
9277.589900000292 1.150690910622653e-18 0.0
9278.675900000291 1.150690910622653e-18 0.0
9279.76190000029 1.150690910622653e-18 0.0
9280.84790000029 1.150690910622653e-18 0.0
9281.93390000029 1.150690910622653e-18 0.0
9283.019900000289 1.150690910622653e-18 0.0
9284.105900000288 1.150690910622653e-18 0.0
9285.191900000287 1.150690910622653e-18 0.0
9286.277900000287 1.150690910622653e-18 0.0
9287.363900000286 1.150690910622653e-18 0.0
9288.449900000285 1.150690910622653e-18 0.0
9289.535900000285 1.150690910622653e-18 0.0
9290.621900000284 1.150690910622653e-18 0.0
9291.707900000283 1.150690910622653e-18 0.0
9292.793900000283 1.150690910622653e-18 0.0
9293.879900000282 1.150690910622653e-18 0.0
9294.965900000281 1.150690910622653e-18 0.0
9296.05190000028 1.150690910622653e-18 0.0
9297.13790000028 1.150690910622653e-18 0.0
9298.22390000028 1.150690910622653e-18 0.0
9299.309900000279 1.150690910622653e-18 0.0
9300.395900000278 1.150690910622653e-18 0.0
9301.481900000277 1.150690910622653e-18 0.0
9302.567900000276 1.150690910622653e-18 0.0
9303.653900000276 1.150690910622653e-18 0.0
9304.739900000275 1.150690910622653e-18 0.0
9305.825900000274 1.150690910622653e-18 0.0
9306.911900000274 1.150690910622653e-18 0.0
9307.997900000273 1.150690910622653e-18 0.0
9309.083900000272 1.150690910622653e-18 0.0
9310.169900000272 1.150690910622653e-18 0.0
9311.255900000271 1.150690910622653e-18 0.0
9312.34190000027 1.150690910622653e-18 0.0
9313.42790000027 1.150690910622653e-18 0.0
9314.51390000027 1.150690910622653e-18 0.0
9315.599900000268 1.150690910622653e-18 0.0
9316.685900000268 1.150690910622653e-18 0.0
9317.771900000267 1.150690910622653e-18 0.0
9318.857900000266 1.150690910622653e-18 0.0
9319.943900000266 1.150690910622653e-18 0.0
9321.029900000265 1.150690910622653e-18 0.0
9322.115900000264 1.150690910622653e-18 0.0
9323.201900000264 1.150690910622653e-18 0.0
9324.287900000263 1.150690910622653e-18 0.0
9325.373900000262 1.150690910622653e-18 0.0
9326.459900000262 1.150690910622653e-18 0.0
9327.545900000261 1.150690910622653e-18 0.0
9328.63190000026 1.150690910622653e-18 0.0
9329.71790000026 1.150690910622653e-18 0.0
9330.80390000026 1.150690910622653e-18 0.0
9331.889900000258 1.150690910622653e-18 0.0
9332.975900000258 1.150690910622653e-18 0.0
9334.061900000257 1.150690910622653e-18 0.0
9335.147900000256 1.150690910622653e-18 0.0
9336.233900000256 1.150690910622653e-18 0.0
9337.319900000255 1.150690910622653e-18 0.0
9338.405900000254 1.150690910622653e-18 0.0
9339.491900000254 1.150690910622653e-18 0.0
9340.577900000253 1.150690910622653e-18 0.0
9341.663900000252 1.150690910622653e-18 0.0
9342.749900000252 1.150690910622653e-18 0.0
9343.835900000251 1.150690910622653e-18 0.0
9344.92190000025 1.150690910622653e-18 0.0
9346.00790000025 1.150690910622653e-18 0.0
9347.093900000249 1.150690910622653e-18 0.0
9348.179900000248 1.150690910622653e-18 0.0
9349.265900000248 1.150690910622653e-18 0.0
9350.351900000247 1.150690910622653e-18 0.0
9351.437900000246 1.150690910622653e-18 0.0
9352.523900000246 1.150690910622653e-18 0.0
9353.609900000245 1.150690910622653e-18 0.0
9354.695900000244 1.150690910622653e-18 0.0
9355.781900000244 1.150690910622653e-18 0.0
9356.867900000243 1.150690910622653e-18 0.0
9357.953900000242 1.150690910622653e-18 0.0
9359.039900000242 1.150690910622653e-18 0.0
9360.125900000241 1.150690910622653e-18 0.0
9361.21190000024 1.150690910622653e-18 0.0
9362.29790000024 1.150690910622653e-18 0.0
9363.383900000239 1.150690910622653e-18 0.0
9364.469900000238 1.150690910622653e-18 0.0
9365.555900000238 1.150690910622653e-18 0.0
9366.641900000237 1.150690910622653e-18 0.0
9367.727900000236 1.150690910622653e-18 0.0
9368.813900000236 1.150690910622653e-18 0.0
9369.899900000235 1.150690910622653e-18 0.0
9370.985900000234 1.150690910622653e-18 0.0
9372.071900000234 1.150690910622653e-18 0.0
9373.157900000233 1.150690910622653e-18 0.0
9374.243900000232 1.150690910622653e-18 0.0
9375.329900000232 1.150690910622653e-18 0.0
9376.415900000231 1.150690910622653e-18 0.0
9377.50190000023 1.150690910622653e-18 0.0
9378.58790000023 1.150690910622653e-18 0.0
9379.673900000229 1.150690910622653e-18 0.0
9380.759900000228 1.150690910622653e-18 0.0
9381.845900000228 1.150690910622653e-18 0.0
9382.931900000227 1.150690910622653e-18 0.0
9384.017900000226 1.150690910622653e-18 0.0
9385.103900000226 1.150690910622653e-18 0.0
9386.189900000225 1.150690910622653e-18 0.0
9387.275900000224 1.150690910622653e-18 0.0
9388.361900000224 1.150690910622653e-18 0.0
9389.447900000223 1.150690910622653e-18 0.0
9390.533900000222 1.150690910622653e-18 0.0
9391.619900000222 1.150690910622653e-18 0.0
9392.705900000221 1.150690910622653e-18 0.0
9393.79190000022 1.150690910622653e-18 0.0
9394.87790000022 1.150690910622653e-18 0.0
9395.963900000219 1.150690910622653e-18 0.0
9397.049900000218 1.150690910622653e-18 0.0
9398.135900000218 1.150690910622653e-18 0.0
9399.221900000217 1.150690910622653e-18 0.0
9400.307900000216 1.150690910622653e-18 0.0
9401.393900000216 1.150690910622653e-18 0.0
9402.479900000215 1.150690910622653e-18 0.0
9403.565900000214 1.150690910622653e-18 0.0
9404.651900000214 1.150690910622653e-18 0.0
9405.737900000213 1.150690910622653e-18 0.0
9406.823900000212 1.150690910622653e-18 0.0
9407.909900000212 1.150690910622653e-18 0.0
9408.99590000021 1.150690910622653e-18 0.0
9410.08190000021 1.150690910622653e-18 0.0
9411.16790000021 1.150690910622653e-18 0.0
9412.253900000209 1.150690910622653e-18 0.0
9413.339900000208 1.150690910622653e-18 0.0
9414.425900000208 1.150690910622653e-18 0.0
9415.511900000207 1.150690910622653e-18 0.0
9416.597900000206 1.150690910622653e-18 0.0
9417.683900000206 1.150690910622653e-18 0.0
9418.769900000205 1.150690910622653e-18 0.0
9419.855900000204 1.150690910622653e-18 0.0
9420.941900000204 1.150690910622653e-18 0.0
9422.027900000203 1.150690910622653e-18 0.0
9423.113900000202 1.150690910622653e-18 0.0
9424.199900000202 1.150690910622653e-18 0.0
9425.2859000002 1.150690910622653e-18 0.0
9426.3719000002 1.150690910622653e-18 0.0
9427.4579000002 1.150690910622653e-18 0.0
9428.543900000199 1.150690910622653e-18 0.0
9429.629900000198 1.150690910622653e-18 0.0
9430.715900000198 1.150690910622653e-18 0.0
9431.801900000197 1.150690910622653e-18 0.0
9432.887900000196 1.150690910622653e-18 0.0
9433.973900000195 1.150690910622653e-18 0.0
9435.059900000195 1.150690910622653e-18 0.0
9436.145900000194 1.150690910622653e-18 0.0
9437.231900000193 1.150690910622653e-18 0.0
9438.317900000193 1.150690910622653e-18 0.0
9439.403900000192 1.150690910622653e-18 0.0
9440.489900000191 1.150690910622653e-18 0.0
9441.57590000019 1.150690910622653e-18 0.0
9442.66190000019 1.150690910622653e-18 0.0
9443.74790000019 1.150690910622653e-18 0.0
9444.833900000189 1.150690910622653e-18 0.0
9445.919900000188 1.150690910622653e-18 0.0
9447.005900000187 1.150690910622653e-18 0.0
9448.091900000187 1.150690910622653e-18 0.0
9449.177900000186 1.150690910622653e-18 0.0
9450.263900000185 1.150690910622653e-18 0.0
9451.349900000185 1.150690910622653e-18 0.0
9452.435900000184 1.150690910622653e-18 0.0
9453.521900000183 1.150690910622653e-18 0.0
9454.607900000183 1.150690910622653e-18 0.0
9455.693900000182 1.150690910622653e-18 0.0
9456.779900000181 1.150690910622653e-18 0.0
9457.86590000018 1.150690910622653e-18 0.0
9458.95190000018 1.150690910622653e-18 0.0
9460.03790000018 1.150690910622653e-18 0.0
9461.123900000179 1.150690910622653e-18 0.0
9462.209900000178 1.150690910622653e-18 0.0
9463.295900000177 1.150690910622653e-18 0.0
9464.381900000177 1.150690910622653e-18 0.0
9465.467900000176 1.150690910622653e-18 0.0
9466.553900000175 1.150690910622653e-18 0.0
9467.639900000175 1.150690910622653e-18 0.0
9468.725900000174 1.150690910622653e-18 0.0
9469.811900000173 1.150690910622653e-18 0.0
9470.897900000173 1.150690910622653e-18 0.0
9471.983900000172 1.150690910622653e-18 0.0
9473.069900000171 1.150690910622653e-18 0.0
9474.15590000017 1.150690910622653e-18 0.0
9475.24190000017 1.150690910622653e-18 0.0
9476.32790000017 1.150690910622653e-18 0.0
9477.413900000169 1.150690910622653e-18 0.0
9478.499900000168 1.150690910622653e-18 0.0
9479.585900000167 1.150690910622653e-18 0.0
9480.671900000167 1.150690910622653e-18 0.0
9481.757900000166 1.150690910622653e-18 0.0
9482.843900000165 1.150690910622653e-18 0.0
9483.929900000165 1.150690910622653e-18 0.0
9485.015900000164 1.150690910622653e-18 0.0
9486.101900000163 1.150690910622653e-18 0.0
9487.187900000163 1.150690910622653e-18 0.0
9488.273900000162 1.150690910622653e-18 0.0
9489.359900000161 1.150690910622653e-18 0.0
9490.44590000016 1.150690910622653e-18 0.0
9491.53190000016 1.150690910622653e-18 0.0
9492.61790000016 1.150690910622653e-18 0.0
9493.703900000159 1.150690910622653e-18 0.0
9494.789900000158 1.150690910622653e-18 0.0
9495.875900000157 1.150690910622653e-18 0.0
9496.961900000157 1.150690910622653e-18 0.0
9498.047900000156 1.150690910622653e-18 0.0
9499.133900000155 1.150690910622653e-18 0.0
9500.219900000155 1.150690910622653e-18 0.0
9501.305900000154 1.150690910622653e-18 0.0
9502.391900000153 1.150690910622653e-18 0.0
9503.477900000153 1.150690910622653e-18 0.0
9504.563900000152 1.150690910622653e-18 0.0
9505.649900000151 1.150690910622653e-18 0.0
9506.73590000015 1.150690910622653e-18 0.0
9507.82190000015 1.150690910622653e-18 0.0
9508.90790000015 1.150690910622653e-18 0.0
9509.993900000149 1.150690910622653e-18 0.0
9511.079900000148 1.150690910622653e-18 0.0
9512.165900000147 1.150690910622653e-18 0.0
9513.251900000147 1.150690910622653e-18 0.0
9514.337900000146 1.150690910622653e-18 0.0
9515.423900000145 1.150690910622653e-18 0.0
9516.509900000145 1.150690910622653e-18 0.0
9517.595900000144 1.150690910622653e-18 0.0
9518.681900000143 1.150690910622653e-18 0.0
9519.767900000143 1.150690910622653e-18 0.0
9520.853900000142 1.150690910622653e-18 0.0
9521.939900000141 1.150690910622653e-18 0.0
9523.02590000014 1.150690910622653e-18 0.0
9524.11190000014 1.150690910622653e-18 0.0
9525.19790000014 1.150690910622653e-18 0.0
9526.283900000139 1.150690910622653e-18 0.0
9527.369900000138 1.150690910622653e-18 0.0
9528.455900000137 1.150690910622653e-18 0.0
9529.541900000137 1.150690910622653e-18 0.0
9530.627900000136 1.150690910622653e-18 0.0
9531.713900000135 1.150690910622653e-18 0.0
9532.799900000135 1.150690910622653e-18 0.0
9533.885900000134 1.150690910622653e-18 0.0
9534.971900000133 1.150690910622653e-18 0.0
9536.057900000133 1.150690910622653e-18 0.0
9537.143900000132 1.150690910622653e-18 0.0
9538.229900000131 1.150690910622653e-18 0.0
9539.31590000013 1.150690910622653e-18 0.0
9540.40190000013 1.150690910622653e-18 0.0
9541.48790000013 1.150690910622653e-18 0.0
9542.573900000129 1.150690910622653e-18 0.0
9543.659900000128 1.150690910622653e-18 0.0
9544.745900000127 1.150690910622653e-18 0.0
9545.831900000127 1.150690910622653e-18 0.0
9546.917900000126 1.150690910622653e-18 0.0
9548.003900000125 1.150690910622653e-18 0.0
9549.089900000125 1.150690910622653e-18 0.0
9550.175900000124 1.150690910622653e-18 0.0
9551.261900000123 1.150690910622653e-18 0.0
9552.347900000123 1.150690910622653e-18 0.0
9553.433900000122 1.150690910622653e-18 0.0
9554.519900000121 1.150690910622653e-18 0.0
9555.60590000012 1.150690910622653e-18 0.0
9556.69190000012 1.150690910622653e-18 0.0
9557.77790000012 1.150690910622653e-18 0.0
9558.863900000119 1.150690910622653e-18 0.0
9559.949900000118 1.150690910622653e-18 0.0
9561.035900000117 1.150690910622653e-18 0.0
9562.121900000117 1.150690910622653e-18 0.0
9563.207900000116 1.150690910622653e-18 0.0
9564.293900000115 1.150690910622653e-18 0.0
9565.379900000115 1.150690910622653e-18 0.0
9566.465900000114 1.150690910622653e-18 0.0
9567.551900000113 1.150690910622653e-18 0.0
9568.637900000112 1.150690910622653e-18 0.0
9569.723900000112 1.150690910622653e-18 0.0
9570.809900000111 1.150690910622653e-18 0.0
9571.89590000011 1.150690910622653e-18 0.0
9572.98190000011 1.150690910622653e-18 0.0
9574.06790000011 1.150690910622653e-18 0.0
9575.153900000108 1.150690910622653e-18 0.0
9576.239900000108 1.150690910622653e-18 0.0
9577.325900000107 1.150690910622653e-18 0.0
9578.411900000106 1.150690910622653e-18 0.0
9579.497900000106 1.150690910622653e-18 0.0
9580.583900000105 1.150690910622653e-18 0.0
9581.669900000104 1.150690910622653e-18 0.0
9582.755900000104 1.150690910622653e-18 0.0
9583.841900000103 1.150690910622653e-18 0.0
9584.927900000102 1.150690910622653e-18 0.0
9586.013900000102 1.150690910622653e-18 0.0
9587.099900000101 1.150690910622653e-18 0.0
9588.1859000001 1.150690910622653e-18 0.0
9589.2719000001 1.150690910622653e-18 0.0
9590.3579000001 1.150690910622653e-18 0.0
9591.443900000098 1.150690910622653e-18 0.0
9592.529900000098 1.150690910622653e-18 0.0
9593.615900000097 1.150690910622653e-18 0.0
9594.701900000096 1.150690910622653e-18 0.0
9595.787900000096 1.150690910622653e-18 0.0
9596.873900000095 1.150690910622653e-18 0.0
9597.959900000094 1.150690910622653e-18 0.0
9599.045900000094 1.150690910622653e-18 0.0
9600.131900000093 1.150690910622653e-18 0.0
9601.217900000092 1.150690910622653e-18 0.0
9602.303900000092 1.150690910622653e-18 0.0
9603.389900000091 1.150690910622653e-18 0.0
9604.47590000009 1.150690910622653e-18 0.0
9605.56190000009 1.150690910622653e-18 0.0
9606.647900000089 1.150690910622653e-18 0.0
9607.733900000088 1.150690910622653e-18 0.0
9608.819900000088 1.150690910622653e-18 0.0
9609.905900000087 1.150690910622653e-18 0.0
9610.991900000086 1.150690910622653e-18 0.0
9612.077900000086 1.150690910622653e-18 0.0
9613.163900000085 1.150690910622653e-18 0.0
9614.249900000084 1.150690910622653e-18 0.0
9615.335900000084 1.150690910622653e-18 0.0
9616.421900000083 1.150690910622653e-18 0.0
9617.507900000082 1.150690910622653e-18 0.0
9618.593900000082 1.150690910622653e-18 0.0
9619.679900000081 1.150690910622653e-18 0.0
9620.76590000008 1.150690910622653e-18 0.0
9621.85190000008 1.150690910622653e-18 0.0
9622.937900000079 1.150690910622653e-18 0.0
9624.023900000078 1.150690910622653e-18 0.0
9625.109900000078 1.150690910622653e-18 0.0
9626.195900000077 1.150690910622653e-18 0.0
9627.281900000076 1.150690910622653e-18 0.0
9628.367900000076 1.150690910622653e-18 0.0
9629.453900000075 1.150690910622653e-18 0.0
9630.539900000074 1.150690910622653e-18 0.0
9631.625900000074 1.150690910622653e-18 0.0
9632.711900000073 1.150690910622653e-18 0.0
9633.797900000072 1.150690910622653e-18 0.0
9634.883900000072 1.150690910622653e-18 0.0
9635.969900000071 1.150690910622653e-18 0.0
9637.05590000007 1.150690910622653e-18 0.0
9638.14190000007 1.150690910622653e-18 0.0
9639.227900000069 1.150690910622653e-18 0.0
9640.313900000068 1.150690910622653e-18 0.0
9641.399900000068 1.150690910622653e-18 0.0
9642.485900000067 1.150690910622653e-18 0.0
9643.571900000066 1.150690910622653e-18 0.0
9644.657900000066 1.150690910622653e-18 0.0
9645.743900000065 1.150690910622653e-18 0.0
9646.829900000064 1.150690910622653e-18 0.0
9647.915900000064 1.150690910622653e-18 0.0
9649.001900000063 1.150690910622653e-18 0.0
9650.087900000062 1.150690910622653e-18 0.0
9651.173900000062 1.150690910622653e-18 0.0
9652.259900000061 1.150690910622653e-18 0.0
9653.34590000006 1.150690910622653e-18 0.0
9654.43190000006 1.150690910622653e-18 0.0
9655.517900000059 1.150690910622653e-18 0.0
9656.603900000058 1.150690910622653e-18 0.0
9657.689900000058 1.150690910622653e-18 0.0
9658.775900000057 1.150690910622653e-18 0.0
9659.861900000056 1.150690910622653e-18 0.0
9660.947900000056 1.150690910622653e-18 0.0
9662.033900000055 1.150690910622653e-18 0.0
9663.119900000054 1.150690910622653e-18 0.0
9664.205900000054 1.150690910622653e-18 0.0
9665.291900000053 1.150690910622653e-18 0.0
9666.377900000052 1.150690910622653e-18 0.0
9667.463900000052 1.150690910622653e-18 0.0
9668.549900000051 1.150690910622653e-18 0.0
9669.63590000005 1.150690910622653e-18 0.0
9670.72190000005 1.150690910622653e-18 0.0
9671.807900000049 1.150690910622653e-18 0.0
9672.893900000048 1.150690910622653e-18 0.0
9673.979900000048 1.150690910622653e-18 0.0
9675.065900000047 1.150690910622653e-18 0.0
9676.151900000046 1.150690910622653e-18 0.0
9677.237900000046 1.150690910622653e-18 0.0
9678.323900000045 1.150690910622653e-18 0.0
9679.409900000044 1.150690910622653e-18 0.0
9680.495900000044 1.150690910622653e-18 0.0
9681.581900000043 1.150690910622653e-18 0.0
9682.667900000042 1.150690910622653e-18 0.0
9683.753900000042 1.150690910622653e-18 0.0
9684.83990000004 1.150690910622653e-18 0.0
9685.92590000004 1.150690910622653e-18 0.0
9687.01190000004 1.150690910622653e-18 0.0
9688.097900000039 1.150690910622653e-18 0.0
9689.183900000038 1.150690910622653e-18 0.0
9690.269900000038 1.150690910622653e-18 0.0
9691.355900000037 1.150690910622653e-18 0.0
9692.441900000036 1.150690910622653e-18 0.0
9693.527900000036 1.150690910622653e-18 0.0
9694.613900000035 1.150690910622653e-18 0.0
9695.699900000034 1.150690910622653e-18 0.0
9696.785900000034 1.150690910622653e-18 0.0
9697.871900000033 1.150690910622653e-18 0.0
9698.957900000032 1.150690910622653e-18 0.0
9700.043900000031 1.150690910622653e-18 0.0
9701.12990000003 1.150690910622653e-18 0.0
9702.21590000003 1.150690910622653e-18 0.0
9703.30190000003 1.150690910622653e-18 0.0
9704.387900000029 1.150690910622653e-18 0.0
9705.473900000028 1.150690910622653e-18 0.0
9706.559900000027 1.150690910622653e-18 0.0
9707.645900000027 1.150690910622653e-18 0.0
9708.731900000026 1.150690910622653e-18 0.0
9709.817900000025 1.150690910622653e-18 0.0
9710.903900000025 1.150690910622653e-18 0.0
9711.989900000024 1.150690910622653e-18 0.0
9713.075900000023 1.150690910622653e-18 0.0
9714.161900000023 1.150690910622653e-18 0.0
9715.247900000022 1.150690910622653e-18 0.0
9716.333900000021 1.150690910622653e-18 0.0
9717.41990000002 1.150690910622653e-18 0.0
9718.50590000002 1.150690910622653e-18 0.0
9719.59190000002 1.150690910622653e-18 0.0
9720.677900000019 1.150690910622653e-18 0.0
9721.763900000018 1.150690910622653e-18 0.0
9722.849900000017 1.150690910622653e-18 0.0
9723.935900000017 1.150690910622653e-18 0.0
9725.021900000016 1.150690910622653e-18 0.0
9726.107900000015 1.150690910622653e-18 0.0
9727.193900000015 1.150690910622653e-18 0.0
9728.279900000014 1.150690910622653e-18 0.0
9729.365900000013 1.150690910622653e-18 0.0
9730.451900000013 1.150690910622653e-18 0.0
9731.537900000012 1.150690910622653e-18 0.0
9732.623900000011 1.150690910622653e-18 0.0
9733.70990000001 1.150690910622653e-18 0.0
9734.79590000001 1.150690910622653e-18 0.0
9735.88190000001 1.150690910622653e-18 0.0
9736.967900000009 1.150690910622653e-18 0.0
9738.053900000008 1.150690910622653e-18 0.0
9739.139900000007 1.150690910622653e-18 0.0
9740.225900000007 1.150690910622653e-18 0.0
9741.311900000006 1.150690910622653e-18 0.0
9742.397900000005 1.150690910622653e-18 0.0
9743.483900000005 1.150690910622653e-18 0.0
9744.569900000004 1.150690910622653e-18 0.0
9745.655900000003 1.150690910622653e-18 0.0
9746.741900000003 1.150690910622653e-18 0.0
9747.827900000002 1.150690910622653e-18 0.0
9748.913900000001 1.150690910622653e-18 0.0
9749.9999 1.150690910622653e-18 0.0
9751.0859 1.150690910622653e-18 0.0
9752.1719 2.5557691903511496e-18 4.874163051494604e-19
9753.2579 3.990736630215634e-18 4.672071925805421e-19
9754.3439 2.0297464461308817e-18 4.58484500633102e-19
9755.4299 2.9483640396640206e-18 4.613995913832451e-19
9756.5158 1.3253206023220227e-18 4.675966749127672e-19
9757.6018 7.977400934987263e-19 4.681093976945199e-19
9758.6878 5.98436490378838e-19 4.826156654410539e-19
9759.7738 1.4598648723911925e-18 4.762993848504726e-19
9760.8597 1.4178142894748538e-18 4.286842219325231e-19
9761.9457 1.336738551001451e-18 4.036797586694926e-19
9763.0317 1.3012860997142445e-18 4.550820626933521e-19
9764.1176 5.757462672843991e-19 4.1761269180727526e-19
9765.2036 1.4032839162354423e-18 4.611864255410678e-19
9766.2896 2.7235864664298905e-18 4.059471925638082e-19
9767.3756 2.754560997485983e-18 3.9338339068450253e-19
9768.4615 1.1275767356933781e-18 3.966055156503917e-19
9769.5475 4.863045578029183e-19 4.2658401031452088e-19
9770.6335 1.1198153144764474e-18 4.540758309229301e-19
9771.7195 1.1738050855519277e-18 4.6356705145245685e-19
9772.8054 6.688858009765092e-19 4.198670609303704e-19
9773.8914 -6.881490689874675e-20 3.7825672588231825e-19
9774.9774 -8.602236666466239e-20 3.861184499831199e-19
9776.0633 7.083212258512243e-19 3.739731176286095e-19
9777.1493 5.741362782973873e-19 3.7141688066859976e-19
9778.2353 2.1355614616841368e-18 3.621800888028856e-19
9779.3213 1.8304249487406285e-18 3.68599138115548e-19
9780.4072 7.644613337341196e-19 3.572485415876713e-19
9781.4932 5.038505727984035e-19 3.8122273124111504e-19
9782.5792 1.210759468795546e-18 3.80162463379043e-19
9783.6652 1.28957742953007e-18 3.8457213346310456e-19
9784.7511 1.6346658052969239e-18 3.8367330327267474e-19
9785.8371 2.109712294177722e-18 4.425482601013297e-19
9786.9231 7.982645117716731e-19 3.812687958451732e-19
9788.009 1.4990184834497058e-18 4.122140258919922e-19
9789.095 -8.033204216763466e-19 5.022549699789872e-19
9790.181 8.636047171830513e-19 8.369451697772062e-19
9791.267 1.1866369908031864e-18 1.3735191758027414e-18
9792.3529 -2.120698579092733e-18 2.214029130967145e-18
9793.4389 -4.5681324908040634e-18 2.4466140759819224e-18
9794.5249 -3.8334978727309445e-19 2.3861853620180686e-18
9795.6109 -2.804617740255858e-18 1.9398295703316456e-18
9796.6968 -2.378432485326097e-19 9.921175460141567e-19
9797.7828 8.756202152484572e-19 6.028322895630335e-19
9798.8688 1.4102162173249389e-18 6.290599691641126e-19
9799.9548 1.7002504760108552e-18 8.676112813528955e-19
9801.0407 1.7198552890668756e-18 1.293147804563463e-18
9802.1267 2.6565414697813375e-19 1.3529830015137022e-18
9803.2127 2.3464275222454544e-19 1.3237516003712587e-18
9804.2986 2.7444485179324984e-19 1.103779933757757e-18
9805.3846 1.3548198311143864e-18 6.016046634974164e-19
9806.4706 -5.131820024640306e-19 4.004037726612708e-19
9807.5566 1.324350585549141e-18 4.213791642330586e-19
9808.6425 -8.163982133709123e-19 5.338211868056492e-19
9809.7285 7.223044563193946e-19 5.804334234763452e-19
9810.8145 1.5100056133510788e-18 5.909401905930009e-19
9811.9005 2.323645538446666e-18 6.445649585092073e-19
9812.9864 7.802146901325176e-19 7.776599184389526e-19
9814.0724 3.191578905877398e-19 8.43440391499681e-19
9815.1584 -1.2856832819792198e-18 8.381567308012073e-19
9816.2443 1.57554284913554e-18 7.786600925676822e-19
9817.3303 1.1528108226471005e-18 6.185756079821807e-19
9818.4163 -7.638774042736757e-20 5.49636194014807e-19
9819.5023 1.5061038077040907e-19 5.765029073981305e-19
9820.5882 -3.2470369744786585e-19 5.701336571896814e-19
9821.6742 1.4247963475301832e-18 5.228694226746967e-19
9822.7602 2.4424745784078275e-18 4.528300389911401e-19
9823.8462 1.6874181921629133e-18 4.529359508177653e-19
9824.9321 2.7044406555992944e-18 4.051118540319093e-19
9826.0181 -3.950071980111112e-20 3.856496357021136e-19
9827.1041 1.0419599135847824e-18 3.9325940659387204e-19
9828.19 1.3993340397967867e-18 5.548539259672765e-19
9829.276 1.426401536097255e-18 5.166385189103606e-19
9830.362 1.4855764623822696e-18 5.417320428729705e-19
9831.448 2.1872078014682528e-18 5.401625495625116e-19
9832.5339 1.7910118700568047e-18 4.995968600040786e-19
9833.6199 1.0848074970517508e-18 4.428586069433069e-19
9834.7059 1.5590890205236257e-18 3.867377516993225e-19
9835.7919 9.76776730433477e-19 3.623521075523944e-19
9836.8778 9.816992164445425e-19 3.6711933036471004e-19
9837.9638 7.097623748049777e-19 3.715062151551758e-19
9839.0498 8.292323904087902e-19 3.5241764472796127e-19
9840.1357 7.046870504755054e-19 3.449790953110349e-19
9841.2217 4.364726544490762e-19 3.6917781714558543e-19
9842.3077 1.5846904757451421e-18 3.6121058308580974e-19
9843.3937 2.4086063800072517e-18 3.430632652185544e-19
9844.4796 6.556005895260267e-19 3.262641551059263e-19
9845.5656 1.1919160282245167e-18 3.331123081347178e-19
9846.6516 -1.941593705150004e-20 3.6579995425556773e-19
9847.7376 1.485761082935757e-18 4.373396675775956e-19
9848.8235 9.240551566113855e-19 6.950871843816599e-19
9849.9095 6.97528334994539e-19 1.1078385617069906e-18
9850.9955 1.777419222331264e-18 1.2133159224815237e-18
9852.0814 1.3644291606909086e-18 1.1884759231167871e-18
9853.1674 7.24944827605684e-19 9.37491748413542e-19
9854.2534 7.639431768082278e-19 4.787555738958116e-19
9855.3394 7.5231702663086055e-19 3.481741477590529e-19
9856.4253 5.66200292337142e-20 3.2917135304487863e-19
9857.5113 -3.2587867071281517e-19 3.234188883735681e-19
9858.5973 2.234420498962236e-19 3.2215462894654093e-19
9859.6833 1.3471272940309518e-18 3.2260614209657782e-19
9860.7692 1.2264646817856391e-18 3.195126088534324e-19
9861.8552 1.8427095435435392e-19 3.2266526400244125e-19
9862.9412 1.3802304202496792e-18 3.198785906124286e-19
9864.0271 1.6649284410666048e-18 3.1161965969291667e-19
9865.1131 1.2889680219853364e-18 3.1469433307927283e-19
9866.1991 1.1943740469844834e-18 3.2233276098057547e-19
9867.2851 7.895267345874987e-19 3.143486491492407e-19
9868.371 2.1652868543117803e-18 3.3516468878083625e-19
9869.457 1.8604635237187863e-18 3.6824184204851656e-19
9870.543 2.261079555313794e-18 4.3150279830048377e-19
9871.629 1.669609484734437e-18 6.392611091601628e-19
9872.7149 1.1241241262746065e-18 1.2623416204862929e-18
9873.8009 1.3918905458587974e-18 2.0755282974177206e-18
9874.8869 4.329304020642454e-18 2.2330404755597166e-18
9875.9729 1.5820829762682267e-18 1.986194599086884e-18
9877.0588 1.4008831123838871e-18 1.257406248015963e-18
9878.1448 1.5071815071724088e-18 5.193308266258569e-19
9879.2308 8.403507887881797e-19 3.5856172131306736e-19
9880.3167 1.9090640974111376e-18 3.2613576746253037e-19
9881.4027 2.0997484740508984e-18 3.259822476828978e-19
9882.4887 2.1653045665786787e-18 3.2255146022608653e-19
9883.5747 1.3966120229843802e-18 3.2081313118725323e-19
9884.6606 5.72944663079926e-19 3.4379336863911813e-19
9885.7466 8.611310868953328e-19 3.732984944937148e-19
9886.8326 9.198600583181609e-19 4.3096076985309066e-19
9887.9186 -1.6591884329439067e-20 4.711696957852435e-19
9889.0045 4.800610225362924e-20 4.966734972601851e-19
9890.0905 1.3492581842941524e-18 4.814007984866135e-19
9891.1765 1.9919358824284838e-18 3.9011052257809175e-19
9892.2624 9.154616150409203e-19 3.3494084564551507e-19
9893.3484 1.7473004297696184e-18 3.5856286928555196e-19
9894.4344 3.4205971850502755e-19 5.030560388376972e-19
9895.5204 -2.172657391324998e-18 9.678927383402681e-19
9896.6063 -1.686832191382039e-18 1.308508628128735e-18
9897.6923 -5.948457875389476e-19 1.342291697291877e-18
9898.7783 -3.5070097483982904e-20 1.2177023213637694e-18
9899.8643 1.1831228352647481e-18 7.710816049984463e-19
9900.9502 1.217324326857069e-18 4.664081917282369e-19
9902.0362 1.7900161369992944e-18 3.8484422073479373e-19
9903.1222 2.8070536486902803e-18 3.704177942551932e-19
9904.2081 1.4608809431855883e-18 3.5816810626003003e-19
9905.2941 3.2829554439234813e-19 3.414974846999227e-19
9906.3801 2.7524043985516473e-19 3.0562275073701786e-19
9907.4661 1.9726916849688712e-18 2.950974430490358e-19
9908.552 1.6621816144584088e-18 2.9817431910746755e-19
9909.638 1.736105715648985e-18 3.0684207122925046e-19
9910.724 1.1052105773178179e-18 3.3809168370522113e-19
9911.81 9.9000464120757e-19 3.458613902495741e-19
9912.8959 9.787113721235736e-19 3.974115008266288e-19
9913.9819 -2.3704111481636493e-19 5.832128201798157e-19
9915.0679 4.422604052072714e-19 1.188810122564148e-18
9916.1538 -1.7648496388679562e-18 1.9082924657732515e-18
9917.2398 -2.416671058851261e-18 2.001906338843591e-18
9918.3258 1.1086493534739555e-18 1.9105031583678936e-18
9919.4118 4.537837115900223e-18 1.3600053918676016e-18
9920.4977 1.0975974670828984e-18 6.278946026123781e-19
9921.5837 -1.1655054853900736e-19 3.691261496659103e-19
9922.6697 1.439491860464873e-18 3.3977896089435e-19
9923.7557 5.962185261199069e-19 3.3915502112761197e-19
9924.8416 1.1864287974961897e-19 3.332198230432583e-19
9925.9276 1.4482000710568528e-18 3.2186342284954816e-19
9927.0136 3.178201574541275e-19 3.258394304895446e-19
9928.0995 3.415124065323271e-21 3.239206748367126e-19
9929.1855 8.046772580761364e-19 3.207637802937899e-19
9930.2715 2.3796354140600675e-19 3.2055249444054065e-19
9931.3575 -6.909865763764449e-20 3.1856074516173627e-19
9932.4434 9.822804173778427e-20 3.244502218703437e-19
9933.5294 -3.5684160497907256e-20 3.264458850965694e-19
9934.6154 1.6089844082079164e-18 3.2327217737084537e-19
9935.7014 5.639001260413195e-19 3.2921625445623044e-19
9936.7873 1.1698843703961106e-18 3.2570001358933254e-19
9937.8733 1.6773622310864485e-20 3.2934405273690694e-19
9938.9593 -8.413252258192181e-20 3.417768115530575e-19
9940.0452 -2.2763253601743774e-19 3.7032243628285006e-19
9941.1312 3.9334225277463545e-19 4.550657078607715e-19
9942.2172 1.042506942398515e-18 8.72785430798507e-19
9943.3032 -2.188743507480214e-18 1.3096747761044405e-18
9944.3891 -4.3428189633141485e-19 1.4156163056214309e-18
9945.4751 1.3180249750259823e-19 1.5102478364301723e-18
9946.5611 3.908808418147795e-18 1.686480243510891e-18
9947.6471 6.887124506038431e-19 1.8214236823497133e-18
9948.733 -1.410585900083172e-18 1.98417554711472e-18
9949.819 2.96819193430548e-19 1.926047667595164e-18
9950.905 9.931978209873757e-19 1.6324722994295363e-18
9951.991 -7.421636795958857e-20 1.163138301900659e-18
9953.0769 1.1727389845653753e-18 7.743078182883863e-19
9954.1629 -2.0715456222888415e-20 5.283982512893278e-19
9955.2489 1.0885030604320714e-18 4.409222346178767e-19
9956.3348 1.1711941892521859e-18 6.016191345148044e-19
9957.4208 1.0984303082738306e-18 1.2343408913520686e-18
9958.5068 7.206963816663518e-20 1.5893296002853937e-18
9959.5928 1.947394922968174e-18 1.5957441899119081e-18
9960.6787 2.9688581016790494e-18 1.5436997730906498e-18
9961.7647 1.9516123928704555e-18 1.2576103443549364e-18
9962.8507 1.6482487089606174e-18 1.4133063274793357e-18
9963.9367 1.0003186191386947e-18 1.602740269529893e-18
9965.0226 5.023009640260924e-19 1.5832671052396727e-18
9966.1086 2.857612176532352e-19 1.514418904924266e-18
9967.1946 -2.1318061987620551e-19 8.334076883162107e-19
9968.2805 3.1356198915599986e-19 4.8584206430920205e-19
9969.3665 8.014348201186075e-19 3.2740887835114684e-19
9970.4525 7.360294555145325e-19 3.090791108508773e-19
9971.5385 1.0256969551324226e-18 3.6890800360043345e-19
9972.6244 2.4232254825759294e-19 5.605235206020586e-19
9973.7104 -7.780928621084455e-19 8.259103042509011e-19
9974.7964 -3.7672463943251586e-19 8.831883681295257e-19
9975.8824 1.8711967709573134e-18 8.748802399390963e-19
9976.9683 2.455385600021402e-18 8.250682827378205e-19
9978.0543 -1.0659370273196943e-20 5.062999112152053e-19
9979.1403 1.3314693886549193e-18 4.650566712465102e-19
9980.2262 8.712581672503337e-19 4.713276095561856e-19
9981.3122 4.137329486904144e-19 4.930471804374851e-19
9982.3982 1.8643912327720323e-18 4.806200429754226e-19
9983.4842 1.656835355649196e-18 4.0509968258232444e-19
9984.5701 8.991552379483629e-19 3.4428863946995193e-19
9985.6561 2.7637731872710335e-19 3.035792802586444e-19
9986.7421 2.6614829026138947e-19 2.913975181284498e-19
9987.8281 7.653280778617203e-19 2.7557097831272883e-19
9988.914 1.7027052974613849e-18 2.668801828606949e-19
9990.0 7.194958942333825e-19 2.781721253524871e-19
9991.086 8.252601001173037e-19 3.341089909748319e-19
9992.1719 -1.1297695391035422e-19 3.0740748533921064e-19
9993.2579 7.361171236970289e-19 2.7275727848348306e-19
9994.3439 5.912275996585368e-20 2.6225337275290966e-19
9995.4299 1.4057018595496106e-19 2.565411933415248e-19
9996.5158 7.916609035629672e-19 2.565463625589219e-19
9997.6018 1.0882839281597562e-18 2.5807682386872956e-19
9998.6878 1.4953541611351366e-18 2.783921132007903e-19
9999.7738 1.9334432032789339e-19 3.6947927622386797e-19
10000.86 1.1687042109243319e-18 5.984990342482082e-19
10001.946 -3.0985556948902274e-19 7.765502018474722e-19
10003.032 1.0274060964231458e-18 8.012724167185078e-19
10004.118 -4.2242419165028837e-19 7.600867655273521e-19
10005.204 -1.9035462233818594e-19 5.334092250212189e-19
10006.29 2.0962084004252108e-18 3.523021270552901e-19
10007.376 2.0363934995249662e-18 2.9234916714442535e-19
10008.462 1.3324322402801936e-18 2.6581658939408467e-19
10009.548 7.251934605532276e-19 2.8246684435810694e-19
10010.633 9.873387941758406e-19 3.4213430672459947e-19
10011.719 8.559897238037039e-19 5.38151871129723e-19
10012.805 -6.206488237719291e-19 1.0016452725039652e-18
10013.891 -4.213944634497377e-18 1.873723594061484e-18
10014.977 1.6805651384580747e-19 2.7224310385499173e-18
10016.063 1.0142122786211828e-18 2.2925132539246327e-18
10017.149 7.401923643760073e-19 1.9319597886193194e-18
10018.235 1.9721696003485915e-18 1.2053635608677329e-18
10019.321 8.253044973471103e-19 5.728368084410281e-19
10020.407 1.7012192004164607e-18 3.3480601180667346e-19
10021.493 1.4621786723044731e-18 3.304157326592326e-19
10022.579 6.717428113545739e-19 3.976012539565571e-19
10023.665 1.8114598908713935e-18 4.497497603989189e-19
10024.751 4.774849628111066e-19 5.161174397119596e-19
10025.837 1.5437169746423615e-18 7.479904413632646e-19
10026.923 1.4262437808394068e-18 1.0979806422465991e-18
10028.009 -1.2002214564396376e-18 1.1755803300460147e-18
10029.095 -9.902131735820881e-19 1.1567834715088207e-18
10030.181 3.5299541833955886e-19 8.816985034577457e-19
10031.267 1.0684703280672375e-18 4.115749059251947e-19
10032.353 1.4228914154259507e-18 2.960834899127411e-19
10033.439 1.4649243676554051e-18 2.7070745464661844e-19
10034.525 1.5554987106828487e-18 2.6830428511571323e-19
10035.611 1.2011140116593035e-18 2.699907879617508e-19
10036.697 1.298793407633358e-18 2.8540317331893936e-19
10037.783 9.900547672606781e-19 3.0677136822712414e-19
10038.869 5.428199562839743e-19 3.3392913019468165e-19
10039.955 6.951926411039941e-19 3.459012117633152e-19
10041.041 4.346531191348184e-19 3.306235404890714e-19
10042.127 -1.394971262643215e-19 3.213114012373566e-19
10043.213 8.670326704798866e-19 3.737064510626504e-19
10044.299 1.6888659429645012e-19 5.453756459004562e-19
10045.385 5.183758109749285e-19 7.239308046900686e-19
10046.471 8.617047923241364e-19 7.353061192637312e-19
10047.557 1.0012310896893923e-18 7.289511990095878e-19
10048.643 1.8131520126513822e-18 4.896249854068447e-19
10049.729 1.112186902445729e-18 2.926073635578639e-19
10050.814 8.983499645010106e-19 2.496256617192175e-19
10051.9 1.329754122497227e-18 2.4861243995325285e-19
10052.986 1.299332932910112e-18 2.4838788470660907e-19
10054.072 1.3791385607027911e-18 2.323079230672533e-19
10055.158 9.134159017072022e-19 2.2802311872460917e-19
10056.244 1.1303468206732748e-18 2.2862552276021056e-19
10057.33 1.4074426663518565e-18 2.362293824488994e-19
10058.416 1.7628574287699117e-18 2.7962666074787127e-19
10059.502 2.3966073909231505e-18 3.7798481428835815e-19
10060.588 1.2150041389815748e-18 5.719185487332022e-19
10061.674 8.986524247303015e-19 8.347678793911128e-19
10062.76 1.4789055746750983e-18 1.0576626298407738e-18
10063.846 9.194883547670423e-19 1.010982517987897e-18
10064.932 1.6274811950860205e-19 8.538128905405006e-19
10066.018 1.6718110945420817e-19 5.533380215497821e-19
10067.104 -2.2687655155951296e-19 4.215053586039974e-19
10068.19 2.679970347242171e-19 4.409295720439326e-19
10069.276 6.309471948935291e-19 4.882658744145712e-19
10070.362 -7.051304255095154e-19 5.311241878207208e-19
10071.448 3.3453121247834193e-19 6.27776135500879e-19
10072.534 8.309603608258867e-19 6.935275606609272e-19
10073.62 7.646667276391393e-19 6.78734868342834e-19
10074.706 1.363231660674814e-18 6.655722082527558e-19
10075.792 1.159302717919608e-18 5.037136113640705e-19
10076.878 1.278609515578898e-18 3.3336456216210027e-19
10077.964 1.1341562361251249e-18 2.771855316385223e-19
10079.05 3.8120820307817092e-19 2.791310861615312e-19
10080.136 2.5401974921490303e-19 3.054319603934939e-19
10081.222 1.298840284424182e-18 3.792109227679912e-19
10082.308 1.2333435353831901e-18 5.564848334858596e-19
10083.394 2.648018632907217e-18 1.1766161328949396e-18
10084.48 3.982631280707948e-18 1.5175972424805421e-18
10085.566 1.782365728513598e-18 1.5315097277443044e-18
10086.652 9.717580247669762e-19 1.358572727154335e-18
10087.738 6.507301653274597e-19 6.92768001547872e-19
10088.824 5.824665721759033e-21 3.442335606052724e-19
10089.91 1.1559729764052124e-18 2.5704430177453653e-19
10090.995 1.6735144381326699e-18 2.578826027858444e-19
10092.081 9.428981063796755e-19 2.5791990054972413e-19
10093.167 9.156885611973959e-19 2.539011133216952e-19
10094.253 1.0228574782648517e-18 2.5157229695404627e-19
10095.339 1.410678813376138e-18 2.4892137160866265e-19
10096.425 4.700875944474631e-19 2.644914483785309e-19
10097.511 8.865018856002654e-19 2.936578718836121e-19
10098.597 5.871134373711815e-19 3.1792178838382196e-19
10099.683 9.214627633987223e-19 3.3410776844434324e-19
10100.769 1.232252121450208e-18 3.3437410884325727e-19
10101.855 1.0324779658441775e-18 3.281566619607507e-19
10102.941 2.2791057072733656e-19 3.719476329678178e-19
10104.027 -3.220618243170403e-19 5.859368177524076e-19
10105.113 -2.0267723649649155e-19 9.55392892110197e-19
10106.199 9.943188272342958e-19 1.0141605326766594e-18
10107.285 1.966877689946421e-18 9.685996967175894e-19
10108.371 1.4964894134892324e-18 7.064969009888591e-19
10109.457 1.921711657766811e-18 3.544694100721047e-19
10110.543 9.967129768017117e-19 2.3247618505087134e-19
10111.629 7.290193827071953e-19 2.2303232780296662e-19
10112.715 7.484107385960134e-19 2.2027216080933924e-19
10113.801 9.368331042681225e-19 2.2588999552610716e-19
10114.887 6.522340215557776e-19 2.1338051764164881e-19
10115.973 6.214189576963374e-19 2.211810697000297e-19
10117.059 9.415416673820279e-19 2.197107712222434e-19
10118.145 8.021353687188966e-19 2.194906493299434e-19
10119.231 6.474908451054818e-19 2.2610584686965217e-19
10120.317 8.814611829596578e-19 2.339902494933338e-19
10121.403 1.3296321773854271e-18 2.512891531983221e-19
10122.489 1.6739928795273797e-18 3.4329572649775723e-19
10123.575 1.2053274711578655e-18 6.095622037004584e-19
10124.661 2.4787657805596753e-18 1.1547819524501794e-18
10125.747 3.67235700777364e-18 1.608915327894179e-18
10126.833 8.161899524721489e-19 1.6288220129656533e-18
10127.919 -2.0334686288364437e-18 1.5332499387302648e-18
10129.005 -1.8568519990689585e-18 9.90441954972134e-19
10130.09 4.800016475096339e-21 4.411717565095997e-19
10131.176 9.703974205341592e-19 2.884720923611724e-19
10132.262 1.2088086973731919e-19 2.7772024648846046e-19
10133.348 2.16839319214085e-19 3.4427193725064975e-19
10134.434 6.637927171424302e-19 4.0749984486710974e-19
10135.52 9.791504577786175e-19 4.0915738151709956e-19
10136.606 9.346249773359362e-19 4.067429110155201e-19
10137.692 1.0114463318230779e-18 3.6456547182427494e-19
10138.778 2.9452761703068875e-19 2.7129230982266093e-19
10139.864 7.347582204212238e-19 2.5086949325293273e-19
10140.95 1.747887643076056e-18 2.552571320688702e-19
10142.036 8.252779919593228e-19 2.463417055714838e-19
10143.122 1.192661136466255e-18 2.6265262280177763e-19
10144.208 1.188232856441799e-18 3.4148025514967507e-19
10145.294 1.5885638375185433e-19 4.3238277265261044e-19
10146.38 1.8457942192072138e-19 4.603969598309917e-19
10147.466 1.490002834967893e-18 4.880219594092745e-19
10148.552 1.3662984126152607e-18 4.786601309607134e-19
10149.638 -8.424603988539082e-20 4.729972661750898e-19
10150.724 6.830362478964631e-19 5.116243821120832e-19
10151.81 1.3646422738376342e-18 5.107715164897071e-19
10152.896 1.000430570472219e-18 5.847145583483166e-19
10153.982 3.343513066838073e-18 8.98064792177771e-19
10155.068 1.0676872599614139e-18 1.003910858215889e-18
10156.154 -1.8672686629218166e-19 1.0032270796719191e-18
10157.24 1.8782220724474535e-18 9.210574432363181e-19
10158.326 1.5082423335857563e-18 6.561474307504762e-19
10159.412 6.966712062308991e-19 6.105171865117883e-19
10160.498 2.513974746578622e-19 6.850241078903088e-19
10161.584 2.604503505114708e-19 6.893084437625258e-19
10162.67 8.48467007243015e-19 6.48103071541641e-19
10163.756 -4.498594640239984e-20 4.857716585976447e-19
10164.842 3.777166849091254e-19 4.1951619474892756e-19
10165.928 1.48672631051257e-18 5.213081268495667e-19
10167.014 3.8573649362131477e-19 5.309951839673199e-19
10168.1 1.001679167078449e-18 5.276887844305888e-19
10169.186 2.076824971956199e-18 5.028950256097482e-19
10170.271 1.1707923497140207e-18 4.461651797727889e-19
10171.357 4.472760023206608e-19 6.061990549437791e-19
10172.443 -1.4089706640063647e-19 1.3221854592810317e-18
10173.529 -1.6014759300979436e-18 1.6979362329580257e-18
10174.615 1.6795179666418477e-18 1.7554493226847854e-18
10175.701 9.089262985627092e-19 1.6730573627468443e-18
10176.787 1.3335033556855014e-18 1.2302541882115936e-18
10177.873 2.0063501817095282e-18 5.6899119929195115e-19
10178.959 2.2688076196078305e-20 2.7633271809369733e-19
10180.045 9.375232536717077e-19 3.1085251664271244e-19
10181.131 9.086929107842944e-19 3.7048252157971997e-19
10182.217 1.643597438824475e-18 6.328701368705878e-19
10183.303 1.4303636038394175e-18 7.328549523095176e-19
10184.389 3.961319484320019e-19 7.303809653798719e-19
10185.475 9.341295576992691e-19 6.765103486489328e-19
10186.561 1.5512792775154101e-18 4.559488096901408e-19
10187.647 1.4951093129278571e-18 3.5386912530864535e-19
10188.733 7.184396599813e-19 4.0311607366862703e-19
10189.819 2.322379424237782e-18 6.483046634482718e-19
10190.905 -1.3096818684651456e-18 1.2014093369671274e-18
10191.991 -5.747112695486185e-19 1.39885969819029e-18
10193.077 2.6307801020121115e-19 1.3881398991144168e-18
10194.163 -1.0106434776933216e-18 1.228610949519251e-18
10195.249 -1.9760485683894965e-19 6.316460005866085e-19
10196.335 5.478981593060137e-19 3.3167936955346674e-19
10197.421 2.7090031991284516e-19 3.112005436846051e-19
10198.507 1.4579594935453018e-18 3.066401754472984e-19
10199.593 3.2349674086400753e-19 3.2296661049333753e-19
10200.679 1.0757491605678569e-18 3.1183764919589096e-19
10201.765 1.0555938412856358e-18 3.3619591265774637e-19
10202.851 1.042997687721575e-18 4.1730566453697333e-19
10203.937 2.985061527014535e-19 7.321192192655851e-19
10205.023 1.5765845139531096e-18 9.122109247278377e-19
10206.109 -5.866776579858344e-19 9.15957854351792e-19
10207.195 2.0795946580975666e-18 8.679944597187505e-19
10208.281 7.763132885027342e-19 6.369324582904254e-19
10209.367 5.619882811942734e-19 6.40626235958781e-19
10210.452 -2.713908991277205e-19 1.053742018335842e-18
10211.538 9.641752912469323e-19 1.2583289818240704e-18
10212.624 -3.950811236182667e-19 1.6033483688466637e-18
10213.71 -2.1887333240837508e-18 1.6134355273203076e-18
10214.796 3.982539118653336e-18 1.490949142790902e-18
10215.882 1.3494110925578483e-19 1.1403498333347668e-18
10216.968 -7.398171452882303e-20 4.665641277910009e-19
10218.054 -1.0732571909010714e-19 2.619617832274084e-19
10219.14 4.533378226921759e-19 2.355568578295142e-19
10220.226 3.3347194488646507e-19 2.5863182682030207e-19
10221.312 8.540768304538959e-19 2.931196652002592e-19
10222.398 2.370227579300797e-18 3.1998012875638274e-19
10223.484 3.09465857136443e-19 3.31799083224571e-19
10224.57 3.066733056441358e-19 3.643884929814888e-19
10225.656 -2.2049349339855394e-18 5.088276881525823e-19
10226.742 5.053103579072873e-19 8.904612615443614e-19
10227.828 1.456085014775786e-18 1.1173913206089632e-18
10228.914 2.2499429197058163e-18 1.1334096225713786e-18
10230.0 1.816913693523853e-18 1.0709341107511397e-18
10231.086 1.0932755265483777e-19 9.032662572649912e-19
10232.172 1.1365955132875672e-18 9.28190255380949e-19
10233.258 -4.2406731273318158e-19 9.490083614391774e-19
10234.344 1.0836148022889347e-18 9.294685395536301e-19
10235.43 1.5127989953394116e-18 7.67835021630678e-19
10236.516 4.74449210633099e-19 3.829514061716934e-19
10237.602 1.0837105621415461e-18 2.8736394549978917e-19
10238.688 1.0752221292229408e-18 2.5759220262316636e-19
10239.774 8.343865049438813e-19 2.2294875258636456e-19
10240.86 1.3220351491132648e-18 2.1614627038492974e-19
10241.946 1.1724630075745192e-18 2.253620461713826e-19
10243.032 1.0995651136628814e-18 2.2437200232968597e-19
10244.118 9.636446104811506e-19 2.30398040509346e-19
10245.204 7.282239028571092e-22 2.287756830617905e-19
10246.29 -2.0097922511241507e-20 2.1929229498045115e-19
10247.376 1.3586947792114652e-18 2.255214318409658e-19
10248.462 6.28493942471712e-19 2.3946892316002696e-19
10249.548 4.666045946234625e-19 2.2201139374421616e-19
10250.633 1.068762913255442e-18 2.1052512826333498e-19
10251.719 5.630436887901043e-19 2.1261123448805253e-19
10252.805 9.50629020181062e-19 2.115070483346039e-19
10253.891 8.751044082393122e-19 2.129873195343004e-19
10254.977 -3.798396955357579e-20 2.2159930960934203e-19
10256.063 6.816852093196435e-19 2.318861668356973e-19
10257.149 1.088930172459216e-18 2.5672712363938827e-19
10258.235 3.3512847058555045e-19 2.6577504254481643e-19
10259.321 1.013395355548086e-18 2.6530919162337113e-19
10260.407 2.1146415938315954e-19 2.5812412145730687e-19
10261.493 1.0015066234132822e-18 2.554411409860089e-19
10262.579 1.3085649312475874e-18 2.3047700615664953e-19
10263.665 1.1468352586494845e-18 2.518812020060261e-19
10264.751 9.751238687163273e-19 2.6689785080238784e-19
10265.837 5.198697579685706e-19 2.6587556586413537e-19
10266.923 7.904666950515859e-19 2.7981947557343833e-19
10268.009 1.1398074824588707e-18 3.0629881213926837e-19
10269.095 6.103454665607999e-19 3.1084629679019935e-19
10270.181 1.0195244376637522e-18 3.3304942978349645e-19
10271.267 -7.201486399987433e-19 4.367716700178101e-19
10272.353 8.166795627307719e-19 6.081811721040593e-19
10273.439 1.142215788693336e-18 6.891491926431943e-19
10274.525 -3.88977167640169e-20 7.698139268306278e-19
10275.611 6.614664224927518e-19 6.417116360733998e-19
10276.697 8.462924485110769e-19 3.998964027581072e-19
10277.783 3.357303853671366e-20 3.2389920325280423e-19
10278.869 -3.0972194994601653e-19 3.0041231394741e-19
10279.955 -2.3252988404597765e-19 3.205888111281475e-19
10281.041 8.102382796831554e-19 3.0066803056458544e-19
10282.127 1.2145214024159181e-19 2.99830077080464e-19
10283.213 6.232646693972746e-19 3.275887055882642e-19
10284.299 7.109377726330501e-20 4.275069262526458e-19
10285.385 -3.0174072576649945e-19 7.188329124912533e-19
10286.471 -7.852972893344704e-19 1.2676499264276892e-18
10287.557 -1.547502389714812e-18 2.18387327038325e-18
10288.643 6.843622400846108e-18 3.2340011587968025e-18
10289.729 2.5784915062394072e-18 2.913294486943383e-18
10290.814 -2.0399243783549034e-18 2.5065014184063845e-18
10291.9 7.113743166845908e-19 1.3574897180199122e-18
10292.986 1.436329108251238e-18 5.537994575323466e-19
10294.072 1.1021338948571153e-18 5.253683888496751e-19
10295.158 1.0209788909096434e-18 5.929455038049582e-19
10296.244 6.827102774379048e-19 8.477104396658456e-19
10297.33 6.10007126022498e-19 1.3045963336565291e-18
10298.416 5.45321005211724e-18 1.45590340588528e-18
10299.502 3.457619046442877e-18 1.435726160923643e-18
10300.588 3.146506196515957e-18 1.2200407542954362e-18
10301.674 2.1737918943965526e-18 5.419199789201941e-19
10302.76 1.3298596281047846e-18 3.1348226413972266e-19
10303.846 9.582955267124396e-19 2.894147627491937e-19
10304.932 9.119525254586115e-19 3.065370877868334e-19
10306.018 4.2493864633446365e-19 3.4920758244742223e-19
10307.104 1.2816379186293184e-18 3.757715743334239e-19
10308.19 -3.8531127020375735e-20 4.257414523749886e-19
10309.276 1.705128918556654e-19 4.701075693180872e-19
10310.362 1.1223539027649684e-18 6.425619535796814e-19
10311.448 3.0290333339373706e-19 8.074552347761026e-19
10312.534 -5.809809345132171e-19 8.311197661255993e-19
10313.62 6.490614249779303e-19 7.910139145183086e-19
10314.706 1.0565680174969863e-18 5.408198914317592e-19
10315.792 1.5827479894458364e-18 2.9035468022222e-19
10316.878 8.385823239122585e-19 2.482391862746897e-19
10317.964 4.919593562971012e-19 2.512721867745277e-19
10319.05 1.070224566763856e-18 2.616173377719432e-19
10320.136 1.1767298302471803e-18 2.450902722750639e-19
10321.222 6.869325662746543e-19 2.185069320979419e-19
10322.308 6.392150449207357e-19 2.207160873969236e-19
10323.394 7.140249089569401e-19 2.3621601515668606e-19
10324.48 1.1771226140754686e-18 2.5624639386498977e-19
10325.566 1.1894034621049747e-18 2.8544094044664357e-19
10326.652 1.7219388175809652e-18 3.1551434543717164e-19
10327.738 1.1193983462401783e-18 3.6866274453471464e-19
10328.824 1.678783006546046e-19 4.414905509187534e-19
10329.91 1.2059774327637095e-18 4.828263630336066e-19
10330.995 1.1126506890950326e-18 4.68367838224162e-19
10332.081 1.1176441182577822e-18 4.0192676131077995e-19
10333.167 4.267318833679356e-19 3.3870428550942533e-19
10334.253 8.3905345803347855e-19 2.4095160234465e-19
10335.339 7.892169935645384e-19 2.2713582110198003e-19
10336.425 8.603852835471259e-19 2.2271632273798947e-19
10337.511 8.668004397498448e-19 2.2456849385268036e-19
10338.597 7.210584599445663e-19 2.485978383047769e-19
10339.683 6.368487597054075e-19 2.7323265538792445e-19
10340.769 1.1942304484436133e-18 3.853787487432977e-19
10341.855 1.3565555283101291e-18 5.16048463576422e-19
10342.941 7.579918813289782e-19 5.035444474684753e-19
10344.027 2.384149717870257e-19 4.894216604587467e-19
10345.113 2.30849036722552e-19 4.007725903910426e-19
10346.199 1.1128952788284327e-18 3.7453279946153818e-19
10347.285 1.1308195158878964e-18 5.11762179785845e-19
10348.371 1.6459637456045375e-18 9.237934370856545e-19
10349.457 -2.049613722021561e-19 1.192827197757058e-18
10350.543 7.765474612663947e-19 1.1990515345857001e-18
10351.629 2.548083353752811e-18 1.0919330408890837e-18
10352.715 2.4483779329769195e-18 5.963649698588019e-19
10353.801 1.0767008840139478e-18 4.40139063281633e-19
10354.887 2.550806278419491e-19 4.957826098339015e-19
10355.973 1.2226125515322976e-18 5.870696500124035e-19
10357.059 1.844969950532307e-18 6.0307884638102885e-19
10358.145 2.4403092836297283e-18 5.5976100207404635e-19
10359.231 2.112201339149441e-18 4.362762430427741e-19
10360.317 4.827445749374323e-19 2.662065879253303e-19
10361.403 4.454093723571434e-19 2.2956430233107536e-19
10362.489 9.476772354578048e-19 2.2770512878872954e-19
10363.575 -2.9241345277251446e-19 2.309692598928627e-19
10364.661 7.584898478931444e-19 2.258176011991212e-19
10365.747 9.906982858284845e-19 2.327985640403287e-19
10366.833 9.21161561666191e-19 2.3387921321454035e-19
10367.919 1.4886193327833703e-18 2.355081203439682e-19
10369.005 5.338735875063927e-19 2.4202972548719817e-19
10370.09 7.028882010093656e-19 2.6182472373543047e-19
10371.176 1.1952350993354058e-18 3.3708924856781756e-19
10372.262 7.380260552019056e-19 5.190169473918824e-19
10373.348 2.2064512569956563e-18 9.801712608780053e-19
10374.434 -1.1600387710966654e-18 1.9789245067622173e-18
10375.52 -4.042954365854681e-18 2.3586440991871216e-18
10376.606 -3.815889348600565e-18 2.1340797846880933e-18
10377.692 2.9827820194437403e-18 1.5027056302014344e-18
10378.778 1.5974144422403426e-18 4.820641020375254e-19
10379.864 6.529141224012001e-19 2.9798251580403595e-19
10380.95 1.9421236425731286e-18 2.55259999426665e-19
10382.036 1.1210360953134614e-18 2.464986121233231e-19
10383.122 7.190168443566328e-19 2.3967103416600214e-19
10384.208 1.3049870224076036e-18 2.4173336989295655e-19
10385.294 8.485661959130817e-19 2.4109164895878465e-19
10386.38 1.067693373438255e-18 2.36377027594419e-19
10387.466 8.728036672566857e-19 2.3830953291151284e-19
10388.552 3.9903731057805537e-19 2.3976117863721407e-19
10389.638 5.34807131610219e-19 2.4078129663921187e-19
10390.724 1.6282770517622322e-18 2.5105939290917965e-19
10391.81 1.1391554989281089e-18 2.5863765781237867e-19
10392.896 6.240261088781455e-19 2.5823109743337924e-19
10393.982 4.61424913765397e-19 2.702316134343317e-19
10395.068 7.802209810146268e-19 3.146133048458002e-19
10396.154 3.515214791702493e-19 4.394525062047554e-19
10397.24 -4.20669846246817e-19 7.850291467066701e-19
10398.326 2.816055297258417e-19 1.2515005855521162e-18
10399.412 1.7274541999327781e-18 1.303287986815246e-18
10400.498 -1.4596434724007945e-19 1.2482635868262227e-18
10401.584 3.078180723412116e-19 7.873507459912161e-19
10402.67 9.268551366457055e-19 3.425955063231132e-19
10403.756 5.479927950240421e-19 2.621599553418102e-19
10404.842 7.567654855141292e-19 2.604010872059641e-19
10405.928 3.512572831718642e-19 2.630310589697275e-19
10407.014 3.4705203796095777e-19 2.5641776271009406e-19
10408.1 5.6647907784665985e-19 2.574731585832507e-19
10409.186 1.1117283729274375e-18 2.8227125301092363e-19
10410.271 1.1664312422142075e-18 3.12344374148136e-19
10411.357 5.3907435224472845e-20 3.3080778960911644e-19
10412.443 9.944738123820659e-20 3.3550249344719203e-19
10413.529 2.7016170819516552e-19 3.0464501033620927e-19
10414.615 3.4193262862698002e-19 2.706091387050017e-19
10415.701 2.6798633879058485e-19 2.9003020292793062e-19
10416.787 7.027362808264062e-19 3.9836272641171215e-19
10417.873 -3.319690363327971e-19 6.3350541971224535e-19
10418.959 -2.585131277235934e-18 1.1600777217669058e-18
10420.045 -8.356504518862632e-19 2.0025539849631045e-18
10421.131 1.380582900996216e-18 2.1115202432076777e-18
10422.217 3.1716790757973797e-18 2.031416327286292e-18
10423.303 4.388324176278455e-18 1.3929345899899376e-18
10424.389 1.5839959357958125e-18 5.699016606500708e-19
10425.475 1.2798207137401383e-19 4.142827229957467e-19
10426.561 8.651082875857873e-19 3.8413120352827784e-19
10427.647 1.1704864061545199e-18 3.4290194698772716e-19
10428.733 1.0692109118295018e-18 3.4067312059271773e-19
10429.819 2.54455088359057e-19 3.949765341630389e-19
10430.905 2.664313905078227e-19 4.3349532245844773e-19
10431.991 1.3085785292349019e-18 4.351500405542203e-19
10433.077 1.378135178011791e-18 3.9184717949625744e-19
10434.163 3.3141712236564074e-19 3.052982727047723e-19
10435.249 1.5089392160782258e-19 2.455267323848126e-19
10436.335 8.872777446366086e-19 2.345215639693081e-19
10437.421 8.810306505110932e-19 2.5296759823794356e-19
10438.507 1.1635212536945128e-18 2.290483281661587e-19
10439.593 9.55152139844253e-19 2.1313242055184581e-19
10440.679 5.935932814723922e-19 2.1212829241250853e-19
10441.765 4.578457313983394e-19 2.1082523004669008e-19
10442.851 2.6651805956171854e-19 2.11266840997948e-19
10443.937 8.46367498402357e-19 2.1292726263606002e-19
10445.023 6.283620235793707e-19 2.1626908177880487e-19
10446.109 1.025997923114808e-18 2.249378493729353e-19
10447.195 9.803094653732047e-19 2.384151045278603e-19
10448.281 9.282497508064887e-19 2.6442251291658314e-19
10449.367 6.417129195993332e-19 3.1677844955274823e-19
10450.452 1.640929487385961e-19 4.592376384012333e-19
10451.538 6.382401544703401e-19 8.654728340998554e-19
10452.624 8.08577550420624e-19 1.1480934281556124e-18
10453.71 1.4284980104837935e-19 1.1597817118999812e-18
10454.796 -5.325724758958291e-19 1.0482952092864026e-18
10455.882 4.0424438186848213e-19 5.08410232739402e-19
10456.968 6.432537598492451e-19 2.8050004222563137e-19
10458.054 1.0393099864846147e-18 2.290884195834217e-19
10459.14 6.266569129204149e-19 2.2266980305473475e-19
10460.226 7.798744400635834e-19 2.23464000400102e-19
10461.312 1.0609796938275429e-18 2.2291017368783453e-19
10462.398 9.106786935066219e-19 2.270988885551358e-19
10463.484 9.835533350104476e-19 2.2878016379952544e-19
10464.57 1.0860257115336951e-18 2.3227907392037e-19
10465.656 1.1030615991081907e-18 2.3420208468941107e-19
10466.742 6.600496758536947e-19 2.649009107031361e-19
10467.828 1.1632842065058135e-18 3.6030343538192077e-19
10468.914 1.0781906927321215e-18 6.059239755802438e-19
10470.0 4.619330154321538e-19 1.314117607780977e-18
10471.086 8.664325045544406e-19 1.751741702165376e-18
10472.172 1.7185192223177854e-18 1.7582599418482975e-18
10473.258 4.486868916893901e-18 1.5710502995996463e-18
10474.344 2.9679169235499955e-18 7.548246666442668e-19
10475.43 1.1412029740096879e-18 3.3532008106879986e-19
10476.516 9.489921451004982e-19 2.5389630838756407e-19
10477.602 5.315682371331265e-19 2.363815539049332e-19
10478.688 6.819541846092108e-20 2.908954242008387e-19
10479.774 5.866463751297101e-19 2.5132283689029893e-19
10480.86 1.0032544895422437e-18 2.2636714821789184e-19
10481.946 6.943561138299203e-19 2.2542624551915336e-19
10483.032 5.583540064741203e-19 2.272863266598e-19
10484.118 8.775494121192566e-19 2.2407579511187866e-19
10485.204 1.3706085179759542e-18 2.2363025200841755e-19
10486.29 1.0860923736639957e-18 2.3442194967761595e-19
10487.376 6.806368601215833e-19 2.8383513028468154e-19
10488.462 8.970868753729722e-19 3.5001292216071723e-19
10489.548 8.919215787687557e-19 3.682623524218822e-19
10490.633 9.645246270224659e-19 3.6663357805459517e-19
10491.719 1.0628047154956635e-18 3.6325171991186683e-19
10492.805 8.147971148223773e-19 2.866114895892642e-19
10493.891 8.829458688160305e-19 2.286095284919996e-19
10494.977 5.982447701247938e-19 2.2284266822762507e-19
10496.063 3.1852719414791944e-19 2.2577302236197607e-19
10497.149 4.489651270012211e-19 2.31203074773577e-19
10498.235 8.200683554641204e-19 2.396560617191026e-19
10499.321 5.662413676593771e-19 2.6981143810514424e-19
10500.407 9.969495306507976e-19 3.022801479042258e-19
10501.493 1.6487255271188778e-18 3.1404873662166357e-19
10502.579 1.4301832969349135e-18 3.019209137671401e-19
10503.665 1.1252720035494246e-18 2.717275261273067e-19
10504.751 3.887699441370913e-18 2.5176907613571537e-19
10505.837 7.498610479490416e-18 2.6080919512891996e-19
10506.923 9.139732386335149e-18 2.8018206594429147e-19
10508.009 8.888896630465861e-18 3.131810748509487e-19
10509.095 6.751213076722662e-18 4.128125109349835e-19
10510.181 3.822926251927327e-18 7.050314296762957e-19
10511.267 2.0775314232801927e-18 9.235152944085416e-19
10512.353 6.434782703228226e-19 9.404286183253492e-19
10513.439 -5.085525817183885e-19 8.779008758282993e-19
10514.525 8.609329028688782e-20 5.337052142104611e-19
10515.611 6.075998576565189e-19 4.034325155065336e-19
10516.697 9.139326582142177e-19 3.857980012520053e-19
10517.783 5.153824355200529e-19 3.763739910954901e-19
10518.869 -4.037398288289648e-19 3.6139354501549953e-19
10519.955 -5.2024904345519845e-20 3.0864477234061975e-19
10521.041 7.083492422846969e-19 2.632321333009806e-19
10522.127 1.073073220211416e-18 2.529494923153345e-19
10523.213 1.066397413369675e-18 2.828787318235189e-19
10524.299 1.0103025725362243e-18 3.988293532735279e-19
10525.385 7.745868847854718e-19 7.389327350095245e-19
10526.471 2.266705300954945e-18 1.2517065133013082e-18
10527.557 3.2522886104756363e-18 1.3105592226642398e-18
10528.643 1.1276937360032282e-18 1.2293742309364685e-18
10529.729 1.8211471791183875e-19 8.492434176461282e-19
10530.814 3.3311134787829683e-19 3.5370322461206753e-19
10531.9 2.6334836611914135e-19 2.7041015849555643e-19
10532.986 8.903903865323404e-19 2.3895625032947574e-19
10534.072 1.1773144975017626e-18 2.2544025035276206e-19
10535.158 8.666949242404412e-19 2.235712495724588e-19
10536.244 1.168158340485247e-18 2.2780403067975213e-19
10537.33 1.4874706827457908e-18 2.2787885355278e-19
10538.416 1.7716124759331345e-18 2.3090421468019174e-19
10539.502 1.732248518190221e-18 2.283840082251651e-19
10540.588 2.0816696970943504e-18 2.2728572333114964e-19
10541.674 1.951485601783437e-18 2.2649249411561795e-19
10542.76 1.3776117946332103e-18 2.232852353862102e-19
10543.846 7.493058872899667e-19 2.185056722473513e-19
10544.932 1.0565231871890489e-18 2.177301184362353e-19
10546.018 9.718114372138625e-19 2.152771868054187e-19
10547.104 9.304897556397596e-19 2.19946147379457e-19
10548.19 1.0095326822820231e-18 2.212368154112506e-19
10549.276 7.084828929579342e-19 2.2298350515396153e-19
10550.362 6.642190131287326e-19 2.2006093592164614e-19
10551.448 9.134225803309933e-19 2.2486982927729364e-19
10552.534 6.483128520428398e-19 2.5240835833407477e-19
10553.62 1.1725925235402955e-18 2.883496412145556e-19
10554.706 1.1577906103214015e-18 3.022961674072276e-19
10555.792 8.398404096166993e-19 3.0042468100090336e-19
10556.878 5.209909451624451e-19 2.6968145429819946e-19
10557.964 -2.414819681375467e-20 2.3110562774438634e-19
10559.05 6.930131828609443e-19 2.196505110188009e-19
10560.136 9.831959339875297e-19 2.1754602636882918e-19
10561.222 5.817427081769881e-19 2.407264247215723e-19
10562.308 3.64968389726373e-19 2.3961970691198046e-19
10563.394 2.759372031928428e-19 2.3177317543557928e-19
10564.48 3.2208664439886064e-19 2.1915776011503003e-19
10565.566 5.005551159932296e-19 2.1022124097634117e-19
10566.652 7.423111679572442e-19 2.1303569428649839e-19
10567.738 5.989247331886655e-19 2.1440659479861567e-19
10568.824 4.084998722201904e-19 2.1545003749865184e-19
10569.91 8.952617880300983e-19 2.210551259511957e-19
10570.995 1.1081170795418877e-18 2.3595644175301287e-19
10572.081 1.0626296929128705e-18 2.7460575739967553e-19
10573.167 1.1991214115934362e-18 4.345413506940862e-19
10574.253 1.31017443047092e-18 6.173944615039617e-19
10575.339 1.5977880039151998e-18 6.206720754155697e-19
10576.425 1.379781945365495e-18 6.002019060646126e-19
10577.511 1.1892321843274616e-18 4.156195219659814e-19
10578.597 6.331173728928609e-19 2.547450650767133e-19
10579.683 7.8239156210166535e-19 2.1762549182825327e-19
10580.769 9.227809946036146e-19 2.219988740678824e-19
10581.855 1.2808867224898221e-18 2.1940346589553884e-19
10582.941 1.2709833287488246e-18 2.1490870803561744e-19
10584.027 9.090418646675805e-19 2.275616510510814e-19
10585.113 1.2138450829291123e-18 2.8182062187608747e-19
10586.199 4.767610187520748e-19 4.531347055322489e-19
10587.285 1.1867449361993428e-18 7.375346118042836e-19
10588.371 2.992069140928237e-19 8.2186822961590415e-19
10589.457 -1.785218703465073e-19 8.08583824289739e-19
10590.543 8.094483621976043e-19 6.586059675056546e-19
10591.629 8.223231054349881e-19 3.6912967458085854e-19
10592.715 9.843204890310082e-19 2.7114733571023693e-19
10593.801 1.0823284933889463e-18 2.4290749563366613e-19
10594.887 8.831206759180221e-19 2.3017504519123125e-19
10595.973 5.069121519088531e-19 2.4471255092332246e-19
10597.059 7.334986908340294e-19 2.611455039555297e-19
10598.145 6.500043163126059e-19 2.714915424974673e-19
10599.231 4.805199028997136e-19 2.8829137005428544e-19
10600.317 -8.263483837510556e-20 2.872035109554545e-19
10601.403 1.1656970536631516e-19 2.8971945981109345e-19
10602.489 9.51613506977436e-19 2.9174469774118424e-19
10603.575 1.1793827299244032e-18 2.7131064415583345e-19
10604.661 7.658371401071982e-19 2.573314665203406e-19
10605.747 8.728890935214338e-19 2.657622145342882e-19
10606.833 1.3356361230860472e-18 2.4121316347761126e-19
10607.919 1.047196124072179e-18 2.3193441211996537e-19
10609.005 1.0991749845702414e-18 2.2796765363947467e-19
10610.09 4.440557109470967e-19 2.259233637062059e-19
10611.176 4.379540250423498e-19 2.2845803422258004e-19
10612.262 8.865645418389814e-19 2.345089097638189e-19
10613.348 4.795106285377084e-19 2.3771972710503543e-19
10614.434 2.883550077117441e-19 2.278325086139619e-19
10615.52 6.00551322791172e-19 2.2424269331907983e-19
10616.606 8.352412410841999e-19 2.340540770628887e-19
10617.692 1.1962996185916029e-18 2.3882180297328447e-19
10618.778 8.717329370521107e-19 2.2008330567140974e-19
10619.864 5.766662605202454e-19 2.2332908881102237e-19
10620.95 8.86800398555005e-19 2.1876891403697085e-19
10622.036 7.064462132285884e-19 2.1825923245248715e-19
10623.122 3.7499076321942773e-19 2.254933985982595e-19
10624.208 2.620942901711746e-19 2.2753906144011014e-19
10625.294 8.681227427040482e-19 2.2733302113812596e-19
10626.38 7.9628333079268995e-19 2.3465091818434044e-19
10627.466 7.431795964094837e-19 2.4197596054275737e-19
10628.552 6.329288198118461e-19 2.326814016554763e-19
10629.638 3.4252638739352067e-19 2.335047092297029e-19
10630.724 5.923153688609553e-19 2.2566357953240953e-19
10631.81 8.4367744282231715e-19 2.1180415225073256e-19
10632.896 1.0711115658178993e-18 2.0749359557462962e-19
10633.982 4.622701055507645e-19 2.331515724441555e-19
10635.068 6.261249171118699e-19 2.35141475993125e-19
10636.154 7.055440711725477e-19 2.0528579406942163e-19
10637.24 1.1534023622634239e-18 2.092478494092243e-19
10638.326 4.0457769339791265e-19 2.115758325305753e-19
10639.412 6.330796914787587e-19 2.133249914377895e-19
10640.498 1.627483329921444e-19 2.4568579320746995e-19
10641.584 -1.0374032350630754e-19 3.255830000171856e-19
10642.67 4.45776515553323e-19 4.0428294232367315e-19
10643.756 2.827606085230239e-19 4.1328102231385792e-19
10644.842 9.965196254130121e-19 3.916250539580999e-19
10645.928 1.208508725736607e-18 2.886885976469251e-19
10647.014 3.3041770810586442e-19 2.17816430065263e-19
10648.1 -6.5047526431753925e-21 2.0172019689156392e-19
10649.186 7.894332945280564e-19 2.0047170107819304e-19
10650.271 1.175910124355142e-18 2.0534217176354008e-19
10651.357 7.404581276151518e-19 2.291594696729956e-19
10652.443 1.4752468609590277e-19 3.046815200104603e-19
10653.529 4.0974362897003607e-19 4.389905078429764e-19
10654.615 1.0460072439742126e-18 5.044817290267725e-19
10655.701 1.5865423281768693e-18 5.77914495130878e-19
10656.787 1.7083922695068855e-18 5.120454626245416e-19
10657.873 1.0369912555961147e-18 2.977607014521956e-19
10658.959 8.939913832404296e-19 2.3035161308778647e-19
10660.045 6.443031815672816e-19 2.088040194874431e-19
10661.131 5.541285451659824e-19 2.0882144851211823e-19
10662.217 7.721655854784454e-19 2.0375784340976437e-19
10663.303 6.228272763035737e-19 2.045437012974057e-19
10664.389 3.4499493251562542e-19 2.0873353383474454e-19
10665.475 5.796734287220395e-19 2.1231417165633999e-19
10666.561 4.3208060483367544e-19 2.2611861020448405e-19
10667.647 -1.1373456360247876e-19 2.492141904414748e-19
10668.733 3.7528343561196536e-19 2.586045377898873e-19
10669.819 5.7661588962353795e-19 2.571038684856283e-19
10670.905 4.35425167877794e-19 2.3918289398901605e-19
10671.991 8.035730776277214e-20 2.149780199539618e-19
10673.077 2.202085041163632e-19 2.1208609837493275e-19
10674.163 8.740768126497504e-19 2.1671080159132004e-19
10675.249 4.239286326854477e-19 2.1289501990303382e-19
10676.335 5.629360620314118e-19 2.1293121490056357e-19
10677.421 1.0804573226716223e-18 2.0821402621415772e-19
10678.507 4.59838346287404e-19 2.0725539021406294e-19
10679.593 3.436863085246908e-19 2.1629343926975658e-19
10680.679 5.848728069190249e-19 2.205459544385074e-19
10681.765 9.737616787257206e-19 2.3475844456407296e-19
10682.851 4.1493442071247857e-19 2.757499469106885e-19
10683.937 1.6573712791322282e-19 3.34667743729096e-19
10685.023 1.2659501799068296e-18 4.236274368921943e-19
10686.109 9.371353592658429e-19 4.917674658307809e-19
10687.195 4.0007326885675775e-19 5.890233549719401e-19
10688.281 6.45921907215639e-19 5.940962772521814e-19
10689.367 6.722249127679116e-19 6.157923457717869e-19
10690.452 1.3182431538488467e-18 6.363947786457486e-19
10691.538 6.017924711491586e-19 6.328125464057879e-19
10692.624 6.897373987703225e-19 6.111143657608755e-19
10693.71 7.283645914302607e-19 5.376255704089115e-19
10694.796 2.91939575579226e-19 4.785003111286824e-19
10695.882 6.986179001505544e-19 4.500839251043919e-19
10696.968 1.0249062335384363e-18 4.685103763406924e-19
10698.054 -5.307456374899011e-19 6.313865732281748e-19
10699.14 -1.4173053629491488e-18 8.3915712157003285e-19
10700.226 -6.361997879072668e-19 8.423599188559382e-19
10701.312 8.394570732932369e-20 8.715902614198584e-19
10702.398 -2.380221419615221e-19 5.910520096057484e-19
10703.484 8.600541314141193e-20 4.666521616455625e-19
10704.57 -3.1675183921709463e-19 5.755148672507293e-19
10705.656 -6.325710112310067e-19 6.46145136800791e-19
10706.742 -1.6487397910683836e-19 6.295999761818259e-19
10707.828 -2.8709313400452975e-20 5.869444079311067e-19
10708.914 6.391973273817818e-19 3.8465833798772765e-19
10710.0 1.2930627276931689e-18 3.555760982597252e-19
10711.086 3.6936433887220095e-19 6.112904746645714e-19
10712.172 -8.565081299725354e-19 1.1318107380108813e-18
10713.258 9.610822062729395e-19 1.2324493604383945e-18
10714.344 1.7224433226956184e-18 1.233967678751176e-18
10715.43 -2.4937114103266145e-19 1.0264125333678208e-18
10716.516 4.1542373405576663e-19 6.093455965763963e-19
10717.602 9.716550611370324e-19 4.90557306333548e-19
10718.688 -6.878180318274787e-20 4.605199055726663e-19
10719.774 9.2050221561937e-19 4.3264032189349164e-19
10720.86 9.126934055379593e-20 5.487849464680712e-19
10721.946 1.2858205226193078e-18 8.002173995382254e-19
10723.032 -3.1656043443335564e-19 8.6475438209569815e-19
10724.118 -1.649204319581823e-19 8.660737892286808e-19
10725.204 6.86060496311125e-19 7.151962849571833e-19
10726.29 8.826953987151137e-19 4.676454421684658e-19
10727.376 1.8476942149108305e-18 4.386162129301223e-19
10728.462 1.1973242110764009e-18 5.749559974146053e-19
10729.548 -2.922802647655413e-19 1.0896785152696439e-18
10730.633 3.3104400286561784e-18 1.6760533708076042e-18
10731.719 5.097606368001484e-18 1.6647756979573249e-18
10732.805 4.449140393575787e-20 1.578732777034809e-18
10733.891 -4.8820569610313463e-20 9.372952270246698e-19
10734.977 3.9638897491248255e-19 3.529188250190188e-19
10736.063 1.1142672607011217e-18 2.7631108861525482e-19
10737.149 7.740575836214759e-19 2.9554610058238316e-19
10738.235 1.5089253429596826e-19 3.380436077711935e-19
10739.321 4.40672374609919e-19 3.4817198567468424e-19
10740.407 7.677636681727584e-19 3.473296105506145e-19
10741.493 1.6777833446224396e-18 3.210257282626648e-19
10742.579 5.096377369306237e-19 3.369289346770688e-19
10743.665 1.5346834873756112e-19 5.439925443003625e-19
10744.751 2.0403457258275252e-18 1.0016260938675798e-18
10745.837 -1.0581606357028684e-18 1.1012745238776895e-18
10746.923 -2.2090781003017544e-18 1.091680059742128e-18
10748.009 1.940880397893752e-19 8.531432885772981e-19
10749.095 6.333812273287257e-19 4.490012227070547e-19
10750.181 1.1101321038984285e-18 4.444375788709726e-19
10751.267 1.7681134008403747e-18 7.692990088067857e-19
10752.353 3.1686601887812345e-18 1.5788166572402539e-18
10753.439 7.495572066522463e-18 1.828477394871427e-18
10754.525 5.84273833668206e-18 1.8099146572877474e-18
10755.611 1.2357283070212199e-18 1.4856136269043783e-18
10756.697 9.559683541842737e-20 4.921021064258793e-19
10757.783 1.0557773252652801e-18 2.8215665771004494e-19
10758.869 6.548499021628736e-19 2.513831708124528e-19
10759.955 7.480899348249412e-19 2.460835764476647e-19
10761.041 1.0196920741675359e-18 2.470262183880155e-19
10762.127 1.921531762637637e-18 2.457379160327807e-19
10763.213 1.230680269703903e-18 2.7818686762610723e-19
10764.299 5.269389055725525e-19 3.764442209102226e-19
10765.385 1.240203379410799e-18 3.519357620688911e-19
10766.471 1.5657568798060771e-18 3.2527468059222595e-19
10767.557 1.1635683409042408e-18 2.8433896737566775e-19
10768.643 6.273541943640056e-19 2.4018730328273826e-19
10769.729 5.701504251461383e-19 2.335995646828204e-19
10770.814 1.1175457742034e-18 2.6697166871176854e-19
10771.9 1.620392877567714e-18 3.787590387838898e-19
10772.986 1.7520647903087138e-18 7.247417924372709e-19
10774.072 2.849879299327078e-18 1.0793485980371567e-18
10775.158 1.7851395475631944e-18 1.0945459136342367e-18
10776.244 2.7429995410497086e-18 1.0360038991538606e-18
10777.33 2.1544702395802805e-18 5.954031936071823e-19
10778.416 1.0981386520742259e-18 2.8714907001671865e-19
10779.502 8.046685931947343e-19 2.3660181107898893e-19
10780.588 6.676327772195577e-19 2.3935751256397896e-19
10781.674 8.246493628213526e-19 2.452885253392891e-19
10782.76 9.952689844811582e-19 2.538200775276192e-19
10783.846 9.394430906853386e-19 2.5350235195455786e-19
10784.932 7.97255105950441e-19 2.47913900962657e-19
10786.018 8.737712079474413e-19 2.407986266111271e-19
10787.104 4.3641217243732e-19 2.2861034407904695e-19
10788.19 8.70049148870435e-19 2.2496006343079405e-19
10789.276 1.333850370327752e-18 2.2051619866424673e-19
10790.362 1.0887297738808793e-18 2.223781044103889e-19
10791.448 1.0780257134637596e-18 2.268529061732033e-19
10792.534 8.825283480024611e-19 2.374900694695473e-19
10793.62 1.1885611916084417e-18 2.758193860657901e-19
10794.706 1.5472266358702986e-18 3.253510395479556e-19
10795.792 4.264574370226644e-19 3.5383733437957295e-19
10796.878 1.2282499016842289e-19 3.510221404905404e-19
10797.964 8.465644031013451e-19 3.1466905323762934e-19
10799.05 6.63060924541224e-19 2.6340586675301e-19
10800.136 -2.6713159674925994e-19 2.2985866816021226e-19
10801.222 7.115151417395766e-19 2.4651193366511097e-19
10802.308 8.951141156887803e-19 2.832784360870116e-19
10803.394 4.0318876840920273e-19 3.127804259545979e-19
10804.48 9.190140582145398e-19 3.2091541474046654e-19
10805.566 9.558745817483227e-19 3.046710948057159e-19
10806.652 5.032840329816103e-19 2.6998297630842723e-19
10807.738 6.866283711446943e-19 2.3296791971249014e-19
10808.824 -7.538711414749533e-20 2.314560847651836e-19
10809.91 6.232637269156315e-19 2.328753380928957e-19
10810.995 9.909627839493563e-19 2.448221305719788e-19
10812.081 7.588444013232833e-19 2.5510561629807487e-19
10813.167 6.11827366460393e-19 2.6529635106901055e-19
10814.253 3.957565444550263e-19 2.5478821472727816e-19
10815.339 5.962849007627354e-19 2.4875595016958123e-19
10816.425 2.0654594055017167e-19 2.3976442752104975e-19
10817.511 7.21384264302836e-19 2.2911985566370536e-19
10818.597 7.71815444802124e-19 2.2844230834884426e-19
10819.683 9.64236070863155e-19 2.201593234314252e-19
10820.769 4.358790960012389e-19 2.2744277087428127e-19
10821.855 3.9888661697511887e-19 2.252328392774534e-19
10822.941 5.378449297793724e-19 2.0935931708205665e-19
10824.027 8.988008126496556e-19 2.1198124543564227e-19
10825.113 3.9688035757443135e-19 2.1492681094154932e-19
10826.199 1.1115818471501778e-18 2.2389221301989457e-19
10827.285 2.898760435288509e-19 2.324362388841333e-19
10828.371 4.715815629809908e-19 2.6953806983683147e-19
10829.457 2.2466439638926867e-18 4.317024364374085e-19
10830.543 8.221554969915806e-19 8.5756844157518e-19
10831.629 -3.0960615936806893e-19 1.5188900731095303e-18
10832.715 2.299780606260011e-18 2.5255796002874357e-18
10833.801 -4.5538621267212524e-18 2.8250138486184e-18
10834.887 -3.7096624641840164e-18 2.7257641997642185e-18
10835.973 -1.5549450318989233e-18 2.250149664783383e-18
10837.059 -3.3388329601008133e-19 7.327278579357737e-19
10838.145 1.486660844632694e-18 4.457605937044436e-19
10839.231 4.04733183957502e-19 4.941862644462543e-19
10840.317 1.3853953580086496e-18 5.457057631670031e-19
10841.403 1.636948366614299e-18 6.554383775022604e-19
10842.489 8.507001625936924e-20 1.0868175561792592e-18
10843.575 -1.2660778530373907e-18 1.5503366900267506e-18
10844.661 -1.4587943615887396e-18 1.5925122726445454e-18
10845.747 3.1756440063883647e-19 1.5489274070634202e-18
10846.833 1.2875928784513212e-18 1.0089898360054573e-18
10847.919 9.572659054400327e-19 3.3769622738966074e-19
10849.005 -1.4163287354376416e-19 2.5024050740666424e-19
10850.09 4.3333087277910467e-19 2.409425073506148e-19
10851.176 4.1709530569681815e-19 2.6166112586304853e-19
10852.262 6.464652690770681e-19 2.962887786322585e-19
10853.348 1.3317794069690978e-18 3.5189446870915737e-19
10854.434 4.874742552226281e-19 3.7135210143954497e-19
10855.52 6.151317310481621e-20 3.6372108782494865e-19
10856.606 9.321764341588399e-19 4.609224385196273e-19
10857.692 1.4048310612252348e-18 7.458893945437752e-19
10858.778 4.089862475405911e-19 1.0444430991193162e-18
10859.864 9.284953274030196e-19 9.441082827957262e-19
10860.95 1.2725930612945594e-18 8.823575949548911e-19
10862.036 1.3606041920623523e-18 5.551775786152973e-19
10863.122 4.2350502182874124e-19 2.8519817977464736e-19
10864.208 2.2658403350059874e-19 2.4094606774454168e-19
10865.294 3.2636477392520064e-19 2.4785842904361358e-19
10866.38 2.938859738398492e-19 2.1254468304621711e-19
10867.466 7.588057824007486e-19 2.0886834419408627e-19
10868.552 1.1728333575212566e-18 2.0769929394724629e-19
10869.638 6.625757694344104e-19 2.0547124972443398e-19
10870.724 1.009602511134483e-19 2.1251789863557914e-19
10871.81 5.564560290802099e-19 2.3662641837912186e-19
10872.896 -3.379055073862979e-19 2.6871843620539597e-19
10873.982 4.853118453364207e-19 2.8877151716101683e-19
10875.068 3.79768194760017e-19 3.10479229218402e-19
10876.154 5.218435031988982e-19 3.726809353395566e-19
10877.24 4.759168699487741e-19 4.698451314944128e-19
10878.326 -5.362464386189524e-19 5.489476534569453e-19
10879.412 -9.39794132993162e-19 5.5798439944965335e-19
10880.498 6.698075662631743e-19 5.023828066807939e-19
10881.584 5.596171703044873e-19 3.894798191965572e-19
10882.67 1.0483091998885044e-18 2.4571160433796506e-19
10883.756 1.18502323271671e-18 2.120550471216771e-19
10884.842 8.923530690419255e-19 2.42144422196989e-19
10885.928 1.1073857646615756e-18 2.6948189378796274e-19
10887.014 1.3655609523301524e-18 2.867630785407977e-19
10888.1 1.024528835793958e-18 2.995981765249619e-19
10889.186 5.164613323272711e-19 2.6356746279836637e-19
10890.271 9.971861035644388e-19 2.3286783242745404e-19
10891.357 2.4173203490987775e-19 2.041398810199809e-19
10892.443 7.718019979868597e-19 2.0414022736095108e-19
10893.529 6.497463781899053e-19 2.0756746997107312e-19
10894.615 -2.5991506223132596e-19 2.4259009726036096e-19
10895.701 5.859403981425688e-19 4.262524217837619e-19
10896.787 2.310079992601672e-18 9.549292993089536e-19
10897.873 8.961928850470381e-19 1.270777126232652e-18
10898.959 1.2254186445819688e-18 1.2868277001654136e-18
10900.045 1.4873946941466813e-18 1.213632851355215e-18
10901.131 6.727738452748165e-19 6.456444600163383e-19
10902.217 7.498446717812976e-19 3.3723876975642667e-19
10903.303 4.629731339288091e-19 3.25322302858123e-19
10904.389 4.0311121648748463e-19 3.1375319386968906e-19
10905.475 7.928786272804525e-19 2.765723064922248e-19
10906.561 7.588279923687503e-19 2.502335692704788e-19
10907.647 1.135518498123493e-18 2.0561564710370267e-19
10908.733 5.095199647595488e-19 1.9623168202182993e-19
10909.819 1.225461499035569e-18 2.180015817977276e-19
10910.905 6.398277320639556e-19 2.284468466831977e-19
10911.991 9.581744579889534e-19 2.0685451156769964e-19
10913.077 3.22105399536096e-19 2.0727848595693739e-19
10914.163 4.0933290440811872e-19 2.0479704673713754e-19
10915.249 3.732735202456853e-19 2.0900636311308115e-19
10916.335 2.2677949725156577e-19 2.071275404578859e-19
10917.421 5.213213064861789e-19 2.0524175142987097e-19
10918.507 4.475457742854709e-19 2.09633097241902e-19
10919.593 5.864874116603049e-19 2.2132588255134777e-19
10920.679 1.0889742817604676e-19 2.32726691197943e-19
10921.765 6.456729858227546e-19 2.8721730355394984e-19
10922.851 1.2546193517466578e-18 4.838517205850422e-19
10923.937 -1.8289289760292327e-18 1.0912480418336556e-18
10925.023 1.8140103222188367e-18 2.1939575128455664e-18
10926.109 3.586374219454208e-18 2.4125254035628486e-18
10927.195 2.359790996678362e-18 2.369300459707079e-18
10928.281 1.3458153710131837e-18 1.856136755002481e-18
10929.367 1.3093440129408136e-18 5.767941605217335e-19
10930.452 2.2115816262264107e-19 3.0769562755974104e-19
10931.538 9.557365334502265e-19 2.6072385648947273e-19
10932.624 3.262948034996279e-19 2.4482603130314454e-19
10933.71 1.045928895153141e-18 2.410607687685918e-19
10934.796 9.810430795839853e-19 2.309060610794844e-19
10935.882 7.505167285773477e-19 2.3287963434107185e-19
10936.968 4.450810644134581e-19 2.3180100212393493e-19
10938.054 5.321961773696959e-20 2.2946184377666094e-19
10939.14 4.670298511423708e-19 2.261394825049392e-19
10940.226 8.005001985987469e-19 2.277595209204882e-19
10941.312 1.2046194102876595e-18 2.277430727035736e-19
10942.398 6.165094820039621e-19 2.2465894905648795e-19
10943.484 5.183770733236671e-19 2.213326341998062e-19
10944.57 8.40287352482844e-19 2.177388582870794e-19
10945.656 1.6765059486905832e-18 2.391125196711489e-19
10946.742 8.049484593898253e-19 2.24832599728263e-19
10947.828 -4.243999815283854e-20 3.14959257865088e-19
10948.914 4.090235526230215e-19 7.721738370395838e-19
10950.0 -1.1819584455825174e-18 1.423889586516477e-18
10951.086 -6.466730001410001e-20 1.5005474355925804e-18
10952.172 5.159425379248819e-19 1.5148924611562827e-18
10953.258 2.439483792926974e-18 1.1629810245948558e-18
10954.344 1.4182091027626667e-18 4.001780802998126e-19
10955.43 4.821536779514321e-19 2.5108574190972507e-19
10956.516 1.1401294804076655e-18 2.2697349353628565e-19
10957.602 3.339348307605276e-19 2.058859644428469e-19
10958.688 9.035253901686945e-19 2.1233015361172517e-19
10959.774 5.7220532884365965e-19 2.0972194058038282e-19
10960.86 9.683752885049488e-19 2.115075457683178e-19
10961.946 4.311426315763414e-19 2.1102738367958265e-19
10963.032 5.676674283300767e-19 2.203434345152173e-19
10964.118 4.7645020571798916e-20 2.379211227592398e-19
10965.204 5.953817073340143e-19 2.4951907845865037e-19
10966.29 2.5834450018116943e-19 2.724142748306101e-19
10967.376 8.965390639603883e-19 3.0296830627975127e-19
10968.462 3.5284131215951534e-19 3.45444975112208e-19
10969.548 7.752004398771901e-19 3.7739346495684777e-19
10970.633 3.686043992295524e-19 3.8001941644546913e-19
10971.719 -4.431682605978382e-19 4.890183688943987e-19
10972.805 -3.6434809629208137e-19 1.170557655937547e-18
10973.891 2.3623261268960347e-19 2.2991661567091938e-18
10974.977 5.152194403587882e-18 2.527156876650975e-18
10976.063 5.037110338134697e-18 2.518053199012603e-18
10977.149 -1.1712853536581418e-18 2.063430586341319e-18
10978.235 -1.7431656487450511e-19 7.287363202297502e-19
10979.321 3.7360941034930614e-20 3.5984401374047015e-19
10980.407 1.3068821844890334e-19 3.0048877193126013e-19
10981.493 1.1396007230055443e-18 2.7473652759986847e-19
10982.579 4.734745277719192e-19 2.5071727010367956e-19
10983.665 3.9521023388537306e-19 2.9274584886007435e-19
10984.751 1.7793929965806503e-18 3.7633810899162475e-19
10985.837 1.0587010806333515e-18 4.520911988993402e-19
10986.923 1.5065723875526405e-18 3.854130966106894e-19
10988.009 2.801900508970876e-19 3.3224081450189407e-19
10989.095 3.0465727478389553e-19 2.3115429220047034e-19
10990.181 4.3666618893198245e-19 2.1580596889046112e-19
10991.267 3.483268573042941e-19 2.2770511679077297e-19
10992.353 6.003987878988794e-19 2.1425622730754363e-19
10993.439 3.619699150115686e-19 2.1078590915575437e-19
10994.525 8.648908807053939e-19 2.1766637809209213e-19
10995.611 7.918442931664897e-19 2.2071702009472056e-19
10996.697 3.891194532387586e-19 2.6733629489166645e-19
10997.783 9.951296064375588e-19 2.0069141335883647e-19
10998.869 4.098938811042661e-19 1.9999633074295777e-19
10999.955 6.431258903540777e-19 2.0851666061738094e-19
11001.041 7.635571106669778e-19 2.1581688059644257e-19
11002.127 1.1474669933483533e-18 2.322090716851559e-19
11003.213 3.907326717641175e-19 2.392333380597908e-19
11004.299 3.10834952060833e-19 2.4510793215934227e-19
11005.385 7.009559023073632e-19 2.734162069450861e-19
11006.471 6.735111603856018e-19 4.981864606461783e-19
11007.557 1.6729759484070291e-19 1.1625429541146416e-18
11008.643 3.2168880920807416e-18 1.4251881036119725e-18
11009.729 1.985000592514536e-19 1.4415870839594427e-18
11010.814 1.570479831549503e-18 1.3052402438202946e-18
11011.9 1.861908632625096e-18 6.214684253871692e-19
11012.986 1.4287782370071798e-18 2.7370710584306804e-19
11014.072 1.2640951366120304e-18 2.27574017089462e-19
11015.158 9.16865996663443e-19 2.255246615070593e-19
11016.244 2.4409678885188e-19 2.2201171933277346e-19
11017.33 9.216587803792197e-19 2.1472809250667075e-19
11018.416 1.112309413670732e-18 2.0886375386957814e-19
11019.502 1.1190829778135704e-18 2.0997865269738413e-19
11020.588 9.031793160856747e-19 2.1333142732287555e-19
11021.674 1.6136484712915598e-18 2.1318231705178977e-19
11022.76 7.359326994926352e-19 2.1611082595050507e-19
11023.846 5.114649974041305e-19 2.490650777033138e-19
11024.932 -1.2888668207377678e-19 2.4084379678635053e-19
11026.018 6.839471109362223e-19 3.172442812559286e-19
11027.104 -5.735342209719579e-19 8.253345616628727e-19
11028.19 -2.7587628171721443e-18 1.847596779120601e-18
11029.276 2.2698838766479675e-18 2.203488600008633e-18
11030.362 -6.435761388322749e-19 2.1817489237635697e-18
11031.448 3.9430865702326877e-19 1.8500378135753494e-18
11032.534 -6.2732581355198775e-19 7.719793109020752e-19
11033.62 -4.573268310428168e-19 2.974547008902966e-19
11034.706 3.88624917107318e-19 2.411145458581716e-19
11035.792 1.4608265628164047e-18 2.2474088897840876e-19
11036.878 2.3634707629095295e-19 2.4948115030856323e-19
11037.964 1.2001051864017302e-19 2.4176319789485115e-19
11039.05 8.200326435506614e-19 2.4519081459941464e-19
11040.136 5.714942283805521e-19 2.6216478010416903e-19
11041.222 5.938218306507198e-19 2.638458431659451e-19
11042.308 1.1313980473782249e-19 2.658769792346803e-19
11043.394 1.0227438823196627e-18 2.6038449424509973e-19
11044.48 9.870793086640353e-19 2.3578977068353097e-19
11045.566 6.367741402587461e-19 2.283165295442712e-19
11046.652 1.0501551378717692e-18 2.215613314857491e-19
11047.738 -1.331405109523889e-19 2.049025791203337e-19
11048.824 5.695641853194139e-19 2.022529647655689e-19
11049.91 7.787253552780032e-19 1.9928576739843116e-19
11050.995 8.168488189651565e-19 2.0572778037293346e-19
11052.081 7.710147002581262e-19 2.803325328789641e-19
11053.167 8.700532758863385e-19 4.2215349287297657e-19
11054.253 1.0549319523799198e-18 3.9208411838643815e-19
11055.339 6.510526872054452e-19 3.9031223485707584e-19
11056.425 4.713735572020068e-19 3.3982439501043394e-19
11057.511 7.822460826268096e-19 2.4414649012035864e-19
11058.597 5.949575631930618e-19 2.25468327706821e-19
11059.683 3.9890959242533285e-19 2.2342987383836366e-19
11060.769 1.07860781909471e-18 2.176535341491602e-19
11061.855 1.08242181343837e-18 2.4520085346102265e-19
11062.941 -2.2669621958707425e-21 2.751077663771827e-19
11064.027 2.585544637471076e-19 2.853851364672551e-19
11065.113 4.579281135045426e-20 2.815202201912539e-19
11066.199 1.4223388782245416e-18 2.585526460063528e-19
11067.285 1.1885599667821607e-18 2.485911659684024e-19
11068.371 8.995052739115285e-19 3.250245278018699e-19
11069.457 1.5352339727669512e-18 4.630953173449171e-19
11070.543 6.698999044733445e-19 8.656390232258628e-19
11071.629 2.1386372136861197e-18 1.0639428284774537e-18
11072.715 3.907301870963737e-18 1.0695521979613406e-18
11073.801 3.2457429115011488e-18 9.953311037223586e-19
11074.887 2.1547868413584662e-18 6.0737003204298055e-19
11075.973 8.176062235262678e-20 2.53396534367559e-19
11077.059 1.0482737981157444e-18 2.08002014746736e-19
11078.145 9.528253237408582e-19 2.0765624270207298e-19
11079.231 3.396325533615594e-19 2.0758364110788324e-19
11080.317 3.849988082945055e-19 2.1339562945576471e-19
11081.403 3.6085262874513203e-19 2.6383024410299574e-19
11082.489 7.479442995137288e-19 3.5823827606919837e-19
11083.575 8.557118800894876e-19 3.915401558685994e-19
11084.661 2.671873336128068e-19 4.013817254862628e-19
11085.747 5.446525736785415e-19 3.871682003429789e-19
11086.833 -2.5318479462595593e-19 4.94603817564653e-19
11087.919 4.1695126536360196e-19 1.0831900118194565e-18
11089.005 1.5296762892925757e-18 1.64336713434001e-18
11090.09 -1.282685649665164e-19 1.5460256390525477e-18
11091.176 -1.3491415248419714e-18 1.6379961690853296e-18
11092.262 1.4479950998194701e-18 9.769396101101515e-19
11093.348 4.900005834018781e-19 3.502875890292353e-19
11094.434 3.613225875584191e-19 2.2470023362575244e-19
11095.52 3.1605295554221847e-19 2.052375826052527e-19
11096.606 7.492775952667465e-19 2.0308231112295794e-19
11097.692 1.3199054492379735e-18 2.0046206122257742e-19
11098.778 -5.763401084903818e-20 2.0340054901398932e-19
11099.864 6.194371946151013e-20 1.9510921430775963e-19
11100.95 1.814539316273795e-18 2.0177070697592541e-19
11102.036 1.2879689888533445e-18 2.06036728965577e-19
11103.122 7.487118696235345e-19 2.3947327485425913e-19
11104.208 6.105215599414394e-19 2.5739351343413686e-19
11105.294 1.262610562154821e-18 2.252483329015399e-19
11106.38 1.1502326194817224e-18 2.3319662298606117e-19
11107.466 4.184308272958059e-19 2.3731462514309334e-19
11108.552 7.087548853362051e-19 2.6109623095861005e-19
11109.638 1.1411332622595246e-18 2.4467506590528794e-19
11110.724 3.0765383323055086e-19 2.2842119285577003e-19
11111.81 3.9229658592419475e-19 2.527768796331631e-19
11112.896 6.495347467624003e-19 2.2496530507657837e-19
11113.982 6.095343064079259e-19 2.1458342512135732e-19
11115.068 1.2259412926759722e-19 2.1507566848481263e-19
11116.154 4.704373750729576e-19 2.1477547065502406e-19
11117.24 8.59387452395413e-19 2.1184118684900739e-19
11118.326 1.6289517448931738e-19 2.0757593591300665e-19
11119.412 5.976234111904532e-19 2.0956961200084616e-19
11120.498 1.165195513245432e-18 2.1471375742930902e-19
11121.584 5.82139782204662e-19 2.6483683938954227e-19
11122.67 4.805750864732879e-19 3.065492694379159e-19
11123.756 9.177584877657398e-21 3.174335045314961e-19
11124.842 7.513662782617734e-19 3.1054077002809206e-19
11125.928 1.0595337272398561e-18 2.662130036411671e-19
11127.014 7.909969778067218e-19 2.2423272053343645e-19
11128.1 3.236107294273611e-20 2.293776945234911e-19
11129.186 9.741731154223211e-20 2.5404531260646737e-19
11130.271 1.2240991029946027e-18 2.5263487536149144e-19
11131.357 5.991233174554241e-19 2.44350052420301e-19
11132.443 4.596497647301967e-19 2.3248691663047477e-19
11133.529 1.0303417511985688e-18 2.1972463030952254e-19
11134.615 1.3819202010404086e-18 2.2516948232822335e-19
11135.701 9.154443759913484e-19 2.397051815021558e-19
11136.787 3.075487208103801e-19 2.6504384929165383e-19
11137.873 1.5964974589593795e-18 3.9073974050275726e-19
11138.959 1.4440483463757675e-18 6.609014956412458e-19
11140.045 -6.859923015748606e-19 8.197203288195041e-19
11141.131 1.5924078107833553e-18 8.049997487011165e-19
11142.217 1.8094775753592482e-19 7.498019614405643e-19
11143.303 -2.2129857068428327e-19 4.585076137974432e-19
11144.389 8.031055877354352e-19 2.517485545312427e-19
11145.475 5.765317735799736e-19 2.2491469234870506e-19
11146.561 6.031150159759539e-19 2.4540248942192934e-19
11147.647 1.3935320182613701e-18 2.459321790701024e-19
11148.733 4.0440422693147834e-19 2.6257463008201564e-19
11149.819 4.358463659269814e-19 2.9064976736034e-19
11150.905 1.3241850806082837e-18 2.967277342274404e-19
11151.991 7.649893295356695e-19 2.9816104575784484e-19
11153.077 -6.384222162283249e-19 4.862438754549907e-19
11154.163 -1.5278727295804127e-18 9.919565666513315e-19
11155.249 -2.499582301300038e-18 1.1674573760143601e-18
11156.335 2.5142910559140445e-18 1.1470496070623515e-18
11157.421 2.6762592523097774e-18 1.0356983094116295e-18
11158.507 -1.7368578934670273e-18 6.370354766255159e-19
11159.593 1.1180443833091465e-18 3.132852615820174e-19
11160.679 5.925810115679611e-19 2.853529756261587e-19
11161.765 1.4772556013778703e-19 3.2722112217954196e-19
11162.851 1.1133564029575663e-18 4.2707183040379583e-19
11163.937 1.5404034514350203e-18 5.220377810127326e-19
11165.023 6.877507073142362e-19 5.638220668450882e-19
11166.109 3.216793878691191e-18 5.348559412571318e-19
11167.195 2.7721872910415073e-19 4.801566829613036e-19
11168.281 2.987564693094492e-19 4.393626536199212e-19
11169.367 2.1650166572766193e-19 4.520173666350242e-19
11170.452 2.23834178411817e-19 4.3968941146176035e-19
11171.538 9.740980766432267e-19 4.541705042469944e-19
11172.624 4.0002589912006917e-19 4.106693373280298e-19
11173.71 2.166701162306736e-18 3.3736211482827157e-19
11174.796 1.3002910021431915e-18 2.705541281193914e-19
11175.882 1.208420608005148e-18 2.2874722102677313e-19
11176.968 1.4261971723724706e-18 2.1389916894986331e-19
11178.054 4.723968500150005e-19 2.228298654156366e-19
11179.14 1.6728034349090106e-19 2.372134773758119e-19
11180.226 2.7055643837743684e-19 2.6822716481918664e-19
11181.312 4.629846212842574e-19 3.1115541421686015e-19
11182.398 1.0161247019768946e-18 3.330161431880597e-19
11183.484 1.1287639785767104e-18 3.2260935498793333e-19
11184.57 2.918223937415719e-19 3.0825731915995036e-19
11185.656 1.1792933639608878e-18 2.747448649232077e-19
11186.742 1.5979181460495074e-18 3.151451952450818e-19
11187.828 1.0121803818757833e-18 3.4865296315231675e-19
11188.914 2.1433657593378697e-19 3.737552829827969e-19
11190.0 6.89705440273253e-19 3.5610307541406707e-19
11191.086 9.240879746749669e-19 3.633162358332874e-19
11192.172 1.4686919709379595e-19 3.744915401081694e-19
11193.258 8.94768004057106e-19 3.459988633383204e-19
11194.344 6.0680888929453855e-19 2.907448331274438e-19
11195.43 2.439120110136552e-19 2.6574142402869556e-19
11196.516 2.108092023474807e-20 2.7321832851194956e-19
11197.602 1.0807414608406233e-19 3.0293050542437806e-19
11198.688 9.86064562639545e-19 3.322504985050769e-19
11199.774 1.0395476413590854e-18 3.4373334640897634e-19
11200.86 1.807370209203656e-18 4.060452280262991e-19
11201.946 7.35198683213126e-19 4.287730021809996e-19
11203.032 -5.157534773551872e-19 3.7733156684533606e-19
11204.118 -1.2112993271996932e-19 3.204246410787742e-19
11205.204 -1.9577968617726862e-19 2.922774988918371e-19
11206.29 2.8426382126434134e-19 3.2227267122209034e-19
11207.376 5.409256692735114e-19 4.0147229512712653e-19
11208.462 4.450479409616705e-19 3.3444345636175684e-19
11209.548 1.6543335848307712e-18 3.7363950105304573e-19
11210.633 1.483597613238181e-18 4.452597468813652e-19
11211.719 5.419203801077489e-19 5.200778553213014e-19
11212.805 2.6108787964106077e-19 6.995089589018297e-19
11213.891 9.611663122180723e-19 7.201419396385852e-19
11214.977 2.371885990927111e-18 6.973331193538219e-19
11216.063 2.1779783505685478e-18 7.477604839237124e-19
11217.149 2.1485838126472545e-18 6.819984749937037e-19
11218.235 1.7171766756657634e-18 5.7993474591134315e-19
11219.321 4.503835079465016e-19 5.102888980994679e-19
11220.407 6.150705406446855e-19 4.565329957807767e-19
11221.493 7.327881917135757e-19 5.450403319358023e-19
11222.579 6.403554918797064e-19 6.038316106283592e-19
11223.665 4.791896751258912e-19 6.325859922380482e-19
11224.751 4.043873612677979e-18 7.673190083272596e-19
11225.837 1.6073718605675163e-18 9.89055209867399e-19
11226.923 3.7322752076238265e-18 9.982305072867669e-19
11228.009 9.149834606691645e-19 8.433675859250299e-19
11229.095 -6.6835203859609405e-19 7.053887677542931e-19
11230.181 1.0469010796088669e-18 5.572367898418856e-19
11231.267 1.242901874861865e-18 4.454303528325014e-19
11232.353 4.606576964924223e-19 4.544318734024819e-19
11233.439 2.076978770839654e-18 5.672143367509423e-19
11234.525 1.1609130106028265e-18 7.232567099670402e-19
11235.611 6.501495344532987e-19 7.860873809345339e-19
11236.697 -5.79846825980513e-20 6.135328269199941e-19
11237.783 4.6998931973406215e-20 4.64592510199167e-19
