lambda f_lambda fErr_lambda
9139.469999999797 9.164518857575951e-19 0.0
9140.569999999798 9.164518857575951e-19 0.0
9141.669999999798 9.164518857575951e-19 0.0
9142.769999999799 9.164518857575951e-19 0.0
9143.869999999799 9.164518857575951e-19 0.0
9144.9699999998 9.164518857575951e-19 0.0
9146.0699999998 9.164518857575951e-19 0.0
9147.1699999998 9.164518857575951e-19 0.0
9148.2699999998 9.164518857575951e-19 0.0
9149.3699999998 9.164518857575951e-19 0.0
9150.469999999801 9.164518857575951e-19 0.0
9151.569999999801 9.164518857575951e-19 0.0
9152.669999999802 9.164518857575951e-19 0.0
9153.769999999802 9.164518857575951e-19 0.0
9154.869999999803 9.164518857575951e-19 0.0
9155.969999999803 9.164518857575951e-19 0.0
9157.069999999803 9.164518857575951e-19 0.0
9158.169999999804 9.164518857575951e-19 0.0
9159.269999999804 9.164518857575951e-19 0.0
9160.369999999804 9.164518857575951e-19 0.0
9161.469999999805 9.164518857575951e-19 0.0
9162.569999999805 9.164518857575951e-19 0.0
9163.669999999805 9.164518857575951e-19 0.0
9164.769999999806 9.164518857575951e-19 0.0
9165.869999999806 9.164518857575951e-19 0.0
9166.969999999807 9.164518857575951e-19 0.0
9168.069999999807 9.164518857575951e-19 0.0
9169.169999999807 9.164518857575951e-19 0.0
9170.269999999808 9.164518857575951e-19 0.0
9171.369999999808 9.164518857575951e-19 0.0
9172.469999999808 9.164518857575951e-19 0.0
9173.569999999809 9.164518857575951e-19 0.0
9174.669999999809 9.164518857575951e-19 0.0
9175.76999999981 9.164518857575951e-19 0.0
9176.86999999981 9.164518857575951e-19 0.0
9177.96999999981 9.164518857575951e-19 0.0
9179.06999999981 9.164518857575951e-19 0.0
9180.16999999981 9.164518857575951e-19 0.0
9181.269999999811 9.164518857575951e-19 0.0
9182.369999999812 9.164518857575951e-19 0.0
9183.469999999812 9.164518857575951e-19 0.0
9184.569999999812 9.164518857575951e-19 0.0
9185.669999999813 9.164518857575951e-19 0.0
9186.769999999813 9.164518857575951e-19 0.0
9187.869999999813 9.164518857575951e-19 0.0
9188.969999999814 9.164518857575951e-19 0.0
9190.069999999814 9.164518857575951e-19 0.0
9191.169999999815 9.164518857575951e-19 0.0
9192.269999999815 9.164518857575951e-19 0.0
9193.369999999815 9.164518857575951e-19 0.0
9194.469999999816 9.164518857575951e-19 0.0
9195.569999999816 9.164518857575951e-19 0.0
9196.669999999816 9.164518857575951e-19 0.0
9197.769999999817 9.164518857575951e-19 0.0
9198.869999999817 9.164518857575951e-19 0.0
9199.969999999817 9.164518857575951e-19 0.0
9201.069999999818 9.164518857575951e-19 0.0
9202.169999999818 9.164518857575951e-19 0.0
9203.269999999819 9.164518857575951e-19 0.0
9204.369999999819 9.164518857575951e-19 0.0
9205.46999999982 9.164518857575951e-19 0.0
9206.56999999982 9.164518857575951e-19 0.0
9207.66999999982 9.164518857575951e-19 0.0
9208.76999999982 9.164518857575951e-19 0.0
9209.86999999982 9.164518857575951e-19 0.0
9210.969999999821 9.164518857575951e-19 0.0
9212.069999999821 9.164518857575951e-19 0.0
9213.169999999822 9.164518857575951e-19 0.0
9214.269999999822 9.164518857575951e-19 0.0
9215.369999999823 9.164518857575951e-19 0.0
9216.469999999823 9.164518857575951e-19 0.0
9217.569999999823 9.164518857575951e-19 0.0
9218.669999999824 9.164518857575951e-19 0.0
9219.769999999824 9.164518857575951e-19 0.0
9220.869999999824 9.164518857575951e-19 0.0
9221.969999999825 9.164518857575951e-19 0.0
9223.069999999825 9.164518857575951e-19 0.0
9224.169999999825 9.164518857575951e-19 0.0
9225.269999999826 9.164518857575951e-19 0.0
9226.369999999826 9.164518857575951e-19 0.0
9227.469999999827 9.164518857575951e-19 0.0
9228.569999999827 9.164518857575951e-19 0.0
9229.669999999827 9.164518857575951e-19 0.0
9230.769999999828 9.164518857575951e-19 0.0
9231.869999999828 9.164518857575951e-19 0.0
9232.969999999828 9.164518857575951e-19 0.0
9234.069999999829 9.164518857575951e-19 0.0
9235.169999999829 9.164518857575951e-19 0.0
9236.26999999983 9.164518857575951e-19 0.0
9237.36999999983 9.164518857575951e-19 0.0
9238.46999999983 9.164518857575951e-19 0.0
9239.56999999983 9.164518857575951e-19 0.0
9240.66999999983 9.164518857575951e-19 0.0
9241.769999999831 9.164518857575951e-19 0.0
9242.869999999832 9.164518857575951e-19 0.0
9243.969999999832 9.164518857575951e-19 0.0
9245.069999999832 9.164518857575951e-19 0.0
9246.169999999833 9.164518857575951e-19 0.0
9247.269999999833 9.164518857575951e-19 0.0
9248.369999999833 9.164518857575951e-19 0.0
9249.469999999834 9.164518857575951e-19 0.0
9250.569999999834 9.164518857575951e-19 0.0
9251.669999999835 9.164518857575951e-19 0.0
9252.769999999835 9.164518857575951e-19 0.0
9253.869999999835 9.164518857575951e-19 0.0
9254.969999999836 9.164518857575951e-19 0.0
9256.069999999836 9.164518857575951e-19 0.0
9257.169999999836 9.164518857575951e-19 0.0
9258.269999999837 9.164518857575951e-19 0.0
9259.369999999837 9.164518857575951e-19 0.0
9260.469999999837 9.164518857575951e-19 0.0
9261.569999999838 9.164518857575951e-19 0.0
9262.669999999838 9.164518857575951e-19 0.0
9263.769999999839 9.164518857575951e-19 0.0
9264.869999999839 9.164518857575951e-19 0.0
9265.96999999984 9.164518857575951e-19 0.0
9267.06999999984 9.164518857575951e-19 0.0
9268.16999999984 9.164518857575951e-19 0.0
9269.26999999984 9.164518857575951e-19 0.0
9270.36999999984 9.164518857575951e-19 0.0
9271.469999999841 9.164518857575951e-19 0.0
9272.569999999841 9.164518857575951e-19 0.0
9273.669999999842 9.164518857575951e-19 0.0
9274.769999999842 9.164518857575951e-19 0.0
9275.869999999843 9.164518857575951e-19 0.0
9276.969999999843 9.164518857575951e-19 0.0
9278.069999999843 9.164518857575951e-19 0.0
9279.169999999844 9.164518857575951e-19 0.0
9280.269999999844 9.164518857575951e-19 0.0
9281.369999999844 9.164518857575951e-19 0.0
9282.469999999845 9.164518857575951e-19 0.0
9283.569999999845 9.164518857575951e-19 0.0
9284.669999999845 9.164518857575951e-19 0.0
9285.769999999846 9.164518857575951e-19 0.0
9286.869999999846 9.164518857575951e-19 0.0
9287.969999999847 9.164518857575951e-19 0.0
9289.069999999847 9.164518857575951e-19 0.0
9290.169999999847 9.164518857575951e-19 0.0
9291.269999999848 9.164518857575951e-19 0.0
9292.369999999848 9.164518857575951e-19 0.0
9293.469999999848 9.164518857575951e-19 0.0
9294.569999999849 9.164518857575951e-19 0.0
9295.66999999985 9.164518857575951e-19 0.0
9296.76999999985 9.164518857575951e-19 0.0
9297.86999999985 9.164518857575951e-19 0.0
9298.96999999985 9.164518857575951e-19 0.0
9300.06999999985 9.164518857575951e-19 0.0
9301.169999999851 9.164518857575951e-19 0.0
9302.269999999851 9.164518857575951e-19 0.0
9303.369999999852 9.164518857575951e-19 0.0
9304.469999999852 9.164518857575951e-19 0.0
9305.569999999852 9.164518857575951e-19 0.0
9306.669999999853 9.164518857575951e-19 0.0
9307.769999999853 9.164518857575951e-19 0.0
9308.869999999853 9.164518857575951e-19 0.0
9309.969999999854 9.164518857575951e-19 0.0
9311.069999999854 9.164518857575951e-19 0.0
9312.169999999855 9.164518857575951e-19 0.0
9313.269999999855 9.164518857575951e-19 0.0
9314.369999999855 9.164518857575951e-19 0.0
9315.469999999856 9.164518857575951e-19 0.0
9316.569999999856 9.164518857575951e-19 0.0
9317.669999999856 9.164518857575951e-19 0.0
9318.769999999857 9.164518857575951e-19 0.0
9319.869999999857 9.164518857575951e-19 0.0
9320.969999999857 9.164518857575951e-19 0.0
9322.069999999858 9.164518857575951e-19 0.0
9323.169999999858 9.164518857575951e-19 0.0
9324.269999999859 9.164518857575951e-19 0.0
9325.369999999859 9.164518857575951e-19 0.0
9326.46999999986 9.164518857575951e-19 0.0
9327.56999999986 9.164518857575951e-19 0.0
9328.66999999986 9.164518857575951e-19 0.0
9329.76999999986 9.164518857575951e-19 0.0
9330.86999999986 9.164518857575951e-19 0.0
9331.969999999861 9.164518857575951e-19 0.0
9333.069999999861 9.164518857575951e-19 0.0
9334.169999999862 9.164518857575951e-19 0.0
9335.269999999862 9.164518857575951e-19 0.0
9336.369999999863 9.164518857575951e-19 0.0
9337.469999999863 9.164518857575951e-19 0.0
9338.569999999863 9.164518857575951e-19 0.0
9339.669999999864 9.164518857575951e-19 0.0
9340.769999999864 9.164518857575951e-19 0.0
9341.869999999864 9.164518857575951e-19 0.0
9342.969999999865 9.164518857575951e-19 0.0
9344.069999999865 9.164518857575951e-19 0.0
9345.169999999865 9.164518857575951e-19 0.0
9346.269999999866 9.164518857575951e-19 0.0
9347.369999999866 9.164518857575951e-19 0.0
9348.469999999867 9.164518857575951e-19 0.0
9349.569999999867 9.164518857575951e-19 0.0
9350.669999999867 9.164518857575951e-19 0.0
9351.769999999868 9.164518857575951e-19 0.0
9352.869999999868 9.164518857575951e-19 0.0
9353.969999999868 9.164518857575951e-19 0.0
9355.069999999869 9.164518857575951e-19 0.0
9356.16999999987 9.164518857575951e-19 0.0
9357.26999999987 9.164518857575951e-19 0.0
9358.36999999987 9.164518857575951e-19 0.0
9359.46999999987 9.164518857575951e-19 0.0
9360.56999999987 9.164518857575951e-19 0.0
9361.669999999871 9.164518857575951e-19 0.0
9362.769999999871 9.164518857575951e-19 0.0
9363.869999999872 9.164518857575951e-19 0.0
9364.969999999872 9.164518857575951e-19 0.0
9366.069999999872 9.164518857575951e-19 0.0
9367.169999999873 9.164518857575951e-19 0.0
9368.269999999873 9.164518857575951e-19 0.0
9369.369999999873 9.164518857575951e-19 0.0
9370.469999999874 9.164518857575951e-19 0.0
9371.569999999874 9.164518857575951e-19 0.0
9372.669999999875 9.164518857575951e-19 0.0
9373.769999999875 9.164518857575951e-19 0.0
9374.869999999875 9.164518857575951e-19 0.0
9375.969999999876 9.164518857575951e-19 0.0
9377.069999999876 9.164518857575951e-19 0.0
9378.169999999876 9.164518857575951e-19 0.0
9379.269999999877 9.164518857575951e-19 0.0
9380.369999999877 9.164518857575951e-19 0.0
9381.469999999877 9.164518857575951e-19 0.0
9382.569999999878 9.164518857575951e-19 0.0
9383.669999999878 9.164518857575951e-19 0.0
9384.769999999879 9.164518857575951e-19 0.0
9385.869999999879 9.164518857575951e-19 0.0
9386.96999999988 9.164518857575951e-19 0.0
9388.06999999988 9.164518857575951e-19 0.0
9389.16999999988 9.164518857575951e-19 0.0
9390.26999999988 9.164518857575951e-19 0.0
9391.36999999988 9.164518857575951e-19 0.0
9392.469999999881 9.164518857575951e-19 0.0
9393.569999999881 9.164518857575951e-19 0.0
9394.669999999882 9.164518857575951e-19 0.0
9395.769999999882 9.164518857575951e-19 0.0
9396.869999999883 9.164518857575951e-19 0.0
9397.969999999883 9.164518857575951e-19 0.0
9399.069999999883 9.164518857575951e-19 0.0
9400.169999999884 9.164518857575951e-19 0.0
9401.269999999884 9.164518857575951e-19 0.0
9402.369999999884 9.164518857575951e-19 0.0
9403.469999999885 9.164518857575951e-19 0.0
9404.569999999885 9.164518857575951e-19 0.0
9405.669999999885 9.164518857575951e-19 0.0
9406.769999999886 9.164518857575951e-19 0.0
9407.869999999886 9.164518857575951e-19 0.0
9408.969999999887 9.164518857575951e-19 0.0
9410.069999999887 9.164518857575951e-19 0.0
9411.169999999887 9.164518857575951e-19 0.0
9412.269999999888 9.164518857575951e-19 0.0
9413.369999999888 9.164518857575951e-19 0.0
9414.469999999888 9.164518857575951e-19 0.0
9415.569999999889 9.164518857575951e-19 0.0
9416.66999999989 9.164518857575951e-19 0.0
9417.76999999989 9.164518857575951e-19 0.0
9418.86999999989 9.164518857575951e-19 0.0
9419.96999999989 9.164518857575951e-19 0.0
9421.06999999989 9.164518857575951e-19 0.0
9422.169999999891 9.164518857575951e-19 0.0
9423.269999999891 9.164518857575951e-19 0.0
9424.369999999892 9.164518857575951e-19 0.0
9425.469999999892 9.164518857575951e-19 0.0
9426.569999999892 9.164518857575951e-19 0.0
9427.669999999893 9.164518857575951e-19 0.0
9428.769999999893 9.164518857575951e-19 0.0
9429.869999999893 9.164518857575951e-19 0.0
9430.969999999894 9.164518857575951e-19 0.0
9432.069999999894 9.164518857575951e-19 0.0
9433.169999999895 9.164518857575951e-19 0.0
9434.269999999895 9.164518857575951e-19 0.0
9435.369999999895 9.164518857575951e-19 0.0
9436.469999999896 9.164518857575951e-19 0.0
9437.569999999896 9.164518857575951e-19 0.0
9438.669999999896 9.164518857575951e-19 0.0
9439.769999999897 9.164518857575951e-19 0.0
9440.869999999897 9.164518857575951e-19 0.0
9441.969999999897 9.164518857575951e-19 0.0
9443.069999999898 9.164518857575951e-19 0.0
9444.169999999898 9.164518857575951e-19 0.0
9445.269999999899 9.164518857575951e-19 0.0
9446.369999999899 9.164518857575951e-19 0.0
9447.4699999999 9.164518857575951e-19 0.0
9448.5699999999 9.164518857575951e-19 0.0
9449.6699999999 9.164518857575951e-19 0.0
9450.7699999999 9.164518857575951e-19 0.0
9451.8699999999 9.164518857575951e-19 0.0
9452.969999999901 9.164518857575951e-19 0.0
9454.069999999901 9.164518857575951e-19 0.0
9455.169999999902 9.164518857575951e-19 0.0
9456.269999999902 9.164518857575951e-19 0.0
9457.369999999903 9.164518857575951e-19 0.0
9458.469999999903 9.164518857575951e-19 0.0
9459.569999999903 9.164518857575951e-19 0.0
9460.669999999904 9.164518857575951e-19 0.0
9461.769999999904 9.164518857575951e-19 0.0
9462.869999999904 9.164518857575951e-19 0.0
9463.969999999905 9.164518857575951e-19 0.0
9465.069999999905 9.164518857575951e-19 0.0
9466.169999999905 9.164518857575951e-19 0.0
9467.269999999906 9.164518857575951e-19 0.0
9468.369999999906 9.164518857575951e-19 0.0
9469.469999999907 9.164518857575951e-19 0.0
9470.569999999907 9.164518857575951e-19 0.0
9471.669999999907 9.164518857575951e-19 0.0
9472.769999999908 9.164518857575951e-19 0.0
9473.869999999908 9.164518857575951e-19 0.0
9474.969999999908 9.164518857575951e-19 0.0
9476.069999999909 9.164518857575951e-19 0.0
9477.16999999991 9.164518857575951e-19 0.0
9478.26999999991 9.164518857575951e-19 0.0
9479.36999999991 9.164518857575951e-19 0.0
9480.46999999991 9.164518857575951e-19 0.0
9481.56999999991 9.164518857575951e-19 0.0
9482.669999999911 9.164518857575951e-19 0.0
9483.769999999911 9.164518857575951e-19 0.0
9484.869999999912 9.164518857575951e-19 0.0
9485.969999999912 9.164518857575951e-19 0.0
9487.069999999912 9.164518857575951e-19 0.0
9488.169999999913 9.164518857575951e-19 0.0
9489.269999999913 9.164518857575951e-19 0.0
9490.369999999913 9.164518857575951e-19 0.0
9491.469999999914 9.164518857575951e-19 0.0
9492.569999999914 9.164518857575951e-19 0.0
9493.669999999915 9.164518857575951e-19 0.0
9494.769999999915 9.164518857575951e-19 0.0
9495.869999999915 9.164518857575951e-19 0.0
9496.969999999916 9.164518857575951e-19 0.0
9498.069999999916 9.164518857575951e-19 0.0
9499.169999999916 9.164518857575951e-19 0.0
9500.269999999917 9.164518857575951e-19 0.0
9501.369999999917 9.164518857575951e-19 0.0
9502.469999999917 9.164518857575951e-19 0.0
9503.569999999918 9.164518857575951e-19 0.0
9504.669999999918 9.164518857575951e-19 0.0
9505.769999999919 9.164518857575951e-19 0.0
9506.869999999919 9.164518857575951e-19 0.0
9507.96999999992 9.164518857575951e-19 0.0
9509.06999999992 9.164518857575951e-19 0.0
9510.16999999992 9.164518857575951e-19 0.0
9511.26999999992 9.164518857575951e-19 0.0
9512.36999999992 9.164518857575951e-19 0.0
9513.469999999921 9.164518857575951e-19 0.0
9514.569999999921 9.164518857575951e-19 0.0
9515.669999999922 9.164518857575951e-19 0.0
9516.769999999922 9.164518857575951e-19 0.0
9517.869999999923 9.164518857575951e-19 0.0
9518.969999999923 9.164518857575951e-19 0.0
9520.069999999923 9.164518857575951e-19 0.0
9521.169999999924 9.164518857575951e-19 0.0
9522.269999999924 9.164518857575951e-19 0.0
9523.369999999924 9.164518857575951e-19 0.0
9524.469999999925 9.164518857575951e-19 0.0
9525.569999999925 9.164518857575951e-19 0.0
9526.669999999925 9.164518857575951e-19 0.0
9527.769999999926 9.164518857575951e-19 0.0
9528.869999999926 9.164518857575951e-19 0.0
9529.969999999927 9.164518857575951e-19 0.0
9531.069999999927 9.164518857575951e-19 0.0
9532.169999999927 9.164518857575951e-19 0.0
9533.269999999928 9.164518857575951e-19 0.0
9534.369999999928 9.164518857575951e-19 0.0
9535.469999999928 9.164518857575951e-19 0.0
9536.569999999929 9.164518857575951e-19 0.0
9537.66999999993 9.164518857575951e-19 0.0
9538.76999999993 9.164518857575951e-19 0.0
9539.86999999993 9.164518857575951e-19 0.0
9540.96999999993 9.164518857575951e-19 0.0
9542.06999999993 9.164518857575951e-19 0.0
9543.169999999931 9.164518857575951e-19 0.0
9544.269999999931 9.164518857575951e-19 0.0
9545.369999999932 9.164518857575951e-19 0.0
9546.469999999932 9.164518857575951e-19 0.0
9547.569999999932 9.164518857575951e-19 0.0
9548.669999999933 9.164518857575951e-19 0.0
9549.769999999933 9.164518857575951e-19 0.0
9550.869999999933 9.164518857575951e-19 0.0
9551.969999999934 9.164518857575951e-19 0.0
9553.069999999934 9.164518857575951e-19 0.0
9554.169999999935 9.164518857575951e-19 0.0
9555.269999999935 9.164518857575951e-19 0.0
9556.369999999935 9.164518857575951e-19 0.0
9557.469999999936 9.164518857575951e-19 0.0
9558.569999999936 9.164518857575951e-19 0.0
9559.669999999936 9.164518857575951e-19 0.0
9560.769999999937 9.164518857575951e-19 0.0
9561.869999999937 9.164518857575951e-19 0.0
9562.969999999937 9.164518857575951e-19 0.0
9564.069999999938 9.164518857575951e-19 0.0
9565.169999999938 9.164518857575951e-19 0.0
9566.269999999939 9.164518857575951e-19 0.0
9567.369999999939 9.164518857575951e-19 0.0
9568.46999999994 9.164518857575951e-19 0.0
9569.56999999994 9.164518857575951e-19 0.0
9570.66999999994 9.164518857575951e-19 0.0
9571.76999999994 9.164518857575951e-19 0.0
9572.86999999994 9.164518857575951e-19 0.0
9573.969999999941 9.164518857575951e-19 0.0
9575.069999999942 9.164518857575951e-19 0.0
9576.169999999942 9.164518857575951e-19 0.0
9577.269999999942 9.164518857575951e-19 0.0
9578.369999999943 9.164518857575951e-19 0.0
9579.469999999943 9.164518857575951e-19 0.0
9580.569999999943 9.164518857575951e-19 0.0
9581.669999999944 9.164518857575951e-19 0.0
9582.769999999944 9.164518857575951e-19 0.0
9583.869999999944 9.164518857575951e-19 0.0
9584.969999999945 9.164518857575951e-19 0.0
9586.069999999945 9.164518857575951e-19 0.0
9587.169999999946 9.164518857575951e-19 0.0
9588.269999999946 9.164518857575951e-19 0.0
9589.369999999946 9.164518857575951e-19 0.0
9590.469999999947 9.164518857575951e-19 0.0
9591.569999999947 9.164518857575951e-19 0.0
9592.669999999947 9.164518857575951e-19 0.0
9593.769999999948 9.164518857575951e-19 0.0
9594.869999999948 9.164518857575951e-19 0.0
9595.969999999948 9.164518857575951e-19 0.0
9597.069999999949 9.164518857575951e-19 0.0
9598.16999999995 9.164518857575951e-19 0.0
9599.26999999995 9.164518857575951e-19 0.0
9600.36999999995 9.164518857575951e-19 0.0
9601.46999999995 9.164518857575951e-19 0.0
9602.56999999995 9.164518857575951e-19 0.0
9603.669999999951 9.164518857575951e-19 0.0
9604.769999999951 9.164518857575951e-19 0.0
9605.869999999952 9.164518857575951e-19 0.0
9606.969999999952 9.164518857575951e-19 0.0
9608.069999999952 9.164518857575951e-19 0.0
9609.169999999953 9.164518857575951e-19 0.0
9610.269999999953 9.164518857575951e-19 0.0
9611.369999999954 9.164518857575951e-19 0.0
9612.469999999954 9.164518857575951e-19 0.0
9613.569999999954 9.164518857575951e-19 0.0
9614.669999999955 9.164518857575951e-19 0.0
9615.769999999955 9.164518857575951e-19 0.0
9616.869999999955 9.164518857575951e-19 0.0
9617.969999999956 9.164518857575951e-19 0.0
9619.069999999956 9.164518857575951e-19 0.0
9620.169999999956 9.164518857575951e-19 0.0
9621.269999999957 9.164518857575951e-19 0.0
9622.369999999957 9.164518857575951e-19 0.0
9623.469999999958 9.164518857575951e-19 0.0
9624.569999999958 9.164518857575951e-19 0.0
9625.669999999958 9.164518857575951e-19 0.0
9626.769999999959 9.164518857575951e-19 0.0
9627.869999999959 9.164518857575951e-19 0.0
9628.96999999996 9.164518857575951e-19 0.0
9630.06999999996 9.164518857575951e-19 0.0
9631.16999999996 9.164518857575951e-19 0.0
9632.26999999996 9.164518857575951e-19 0.0
9633.36999999996 9.164518857575951e-19 0.0
9634.469999999961 9.164518857575951e-19 0.0
9635.569999999962 9.164518857575951e-19 0.0
9636.669999999962 9.164518857575951e-19 0.0
9637.769999999962 9.164518857575951e-19 0.0
9638.869999999963 9.164518857575951e-19 0.0
9639.969999999963 9.164518857575951e-19 0.0
9641.069999999963 9.164518857575951e-19 0.0
9642.169999999964 9.164518857575951e-19 0.0
9643.269999999964 9.164518857575951e-19 0.0
9644.369999999964 9.164518857575951e-19 0.0
9645.469999999965 9.164518857575951e-19 0.0
9646.569999999965 9.164518857575951e-19 0.0
9647.669999999966 9.164518857575951e-19 0.0
9648.769999999966 9.164518857575951e-19 0.0
9649.869999999966 9.164518857575951e-19 0.0
9650.969999999967 9.164518857575951e-19 0.0
9652.069999999967 9.164518857575951e-19 0.0
9653.169999999967 9.164518857575951e-19 0.0
9654.269999999968 9.164518857575951e-19 0.0
9655.369999999968 9.164518857575951e-19 0.0
9656.469999999968 9.164518857575951e-19 0.0
9657.569999999969 9.164518857575951e-19 0.0
9658.66999999997 9.164518857575951e-19 0.0
9659.76999999997 9.164518857575951e-19 0.0
9660.86999999997 9.164518857575951e-19 0.0
9661.96999999997 9.164518857575951e-19 0.0
9663.06999999997 9.164518857575951e-19 0.0
9664.169999999971 9.164518857575951e-19 0.0
9665.269999999971 9.164518857575951e-19 0.0
9666.369999999972 9.164518857575951e-19 0.0
9667.469999999972 9.164518857575951e-19 0.0
9668.569999999972 9.164518857575951e-19 0.0
9669.669999999973 9.164518857575951e-19 0.0
9670.769999999973 9.164518857575951e-19 0.0
9671.869999999974 9.164518857575951e-19 0.0
9672.969999999974 9.164518857575951e-19 0.0
9674.069999999974 9.164518857575951e-19 0.0
9675.169999999975 9.164518857575951e-19 0.0
9676.269999999975 9.164518857575951e-19 0.0
9677.369999999975 9.164518857575951e-19 0.0
9678.469999999976 9.164518857575951e-19 0.0
9679.569999999976 9.164518857575951e-19 0.0
9680.669999999976 9.164518857575951e-19 0.0
9681.769999999977 9.164518857575951e-19 0.0
9682.869999999977 9.164518857575951e-19 0.0
9683.969999999978 9.164518857575951e-19 0.0
9685.069999999978 9.164518857575951e-19 0.0
9686.169999999978 9.164518857575951e-19 0.0
9687.269999999979 9.164518857575951e-19 0.0
9688.369999999979 9.164518857575951e-19 0.0
9689.46999999998 9.164518857575951e-19 0.0
9690.56999999998 9.164518857575951e-19 0.0
9691.66999999998 9.164518857575951e-19 0.0
9692.76999999998 9.164518857575951e-19 0.0
9693.86999999998 9.164518857575951e-19 0.0
9694.969999999981 9.164518857575951e-19 0.0
9696.069999999982 9.164518857575951e-19 0.0
9697.169999999982 9.164518857575951e-19 0.0
9698.269999999982 9.164518857575951e-19 0.0
9699.369999999983 9.164518857575951e-19 0.0
9700.469999999983 9.164518857575951e-19 0.0
9701.569999999983 9.164518857575951e-19 0.0
9702.669999999984 9.164518857575951e-19 0.0
9703.769999999984 9.164518857575951e-19 0.0
9704.869999999984 9.164518857575951e-19 0.0
9705.969999999985 9.164518857575951e-19 0.0
9707.069999999985 9.164518857575951e-19 0.0
9708.169999999986 9.164518857575951e-19 0.0
9709.269999999986 9.164518857575951e-19 0.0
9710.369999999986 9.164518857575951e-19 0.0
9711.469999999987 9.164518857575951e-19 0.0
9712.569999999987 9.164518857575951e-19 0.0
9713.669999999987 9.164518857575951e-19 0.0
9714.769999999988 9.164518857575951e-19 0.0
9715.869999999988 9.164518857575951e-19 0.0
9716.969999999988 9.164518857575951e-19 0.0
9718.069999999989 9.164518857575951e-19 0.0
9719.16999999999 9.164518857575951e-19 0.0
9720.26999999999 9.164518857575951e-19 0.0
9721.36999999999 9.164518857575951e-19 0.0
9722.46999999999 9.164518857575951e-19 0.0
9723.56999999999 9.164518857575951e-19 0.0
9724.669999999991 9.164518857575951e-19 0.0
9725.769999999991 9.164518857575951e-19 0.0
9726.869999999992 9.164518857575951e-19 0.0
9727.969999999992 9.164518857575951e-19 0.0
9729.069999999992 9.164518857575951e-19 0.0
9730.169999999993 9.164518857575951e-19 0.0
9731.269999999993 9.164518857575951e-19 0.0
9732.369999999994 9.164518857575951e-19 0.0
9733.469999999994 9.164518857575951e-19 0.0
9734.569999999994 9.164518857575951e-19 0.0
9735.669999999995 9.164518857575951e-19 0.0
9736.769999999995 9.164518857575951e-19 0.0
9737.869999999995 9.164518857575951e-19 0.0
9738.969999999996 9.164518857575951e-19 0.0
9740.069999999996 9.164518857575951e-19 0.0
9741.169999999996 9.164518857575951e-19 0.0
9742.269999999997 9.164518857575951e-19 0.0
9743.369999999997 9.164518857575951e-19 0.0
9744.469999999998 9.164518857575951e-19 0.0
9745.569999999998 9.164518857575951e-19 0.0
9746.669999999998 9.164518857575951e-19 0.0
9747.769999999999 9.164518857575951e-19 0.0
9748.869999999999 9.164518857575951e-19 0.0
9749.97 9.164518857575951e-19 0.0
9751.07 9.164518857575951e-19 0.0
9752.17 9.859415193569312e-19 5.528660838448155e-18
9753.26 -5.642691307106331e-19 7.038765033484896e-18
9754.34 1.2336991216962375e-18 6.066935959186772e-18
9755.43 1.0875591368702926e-18 5.700544464358687e-18
9756.52 2.366558988645782e-19 2.652520640142433e-18
9757.6 2.5253504686161842e-18 8.639364644131694e-18
9758.69 -3.20771221363944e-19 7.015294109500118e-18
9759.77 -3.5572410791302433e-19 6.982698256209881e-18
9760.86 9.40654039490823e-19 5.222016218196752e-18
9761.95 1.7300296054176218e-18 6.980201626158895e-18
9763.03 -8.738326401612886e-19 6.553807765314703e-18
9764.12 5.50717725830964e-19 3.946363085692992e-18
9765.2 1.1647374114262204e-18 5.772660433075798e-18
9766.29 1.5597282703756098e-18 6.665897936458003e-18
9767.38 1.1111496299112383e-18 5.5386312836922636e-18
9768.46 1.8285841493916692e-19 2.2254631237251117e-18
9769.55 -9.539836926685375e-21 6.263065216511913e-18
9770.63 -2.9864498546860182e-19 6.083928455209166e-18
9771.72 1.4990212555675872e-18 6.246396920257412e-18
9772.81 7.223169903788482e-18 1.36580181490628e-17
9773.89 2.8019723290662477e-18 8.414584548289538e-18
9774.98 8.212303968056406e-19 4.569830588356916e-18
9776.06 -2.72772343520537e-19 5.95887705052168e-18
9777.15 6.030892317317738e-20 1.2337573863095652e-18
9778.24 1.3176112991486898e-18 5.76762166197959e-18
9779.32 1.1101976009932831e-18 5.2824959997815994e-18
9780.41 8.92249732024367e-19 4.743716309653833e-18
9781.49 4.2975029924489396e-19 3.284282415177982e-18
9782.58 1.9479034035691303e-18 7.044180436154742e-18
9783.67 2.1963266730136877e-19 2.3741352518300226e-18
9784.75 3.996640198568024e-19 3.1850019181818327e-18
9785.84 5.836281426682822e-19 3.796552746617087e-18
9786.92 9.796298096929503e-19 4.874224406571038e-18
9788.01 9.761390202982003e-19 4.848579798983874e-18
9789.09 1.2534597201156344e-18 5.483982246634784e-18
9790.18 9.519723386705321e-19 4.773589497311602e-18
9791.27 1.424116152745301e-19 1.8535214373610692e-18
9792.35 2.1223983454659716e-18 7.190102392887224e-18
9793.44 -5.964482715980191e-19 5.7396492740213686e-18
9794.52 3.528500531157248e-18 9.378986560505669e-18
9795.61 1.7686263119382424e-18 6.581145831025505e-18
9796.7 1.0922226837026617e-18 5.1047533858540445e-18
9797.78 -1.9384932875955e-19 5.475414444618141e-18
9798.87 -6.648045423835669e-20 5.39126274588188e-18
9799.96 -5.583752965612823e-20 5.446904711892569e-18
9801.04 2.2725800128053597e-19 2.3221848980529293e-18
9802.13 2.27969398849203e-18 7.390798686217363e-18
9803.21 8.764735159633833e-19 4.578303871169245e-18
9804.3 -8.793791042535345e-19 5.590617033304178e-18
9805.38 -2.7034037929172597e-19 5.518401839900605e-18
9806.47 1.6038615277041877e-18 6.07933932792513e-18
9807.56 5.245529499716058e-19 3.4375255482369722e-18
9808.64 3.604440960121503e-19 2.8454729575811334e-18
9809.73 1.5163741580982936e-18 5.824105465851599e-18
9810.81 1.956082715100326e-18 6.6040810031848836e-18
9811.9 7.552092716876288e-19 4.0971500009954776e-18
9812.99 5.724665684677364e-19 3.563274971306293e-18
9814.07 -4.3352681296168605e-19 5.209047756794105e-18
9815.16 5.895686917159774e-19 3.6269153160245865e-18
9816.24 1.8022527173429608e-18 6.3345554089234535e-18
9817.33 1.2634178430714194e-18 5.311110052526211e-18
9818.42 1.75702075284533e-18 6.234903086185918e-18
9819.5 3.128243866845361e-19 2.625996609695021e-18
9820.59 3.85663489224826e-19 2.9073801912749016e-18
9821.67 1.6830066264243325e-18 6.066331688127888e-18
9822.76 1.1167034366800628e-18 4.928483600084964e-18
9823.85 5.816035641337849e-19 3.551493412264114e-18
9824.93 1.2196916325487533e-18 5.1510786015457325e-18
9826.02 7.263699608638812e-19 4.0098536696301126e-18
9827.1 1.3253944046202083e-18 5.424733391872051e-18
9828.19 7.814735464793459e-19 4.15091263430936e-18
9829.28 7.253011237576379e-19 3.977470440435352e-18
9830.36 2.959359245243329e-19 2.5269517027016502e-18
9831.45 -8.171518779736301e-20 5.014787814058629e-18
9832.53 9.75836930997814e-19 4.5930728736730256e-18
9833.62 1.0678841307885623e-18 4.808603082757061e-18
9834.71 1.511388862595949e-18 5.712916015615572e-18
9835.79 7.358120188236777e-19 3.975845113038867e-18
9836.88 6.206618933878886e-19 3.642286872223248e-18
9837.96 1.009688809194751e-18 4.628831458743201e-18
9839.05 6.504513930063571e-19 3.7092412198082576e-18
9840.14 3.3707170812143716e-19 2.674934063788852e-18
9841.22 9.726204165163244e-19 4.528106091484102e-18
9842.31 1.0401172394275895e-18 4.674944631954483e-18
9843.39 1.0504201462920519e-18 4.702042423862894e-18
9844.48 9.640598530327459e-19 4.497994610566731e-18
9845.57 4.553782998636283e-19 3.0892691507827474e-18
9846.65 2.4383203966856395e-20 7.151662545939011e-19
9847.74 1.3830636688814566e-18 5.367457533654273e-18
9848.82 1.940874767351332e-18 6.366407038935127e-18
9849.91 1.6403436640899007e-18 5.857791977128223e-18
9851.0 -5.552188878554477e-19 4.899551349991716e-18
9852.08 1.0473210953974311e-19 1.4778042070678056e-18
9853.17 4.1712179494128044e-19 2.96108169855513e-18
9854.25 5.022236874267885e-19 3.22677863974407e-18
9855.34 -5.7158011576556495e-19 4.784475275820226e-18
9856.43 4.815607559992304e-19 3.123388761030219e-18
9857.51 4.767633540406698e-19 3.106233323779479e-18
9858.6 -2.3789181884903053e-20 4.75783637698061e-18
9859.68 8.349950562766843e-19 4.1082617848937234e-18
9860.77 7.493292827203435e-19 3.879188604192562e-18
9861.86 3.965902251707828e-19 2.8204316121708485e-18
9862.94 4.858032792354174e-19 3.122423317447573e-18
9864.03 1.0530464560215223e-18 4.600623808652009e-18
9865.11 1.468377964452028e-18 5.478326724458355e-18
9866.2 1.3651339225150202e-18 5.299088098800737e-18
9867.29 1.6766580211349249e-18 5.778926819447118e-18
9868.37 -1.8325312268280657e-20 4.651044684483113e-18
9869.46 -1.4308055044097643e-19 4.6479005916024754e-18
9870.54 1.266024277258308e-18 5.026636281912338e-18
9871.63 1.5502963093235065e-18 5.531640774925724e-18
9872.71 1.086502545518442e-18 4.640068586396383e-18
9873.8 -7.083395417167906e-19 4.661201745185823e-18
9874.89 -1.3364198692732804e-18 4.644349022554435e-18
9875.97 -2.0178305777793093e-18 4.620509847324019e-18
9877.06 -5.830644721533727e-19 4.604844970826144e-18
9878.14 6.981258851744701e-19 3.700111119433826e-18
9879.23 1.1238143267456096e-18 4.678067875136448e-18
9880.32 1.1203976205664257e-18 4.658488539415089e-18
9881.4 5.475221573951343e-19 3.2638977919713718e-18
9882.49 7.676677859441868e-19 3.86329281344001e-18
9883.57 6.127874081101231e-19 3.436264908519354e-18
9884.66 4.528353159708956e-19 2.947964470413095e-18
9885.75 7.422948403048273e-19 3.772134207932185e-18
9886.83 1.2147846405207342e-18 4.829702155059696e-18
9887.92 7.998985960347543e-19 3.907269808454105e-18
9889.0 7.418694004763124e-19 3.756208318080231e-18
9890.09 3.1899362074331294e-19 2.467826626780623e-18
9891.18 -2.416994990345336e-19 4.489652544010921e-18
9892.26 -3.647201546431169e-19 4.444759997559956e-18
9893.35 8.759270645872858e-19 4.0421979037846555e-18
9894.43 5.139831126414035e-19 3.104658661461631e-18
9895.52 5.77475166099458e-19 3.2925260513817205e-18
9896.61 8.054191133432333e-19 3.894733610532721e-18
9897.69 6.389967421776486e-19 3.47258356432864e-18
9898.78 7.322257474739362e-19 3.693480623648887e-18
9899.86 6.354961690077672e-19 3.4425203369682945e-18
9900.95 5.87358224207636e-19 3.302370978076511e-18
9902.04 -1.4110288553331694e-20 4.37261757357691e-18
9903.12 6.986560558077532e-19 3.595150238268678e-18
9904.21 6.23432316383119e-19 3.3757993297357278e-18
9905.29 2.4178433848983246e-19 2.09737584047086e-18
9906.38 1.0626600173308722e-18 4.386008304668858e-18
9907.47 6.303824051451215e-19 3.376746270447504e-18
9908.55 7.878347273625047e-19 3.76620813458504e-18
9909.64 7.55902238353969e-19 3.691672186439991e-18
9910.72 1.1934318085446153e-18 4.636491411467926e-18
9911.81 1.0627909439891528e-18 4.375705226565955e-18
9912.9 6.532310131823074e-19 3.4205800044262838e-18
9913.98 5.609724470846005e-19 3.1670934279664988e-18
9915.07 4.900976881714003e-19 2.9532747999071838e-18
9916.15 1.139110962562424e-18 4.488871270011973e-18
9917.24 1.5391814659999577e-18 5.198746674800817e-18
9918.33 2.578238058104069e-18 6.71237691891924e-18
9919.41 1.3382468885122923e-18 4.841556068400564e-18
9920.5 8.568798086587272e-19 3.869512033085383e-18
9921.58 8.187684742464081e-19 3.776245271978875e-18
9922.67 4.439030581436671e-19 2.776912973497116e-18
9923.76 5.993381040115462e-19 3.2271784416709665e-18
9924.84 1.8220268316841404e-19 1.779067529246709e-18
9925.93 2.3084151734766247e-19 1.9973153669746096e-18
9927.01 6.709098753225957e-19 3.4000559945695278e-18
9928.1 5.248670693106368e-19 3.005527086062428e-18
9929.19 -4.0260245032396284e-20 4.0452491005843975e-18
9930.27 5.589256552981343e-19 3.0994305659258123e-18
9931.36 3.0866450730625776e-20 7.25255085618021e-19
9932.44 1.0611484850073505e-19 1.3436373292277586e-18
9933.53 5.1056481180959325e-19 2.9387831395710186e-18
9934.62 1.1897509189787032e-18 4.467901887385222e-18
9935.7 7.580229348249572e-19 3.5746095047224336e-18
9936.79 6.270043273545793e-19 3.247244362316365e-18
9937.87 1.0426373150789282e-18 4.181594456249305e-18
9938.96 5.116313889627651e-19 2.9171686487005492e-18
9940.04 1.4665614198649637e-19 1.5610441772446069e-18
9941.13 5.351305504327641e-19 2.9824033130657204e-18
9942.22 1.136188719186372e-18 4.341930463623893e-18
9943.3 9.453974371690842e-19 3.947740469593296e-18
9944.39 -2.5840358866567046e-19 3.869115135560104e-18
9945.48 1.6808241993276793e-18 5.25734644049749e-18
9946.56 5.667513329287868e-19 3.0483553315913667e-18
9947.65 -1.6359985388035525e-18 3.8298290314236316e-18
9948.73 -1.383278049503859e-18 3.834438265650948e-18
9949.82 1.444731676373026e-19 1.538303687755495e-18
9950.91 -8.495542075590698e-19 3.831681552631033e-18
9951.99 1.5733115361434747e-19 1.5999477469836213e-18
9953.08 6.77041305628222e-19 3.3145231821695703e-18
9954.16 4.768146526981286e-19 2.7731635683206554e-18
9955.25 4.535280781653862e-19 2.6995592684269604e-18
9956.33 1.3299124148591307e-18 4.618343507018496e-18
9957.42 6.296017730246917e-20 1.00500651059767e-18
9958.51 -5.897338278161123e-19 3.760908704920198e-18
9959.59 -1.1300395562101127e-18 3.725576095563088e-18
9960.68 3.4405378547435496e-19 2.3386748780222396e-18
9961.76 1.0762759798997247e-18 4.1364669632018546e-18
9962.85 4.81889310374389e-19 2.773483409209777e-18
9963.94 1.7244739823269729e-18 5.251051257914599e-18
9965.02 7.898024014158304e-19 3.5334425968738156e-18
9966.11 1.9209767865165433e-18 5.48973104752873e-18
9967.19 9.714436341377755e-19 3.890573635760585e-18
9968.28 3.6877214571804755e-19 2.395195683715259e-18
9969.37 9.816993998379892e-19 3.907893605445118e-18
9970.45 7.546860792434718e-19 3.4155919737233755e-18
9971.54 1.2103918926598642e-18 4.318331661458877e-18
9972.62 1.0569051808967323e-18 4.037741648534604e-18
9973.71 -4.964839792987814e-19 3.671415196596707e-18
9974.8 6.119598861833584e-19 3.0731487351769214e-18
9975.88 2.354047088331402e-18 6.0052221641107195e-18
9976.97 7.902497724189591e-19 3.47406525666056e-18
9978.05 5.562336805505453e-19 2.9042202291781424e-18
9979.14 -1.1125928546249422e-19 3.5613956720347516e-18
9980.23 1.0926949119351304e-19 1.2853335445866518e-18
9981.31 2.830514912218503e-19 2.069864357157496e-18
9982.4 1.2206858020711154e-18 4.294575831890017e-18
9983.48 2.170543656191998e-19 1.806948674357697e-18
9984.57 3.1234710825200947e-19 2.1659106046672197e-18
9985.66 4.953966948539473e-19 2.7286051205324198e-18
9986.74 4.2682122531448605e-19 2.5311060175201093e-18
9987.83 8.798751275234513e-19 3.6386967582277686e-18
9988.91 6.7639834265643195e-19 3.178712797587552e-18
9990.0 8.975297569515753e-19 3.665276397920059e-18
9991.09 6.630982588597188e-19 3.146129013724689e-18
9992.17 1.0608680925302535e-18 3.978533243164497e-18
9993.26 5.333642737214478e-19 2.812512478186298e-18
9994.34 1.4908304439592296e-19 1.4882898128584241e-18
9995.43 3.719920936982265e-19 2.345057956700536e-18
9996.52 2.0959664242452654e-19 1.7592839680123182e-18
9997.6 3.5344398124010924e-19 2.282845503105037e-18
9998.69 6.651441774730452e-19 3.14165233223434e-18
9999.77 1.0575045494302465e-18 3.967819358807163e-18
10000.9 6.016830449199561e-19 2.9805467456239832e-18
10001.9 1.953439730495816e-18 5.3779445246422586e-18
10003.0 2.2364595680004757e-19 1.8161361921241503e-18
10004.1 4.557897313288e-19 2.589327912903042e-18
10005.2 2.3742749633435514e-19 1.8634812983084375e-18
10006.3 6.001537919482541e-19 2.9566348636127364e-18
10007.4 6.19893744022978e-19 3.0054262066712602e-18
10008.5 6.68970717802164e-19 3.1163197932037772e-18
10009.5 1.1731672422977409e-18 4.130936130032459e-18
10010.6 4.642160600605288e-19 2.593871061654953e-18
10011.7 5.366569159907133e-19 2.7890458864411314e-18
10012.8 1.2946735203049342e-18 4.330531831554385e-18
10013.9 1.2878740627459452e-18 4.307585334593604e-18
10015.0 1.247224973130263e-18 4.233793724564143e-18
10016.1 -6.958469352931994e-19 3.3695855278492736e-18
10017.1 -9.311100847356252e-19 3.3609236373753354e-18
10018.2 9.182561508045456e-19 3.626421848627429e-18
10019.3 -3.3941880163072524e-19 3.3601273398505566e-18
10020.4 9.708489661614585e-19 3.7331488985066964e-18
10021.5 9.939755828657812e-19 3.76331618749401e-18
10022.6 7.05594134886002e-19 3.1658652883176445e-18
10023.7 1.2370106036564742e-18 4.203788880205542e-18
10024.8 7.9076866762147155e-19 3.352439710236114e-18
10025.8 1.164257470116865e-18 4.054764583532385e-18
10026.9 1.0317599777464564e-18 3.801133999389353e-18
10028.0 1.201823454106812e-18 4.098634376553773e-18
10029.1 1.8967145984147385e-18 5.1637495778023314e-18
10030.2 1.0041103250389812e-18 3.761693330334311e-18
10031.3 6.437856399973854e-19 2.997234124921123e-18
10032.4 1.0559510750966075e-18 3.827892202500816e-18
10033.4 9.181224522125456e-19 3.5570626684188866e-18
10034.5 6.965319861297181e-19 3.1008975841623765e-18
10035.6 7.374989138536008e-19 3.194136279895061e-18
10036.7 1.055912130865979e-18 3.81631372623912e-18
10037.8 4.466988646720846e-19 2.4806516693741533e-18
10038.9 6.760320993568249e-19 3.0667846249772815e-18
10040.0 1.0642780351521815e-18 3.839257547960526e-18
10041.0 9.831865821180748e-19 3.679124592328355e-18
10042.1 5.373230049012656e-19 2.7097158319595037e-18
10043.2 8.836451949112745e-19 3.476005829611505e-18
10044.3 1.7462553961088198e-19 1.5499662357511457e-18
10045.4 1.7638535473048364e-18 4.941397983249841e-18
10046.5 7.454870166203601e-19 3.1963108723562085e-18
10047.6 1.03544591476895e-18 3.769021922469063e-18
10048.6 5.375798431551872e-19 2.7299107457987015e-18
10049.7 1.2194676181661386e-19 1.304227359769902e-18
10050.8 1.0455945309379407e-18 3.837554170708186e-18
10051.9 1.415861193720173e-18 4.480888971322795e-18
10053.0 1.2940256610961143e-18 4.285674913212637e-18
10054.1 4.2092583574125087e-19 2.438226518596211e-18
10055.2 1.3159814719632917e-18 4.281965658381628e-18
10056.2 5.748349262223817e-19 2.810820258751344e-18
10057.3 6.874143271047452e-19 3.0543107722304537e-18
10058.4 6.488318677563944e-19 2.9535086798893593e-18
10059.5 1.1680860599955066e-18 3.9546551513396704e-18
10060.6 8.912846138991952e-19 3.4498552959443418e-18
10061.7 2.013220247643199e-18 5.190363559335143e-18
10062.8 -2.4295337364792264e-20 3.097414477030152e-18
10063.8 -2.784374756751548e-19 3.0967057146872596e-18
10064.9 1.174897817414947e-18 3.941078292105762e-18
10066.0 6.68934006766517e-19 2.9740081819092775e-18
10067.1 -1.7394633575875737e-21 3.1100707659561225e-18
10068.2 2.7876138978356887e-19 1.927462016419341e-18
10069.3 9.064037001083838e-19 3.464912458368323e-18
10070.4 6.293755996493276e-19 2.8845577406280515e-18
10071.4 6.089032815686969e-19 2.8416025755575535e-18
10072.5 1.0561560642281036e-18 3.735576011299186e-18
10073.6 -1.0343409192845427e-19 3.0935834171679342e-18
10074.7 2.7408705583246116e-19 1.9032912840806844e-18
10075.8 8.173129563379013e-19 3.2761699818840273e-18
10076.9 2.7703818808696826e-19 1.9085937005983897e-18
10078.0 4.763861295221431e-20 7.952255778968084e-19
10079.0 3.0657848742144976e-19 2.0063565545396894e-18
10080.1 4.624971105397513e-19 2.4618924946257346e-18
10081.2 3.9001253873437874e-19 2.2609017944940072e-18
10082.3 6.976204377413815e-19 3.0203699145150246e-18
10083.4 -9.219517468036805e-19 3.0831425429720664e-18
10084.5 1.7675248654681382e-18 4.816994592922555e-18
10085.6 1.513674199298653e-18 4.459322026420188e-18
10086.7 4.180278889137338e-19 2.337649937613701e-18
10087.7 1.0103867657238802e-18 3.633377003671548e-18
10088.8 3.1293446278881273e-19 2.0200774415262728e-18
10089.9 8.506620541674077e-19 3.3317436180366838e-18
10091.0 1.061780739843253e-18 3.7221879440181444e-18
10092.1 7.308667509758976e-19 3.1013207700407468e-18
10093.2 1.578744523089669e-21 1.4432113428040345e-19
10094.3 3.9145714607608283e-19 2.255298661390302e-18
10095.3 8.2091921492708e-19 3.259792014946813e-18
10096.4 -3.312628722199828e-19 3.0679139884361902e-18
10097.5 9.316231552315744e-19 3.476490047217435e-18
10098.6 8.356208471764255e-19 3.278572362374182e-18
10099.7 1.2961607937628795e-18 4.078012362040202e-18
10100.8 2.9096971824485206e-19 1.935070882512402e-18
10101.9 1.0624824203400425e-18 3.695934242221284e-18
10102.9 1.2689974776412707e-19 1.2779091484870216e-18
10104.0 6.893576684716633e-19 2.977849360900243e-18
10105.1 -4.052645737663659e-19 3.0054513187756607e-18
10106.2 1.375012292416763e-18 4.197458547893654e-18
10107.3 -1.6926349662215607e-19 2.9844437370632034e-18
10108.4 1.7813715554330483e-18 4.752403441604405e-18
10109.5 3.078913066237296e-19 1.982164257230094e-18
10110.5 4.065767836427763e-19 2.2796512085551538e-18
10111.6 5.289737794306507e-19 2.5906053516680214e-18
10112.7 1.0032992398704552e-18 3.567845854935049e-18
10113.8 3.7861420463968374e-19 2.1928051518614125e-18
10114.9 7.425863248906431e-19 3.0675288886325815e-18
10116.0 7.837721954581583e-19 3.150848789163223e-18
10117.1 3.9585862057112825e-19 2.232376890541696e-18
10118.1 7.148415572691449e-19 2.9956739443317512e-18
10119.2 1.228676868216204e-19 1.2448017694870262e-18
10120.3 4.1744448714034773e-19 2.296317318614989e-18
10121.4 2.414339071482263e-19 1.7458453174265175e-18
10122.5 1.406286413165791e-19 1.329614166851947e-18
10123.6 1.0752466948787762e-18 3.673702954035252e-18
10124.7 1.3573643438755402e-18 4.132807060042038e-18
10125.7 2.644531979115708e-18 5.738340289394737e-18
10126.8 1.2574806587971904e-18 3.9412293368682484e-18
10127.9 6.171290013225773e-19 2.7676121923986748e-18
10129.0 -6.756393987438771e-19 2.92355637664565e-18
10130.1 6.863099438558464e-19 2.9268122209002962e-18
10131.2 1.2832238685761444e-18 3.990693809647606e-18
10132.3 6.791050692319087e-19 2.9028528574266607e-18
10133.3 3.9881073555873257e-19 2.2235855715431768e-18
10134.4 6.667312593813783e-19 2.87784832970228e-18
10135.5 9.352488439752002e-19 3.3992852332317457e-18
10136.6 2.4312582165548196e-19 1.732705535522894e-18
10137.7 5.171080634640829e-19 2.5293413911149986e-18
10138.8 -7.24241283931505e-20 2.8953826756602446e-18
10139.9 -8.295378997789261e-20 2.8887525099761928e-18
10141.0 7.965660613030484e-19 3.1318130286640987e-18
10142.0 6.639094822187671e-19 2.8570717275199455e-18
10143.1 4.650100504695829e-19 2.396479390590644e-18
10144.2 1.4339971043468163e-19 1.3356975110668911e-18
10145.3 7.494287222038817e-21 3.053289864570073e-19
10146.4 4.576992318548097e-19 2.376434091626176e-18
10147.5 1.0056811933935739e-18 3.522514640944007e-18
10148.6 5.580073625740328e-20 8.287211980346527e-19
10149.6 -6.880511272873432e-21 2.870414635078746e-18
10150.7 7.884705964585216e-19 3.0957793193872852e-18
10151.8 1.0814645829358518e-18 3.622006437409663e-18
10152.9 6.200169912917336e-19 2.7486973949737715e-18
10154.0 4.8893554039292446e-20 7.70643638548949e-19
10155.1 -1.1320952143812393e-18 2.835544132572625e-18
10156.2 4.126325619977649e-19 2.235426583571112e-18
10157.2 2.027264920091756e-18 4.953770493173566e-18
10158.3 7.806636005028047e-19 3.0721596071971057e-18
10159.4 1.2215712708578788e-18 3.84050213476179e-18
10160.5 8.20149022222621e-19 3.1529377575589885e-18
10161.6 7.433358102111556e-19 3.0130782615625203e-18
10162.7 4.538796866752494e-19 2.342718734004066e-18
10163.8 1.7154188644736516e-19 1.4350077401463994e-18
10164.8 4.1616673263112526e-19 2.2346857232339373e-18
10165.9 5.36683714135597e-19 2.5349903420624005e-18
10167.0 2.999639212284345e-20 5.987720479993413e-19
10168.1 4.466942194096205e-19 2.3116159390405705e-18
10169.2 3.007080614974396e-19 1.8969578426882426e-18
10170.3 -2.568220055550234e-19 2.8047321301090404e-18
10171.4 1.1395430605759745e-18 3.690939385436844e-18
10172.4 -1.6647249993566481e-18 2.811005835779894e-18
10173.5 -2.845603292077246e-18 2.8184058048275245e-18
10174.6 5.028123705214664e-19 2.452566453016422e-18
10175.7 -1.3276222361000271e-18 2.7925855258680994e-18
10176.8 -5.765655044024639e-19 2.797643217351587e-18
10177.9 4.669575485467727e-19 2.3572422016271747e-18
10179.0 5.941636257291923e-19 2.6530181627537966e-18
10180.0 1.1232996683167825e-19 1.1535074673841923e-18
10181.1 6.873230711177148e-19 2.8575959380088924e-18
10182.2 1.2559222218777783e-18 3.854700201998287e-18
10183.3 7.793603040464447e-19 3.0350395042011774e-18
10184.4 1.3445330267834518e-18 3.9840289208193595e-18
10185.5 1.060890568556737e-18 3.537926157353037e-18
10186.6 5.06929649868746e-19 2.4444903046576092e-18
10187.6 5.891547818188426e-19 2.63366219873301e-18
10188.7 7.304033669229642e-19 2.931091633590091e-18
10189.8 7.851536625812967e-19 3.0425837786126874e-18
10190.9 9.867093409728717e-19 3.413713532491421e-18
10192.0 -5.7404865518239865e-19 2.7631326278207594e-18
10193.1 1.459043797045761e-18 4.170907467678073e-18
10194.2 1.1031663147108875e-18 3.629456867433732e-18
10195.2 6.118947634368373e-20 8.485076579655795e-19
10196.3 9.315597341088213e-19 3.312174964853657e-18
10197.4 6.661665298642794e-19 2.797461949385095e-18
10198.5 1.2619764299929916e-18 3.85282394498867e-18
10199.6 1.2400942842738061e-18 3.8151185632111016e-18
10200.7 3.209141251044169e-19 1.941709326664619e-18
10201.8 2.541377356168291e-19 1.726336292792558e-18
10202.9 1.3502642870156153e-18 3.976579093240069e-18
10203.9 4.725575588727548e-19 2.3558000428582423e-18
10205.0 2.943936856383002e-19 1.8573666461282205e-18
10206.1 5.012762769711047e-19 2.4283358005888224e-18
10207.2 -6.34251040351906e-19 2.73779799150565e-18
10208.3 2.988658803433968e-19 1.869008972513661e-18
10209.4 6.162987743271822e-19 2.6821985512764213e-18
10210.5 2.2812802893352416e-19 1.6319057183862523e-18
10211.5 9.775120855889927e-20 1.068610630775234e-18
10212.6 2.096923826553315e-18 4.9406902186494234e-18
10213.7 3.622918019587483e-18 6.499744974411452e-18
10214.8 7.9434468119360155e-19 3.045658236250967e-18
10215.9 -2.778015942618848e-19 2.7401542227711657e-18
10217.0 8.817891746809523e-19 3.2179720810003667e-18
10218.1 6.973464411071818e-19 2.86427771549015e-18
10219.1 9.679678825587474e-19 3.368658876816015e-18
10220.2 5.865365244421604e-19 2.623762674166325e-18
10221.3 2.9746195920186737e-19 1.8653190656951802e-18
10222.4 4.2396552809155346e-19 2.221499608046735e-18
10223.5 7.28923601640941e-19 2.909208521594823e-18
10224.6 8.632282352446649e-19 3.1621364964362617e-18
10225.7 -5.552556426740743e-19 2.7226102477651667e-18
10226.7 1.8231261647335087e-18 4.602780875916253e-18
10227.8 -9.85965323976056e-19 2.7296231663352146e-18
10228.9 -8.460303824774374e-19 2.7311383293192216e-18
10230.0 -2.5072051497182887e-19 2.714955504532261e-18
10231.1 6.059540937075403e-19 2.652751230909971e-18
10232.2 7.662992422235331e-19 2.983260015492946e-18
10233.3 1.1786444706019664e-18 3.701576030028677e-18
10234.3 6.155262773593223e-19 2.672653166973967e-18
10235.4 1.2599029196863576e-18 3.824664240836022e-18
10236.5 7.503887267913252e-19 2.9559134360972213e-18
10237.6 -1.2299360052169946e-19 2.718772912653468e-18
10238.7 7.783510292856438e-19 3.0099371634120093e-18
10239.8 5.077350517688567e-19 2.4348872638474576e-18
10240.9 2.58736055766842e-19 1.733274849804612e-18
10241.9 4.0678570229621716e-19 2.1684841376775397e-18
10243.0 1.0511544552894923e-19 1.1052453639116356e-18
10244.1 8.346513971807195e-19 3.1194252912434636e-18
10245.2 8.917254373851156e-19 3.2171360874128747e-18
10246.3 4.708108025729693e-19 2.343225668788846e-18
10247.4 1.0684047595596233e-18 3.545792316579185e-18
10248.5 8.100549010864186e-19 3.073336527250666e-18
10249.5 7.820069710236614e-19 3.0132511850554574e-18
10250.6 5.819394826139819e-19 2.60182256040976e-18
10251.7 5.031376215414101e-19 2.4270823107175825e-18
10252.8 7.428002225059515e-19 2.944016094016373e-18
10253.9 8.1429943897180795e-19 3.067958746871265e-18
10255.0 7.094242853220576e-19 2.8651233259566056e-18
10256.1 3.980156684441402e-19 2.1513062521222826e-18
10257.1 2.951500885182304e-19 1.8502643528661923e-18
10258.2 3.561993498241206e-19 2.0314625414091194e-18
10259.3 5.89703104990676e-19 2.6155148604301015e-18
10260.4 1.0047686951593204e-18 3.414197002644484e-18
10261.5 1.2191685352247795e-18 3.760089666156959e-18
10262.6 5.831881105033784e-19 2.6008111018863013e-18
10263.7 8.454207111571475e-19 3.1312316312209984e-18
10264.8 3.389476105349072e-19 1.979374241741068e-18
10265.8 4.2871621071894393e-19 2.225545464325199e-18
10266.9 8.037625845423071e-19 3.0527888597768676e-18
10268.0 3.4231054470139934e-19 1.9915280823671584e-18
10269.1 3.976547803917967e-19 2.1469549193983595e-18
10270.2 1.1084856647965876e-18 3.5980108537537074e-18
10271.3 2.43882294534641e-19 1.6852867704300252e-18
10272.4 1.344052677889398e-18 3.9443803773183626e-18
10273.4 2.6722719923651393e-19 1.7636743724918165e-18
10274.5 7.752593244747258e-19 2.9997386775664006e-18
10275.6 -7.837038380199354e-20 2.714048487674862e-18
10276.7 -1.2332894683925141e-19 2.7188975724695956e-18
10277.8 1.7382759238713352e-19 1.4208131491671563e-18
10278.9 9.38913854540316e-19 3.298555151696371e-18
10280.0 7.541971568557456e-19 2.9585577725003083e-18
10281.0 3.8518650521039024e-19 2.114809089172009e-18
10282.1 1.225804611725375e-18 3.784684300330641e-18
10283.2 5.229760760070996e-19 2.478199509580998e-18
10284.3 6.978932563200555e-19 2.8514248348455198e-18
10285.4 1.0922718647744433e-18 3.560820603798016e-18
10286.5 5.351811860356626e-19 2.49106462190214e-18
10287.6 -1.153624219710483e-18 2.71561448394568e-18
10288.6 -1.2782314192988111e-18 2.7192969373036138e-18
10289.7 6.423911339636997e-19 2.730900970179277e-18
10290.8 9.365156858846312e-19 3.3050818922929504e-18
10291.9 1.0912908286402608e-18 3.567266697682463e-18
10293.0 -3.617617712506974e-20 2.7279246346632372e-18
10294.1 4.366968279930011e-19 2.2545807096818616e-18
10295.2 3.770115555485444e-19 2.0962946083650034e-18
10296.2 1.3787966441366717e-18 4.011838549954011e-18
10297.3 2.150342407085211e-18 5.006381016833869e-18
10298.4 1.9284324638955647e-18 4.744371530207138e-18
10299.5 9.107533663830368e-19 3.2611273124535714e-18
10300.6 1.3018328307378227e-18 3.8926716355862324e-18
10301.7 -2.5874078663998636e-19 2.7242374064113794e-18
10302.8 4.2321305096799523e-19 2.2174798123370215e-18
10303.8 4.2403190708056017e-19 2.221046387595537e-18
10304.9 5.646440807767317e-19 2.5636445676629327e-18
10306.0 1.3791873874032008e-18 4.00873997566158e-18
10307.1 9.554431661862525e-19 3.338231602250379e-18
10308.2 1.8649911300702953e-19 1.4698215188204936e-18
10309.3 1.190794613508957e-19 1.1756927585381995e-18
10310.4 -8.339685874577464e-20 2.7052368923054986e-18
10311.4 -7.179623082302484e-19 2.7209172029021932e-18
10312.5 -1.8210894566501227e-18 2.7149582634813283e-18
10313.6 -6.666167470308119e-20 2.723809363749995e-18
10314.7 1.2803410285786846e-18 3.852126150842538e-18
10315.8 5.767136299991003e-19 2.582816559238739e-18
10316.9 3.7579265477636467e-19 2.085466028348161e-18
10318.0 4.941123734807606e-19 2.3928639545573895e-18
10319.0 7.632937843041145e-19 2.9785087315031873e-18
10320.1 7.354831919215286e-19 2.926404517269403e-18
10321.2 1.2245184367983239e-18 3.768591246585518e-18
10322.3 8.781796023851087e-19 3.1919501793640187e-18
10323.4 4.8030547725838095e-19 2.356211187010705e-18
10324.5 5.579049746076075e-19 2.5441712434525497e-18
10325.6 8.477667047147445e-19 3.1399546466150957e-18
10326.7 7.189972798136078e-19 2.893528336431861e-18
10327.7 7.887940032379762e-20 9.599901517354819e-19
10328.8 5.32581611432032e-19 2.501729615550454e-18
10329.9 -2.6773287261486762e-20 2.7869389476128293e-18
10331.0 2.2833076393757905e-19 1.6495500725069123e-18
10332.1 4.551798536204821e-19 2.3140020852721795e-18
10333.2 8.85819556554496e-19 3.2162531723386697e-18
10334.3 -7.752379496111519e-20 2.7121539183158235e-18
10335.3 5.56676335808587e-19 2.5319728873778505e-18
10336.4 9.264196085745262e-19 3.2645045476086053e-18
10337.5 2.278985548781935e-19 1.6179989844250206e-18
10338.6 5.955356439115841e-19 2.6207263443118354e-18
10339.7 -1.5117462494077746e-19 2.7009654118704472e-18
10340.8 7.899972329701593e-19 3.015268738108302e-18
10341.9 9.61598692665173e-19 3.333508853104212e-18
10342.9 5.630354599367206e-19 2.5460454379907873e-18
10344.0 1.8983054150562711e-19 1.4753907875369242e-18
10345.1 5.00064513838191e-19 2.405822817472208e-18
10346.2 4.564934517468709e-19 2.3016443401835938e-18
10347.3 1.4006214081306482e-19 1.2642245130875036e-18
10348.4 -5.965898929351144e-19 2.6783862175145e-18
10349.5 1.120323464903835e-18 3.57149123601078e-18
10350.5 1.8756056899952827e-18 4.6236688221372096e-18
10351.6 5.657599279904095e-19 2.538665029148292e-18
10352.7 5.116428369730543e-19 2.414584807363855e-18
10353.8 9.478141611889163e-19 3.2870606410124664e-18
10354.9 7.823380703944395e-19 2.9792015490893165e-18
10356.0 2.187165485384919e-19 1.5742787028053964e-18
10357.1 4.911507176501819e-19 2.357445594928739e-18
10358.1 2.4455074420416916e-19 1.6654694202424481e-18
10359.2 -7.762133804689789e-19 2.6538842529723036e-18
10360.3 2.0535291736842754e-19 1.5224403450822528e-18
10361.4 1.9900413768092337e-19 1.4988272744053298e-18
10362.5 4.943835921213458e-19 2.3627161306863137e-18
10363.6 -2.8734740442322205e-19 2.692579878571362e-18
10364.7 7.809757542664648e-19 2.9671162691539237e-18
10365.7 1.0535910366208119e-18 3.4359715301195877e-18
10366.8 3.456736700611106e-19 1.9703460964043448e-18
10367.9 3.8033073665702024e-19 2.069825835581518e-18
10369.0 7.874765697529248e-19 2.9696859887639186e-18
10370.1 4.518714366069755e-19 2.2495746706768917e-18
10371.2 -1.0916337552055222e-20 2.628108391901837e-18
10372.3 6.419441913897651e-19 2.6829446436104253e-18
10373.3 2.853866843532895e-19 1.789829351535858e-18
10374.4 5.84653309885225e-18 8.083050622062831e-18
10375.5 6.71322295172228e-19 2.746940769427814e-18
10376.6 1.1227233211161675e-18 3.5464349597955704e-18
10377.7 -1.348320983068265e-18 2.611840080666178e-18
10378.8 5.52084431702958e-19 2.477892799895131e-18
10379.9 9.028697845656076e-19 3.1722656732838203e-18
10381.0 7.631259538850611e-19 2.915670111179888e-18
10382.0 5.269925382294938e-19 2.4191563660673136e-18
10383.1 -3.688218543364025e-19 2.5740100019929015e-18
10384.2 6.662850201445178e-20 8.568750840586771e-19
10385.3 4.2067914513536717e-19 2.1562410324001996e-18
10386.4 4.94613234329175e-19 2.3342421343755274e-18
10387.5 6.256637946802569e-19 2.620296766461122e-18
10388.6 5.872491988145146e-19 2.5434583869523275e-18
10389.6 5.545707480506639e-19 2.4665568265310483e-18
10390.7 3.1799886167185376e-19 1.8690184403832396e-18
10391.8 1.0769481803965104e-18 3.43454661549326e-18
10392.9 8.404004692018426e-19 3.0318520988372175e-18
10394.0 2.555478650577777e-19 1.672915081371961e-18
10395.1 3.4763557092007617e-19 1.947826128371033e-18
10396.2 3.0336922388122777e-19 1.8229407117839257e-18
10397.2 3.9293533474927125e-19 2.0690434659937073e-18
10398.3 8.657075209974422e-19 3.068554321287959e-18
10399.4 3.2409508995912286e-19 1.8787945945968016e-18
10400.5 6.814488382587813e-19 2.721285505443092e-18
10401.6 1.5703992619524577e-18 4.128552590186266e-18
10402.7 6.4879149467147625e-19 2.652865549472679e-18
10403.8 5.426318670571476e-19 2.4221327801401844e-18
10404.8 7.694357352141567e-19 2.881082298225177e-18
10405.9 6.334297965429697e-19 2.6129092279141602e-18
10407.0 3.611279388651148e-19 1.970159086448403e-18
10408.1 2.5548195587406155e-19 1.6586738954237355e-18
10409.2 6.061766120313094e-19 2.555434792097939e-18
10410.3 1.0727455223775424e-18 3.4051216924547123e-18
10411.4 2.8035763304876577e-19 1.7394690380759127e-18
10412.4 6.411360684551421e-19 2.6337211894753474e-18
10413.5 1.7946443622622077e-19 1.3958743133107527e-18
10414.6 4.395217362962967e-19 2.1716946236117576e-18
10415.7 1.0786311302803133e-18 3.4076699629699785e-18
10416.8 7.985747113666329e-19 2.9275066430514294e-18
10417.9 6.445463671824029e-19 2.627723848755521e-18
10419.0 9.144632302013247e-19 3.1381588059520533e-18
10420.0 3.951778596859746e-18 6.492691536026466e-18
10421.1 -1.1262995164311963e-18 2.4934736229324328e-18
10422.2 1.1271904655250731e-18 3.4647695741532557e-18
10423.3 1.5990751331242485e-18 4.13136570648897e-18
10424.4 1.5045212313630856e-18 4.005257448711476e-18
10425.5 3.723452894752278e-19 1.990008599988044e-18
10426.6 4.0525534032536035e-19 2.0770838582450573e-18
10427.6 8.686458073044383e-19 3.036310063736145e-18
10428.7 8.535971628224293e-19 3.0115440001437932e-18
10429.8 1.0794652427914859e-18 3.4027444912554174e-18
10430.9 -1.070387288977567e-19 2.4996765481120814e-18
10432.0 2.959300266157866e-19 1.7730412643752844e-18
10433.1 6.361883470010048e-19 2.6004232165920633e-18
10434.2 7.913227125564283e-19 2.896574709100619e-18
10435.2 1.1513532298484823e-18 3.4995105025416e-18
10436.3 3.6123500807565937e-19 1.96632398417134e-18
10437.4 9.021786201658503e-19 3.0948114770149718e-18
10438.5 4.266042909334515e-19 2.119240600489213e-18
10439.6 3.3398824260261283e-19 1.8758307264103558e-18
10440.7 5.805376386149667e-19 2.4790414033628314e-18
10441.8 8.016902018656493e-19 2.9062426094483547e-18
10442.9 5.009392069340869e-19 2.2986861847617953e-18
10443.9 8.780369373137216e-19 3.04542173445323e-18
10445.0 1.1055196783362465e-18 3.414600580961056e-18
10446.1 4.4922126044904645e-19 2.1805905682816046e-18
10447.2 7.658023654208324e-19 2.845160802747819e-18
10448.3 9.099804143470087e-19 3.100037844576634e-18
10449.4 -4.9371964694811425e-20 2.4665129497933935e-18
10450.5 8.734353469203732e-19 3.033444944256762e-18
10451.5 2.4309421669517766e-18 5.056609200796275e-18
10452.6 -3.0958912368896824e-19 2.464300888095009e-18
10453.7 1.102421271456745e-18 3.416149893802967e-18
10454.8 2.2166072171679405e-18 4.8440038461174765e-18
10455.9 1.1362968308690244e-18 3.489170645295737e-18
10457.0 4.144115390438299e-19 2.123915196821554e-18
10458.1 5.241620886460874e-19 2.3989127436446202e-18
10459.1 6.151439579163585e-19 2.611100826778262e-18
10460.2 6.685449268318798e-19 2.7270308497661866e-18
10461.3 6.672863575511082e-19 2.7107534395478226e-18
10462.4 9.033910207319451e-19 3.1352054425402053e-18
10463.5 5.040422463949251e-19 2.3260779900886605e-18
10464.6 5.627411248654524e-19 2.4471683216846603e-18
10465.7 -1.0043012121251356e-19 2.480676425431445e-18
10466.7 1.9579187912297798e-19 1.4398448600346539e-18
10467.8 2.614279458362222e-19 1.6614150929998532e-18
10468.9 5.37404878790036e-19 2.3785249468884826e-18
10470.0 -1.4459450150476168e-19 2.4822241571128586e-18
10471.1 1.0618736549150726e-18 3.356689644567558e-18
10472.2 -1.523306928844987e-18 2.4754741744264222e-18
10473.3 -1.1738691141897814e-18 2.464900960298911e-18
10474.3 3.1301994432188647e-19 1.8170700283900826e-18
10475.4 4.185945252843749e-19 2.1008328783178954e-18
10476.5 8.410806626554639e-19 2.976177426892589e-18
10477.6 -9.853978598991323e-21 2.4675774611561178e-18
10478.7 4.772921187373063e-19 2.2457585826425524e-18
10479.8 6.466750718361154e-19 2.617396976020113e-18
10480.9 1.0408108752974273e-18 3.3166821347453776e-18
10481.9 9.310168654898087e-19 3.1317520617835115e-18
10483.0 9.040029903946363e-19 3.092737592719939e-18
10484.1 9.908283638503181e-19 3.2305501221245753e-18
10485.2 8.537087357282515e-19 2.9974498564612942e-18
10486.3 5.12439801956888e-19 2.323703476423988e-18
10487.4 5.407327131937285e-19 2.3873385703638922e-18
10488.5 7.378602609303293e-19 2.786524299467139e-18
10489.5 1.1969625749580713e-18 3.548770348660674e-18
10490.6 8.729499693991226e-19 3.0299790128640163e-18
10491.7 9.05696986051826e-19 3.0889981133394454e-18
10492.8 5.416722686531676e-19 2.39335469500316e-18
10493.9 4.890212918892044e-19 2.273002169564778e-18
10495.0 1.6129373361174442e-19 1.3057101701918e-18
10496.1 4.680862809355324e-19 2.225461953444937e-18
10497.1 7.43773674215583e-19 2.801766117693416e-18
10498.2 3.8765500567805943e-19 2.021844546748991e-18
10499.3 4.687757142762546e-19 2.2257029279526438e-18
10500.4 5.800989874661346e-19 2.47754643383013e-18
10501.5 4.048479270114419e-19 2.070403661863479e-18
10502.6 2.4208652326611724e-19 1.6004861810475266e-18
10503.7 -7.212871477817593e-20 2.4688768051544176e-18
10504.8 4.546924159772651e-19 2.187649014375313e-18
10505.8 7.639786110309649e-19 2.846855041242753e-18
10506.9 1.0533877266129838e-19 1.0576385334038855e-18
10508.0 -1.3719531194282855e-19 2.482029729972543e-18
10509.1 1.05547190069538e-18 3.3350197536743438e-18
10510.2 9.86284271449734e-19 3.2263850470504393e-18
10511.3 7.603693238392328e-19 2.8343641359635828e-18
10512.4 8.001248577037746e-19 2.90616331191768e-18
10513.4 1.3496226365650395e-18 3.789053425211036e-18
10514.5 3.924333223421991e-19 2.0412172639095795e-18
10515.6 4.1145757882890796e-19 2.0869094526847084e-18
10516.7 -1.575626178273124e-19 2.509920416944695e-18
10517.8 5.552623072059555e-19 2.442683919174967e-18
10518.9 4.74578557901479e-19 2.245674290535224e-18
10520.0 5.312557719150226e-19 2.3703555478669865e-18
10521.0 8.303249804769554e-19 2.9683190087595013e-18
10522.1 4.4491580508556715e-19 2.1720631457517267e-18
10523.2 1.173049562825774e-19 1.114704803504074e-18
10524.3 3.1465045474909714e-19 1.8218392975820875e-18
10525.4 -3.716107858186531e-19 2.48108487516697e-18
10526.5 1.7343201873524262e-19 1.3548830694710952e-18
10527.6 2.8238461680112548e-21 1.7288981544819028e-19
10528.6 -7.33584335255064e-19 2.4795203891525013e-18
10529.7 4.923516571451848e-19 2.2840131062700188e-18
10530.8 7.6110539238997635e-19 2.8460291939185036e-18
10531.9 7.289381684105062e-19 2.7814629989988655e-18
10533.0 6.313586902958054e-19 2.5905814309435425e-18
10534.1 2.8684528114369303e-19 1.7460678975095423e-18
10535.2 8.198200166655176e-20 9.327450181196869e-19
10536.2 3.9120280150579445e-19 2.0377574012176476e-18
10537.3 3.068022688653888e-19 1.803249752048156e-18
10538.4 7.357431580264408e-19 2.791748591199467e-18
10539.5 6.520162047002502e-19 2.625556262909976e-18
10540.6 6.608506648640042e-19 2.638848469644929e-18
10541.7 7.001514131376448e-19 2.716820759951192e-18
10542.8 1.785398329863167e-19 1.3717804528496937e-18
10543.8 2.3735636235394657e-19 1.5809997151704375e-18
10544.9 4.420978285051291e-19 2.163404975842378e-18
10546.0 4.325483756364449e-19 2.1365175512217344e-18
10547.1 6.426180342595262e-19 2.603027643704264e-18
10548.2 3.1686679725336442e-19 1.8269416784374864e-18
10549.3 6.13892679171834e-19 2.537152260904329e-18
10550.4 5.646854288436851e-19 2.428994281271111e-18
10551.4 2.241848143400785e-19 1.5310761377312796e-18
10552.5 -4.234476294759391e-20 2.4476290921836754e-18
10553.6 2.774292652397672e-19 1.700944473412439e-18
10554.7 9.882960963267325e-21 3.218354595666403e-19
10555.8 6.826833820114832e-19 2.6771594728775843e-18
10556.9 4.974725217342621e-19 2.2854138476718134e-18
10558.0 8.232155319659458e-19 2.9324515611749712e-18
10559.0 3.673555540544802e-19 1.9578612929492684e-18
10560.1 4.771297201026791e-20 7.049620778925401e-19
10561.2 5.45287279559498e-19 2.3843833078979796e-18
10562.3 8.5945228081077085e-19 2.982540616819441e-18
10563.4 9.195216802380998e-19 3.087976509874266e-18
10564.5 5.873960178170563e-19 2.4690840005773803e-18
10565.6 4.77857355285336e-19 2.2303077245271356e-18
10566.7 1.9411518364146702e-19 1.4244479195910352e-18
10567.7 1.3759132373545416e-19 1.1975361634877172e-18
10568.8 -5.513593124783543e-20 2.432617861251462e-18
10569.9 5.695473940127992e-19 2.423839888984588e-18
10571.0 7.936989646750566e-19 2.8672474794196624e-18
10572.1 7.5506922992378465e-19 2.791887054023957e-18
10573.2 2.1458629109349697e-19 1.4892242713457932e-18
10574.3 9.915016708915514e-19 3.1969523415850353e-18
10575.3 1.5469710793330554e-19 1.2669733089019377e-18
10576.4 3.1663800111156934e-19 1.8131332514294533e-18
10577.5 1.0567039713693973e-18 3.2970460097344274e-18
10578.6 9.321617207247356e-19 3.096235767717295e-18
10579.7 4.66818815262601e-19 2.1923024967897315e-18
10580.8 5.163407162896127e-19 2.3072839389272124e-18
10581.9 8.503394183013071e-19 2.961793808316392e-18
10582.9 7.88300460385264e-19 2.859830698481399e-18
10584.0 5.400577125301646e-19 2.3661800898686077e-18
10585.1 3.1894465581440227e-19 1.834556997429323e-18
10586.2 8.501472272979621e-19 3.0354520146533707e-18
10587.3 -1.6923923746497061e-19 2.475995660631388e-18
10588.4 4.949882355629064e-19 2.272537757341273e-18
10589.5 3.4372954678933097e-19 1.8883396827243863e-18
10590.5 -4.1492320641683016e-21 2.4245600598917837e-18
10591.6 7.359713329118521e-19 2.7527598359356433e-18
10592.7 7.102438751524135e-19 2.6958951188488994e-18
10593.8 7.952591118019262e-19 2.8570117346040998e-18
10594.9 2.0866277459176745e-19 1.4579216843389177e-18
10596.0 5.912751850942342e-19 2.4518333961511504e-18
10597.1 7.05284210675333e-19 2.6865046155701784e-18
10598.1 7.113482013398172e-19 2.686329597988459e-18
10599.2 7.844852732092021e-19 2.8264892626280386e-18
10600.3 7.471662231278991e-19 2.7588630363607677e-18
10601.4 7.5129034657410475e-19 2.7670820011013496e-18
10602.5 7.089955239982535e-19 2.68957658535458e-18
10603.6 3.98439834619506e-19 2.0194034875630948e-18
10604.7 5.751671030781173e-19 2.4378140512351183e-18
10605.7 3.509874424837419e-19 1.9056616365800254e-18
10606.8 2.281450487016654e-19 1.5393260561820289e-18
10607.9 2.8152248286282257e-19 1.703070439862188e-18
10609.0 5.707477149733682e-19 2.4094778424670342e-18
10610.1 -1.9618794996683434e-19 2.3752740157741843e-18
10611.2 5.571421724372747e-20 7.529791552271386e-19
10612.3 3.718871344853398e-19 1.9438430187995987e-18
10613.3 4.448536655947248e-19 2.124729206052217e-18
10614.4 -1.0505920982364942e-19 2.3810804597014577e-18
10615.5 3.9537353249385824e-19 2.002590930854945e-18
10616.6 9.486909431036772e-19 3.1020949134835796e-18
10617.7 6.764611272348352e-19 2.6181045333444607e-18
10618.8 5.176959674277472e-19 2.2943452625516445e-18
10619.9 2.5015753880605883e-19 1.5919760818502036e-18
10621.0 3.4138809505067954e-19 1.8579042308001584e-18
10622.0 1.627278230080782e-19 1.2859234507051622e-18
10623.1 6.428359049877948e-19 2.55011767705978e-18
10624.2 5.669204865017986e-19 2.3960893764500302e-18
10625.3 7.530838927199869e-19 2.76419684957189e-18
10626.4 6.710924283528439e-19 2.622460053940694e-18
10627.5 7.782893885056871e-19 2.8373850637060147e-18
10628.6 1.6153527235090445e-19 1.2842004125804796e-18
10629.6 6.49194507283368e-19 2.5721243765724014e-18
10630.7 7.019460304992726e-19 2.6687315848919116e-18
10631.8 4.539106234930584e-19 2.1483673861047068e-18
10632.9 8.952681080385668e-19 3.016770352428524e-18
10634.0 7.19545806237429e-19 2.694131923728427e-18
10635.1 4.634078016822205e-19 2.1644987366667833e-18
10636.2 2.7461896115219895e-19 1.6724394957093345e-18
10637.2 5.860390319148384e-19 2.446918084727622e-18
10638.3 6.077042773004267e-19 2.4988224981931044e-18
10639.4 5.381040853061473e-19 2.3472824029655117e-18
10640.5 7.786858948606734e-19 2.830358957969278e-18
10641.6 4.2940304108823315e-19 2.092497692109157e-18
10642.7 1.3186394314289616e-19 1.1570329019912618e-18
10643.8 2.013553307570261e-19 1.4301335704596378e-18
10644.8 6.645305930933745e-19 2.597310622114695e-18
10645.9 3.2149849263401673e-19 1.8083107819579613e-18
10647.0 3.211965739616196e-19 1.8054887642532716e-18
10648.1 1.8405411397648501e-19 1.3734164061994246e-18
10649.2 9.161461567500649e-20 9.695002875882187e-19
10650.3 -6.507203244205085e-20 2.408862339048961e-18
10651.4 4.190871665822449e-19 2.0807046321296697e-18
10652.4 5.468715684960638e-19 2.3728273439172507e-18
10653.5 6.063489973169794e-19 2.488009695272839e-18
10654.6 5.144561016316157e-19 2.291192669779863e-18
10655.7 5.427072036661788e-20 7.458002766627137e-19
10656.8 3.3365924311369955e-19 1.8515060181638003e-18
10657.9 1.5641682687368035e-19 1.2684238530337215e-18
10659.0 1.308913762496251e-19 1.1593972665982568e-18
10660.0 -9.912323344990762e-20 2.406733725791002e-18
10661.1 4.554557898674864e-19 2.1682649432365752e-18
10662.2 7.007884507656205e-19 2.6958627188385314e-18
10663.3 5.315908312763751e-19 2.351696289488873e-18
10664.4 1.4470736347703528e-19 1.2288417572179097e-18
10665.5 3.246525807770173e-19 1.837832198099001e-18
10666.6 5.232573799370178e-19 2.329196426231284e-18
10667.6 2.4699087488556557e-19 1.5971137475927545e-18
10668.7 7.907315005088521e-19 2.854776005557075e-18
10669.8 1.6510647365590858e-19 1.3075191815986128e-18
10670.9 -3.3300315404416183e-19 2.4231899612803327e-18
10672.0 4.1651155274114946e-19 2.081174709170687e-18
10673.1 9.4199746079244e-19 3.1455515094802756e-18
10674.2 9.034310319222511e-19 3.0959255346536875e-18
10675.2 4.619532360888483e-19 2.2003587408948303e-18
10676.3 5.68878025635035e-19 2.4379113702460857e-18
10677.4 1.8895868659427483e-19 1.4009480636435778e-18
10678.5 1.2673712693876954e-19 1.1457478768139128e-18
10679.6 8.320963572627525e-19 2.9437982743246564e-18
10680.7 8.163056387860617e-19 2.9320888949327696e-18
10681.8 4.365812999118692e-19 2.1498914289383627e-18
10682.9 8.983724821909901e-20 9.801686068167227e-19
10683.9 1.1064788010708244e-18 3.4539376313940116e-18
10685.0 8.167685079612767e-19 2.963826522447661e-18
10686.1 6.383346484123851e-19 2.608828524134854e-18
10687.2 7.768336947653434e-19 2.876788963711185e-18
10688.3 1.4200361622716629e-18 3.881202337484083e-18
10689.4 1.8748188076994243e-18 4.477007229635658e-18
10690.5 4.1014296165285244e-19 2.1118776703489324e-18
10691.5 5.23983447029609e-20 7.61117603663912e-19
10692.6 1.8475266949871976e-19 1.4296270355128262e-18
10693.7 7.977217135918418e-19 2.9384398077414343e-18
10694.8 1.1855073166085906e-18 3.560317745931225e-18
10695.9 6.459532178855931e-19 2.6464608790108656e-18
10697.0 5.043332101591077e-19 2.3437226671146618e-18
10698.1 3.5930280950196414e-19 1.974058133029497e-18
10699.1 1.8255588644031246e-19 1.4037106428056521e-18
10700.2 2.892950805442611e-19 1.7642502541001642e-18
10701.3 3.169458227667011e-19 1.8416443920869618e-18
10702.4 5.656904482043423e-19 2.4576018513116618e-18
10703.5 7.092775875534304e-19 2.7514552511931316e-18
10704.6 1.0426402680475185e-18 3.336611158828639e-18
10705.7 5.933122215629549e-19 2.5197919195913066e-18
10706.7 8.977511676772218e-20 9.801600194923492e-19
10707.8 4.645225715516392e-19 2.241598837083778e-18
10708.9 -2.810337028250054e-20 2.5377390501131892e-18
10710.0 2.5772769231830054e-19 1.6638466286586e-18
10711.1 -2.6474713263625675e-19 2.5105985831712087e-18
10712.2 9.315254210615115e-21 3.1661780740793953e-19
10713.3 4.360978040434938e-20 6.860372045014193e-19
10714.3 -3.2634178930570275e-19 2.527166610625239e-18
10715.4 -4.871381559670065e-20 2.516155809137306e-18
10716.5 1.387434112251145e-19 1.218174830061378e-18
10717.6 9.99447044324903e-19 3.2731616817977545e-18
10718.7 6.975581424965975e-19 2.735177882391189e-18
10719.8 2.0612706366191624e-20 4.713167709651699e-19
10720.9 -1.715843613405667e-19 2.5301571093127596e-18
10721.9 -5.530698543756188e-19 2.53158630374186e-18
10723.0 6.407535464814067e-19 2.634299276995056e-18
10724.1 1.7414259399734247e-19 1.3733466762891911e-18
10725.2 -1.4055249411108729e-19 2.5346592706308265e-18
10726.3 7.352436615906024e-20 8.933080842808355e-19
10727.4 4.0584357953363327e-19 2.1022252918115164e-18
10728.5 7.407001936148434e-19 2.8520273343638995e-18
10729.5 1.3732885340916238e-18 3.909232450401102e-18
10730.6 -7.295251045519679e-19 2.6207592067753672e-18
10731.7 1.7240919866442555e-18 4.350239613846384e-18
10732.8 2.247641952898337e-18 4.9293422582127256e-18
10733.9 3.784989412523394e-19 2.033486121779789e-18
10735.0 1.1553206197871727e-18 3.593107806259469e-18
10736.1 7.545672488246218e-19 2.9225409480251767e-18
10737.1 5.633440967606752e-19 2.4998098947595378e-18
10738.2 4.2638315984922453e-19 2.174027360456443e-18
10739.3 8.839056430020092e-19 3.125406418026876e-18
10740.4 6.455181687033686e-19 2.6722861158532153e-18
10741.5 2.3500923511898102e-20 5.130936759656801e-19
10742.6 5.493494639983525e-19 2.479642670324194e-18
10743.7 4.277829385551728e-19 2.1850076626749733e-18
10744.8 3.439575083683632e-19 1.951921226120667e-18
10745.8 1.3131513173753916e-18 3.8208001876145585e-18
10746.9 1.5086197927252925e-18 4.1020208464545665e-18
10748.0 7.260871705616592e-19 2.8446296147724463e-18
10749.1 6.677151235015945e-19 2.726901270161646e-18
10750.2 6.155951226557363e-19 2.6235916248720706e-18
10751.3 -4.814420227671236e-19 2.6348042428777854e-18
10752.4 7.659277922516063e-19 2.9315118487278996e-18
10753.4 -2.0878386117110337e-18 2.6216416487169763e-18
10754.5 1.9869911768599486e-19 1.4897435549066382e-18
10755.6 1.305368175893065e-18 3.809731064375598e-18
10756.7 -1.3277287959304614e-19 2.5801457765238277e-18
10757.8 7.992625402010543e-19 2.9673803221141207e-18
10758.9 5.776032156971009e-19 2.5277752985009364e-18
10760.0 2.544773955818092e-19 1.6716973714915477e-18
10761.0 4.574159212795186e-19 2.2434040092023412e-18
10762.1 5.663106248351793e-19 2.496106828797279e-18
10763.2 -1.8717229339331018e-19 2.5841911918437567e-18
10764.3 7.493482856290225e-19 2.86869208191352e-18
10765.4 -4.662799913033774e-19 2.5629121279385185e-18
10766.5 1.582726210671259e-19 1.3170060919226718e-18
10767.6 8.274573345018407e-19 3.008444547592773e-18
10768.6 8.819018218444358e-19 3.101970763442535e-18
10769.7 5.710735283418034e-19 2.4941880065289216e-18
10770.8 5.39544820922487e-19 2.4296015444824276e-18
10771.9 -4.604258023051806e-20 2.574277046019812e-18
10773.0 1.1526108407564895e-18 3.5752184186018284e-18
10774.1 -6.836575670020632e-19 2.60310033144928e-18
10775.2 -1.646139043511208e-18 2.587294952634376e-18
10776.2 5.465085298510004e-19 2.450423898280259e-18
10777.3 3.7302083824122516e-19 2.0214323535943287e-18
10778.4 4.0899597883446125e-19 2.121410258474967e-18
10779.5 5.4694113204740205e-19 2.4472366809612572e-18
10780.6 2.1074307053390528e-19 1.5106897401234718e-18
10781.7 7.358342491405195e-19 2.8244034485141984e-18
10782.8 1.1016301705209706e-18 3.4601516359864013e-18
10783.8 3.018962875381179e-19 1.8089821960993634e-18
10784.9 7.1485178838274755e-19 2.7836797897794354e-18
10786.0 8.113343522309421e-19 2.9742289932314317e-18
10787.1 9.941053518518274e-19 3.299321664906838e-18
10788.2 1.258664280137534e-18 3.712662098142818e-18
10789.3 7.7748520142963115e-19 2.922403363770041e-18
10790.4 1.2471454556039269e-18 3.702201713029971e-18
10791.4 1.1284138856689968e-18 3.545526960752652e-18
10792.5 2.0170078107278487e-19 1.4912508251129094e-18
10793.6 4.9782078890936915e-19 2.3284821633913755e-18
10794.7 2.510007365937648e-19 1.6482002179406018e-18
10795.8 -4.738835742513455e-19 2.516629032000594e-18
10796.9 -5.202280771150411e-19 2.5085110564758817e-18
10798.0 7.527151021810973e-19 2.8389827490733596e-18
10799.0 1.4630013440037576e-19 1.2516590574939373e-18
10800.1 -3.238917061010827e-19 2.516347422622189e-18
10801.2 1.1141532045121753e-18 3.4689930618207274e-18
10802.3 7.855232227002511e-19 2.9095975366281457e-18
10803.4 9.511736494304327e-19 3.192281329005899e-18
10804.5 1.1431249605852785e-19 1.1044133024718912e-18
10805.6 6.14901736372509e-19 2.556851749719657e-18
10806.7 2.0589269035256945e-19 1.4783977314336647e-18
10807.7 3.944559582620883e-19 2.0440471064288692e-18
10808.8 -7.709983452175187e-20 2.4809159182443547e-18
10809.9 8.239454861512187e-20 9.335761895018431e-19
10811.0 7.675435061748505e-19 2.8648973544572905e-18
10812.1 1.2751361895649322e-18 3.7158788334967695e-18
10813.2 8.37698075987422e-19 3.0137761517583614e-18
10814.3 7.306448558092189e-19 2.801538422975792e-18
10815.3 2.0393791663825712e-19 1.4790036106187282e-18
10816.4 -1.489528777782081e-19 2.484330076621286e-18
10817.5 5.2781063051835295e-20 7.468301572441972e-19
10818.6 8.307437700286478e-19 2.9582774705451684e-18
10819.7 6.095703056989562e-19 2.525892902836273e-18
10820.8 7.102907637909644e-19 2.727223752615491e-18
10821.9 5.418362576668988e-19 2.3798299195770654e-18
10822.9 6.48874729160805e-19 2.601886076583733e-18
10824.0 3.685657787392952e-20 6.205550102547911e-19
10825.1 4.785248663962685e-19 2.2371615887347776e-18
10826.2 4.577935832161364e-19 2.187551924657849e-18
10827.3 5.496149163966736e-19 2.407962267985941e-18
10828.4 9.88703402356485e-20 1.0236844567583586e-18
10829.5 8.161081092843207e-20 9.305608784333618e-19
10830.5 4.679089483657686e-19 2.237263102597107e-18
10831.6 -1.0686175991189837e-17 2.490675986529605e-18
10832.7 -3.1478012036829615e-18 2.472560492829734e-18
10833.8 2.32504607073318e-18 4.956585957660321e-18
10834.9 1.7955518151201726e-18 4.358085665743258e-18
10836.0 -7.951835350668231e-20 2.4537544557043095e-18
10837.1 9.774248081570103e-19 3.182038929346959e-18
10838.1 7.186213852437817e-19 2.722769085418143e-18
10839.2 5.295578578315782e-19 2.335014330635821e-18
10840.3 -4.544457255187245e-19 2.4125972477248754e-18
10841.4 3.588807461690351e-19 1.923998123247893e-18
10842.5 2.9297622254427037e-18 5.504944641011285e-18
10843.6 -6.51848910131076e-19 2.4319955498592965e-18
10844.7 -4.975273442776448e-19 2.4295834961495254e-18
10845.7 1.1477673644757186e-18 3.4607280809599933e-18
10846.8 -1.3835830971651803e-18 2.4465430494914182e-18
10847.9 2.7297805998629105e-19 1.6896809040901602e-18
10849.0 4.789524143610503e-19 2.232139519541503e-18
10850.1 2.7124642293707024e-19 1.674717554575572e-18
10851.2 2.8207816958068744e-19 1.7076784307244816e-18
10852.3 1.13436485717864e-19 1.0816411182491651e-18
10853.3 -6.740193364813531e-20 2.4066775509263597e-18
10854.4 6.008827601830842e-19 2.4834602916782045e-18
10855.5 1.9402984544715798e-19 1.4100204344388445e-18
10856.6 5.689090885691861e-19 2.40910149525548e-18
10857.7 1.3127478181625466e-18 3.674075359984174e-18
10858.8 1.7650818107011287e-18 4.268426308698475e-18
10859.9 6.858400865025821e-19 2.682055325279214e-18
10861.0 7.531966142122199e-19 2.8396913899313733e-18
10862.0 7.199668998852433e-19 2.777396307213898e-18
10863.1 4.0013811129462777e-19 2.068374753720176e-18
10864.2 5.359830714224446e-19 2.363378515420892e-18
10865.3 4.93148175343467e-19 2.258513118223836e-18
10866.4 1.6320175063417336e-19 1.2960665760621322e-18
10867.5 3.6237785640909246e-21 1.9298187079885586e-19
10868.6 9.143737899347315e-19 3.068302292778574e-18
10869.6 4.245464901115633e-19 2.102092779029784e-18
10870.7 5.00770235219134e-19 2.2938287915191676e-18
10871.8 2.210542257082222e-19 1.5246018234607781e-18
10872.9 4.2231427410898993e-19 2.1001353981102037e-18
10874.0 -2.2423379629361632e-20 2.444598369078086e-18
10875.1 6.858381750064084e-19 2.66460176042996e-18
10876.2 1.0726289657929736e-18 3.331678641866283e-18
10877.2 6.3823518460585525e-19 2.570988248430531e-18
10878.3 6.415148241926997e-19 2.573490321177924e-18
10879.4 9.13299606986981e-19 3.0574263353432848e-18
10880.5 -1.8686150899791688e-19 2.4082562464185987e-18
10881.6 8.318711322668257e-19 2.9225889921798398e-18
10882.7 1.1701108479926129e-18 3.482799304445007e-18
10883.8 3.934753508836661e-19 2.0244064696174406e-18
10884.8 5.461102380784522e-19 2.378744079664314e-18
10885.9 1.5068948898175603e-19 1.2517993571583428e-18
10887.0 2.62554148186948e-19 1.6525254670817166e-18
10888.1 2.748046768825519e-19 1.688553357745837e-18
10889.2 2.844734462676988e-19 1.7208481378584602e-18
10890.3 -6.137795069776483e-20 2.444126669282049e-18
10891.4 -9.902327500400425e-20 2.444263825103187e-18
10892.4 5.098940471712594e-19 2.299539457803617e-18
10893.5 3.886419022772804e-20 6.393649395534335e-19
10894.6 7.353944866134265e-19 2.781297233439034e-18
10895.7 -2.676397325405083e-19 2.4357244755564435e-18
10896.8 -2.902012373955642e-19 2.425901778098612e-18
10897.9 -1.2718799328187238e-18 2.4216820580663687e-18
10899.0 -4.26701473454518e-19 2.4259025994101376e-18
10900.0 1.7242588695012e-18 4.225308122047407e-18
10901.1 9.814433843149187e-19 3.2044873916203852e-18
10902.2 6.476134069784358e-19 2.6176174730270173e-18
10903.3 5.574288477718311e-19 2.4338953047637623e-18
10904.4 4.051334401911677e-19 2.0727851123528094e-18
10905.5 7.70611845423332e-19 2.846161960157176e-18
10906.6 5.46884042366793e-19 2.3871381646196595e-18
10907.6 4.294905272527928e-19 2.1052912901952568e-18
10908.7 2.7255899380217066e-19 1.6772440365137853e-18
10909.8 3.9590173609328407e-19 2.0235161489759667e-18
10910.9 3.9524109535145407e-19 2.024710447914561e-18
10912.0 4.75911743764199e-19 2.218741660338661e-18
10913.1 -1.2514782871670224e-19 2.4217617178098928e-18
10914.2 6.096482511576072e-19 2.519712950643218e-18
10915.2 7.722952715656107e-19 2.8487699810817017e-18
10916.3 2.702865242994822e-19 1.6914328795827209e-18
10917.4 8.139905531010252e-19 2.940672181067403e-18
10918.5 3.774383012841681e-19 2.000746895337661e-18
10919.6 4.65244176761302e-19 2.22127077386031e-18
10920.7 9.548571405479265e-19 3.1658286505819143e-18
10921.8 1.2082122215498047e-19 1.122146590075456e-18
10922.9 8.701552263735521e-20 9.538219070744036e-19
10923.9 2.9435910296464024e-18 5.595073300861029e-18
10925.0 -1.5871099813761986e-18 2.5330897007458443e-18
10926.1 -1.016354313803537e-18 2.551674929158238e-18
10927.2 2.479128174255695e-18 5.170676633999596e-18
10928.3 5.788950682545844e-19 2.4818650505175927e-18
10929.4 9.356709192777728e-19 3.1404692238827367e-18
10930.5 6.5034302383687585e-19 2.6090948847367736e-18
10931.5 1.1647438975764688e-18 3.488235289360536e-18
10932.6 8.84544233873095e-19 3.048572518007593e-18
10933.7 2.3655112646397064e-19 1.5788446213610544e-18
10934.8 3.337265793502963e-19 1.8763238826296137e-18
10935.9 4.971947186261039e-19 2.3086927319235108e-18
10937.0 3.224033196927271e-19 1.875970426166132e-18
10938.1 -7.844075043632361e-21 2.6064671054631833e-18
10939.1 1.7159281254537665e-19 1.380809351487014e-18
10940.2 2.5357649428062676e-19 1.6806959230426723e-18
10941.3 5.555750823392357e-19 2.4986702402766325e-18
10942.4 3.725958455245362e-19 2.0547353385692523e-18
10943.5 4.862412504256586e-19 2.332976544489084e-18
10944.6 2.5887929326013744e-19 1.6913344026371501e-18
10945.7 5.939224679038603e-19 2.5429275996230545e-18
10946.7 7.239680723585932e-19 2.807094749342453e-18
10947.8 3.8117137713549944e-19 2.0389694925079564e-18
10948.9 1.4944580739066367e-18 4.019854663413313e-18
10950.0 3.772460412451506e-19 2.0084743824971697e-18
10951.1 -7.448423425093881e-21 2.475191228326026e-18
10952.2 1.7334094220135776e-19 1.3525484064600148e-18
10953.3 3.2523207420689757e-18 5.861699350888532e-18
10954.3 1.391582160446131e-18 3.838564372955934e-18
10955.4 6.240519299102115e-19 2.572940311316097e-18
10956.5 -2.608391490396147e-19 2.5067299843567264e-18
10957.6 3.5323987336325394e-19 1.9568237161755944e-18
10958.7 1.5224724847786834e-18 4.0792762304304925e-18
10959.8 7.898899472621435e-19 2.932296370259486e-18
10960.9 8.15400643431715e-19 2.971156956993023e-18
10961.9 2.219013777892056e-19 1.5448316866944092e-18
10963.0 3.3924044903161734e-19 1.9060508617900663e-18
10964.1 3.983306316880049e-19 2.0576665591636685e-18
10965.2 3.3202835497604855e-19 1.8748785286373353e-18
10966.3 9.780193902641098e-20 1.0172339065974007e-18
10967.4 8.209920031642573e-19 2.965282697510323e-18
10968.5 8.113507839442852e-19 2.9551974523460717e-18
10969.5 9.922895208072277e-19 3.252369868047385e-18
10970.6 4.868413007277969e-19 2.2754256996608905e-18
10971.7 1.1267943446745299e-19 1.0943457455414537e-18
10972.8 -8.956534674716776e-20 2.4842513948426255e-18
10973.9 -5.214064749977099e-20 2.505141146247975e-18
10975.0 1.7870078375993037e-18 4.378662732140685e-18
10976.1 1.9352675113424828e-19 1.4449371693935135e-18
10977.1 1.675424707937021e-18 4.272963978497132e-18
10978.2 1.170796609469902e-18 3.589247975820962e-18
10979.3 2.1647344308572965e-19 1.5416496233063462e-18
10980.4 -6.295203822922572e-19 2.5492915684739265e-18
10981.5 2.067472092616391e-19 1.4960635805914335e-18
10982.6 7.451718530615259e-20 8.994583641144042e-19
10983.7 2.445353353208557e-19 1.6321419585453709e-18
10984.8 -2.3607700384542487e-19 2.5548863305017847e-18
10985.8 9.54368009082541e-19 3.2299064682233076e-18
10986.9 1.0695764711805501e-18 3.41644101277558e-18
10988.0 2.806089202890172e-19 1.7502414277033107e-18
10989.1 2.323302247825576e-19 1.5875598561666472e-18
10990.2 7.758735743343412e-19 2.8967545971119607e-18
10991.3 5.049759382498893e-19 2.3321594472630876e-18
10992.4 2.7160651664113627e-19 1.7077821603162159e-18
10993.4 -1.3572938719368948e-19 2.518783460007582e-18
10994.5 4.650150991437039e-19 2.2589542220726404e-18
10995.6 8.73888208057779e-19 3.1315279422901186e-18
10996.7 5.766048411639724e-19 2.552213512004752e-18
10997.8 1.9894376147564549e-19 1.49255691770874e-18
10998.9 4.553911575282233e-19 2.2471601326654584e-18
11000.0 2.745876282396613e-19 1.729823051647152e-18
11001.0 7.474592340110258e-19 2.827575400784481e-18
11002.1 8.278228559424788e-19 2.973416749586944e-18
11003.2 4.91490413751588e-19 2.297536363432019e-18
11004.3 7.725338407759916e-19 2.890391687555734e-18
11005.4 9.205401921743346e-19 3.1545940711166923e-18
11006.5 1.065825850729088e-18 3.3891053048604843e-18
11007.6 1.7952769858030031e-19 1.3929389326307966e-18
11008.6 2.998587696315445e-20 5.742429656950618e-19
11009.7 -1.7133395549849405e-18 2.5965179897395016e-18
11010.8 1.6252801695769691e-19 1.336628986836417e-18
11011.9 2.258876804194445e-18 4.935597611861205e-18
11013.0 7.171806817482185e-19 2.7611765599604676e-18
11014.1 3.988242047386929e-19 2.051707784496464e-18
11015.2 1.690646692549496e-19 1.3409288697716465e-18
11016.2 2.082028963342762e-19 1.4958098360008592e-18
11017.3 8.400563649506994e-19 3.0256344033279353e-18
11018.4 3.6606508735511194e-19 2.0153457098720378e-18
11019.5 3.4353116490407536e-20 6.207296321869995e-19
11020.6 9.402699333407546e-19 3.2417994469722213e-18
11021.7 6.462865772359552e-19 2.666365829167556e-18
11022.8 3.831737157246884e-19 2.0441565824878938e-18
11023.8 1.134280653324088e-18 3.521110054149562e-18
11024.9 5.536107914108049e-19 2.460906882679238e-18
11026.0 2.1210348028483873e-19 1.5157877801440843e-18
11027.1 1.5300391572346187e-18 4.059262065134233e-18
11028.2 -5.628209686535424e-21 2.5396236217625967e-18
11029.3 -5.478956481223927e-19 2.555374077431645e-18
11030.4 4.507697169682046e-19 2.22075282517915e-18
11031.4 -5.482123928123373e-19 2.5351271307222658e-18
11032.5 4.761949556316533e-19 2.266055561083766e-18
11033.6 4.2899407733535993e-19 2.1471142663176944e-18
11034.7 4.939487222972502e-19 2.29288670870612e-18
11035.8 5.154493529772456e-19 2.3329254947796155e-18
11036.9 -1.3698004098019494e-19 2.4416390746165727e-18
11038.0 6.343946121434388e-19 2.570428863768334e-18
11039.0 1.0612955564582798e-18 3.333821725095754e-18
11040.1 7.257723369850481e-19 2.7868282030785705e-18
11041.2 4.821311872851061e-19 2.2955151388889863e-18
11042.3 7.459259210895614e-19 2.883181216902665e-18
11043.4 6.872215957880684e-20 8.775395789805059e-19
11044.5 5.4107412358509e-19 2.442098866670255e-18
11045.6 3.8968596829133665e-19 2.047726872377535e-18
11046.7 7.348032279517964e-19 2.793998183087206e-18
11047.7 8.675337434840186e-19 3.03156280707168e-18
11048.8 5.709009612651988e-19 2.454196922242671e-18
11049.9 7.387440924122723e-19 2.779118225484863e-18
11051.0 3.279215588406182e-19 1.8491455014455473e-18
11052.1 -4.440082857576438e-20 2.4479700861583454e-18
11053.2 8.787479319195219e-19 3.0437523296991944e-18
11054.3 8.900508381503955e-19 3.0880900073978124e-18
11055.3 2.2764552855431347e-19 1.5709373561981793e-18
11056.4 1.3777049159426162e-19 1.2204784306560749e-18
11057.5 -3.8111359851159666e-20 2.5217204327238927e-18
11058.6 5.725673145130157e-19 2.4841485556176393e-18
11059.7 5.440450502514081e-19 2.4360141475486832e-18
11060.8 -2.410355032400938e-19 2.60077275791512e-18
11061.9 6.698496302588105e-19 2.743974664639975e-18
11062.9 -2.1355218083086362e-19 2.61131614748006e-18
11064.0 2.520066016592065e-19 1.6711853419498832e-18
11065.1 3.781708125278751e-20 6.452510451116675e-19
11066.2 4.940432457708071e-19 2.3204741177630095e-18
11067.3 -3.7128430195709576e-20 2.5003030976941324e-18
11068.4 9.11181146298852e-19 3.0864281876170272e-18
11069.5 8.556460749343225e-19 2.977854038077908e-18
11070.5 4.614639025349928e-19 2.1885195903073944e-18
11071.6 1.469508516167816e-18 3.913544177179345e-18
11072.7 -2.450173165280639e-19 2.442330942593723e-18
11073.8 -9.325920980244183e-20 2.441961162880994e-18
11074.9 1.1443762658421561e-18 3.4567052394227246e-18
11076.0 6.106392427484857e-19 2.535424127679333e-18
11077.1 4.816634632732832e-19 2.264609167309005e-18
11078.1 2.1873010687274033e-19 1.5372734986900827e-18
11079.2 9.303783372023045e-19 3.2047398926245265e-18
11080.3 2.4604806709738454e-19 1.6564835106004222e-18
11081.4 -1.1287079752017355e-19 2.5921644133117862e-18
11082.5 -1.063927850638842e-19 2.58507317582306e-18
11083.6 3.3077937923255486e-20 6.064700036401854e-19
11084.7 4.952527497047483e-19 2.3492772927084897e-18
11085.7 1.0999403770063305e-18 3.514527701264944e-18
11086.8 4.020424479338846e-19 2.1198071406370303e-18
11087.9 6.025763400501579e-19 2.568687206854896e-18
11089.0 -3.3874431405010013e-19 2.5037079388223095e-18
11090.1 5.361846638097088e-19 2.3846880535976683e-18
11091.2 8.753575702270333e-19 3.0599312880862776e-18
11092.3 -1.9055865064317938e-18 2.5204418049389105e-18
11093.3 1.8635857319999827e-19 1.4161559859708134e-18
11094.4 -1.1051252970233385e-19 2.494103749684615e-18
11095.5 -1.5266669205029102e-20 2.4875279297030666e-18
11096.6 5.191581980790608e-19 2.3558322456295294e-18
11097.7 -1.7614878794090234e-19 2.509302983411704e-18
11098.8 3.6598987297729704e-19 1.9711499643270763e-18
11099.9 -1.2193186135311574e-19 2.4636526671708223e-18
11101.0 -1.6348659351828343e-19 2.4599561330708753e-18
11102.0 -1.4788650582445246e-19 2.4705735750362097e-18
11103.1 5.759550253944183e-19 2.5167795560747183e-18
11104.2 4.597516552141597e-19 2.314659278890399e-18
11105.3 3.5413449001129763e-19 2.05433994452879e-18
11106.4 8.387805181434444e-20 9.954509836857574e-19
11107.5 -5.770425006800242e-20 2.7225059293066584e-18
11108.6 -6.003196521479053e-20 2.6571977564705518e-18
11109.6 1.2109949985326985e-19 1.1710644952846855e-18
11110.7 -6.965631604757047e-19 2.688802799619081e-18
11111.8 4.809709691120858e-19 2.3849865606064266e-18
11112.9 3.536243337678824e-19 2.0721889076428523e-18
11114.0 4.2699403526725495e-19 2.2945992430061827e-18
11115.1 4.431994143870792e-19 2.295245531002984e-18
11116.2 2.943952275262074e-19 1.8181418254459093e-18
11117.2 1.525131231272646e-19 1.281803578570078e-18
11118.3 5.112029535559823e-19 2.3368630821974345e-18
11119.4 5.134688772529018e-19 2.3531451449897495e-18
11120.5 7.739272734116076e-19 2.9265642194265994e-18
11121.6 6.568747020350541e-19 2.7136662687167264e-18
11122.7 7.213434274645624e-19 2.845748202502489e-18
11123.8 2.684283793825168e-19 1.7364923722834154e-18
11124.8 6.545617933156785e-19 2.699699812773051e-18
11125.9 3.970456793602983e-19 2.1085790566409413e-18
11127.0 7.541136829512696e-21 2.9440126498609376e-19
11128.1 6.102262859258964e-19 2.7319069016473474e-18
11129.2 6.210042057388147e-19 2.848986810692582e-18
11130.3 4.3274199302578283e-19 2.446324431841436e-18
11131.4 3.0592354566685074e-19 2.072914977505234e-18
11132.4 -3.542661075312783e-20 3.207946899928482e-18
11133.5 3.579315925549059e-19 2.153938277871946e-18
11134.6 -5.754935713853667e-20 3.0366057697845463e-18
11135.7 1.357117190741223e-19 1.3467594559383351e-18
11136.8 4.2684491765021475e-19 2.4209110633736373e-18
11137.9 -3.3690864957012107e-19 3.163878450928802e-18
11139.0 -8.069400215972811e-20 2.9799465326054704e-18
11140.0 -6.27770503085734e-19 2.8149879142933978e-18
11141.1 -1.2894197701163464e-19 2.7226457554655685e-18
11142.2 8.387946938039256e-19 3.1002660973893658e-18
11143.3 5.251060237742288e-19 2.439357751458516e-18
11144.4 2.52773872700667e-19 1.6971349594928687e-18
11145.5 2.2188462913650925e-19 1.6006282625668867e-18
11146.6 7.745596292844656e-20 9.550519020111373e-19
11147.6 6.463955297167728e-19 2.8103956898482715e-18
11148.7 2.519002770572631e-19 1.868642861773119e-18
11149.8 4.793228145776093e-19 2.79216920881139e-18
11150.9 5.045499285696911e-19 2.9238108389656243e-18
11152.0 3.287687045220917e-19 2.2711297426617477e-18
11153.1 4.722083791091104e-19 2.622303892708287e-18
11154.2 1.6584458130516129e-19 1.5117078900300218e-18
11155.2 -3.6740797385042393e-19 3.069483343077451e-18
11156.3 9.377816975728005e-20 1.098197664328849e-18
11157.4 -9.247899712581618e-20 2.9891997389945414e-18
11158.5 6.360992944379484e-19 2.851242939098494e-18
11159.6 9.61164418485496e-19 3.55404890781861e-18
11160.7 3.3207854406795855e-19 2.1848717721613517e-18
11161.8 7.522640172672456e-19 3.531696711291395e-18
11162.9 1.0006936821463609e-18 4.446214855570505e-18
11163.9 5.207421593261833e-19 3.434377271046383e-18
11165.0 -9.289257196754708e-19 5.620757564786021e-18
11166.1 2.456161254040278e-19 2.3679503879225013e-18
11167.2 -9.957424520061668e-19 4.680540122129924e-18
11168.3 3.9545725541393377e-19 2.5765575384258093e-18
11169.4 3.0347293742265916e-19 2.1546668816690443e-18
11170.5 4.208729042830275e-19 2.574924247831294e-18
11171.5 1.0065671454503904e-18 4.154221887197604e-18
11172.6 4.429650184474909e-19 2.868483115572059e-18
11173.7 3.2406308822143276e-20 7.631019869172455e-19
11174.8 -6.98468666071022e-20 3.716341287713244e-18
11175.9 3.195213588711341e-19 2.1075753612457642e-18
11177.0 1.8878414845466863e-20 4.979483180765143e-19
11178.1 4.419684307873872e-19 2.4192615556517655e-18
11179.1 -9.469975718695736e-21 3.2215766946631266e-18
11180.2 3.0207161566613417e-19 2.1281146224991933e-18
11181.3 2.5820609901846e-19 2.0953824195081774e-18
11182.4 6.255741972501252e-19 3.3692748961062944e-18
11183.5 -4.2375332573002825e-19 3.994822679472085e-18
11184.6 -6.612495663369732e-19 3.599338204947913e-18
11185.7 -1.0326112455832351e-20 3.577209926751954e-18
11186.7 2.0093763429248905e-20 5.876627476668996e-19
11187.8 7.532928384146448e-19 3.87631150204673e-18
11188.9 -4.053688880552848e-20 5.035248156651582e-18
11190.0 6.119132820166193e-19 3.66486849480063e-18
11191.1 5.465311455608192e-19 3.555241578330815e-18
11192.2 -9.300856310968738e-20 5.570053792652991e-18
11193.3 9.678596548088017e-19 4.614174730748951e-18
11194.3 2.9023258210837593e-19 2.3201431726130208e-18
11195.4 -8.021311133206344e-19 3.8513383809949315e-18
11196.5 -1.2768877792719359e-19 3.870330432052546e-18
11197.6 -4.952562095500361e-19 4.248645192827814e-18
11198.7 3.365751519894079e-19 2.5672718686557024e-18
11199.8 8.5051315419146275e-19 4.158896294262978e-18
11200.9 5.646592503209629e-19 3.554752211527525e-18
11201.9 -1.0738219264593204e-18 5.809367717017592e-18
11203.0 8.988691518891364e-20 1.4648168186048118e-18
11204.1 1.2309282721591177e-19 1.5854711313161258e-18
11205.2 2.748854249404496e-19 2.244588805816621e-18
11206.3 4.359906433483008e-19 2.771172945042278e-18
11207.4 1.0497908170775179e-18 4.256861362845379e-18
11208.5 8.360639818344333e-19 3.791255632325467e-18
11209.5 4.2405034220909137e-19 2.781870545748537e-18
11210.6 5.814962588550267e-19 3.5112868518039364e-18
11211.7 -2.290803486605314e-19 5.737800872228605e-18
11212.8 -5.397398273128851e-19 5.760127048394762e-18
11213.9 1.4779766292415845e-18 5.7071807355532094e-18
11215.0 4.2507446561479963e-19 2.9657484097979357e-18
11216.1 2.554781897511398e-19 2.413448686296609e-18
11217.1 8.796399431268841e-19 5.026304710694853e-18
11218.2 9.60463207584707e-19 5.721511072854654e-18
11219.3 2.3323948306519454e-20 8.786410947796495e-19
11220.4 -3.485635231114457e-19 7.46576186730329e-18
11221.5 -5.599020626266027e-19 8.139941354196675e-18
11222.6 7.998859593679595e-19 5.593854042279964e-18
11223.7 -1.0214050394953966e-19 9.727504857011569e-18
11224.8 -1.7294741402089205e-19 9.929626257964962e-18
11225.8 1.6625930711423927e-18 8.154158111524418e-18
11226.9 1.7741808854126982e-18 7.701651773443462e-18
11228.0 1.402003958894253e-18 6.172203140765812e-18
11229.1 -6.591667437875168e-19 5.619193207180489e-18
11230.2 -2.2730396547326976e-19 5.3743623658188456e-18
11231.3 6.302444828507765e-19 3.8313330601078004e-18
11232.4 -4.566476771368624e-19 6.1007400279577235e-18
11233.4 -3.104631092492567e-19 7.748162246083012e-18
11234.5 5.727263470197079e-19 5.0682021021896706e-18
11235.6 1.040908980350806e-19 2.29726917557116e-18
11236.7 -4.837926215049511e-19 9.911235708393825e-18
11237.8 3.6547532311010995e-19 3.440852011592497e-18
