lambda f_lambda fErr_lambda
9139.667900000377 3.02074662214319e-19 0.0
9140.753900000376 3.02074662214319e-19 0.0
9141.839900000376 3.02074662214319e-19 0.0
9142.925900000375 3.02074662214319e-19 0.0
9144.011900000374 3.02074662214319e-19 0.0
9145.097900000374 3.02074662214319e-19 0.0
9146.183900000373 3.02074662214319e-19 0.0
9147.269900000372 3.02074662214319e-19 0.0
9148.355900000372 3.02074662214319e-19 0.0
9149.44190000037 3.02074662214319e-19 0.0
9150.52790000037 3.02074662214319e-19 0.0
9151.61390000037 3.02074662214319e-19 0.0
9152.699900000369 3.02074662214319e-19 0.0
9153.785900000368 3.02074662214319e-19 0.0
9154.871900000368 3.02074662214319e-19 0.0
9155.957900000367 3.02074662214319e-19 0.0
9157.043900000366 3.02074662214319e-19 0.0
9158.129900000366 3.02074662214319e-19 0.0
9159.215900000365 3.02074662214319e-19 0.0
9160.301900000364 3.02074662214319e-19 0.0
9161.387900000364 3.02074662214319e-19 0.0
9162.473900000363 3.02074662214319e-19 0.0
9163.559900000362 3.02074662214319e-19 0.0
9164.645900000362 3.02074662214319e-19 0.0
9165.73190000036 3.02074662214319e-19 0.0
9166.81790000036 3.02074662214319e-19 0.0
9167.90390000036 3.02074662214319e-19 0.0
9168.989900000359 3.02074662214319e-19 0.0
9170.075900000358 3.02074662214319e-19 0.0
9171.161900000357 3.02074662214319e-19 0.0
9172.247900000357 3.02074662214319e-19 0.0
9173.333900000356 3.02074662214319e-19 0.0
9174.419900000355 3.02074662214319e-19 0.0
9175.505900000355 3.02074662214319e-19 0.0
9176.591900000354 3.02074662214319e-19 0.0
9177.677900000353 3.02074662214319e-19 0.0
9178.763900000353 3.02074662214319e-19 0.0
9179.849900000352 3.02074662214319e-19 0.0
9180.935900000351 3.02074662214319e-19 0.0
9182.02190000035 3.02074662214319e-19 0.0
9183.10790000035 3.02074662214319e-19 0.0
9184.19390000035 3.02074662214319e-19 0.0
9185.279900000349 3.02074662214319e-19 0.0
9186.365900000348 3.02074662214319e-19 0.0
9187.451900000347 3.02074662214319e-19 0.0
9188.537900000347 3.02074662214319e-19 0.0
9189.623900000346 3.02074662214319e-19 0.0
9190.709900000345 3.02074662214319e-19 0.0
9191.795900000345 3.02074662214319e-19 0.0
9192.881900000344 3.02074662214319e-19 0.0
9193.967900000343 3.02074662214319e-19 0.0
9195.053900000343 3.02074662214319e-19 0.0
9196.139900000342 3.02074662214319e-19 0.0
9197.225900000341 3.02074662214319e-19 0.0
9198.31190000034 3.02074662214319e-19 0.0
9199.39790000034 3.02074662214319e-19 0.0
9200.48390000034 3.02074662214319e-19 0.0
9201.569900000339 3.02074662214319e-19 0.0
9202.655900000338 3.02074662214319e-19 0.0
9203.741900000337 3.02074662214319e-19 0.0
9204.827900000337 3.02074662214319e-19 0.0
9205.913900000336 3.02074662214319e-19 0.0
9206.999900000335 3.02074662214319e-19 0.0
9208.085900000335 3.02074662214319e-19 0.0
9209.171900000334 3.02074662214319e-19 0.0
9210.257900000333 3.02074662214319e-19 0.0
9211.343900000333 3.02074662214319e-19 0.0
9212.429900000332 3.02074662214319e-19 0.0
9213.515900000331 3.02074662214319e-19 0.0
9214.60190000033 3.02074662214319e-19 0.0
9215.68790000033 3.02074662214319e-19 0.0
9216.77390000033 3.02074662214319e-19 0.0
9217.859900000329 3.02074662214319e-19 0.0
9218.945900000328 3.02074662214319e-19 0.0
9220.031900000327 3.02074662214319e-19 0.0
9221.117900000327 3.02074662214319e-19 0.0
9222.203900000326 3.02074662214319e-19 0.0
9223.289900000325 3.02074662214319e-19 0.0
9224.375900000325 3.02074662214319e-19 0.0
9225.461900000324 3.02074662214319e-19 0.0
9226.547900000323 3.02074662214319e-19 0.0
9227.633900000323 3.02074662214319e-19 0.0
9228.719900000322 3.02074662214319e-19 0.0
9229.805900000321 3.02074662214319e-19 0.0
9230.89190000032 3.02074662214319e-19 0.0
9231.97790000032 3.02074662214319e-19 0.0
9233.06390000032 3.02074662214319e-19 0.0
9234.149900000319 3.02074662214319e-19 0.0
9235.235900000318 3.02074662214319e-19 0.0
9236.321900000317 3.02074662214319e-19 0.0
9237.407900000317 3.02074662214319e-19 0.0
9238.493900000316 3.02074662214319e-19 0.0
9239.579900000315 3.02074662214319e-19 0.0
9240.665900000315 3.02074662214319e-19 0.0
9241.751900000314 3.02074662214319e-19 0.0
9242.837900000313 3.02074662214319e-19 0.0
9243.923900000313 3.02074662214319e-19 0.0
9245.009900000312 3.02074662214319e-19 0.0
9246.095900000311 3.02074662214319e-19 0.0
9247.18190000031 3.02074662214319e-19 0.0
9248.26790000031 3.02074662214319e-19 0.0
9249.35390000031 3.02074662214319e-19 0.0
9250.439900000309 3.02074662214319e-19 0.0
9251.525900000308 3.02074662214319e-19 0.0
9252.611900000307 3.02074662214319e-19 0.0
9253.697900000307 3.02074662214319e-19 0.0
9254.783900000306 3.02074662214319e-19 0.0
9255.869900000305 3.02074662214319e-19 0.0
9256.955900000305 3.02074662214319e-19 0.0
9258.041900000304 3.02074662214319e-19 0.0
9259.127900000303 3.02074662214319e-19 0.0
9260.213900000303 3.02074662214319e-19 0.0
9261.299900000302 3.02074662214319e-19 0.0
9262.385900000301 3.02074662214319e-19 0.0
9263.4719000003 3.02074662214319e-19 0.0
9264.5579000003 3.02074662214319e-19 0.0
9265.6439000003 3.02074662214319e-19 0.0
9266.729900000299 3.02074662214319e-19 0.0
9267.815900000298 3.02074662214319e-19 0.0
9268.901900000297 3.02074662214319e-19 0.0
9269.987900000297 3.02074662214319e-19 0.0
9271.073900000296 3.02074662214319e-19 0.0
9272.159900000295 3.02074662214319e-19 0.0
9273.245900000295 3.02074662214319e-19 0.0
9274.331900000294 3.02074662214319e-19 0.0
9275.417900000293 3.02074662214319e-19 0.0
9276.503900000293 3.02074662214319e-19 0.0
9277.589900000292 3.02074662214319e-19 0.0
9278.675900000291 3.02074662214319e-19 0.0
9279.76190000029 3.02074662214319e-19 0.0
9280.84790000029 3.02074662214319e-19 0.0
9281.93390000029 3.02074662214319e-19 0.0
9283.019900000289 3.02074662214319e-19 0.0
9284.105900000288 3.02074662214319e-19 0.0
9285.191900000287 3.02074662214319e-19 0.0
9286.277900000287 3.02074662214319e-19 0.0
9287.363900000286 3.02074662214319e-19 0.0
9288.449900000285 3.02074662214319e-19 0.0
9289.535900000285 3.02074662214319e-19 0.0
9290.621900000284 3.02074662214319e-19 0.0
9291.707900000283 3.02074662214319e-19 0.0
9292.793900000283 3.02074662214319e-19 0.0
9293.879900000282 3.02074662214319e-19 0.0
9294.965900000281 3.02074662214319e-19 0.0
9296.05190000028 3.02074662214319e-19 0.0
9297.13790000028 3.02074662214319e-19 0.0
9298.22390000028 3.02074662214319e-19 0.0
9299.309900000279 3.02074662214319e-19 0.0
9300.395900000278 3.02074662214319e-19 0.0
9301.481900000277 3.02074662214319e-19 0.0
9302.567900000276 3.02074662214319e-19 0.0
9303.653900000276 3.02074662214319e-19 0.0
9304.739900000275 3.02074662214319e-19 0.0
9305.825900000274 3.02074662214319e-19 0.0
9306.911900000274 3.02074662214319e-19 0.0
9307.997900000273 3.02074662214319e-19 0.0
9309.083900000272 3.02074662214319e-19 0.0
9310.169900000272 3.02074662214319e-19 0.0
9311.255900000271 3.02074662214319e-19 0.0
9312.34190000027 3.02074662214319e-19 0.0
9313.42790000027 3.02074662214319e-19 0.0
9314.51390000027 3.02074662214319e-19 0.0
9315.599900000268 3.02074662214319e-19 0.0
9316.685900000268 3.02074662214319e-19 0.0
9317.771900000267 3.02074662214319e-19 0.0
9318.857900000266 3.02074662214319e-19 0.0
9319.943900000266 3.02074662214319e-19 0.0
9321.029900000265 3.02074662214319e-19 0.0
9322.115900000264 3.02074662214319e-19 0.0
9323.201900000264 3.02074662214319e-19 0.0
9324.287900000263 3.02074662214319e-19 0.0
9325.373900000262 3.02074662214319e-19 0.0
9326.459900000262 3.02074662214319e-19 0.0
9327.545900000261 3.02074662214319e-19 0.0
9328.63190000026 3.02074662214319e-19 0.0
9329.71790000026 3.02074662214319e-19 0.0
9330.80390000026 3.02074662214319e-19 0.0
9331.889900000258 3.02074662214319e-19 0.0
9332.975900000258 3.02074662214319e-19 0.0
9334.061900000257 3.02074662214319e-19 0.0
9335.147900000256 3.02074662214319e-19 0.0
9336.233900000256 3.02074662214319e-19 0.0
9337.319900000255 3.02074662214319e-19 0.0
9338.405900000254 3.02074662214319e-19 0.0
9339.491900000254 3.02074662214319e-19 0.0
9340.577900000253 3.02074662214319e-19 0.0
9341.663900000252 3.02074662214319e-19 0.0
9342.749900000252 3.02074662214319e-19 0.0
9343.835900000251 3.02074662214319e-19 0.0
9344.92190000025 3.02074662214319e-19 0.0
9346.00790000025 3.02074662214319e-19 0.0
9347.093900000249 3.02074662214319e-19 0.0
9348.179900000248 3.02074662214319e-19 0.0
9349.265900000248 3.02074662214319e-19 0.0
9350.351900000247 3.02074662214319e-19 0.0
9351.437900000246 3.02074662214319e-19 0.0
9352.523900000246 3.02074662214319e-19 0.0
9353.609900000245 3.02074662214319e-19 0.0
9354.695900000244 3.02074662214319e-19 0.0
9355.781900000244 3.02074662214319e-19 0.0
9356.867900000243 3.02074662214319e-19 0.0
9357.953900000242 3.02074662214319e-19 0.0
9359.039900000242 3.02074662214319e-19 0.0
9360.125900000241 3.02074662214319e-19 0.0
9361.21190000024 3.02074662214319e-19 0.0
9362.29790000024 3.02074662214319e-19 0.0
9363.383900000239 3.02074662214319e-19 0.0
9364.469900000238 3.02074662214319e-19 0.0
9365.555900000238 3.02074662214319e-19 0.0
9366.641900000237 3.02074662214319e-19 0.0
9367.727900000236 3.02074662214319e-19 0.0
9368.813900000236 3.02074662214319e-19 0.0
9369.899900000235 3.02074662214319e-19 0.0
9370.985900000234 3.02074662214319e-19 0.0
9372.071900000234 3.02074662214319e-19 0.0
9373.157900000233 3.02074662214319e-19 0.0
9374.243900000232 3.02074662214319e-19 0.0
9375.329900000232 3.02074662214319e-19 0.0
9376.415900000231 3.02074662214319e-19 0.0
9377.50190000023 3.02074662214319e-19 0.0
9378.58790000023 3.02074662214319e-19 0.0
9379.673900000229 3.02074662214319e-19 0.0
9380.759900000228 3.02074662214319e-19 0.0
9381.845900000228 3.02074662214319e-19 0.0
9382.931900000227 3.02074662214319e-19 0.0
9384.017900000226 3.02074662214319e-19 0.0
9385.103900000226 3.02074662214319e-19 0.0
9386.189900000225 3.02074662214319e-19 0.0
9387.275900000224 3.02074662214319e-19 0.0
9388.361900000224 3.02074662214319e-19 0.0
9389.447900000223 3.02074662214319e-19 0.0
9390.533900000222 3.02074662214319e-19 0.0
9391.619900000222 3.02074662214319e-19 0.0
9392.705900000221 3.02074662214319e-19 0.0
9393.79190000022 3.02074662214319e-19 0.0
9394.87790000022 3.02074662214319e-19 0.0
9395.963900000219 3.02074662214319e-19 0.0
9397.049900000218 3.02074662214319e-19 0.0
9398.135900000218 3.02074662214319e-19 0.0
9399.221900000217 3.02074662214319e-19 0.0
9400.307900000216 3.02074662214319e-19 0.0
9401.393900000216 3.02074662214319e-19 0.0
9402.479900000215 3.02074662214319e-19 0.0
9403.565900000214 3.02074662214319e-19 0.0
9404.651900000214 3.02074662214319e-19 0.0
9405.737900000213 3.02074662214319e-19 0.0
9406.823900000212 3.02074662214319e-19 0.0
9407.909900000212 3.02074662214319e-19 0.0
9408.99590000021 3.02074662214319e-19 0.0
9410.08190000021 3.02074662214319e-19 0.0
9411.16790000021 3.02074662214319e-19 0.0
9412.253900000209 3.02074662214319e-19 0.0
9413.339900000208 3.02074662214319e-19 0.0
9414.425900000208 3.02074662214319e-19 0.0
9415.511900000207 3.02074662214319e-19 0.0
9416.597900000206 3.02074662214319e-19 0.0
9417.683900000206 3.02074662214319e-19 0.0
9418.769900000205 3.02074662214319e-19 0.0
9419.855900000204 3.02074662214319e-19 0.0
9420.941900000204 3.02074662214319e-19 0.0
9422.027900000203 3.02074662214319e-19 0.0
9423.113900000202 3.02074662214319e-19 0.0
9424.199900000202 3.02074662214319e-19 0.0
9425.2859000002 3.02074662214319e-19 0.0
9426.3719000002 3.02074662214319e-19 0.0
9427.4579000002 3.02074662214319e-19 0.0
9428.543900000199 3.02074662214319e-19 0.0
9429.629900000198 3.02074662214319e-19 0.0
9430.715900000198 3.02074662214319e-19 0.0
9431.801900000197 3.02074662214319e-19 0.0
9432.887900000196 3.02074662214319e-19 0.0
9433.973900000195 3.02074662214319e-19 0.0
9435.059900000195 3.02074662214319e-19 0.0
9436.145900000194 3.02074662214319e-19 0.0
9437.231900000193 3.02074662214319e-19 0.0
9438.317900000193 3.02074662214319e-19 0.0
9439.403900000192 3.02074662214319e-19 0.0
9440.489900000191 3.02074662214319e-19 0.0
9441.57590000019 3.02074662214319e-19 0.0
9442.66190000019 3.02074662214319e-19 0.0
9443.74790000019 3.02074662214319e-19 0.0
9444.833900000189 3.02074662214319e-19 0.0
9445.919900000188 3.02074662214319e-19 0.0
9447.005900000187 3.02074662214319e-19 0.0
9448.091900000187 3.02074662214319e-19 0.0
9449.177900000186 3.02074662214319e-19 0.0
9450.263900000185 3.02074662214319e-19 0.0
9451.349900000185 3.02074662214319e-19 0.0
9452.435900000184 3.02074662214319e-19 0.0
9453.521900000183 3.02074662214319e-19 0.0
9454.607900000183 3.02074662214319e-19 0.0
9455.693900000182 3.02074662214319e-19 0.0
9456.779900000181 3.02074662214319e-19 0.0
9457.86590000018 3.02074662214319e-19 0.0
9458.95190000018 3.02074662214319e-19 0.0
9460.03790000018 3.02074662214319e-19 0.0
9461.123900000179 3.02074662214319e-19 0.0
9462.209900000178 3.02074662214319e-19 0.0
9463.295900000177 3.02074662214319e-19 0.0
9464.381900000177 3.02074662214319e-19 0.0
9465.467900000176 3.02074662214319e-19 0.0
9466.553900000175 3.02074662214319e-19 0.0
9467.639900000175 3.02074662214319e-19 0.0
9468.725900000174 3.02074662214319e-19 0.0
9469.811900000173 3.02074662214319e-19 0.0
9470.897900000173 3.02074662214319e-19 0.0
9471.983900000172 3.02074662214319e-19 0.0
9473.069900000171 3.02074662214319e-19 0.0
9474.15590000017 3.02074662214319e-19 0.0
9475.24190000017 3.02074662214319e-19 0.0
9476.32790000017 3.02074662214319e-19 0.0
9477.413900000169 3.02074662214319e-19 0.0
9478.499900000168 3.02074662214319e-19 0.0
9479.585900000167 3.02074662214319e-19 0.0
9480.671900000167 3.02074662214319e-19 0.0
9481.757900000166 3.02074662214319e-19 0.0
9482.843900000165 3.02074662214319e-19 0.0
9483.929900000165 3.02074662214319e-19 0.0
9485.015900000164 3.02074662214319e-19 0.0
9486.101900000163 3.02074662214319e-19 0.0
9487.187900000163 3.02074662214319e-19 0.0
9488.273900000162 3.02074662214319e-19 0.0
9489.359900000161 3.02074662214319e-19 0.0
9490.44590000016 3.02074662214319e-19 0.0
9491.53190000016 3.02074662214319e-19 0.0
9492.61790000016 3.02074662214319e-19 0.0
9493.703900000159 3.02074662214319e-19 0.0
9494.789900000158 3.02074662214319e-19 0.0
9495.875900000157 3.02074662214319e-19 0.0
9496.961900000157 3.02074662214319e-19 0.0
9498.047900000156 3.02074662214319e-19 0.0
9499.133900000155 3.02074662214319e-19 0.0
9500.219900000155 3.02074662214319e-19 0.0
9501.305900000154 3.02074662214319e-19 0.0
9502.391900000153 3.02074662214319e-19 0.0
9503.477900000153 3.02074662214319e-19 0.0
9504.563900000152 3.02074662214319e-19 0.0
9505.649900000151 3.02074662214319e-19 0.0
9506.73590000015 3.02074662214319e-19 0.0
9507.82190000015 3.02074662214319e-19 0.0
9508.90790000015 3.02074662214319e-19 0.0
9509.993900000149 3.02074662214319e-19 0.0
9511.079900000148 3.02074662214319e-19 0.0
9512.165900000147 3.02074662214319e-19 0.0
9513.251900000147 3.02074662214319e-19 0.0
9514.337900000146 3.02074662214319e-19 0.0
9515.423900000145 3.02074662214319e-19 0.0
9516.509900000145 3.02074662214319e-19 0.0
9517.595900000144 3.02074662214319e-19 0.0
9518.681900000143 3.02074662214319e-19 0.0
9519.767900000143 3.02074662214319e-19 0.0
9520.853900000142 3.02074662214319e-19 0.0
9521.939900000141 3.02074662214319e-19 0.0
9523.02590000014 3.02074662214319e-19 0.0
9524.11190000014 3.02074662214319e-19 0.0
9525.19790000014 3.02074662214319e-19 0.0
9526.283900000139 3.02074662214319e-19 0.0
9527.369900000138 3.02074662214319e-19 0.0
9528.455900000137 3.02074662214319e-19 0.0
9529.541900000137 3.02074662214319e-19 0.0
9530.627900000136 3.02074662214319e-19 0.0
9531.713900000135 3.02074662214319e-19 0.0
9532.799900000135 3.02074662214319e-19 0.0
9533.885900000134 3.02074662214319e-19 0.0
9534.971900000133 3.02074662214319e-19 0.0
9536.057900000133 3.02074662214319e-19 0.0
9537.143900000132 3.02074662214319e-19 0.0
9538.229900000131 3.02074662214319e-19 0.0
9539.31590000013 3.02074662214319e-19 0.0
9540.40190000013 3.02074662214319e-19 0.0
9541.48790000013 3.02074662214319e-19 0.0
9542.573900000129 3.02074662214319e-19 0.0
9543.659900000128 3.02074662214319e-19 0.0
9544.745900000127 3.02074662214319e-19 0.0
9545.831900000127 3.02074662214319e-19 0.0
9546.917900000126 3.02074662214319e-19 0.0
9548.003900000125 3.02074662214319e-19 0.0
9549.089900000125 3.02074662214319e-19 0.0
9550.175900000124 3.02074662214319e-19 0.0
9551.261900000123 3.02074662214319e-19 0.0
9552.347900000123 3.02074662214319e-19 0.0
9553.433900000122 3.02074662214319e-19 0.0
9554.519900000121 3.02074662214319e-19 0.0
9555.60590000012 3.02074662214319e-19 0.0
9556.69190000012 3.02074662214319e-19 0.0
9557.77790000012 3.02074662214319e-19 0.0
9558.863900000119 3.02074662214319e-19 0.0
9559.949900000118 3.02074662214319e-19 0.0
9561.035900000117 3.02074662214319e-19 0.0
9562.121900000117 3.02074662214319e-19 0.0
9563.207900000116 3.02074662214319e-19 0.0
9564.293900000115 3.02074662214319e-19 0.0
9565.379900000115 3.02074662214319e-19 0.0
9566.465900000114 3.02074662214319e-19 0.0
9567.551900000113 3.02074662214319e-19 0.0
9568.637900000112 3.02074662214319e-19 0.0
9569.723900000112 3.02074662214319e-19 0.0
9570.809900000111 3.02074662214319e-19 0.0
9571.89590000011 3.02074662214319e-19 0.0
9572.98190000011 3.02074662214319e-19 0.0
9574.06790000011 3.02074662214319e-19 0.0
9575.153900000108 3.02074662214319e-19 0.0
9576.239900000108 3.02074662214319e-19 0.0
9577.325900000107 3.02074662214319e-19 0.0
9578.411900000106 3.02074662214319e-19 0.0
9579.497900000106 3.02074662214319e-19 0.0
9580.583900000105 3.02074662214319e-19 0.0
9581.669900000104 3.02074662214319e-19 0.0
9582.755900000104 3.02074662214319e-19 0.0
9583.841900000103 3.02074662214319e-19 0.0
9584.927900000102 3.02074662214319e-19 0.0
9586.013900000102 3.02074662214319e-19 0.0
9587.099900000101 3.02074662214319e-19 0.0
9588.1859000001 3.02074662214319e-19 0.0
9589.2719000001 3.02074662214319e-19 0.0
9590.3579000001 3.02074662214319e-19 0.0
9591.443900000098 3.02074662214319e-19 0.0
9592.529900000098 3.02074662214319e-19 0.0
9593.615900000097 3.02074662214319e-19 0.0
9594.701900000096 3.02074662214319e-19 0.0
9595.787900000096 3.02074662214319e-19 0.0
9596.873900000095 3.02074662214319e-19 0.0
9597.959900000094 3.02074662214319e-19 0.0
9599.045900000094 3.02074662214319e-19 0.0
9600.131900000093 3.02074662214319e-19 0.0
9601.217900000092 3.02074662214319e-19 0.0
9602.303900000092 3.02074662214319e-19 0.0
9603.389900000091 3.02074662214319e-19 0.0
9604.47590000009 3.02074662214319e-19 0.0
9605.56190000009 3.02074662214319e-19 0.0
9606.647900000089 3.02074662214319e-19 0.0
9607.733900000088 3.02074662214319e-19 0.0
9608.819900000088 3.02074662214319e-19 0.0
9609.905900000087 3.02074662214319e-19 0.0
9610.991900000086 3.02074662214319e-19 0.0
9612.077900000086 3.02074662214319e-19 0.0
9613.163900000085 3.02074662214319e-19 0.0
9614.249900000084 3.02074662214319e-19 0.0
9615.335900000084 3.02074662214319e-19 0.0
9616.421900000083 3.02074662214319e-19 0.0
9617.507900000082 3.02074662214319e-19 0.0
9618.593900000082 3.02074662214319e-19 0.0
9619.679900000081 3.02074662214319e-19 0.0
9620.76590000008 3.02074662214319e-19 0.0
9621.85190000008 3.02074662214319e-19 0.0
9622.937900000079 3.02074662214319e-19 0.0
9624.023900000078 3.02074662214319e-19 0.0
9625.109900000078 3.02074662214319e-19 0.0
9626.195900000077 3.02074662214319e-19 0.0
9627.281900000076 3.02074662214319e-19 0.0
9628.367900000076 3.02074662214319e-19 0.0
9629.453900000075 3.02074662214319e-19 0.0
9630.539900000074 3.02074662214319e-19 0.0
9631.625900000074 3.02074662214319e-19 0.0
9632.711900000073 3.02074662214319e-19 0.0
9633.797900000072 3.02074662214319e-19 0.0
9634.883900000072 3.02074662214319e-19 0.0
9635.969900000071 3.02074662214319e-19 0.0
9637.05590000007 3.02074662214319e-19 0.0
9638.14190000007 3.02074662214319e-19 0.0
9639.227900000069 3.02074662214319e-19 0.0
9640.313900000068 3.02074662214319e-19 0.0
9641.399900000068 3.02074662214319e-19 0.0
9642.485900000067 3.02074662214319e-19 0.0
9643.571900000066 3.02074662214319e-19 0.0
9644.657900000066 3.02074662214319e-19 0.0
9645.743900000065 3.02074662214319e-19 0.0
9646.829900000064 3.02074662214319e-19 0.0
9647.915900000064 3.02074662214319e-19 0.0
9649.001900000063 3.02074662214319e-19 0.0
9650.087900000062 3.02074662214319e-19 0.0
9651.173900000062 3.02074662214319e-19 0.0
9652.259900000061 3.02074662214319e-19 0.0
9653.34590000006 3.02074662214319e-19 0.0
9654.43190000006 3.02074662214319e-19 0.0
9655.517900000059 3.02074662214319e-19 0.0
9656.603900000058 3.02074662214319e-19 0.0
9657.689900000058 3.02074662214319e-19 0.0
9658.775900000057 3.02074662214319e-19 0.0
9659.861900000056 3.02074662214319e-19 0.0
9660.947900000056 3.02074662214319e-19 0.0
9662.033900000055 3.02074662214319e-19 0.0
9663.119900000054 3.02074662214319e-19 0.0
9664.205900000054 3.02074662214319e-19 0.0
9665.291900000053 3.02074662214319e-19 0.0
9666.377900000052 3.02074662214319e-19 0.0
9667.463900000052 3.02074662214319e-19 0.0
9668.549900000051 3.02074662214319e-19 0.0
9669.63590000005 3.02074662214319e-19 0.0
9670.72190000005 3.02074662214319e-19 0.0
9671.807900000049 3.02074662214319e-19 0.0
9672.893900000048 3.02074662214319e-19 0.0
9673.979900000048 3.02074662214319e-19 0.0
9675.065900000047 3.02074662214319e-19 0.0
9676.151900000046 3.02074662214319e-19 0.0
9677.237900000046 3.02074662214319e-19 0.0
9678.323900000045 3.02074662214319e-19 0.0
9679.409900000044 3.02074662214319e-19 0.0
9680.495900000044 3.02074662214319e-19 0.0
9681.581900000043 3.02074662214319e-19 0.0
9682.667900000042 3.02074662214319e-19 0.0
9683.753900000042 3.02074662214319e-19 0.0
9684.83990000004 3.02074662214319e-19 0.0
9685.92590000004 3.02074662214319e-19 0.0
9687.01190000004 3.02074662214319e-19 0.0
9688.097900000039 3.02074662214319e-19 0.0
9689.183900000038 3.02074662214319e-19 0.0
9690.269900000038 3.02074662214319e-19 0.0
9691.355900000037 3.02074662214319e-19 0.0
9692.441900000036 3.02074662214319e-19 0.0
9693.527900000036 3.02074662214319e-19 0.0
9694.613900000035 3.02074662214319e-19 0.0
9695.699900000034 3.02074662214319e-19 0.0
9696.785900000034 3.02074662214319e-19 0.0
9697.871900000033 3.02074662214319e-19 0.0
9698.957900000032 3.02074662214319e-19 0.0
9700.043900000031 3.02074662214319e-19 0.0
9701.12990000003 3.02074662214319e-19 0.0
9702.21590000003 3.02074662214319e-19 0.0
9703.30190000003 3.02074662214319e-19 0.0
9704.387900000029 3.02074662214319e-19 0.0
9705.473900000028 3.02074662214319e-19 0.0
9706.559900000027 3.02074662214319e-19 0.0
9707.645900000027 3.02074662214319e-19 0.0
9708.731900000026 3.02074662214319e-19 0.0
9709.817900000025 3.02074662214319e-19 0.0
9710.903900000025 3.02074662214319e-19 0.0
9711.989900000024 3.02074662214319e-19 0.0
9713.075900000023 3.02074662214319e-19 0.0
9714.161900000023 3.02074662214319e-19 0.0
9715.247900000022 3.02074662214319e-19 0.0
9716.333900000021 3.02074662214319e-19 0.0
9717.41990000002 3.02074662214319e-19 0.0
9718.50590000002 3.02074662214319e-19 0.0
9719.59190000002 3.02074662214319e-19 0.0
9720.677900000019 3.02074662214319e-19 0.0
9721.763900000018 3.02074662214319e-19 0.0
9722.849900000017 3.02074662214319e-19 0.0
9723.935900000017 3.02074662214319e-19 0.0
9725.021900000016 3.02074662214319e-19 0.0
9726.107900000015 3.02074662214319e-19 0.0
9727.193900000015 3.02074662214319e-19 0.0
9728.279900000014 3.02074662214319e-19 0.0
9729.365900000013 3.02074662214319e-19 0.0
9730.451900000013 3.02074662214319e-19 0.0
9731.537900000012 3.02074662214319e-19 0.0
9732.623900000011 3.02074662214319e-19 0.0
9733.70990000001 3.02074662214319e-19 0.0
9734.79590000001 3.02074662214319e-19 0.0
9735.88190000001 3.02074662214319e-19 0.0
9736.967900000009 3.02074662214319e-19 0.0
9738.053900000008 3.02074662214319e-19 0.0
9739.139900000007 3.02074662214319e-19 0.0
9740.225900000007 3.02074662214319e-19 0.0
9741.311900000006 3.02074662214319e-19 0.0
9742.397900000005 3.02074662214319e-19 0.0
9743.483900000005 3.02074662214319e-19 0.0
9744.569900000004 3.02074662214319e-19 0.0
9745.655900000003 3.02074662214319e-19 0.0
9746.741900000003 3.02074662214319e-19 0.0
9747.827900000002 3.02074662214319e-19 0.0
9748.913900000001 3.02074662214319e-19 0.0
9749.9999 3.02074662214319e-19 0.0
9751.0859 3.02074662214319e-19 0.0
9752.1719 4.803906468602835e-18 1.4248708165263375e-18
9753.2579 -5.327921540589012e-19 1.3606539081906851e-18
9754.3439 -3.660403937121334e-18 1.3691571079315797e-18
9755.4299 5.535033625070679e-18 1.3724415807114236e-18
9756.5158 -1.2451038441016327e-18 1.3690615189764805e-18
9757.6018 -6.7659044637929266e-18 1.4416982118564568e-18
9758.6878 -2.6308687737654935e-18 1.5179857066249655e-18
9759.7738 1.3086572069583915e-18 1.5066695501643124e-18
9760.8597 -1.4710434726600636e-18 1.650894073486077e-18
9761.9457 -4.93006880913718e-19 1.6834302357210665e-18
9763.0317 2.4233151703721017e-18 1.5017077678002233e-18
9764.1176 3.33957807966728e-20 1.4228292223707383e-18
9765.2036 2.778641192545391e-19 1.3591093550849443e-18
9766.2896 -1.230290605693617e-18 1.624078353548902e-18
9767.3756 -2.600825042936523e-18 1.1429240521651697e-18
9768.4615 5.358004614318446e-18 1.1528004829278597e-18
9769.5475 2.8869629440219353e-18 1.2354542135914547e-18
9770.6335 -6.667640232634698e-18 1.231860279342275e-18
9771.7195 1.8550088087054567e-18 1.2547289998934222e-18
9772.8054 2.49544009992388e-18 1.1860646935535194e-18
9773.8914 2.0854874007344596e-18 1.1964403242288925e-18
9774.9774 2.7892255036889097e-18 1.2549967584502515e-18
9776.0633 1.29693820719856e-18 1.2399352268647952e-18
9777.1493 -2.3720066103103447e-18 1.3555737229376905e-18
9778.2353 -3.741199590405248e-18 1.3587310107576494e-18
9779.3213 3.6710715666031785e-18 1.2012271964074885e-18
9780.4072 1.6018451808997378e-18 1.2004802562194677e-18
9781.4932 4.5843116775264954e-18 1.1812016736010522e-18
9782.5792 -3.4156041330443694e-19 1.288569785933268e-18
9783.6652 8.641264143872503e-19 1.1539242828721594e-18
9784.7511 -5.351927994180979e-19 1.2074523484673076e-18
9785.8371 4.232049487183177e-18 1.1903479193077606e-18
9786.9231 1.7127558231555652e-18 1.3363833545118587e-18
9788.009 7.967269461001966e-19 1.1625087516484718e-18
9789.095 6.675591017975554e-19 1.2808339102974443e-18
9790.181 3.262852051740989e-19 2.098793759440476e-18
9791.267 -7.615426814349314e-18 3.520838988587641e-18
9792.3529 -1.5484084459246778e-17 6.688203995796918e-18
9793.4389 1.692115298746017e-17 6.196812599186617e-18
9794.5249 4.574319881644924e-18 6.08022862237026e-18
9795.6109 1.1510459088537838e-17 5.120286473942024e-18
9796.6968 2.7900043277243557e-18 2.801697759050159e-18
9797.7828 -9.845637685361483e-19 1.794726007167135e-18
9798.8688 -6.472710114443819e-19 1.6429486684190114e-18
9799.9548 2.2095041543223834e-19 2.2285759336354266e-18
9801.0407 -2.772280180766595e-18 3.417651581587101e-18
9802.1267 -1.1219822334747455e-17 3.445229200972737e-18
9803.2127 7.117107752523536e-19 3.3554853240318e-18
9804.2986 -5.494919317657301e-18 2.8533145948032913e-18
9805.3846 -1.3588164832574774e-18 1.5933580190617886e-18
9806.4706 -3.586780656936566e-18 1.1759808891848379e-18
9807.5566 -4.586314698789936e-19 1.2278021834403904e-18
9808.6425 1.7352129306264916e-18 1.49196680014288e-18
9809.7285 2.4150557606688303e-18 1.588104919296312e-18
9810.8145 3.4558003794310704e-18 1.6145281717721028e-18
9811.9005 3.485350449260388e-18 1.7361762094787353e-18
9812.9864 -2.6888999521268666e-18 2.0922229402028437e-18
9814.0724 8.173318964859505e-18 2.2454204374710555e-18
9815.1584 -2.8026992313262095e-18 2.3011530208546392e-18
9816.2443 1.1546035167378277e-17 2.351825464679451e-18
9817.3303 1.3594205100338946e-18 1.6994510977630816e-18
9818.4163 4.992249372698935e-18 1.5021679140218454e-18
9819.5023 -1.1840869137434375e-19 1.5825801379647952e-18
9820.5882 6.60653813553939e-18 1.5877013095405252e-18
9821.6742 1.2911130852633363e-18 1.6527288133439783e-18
9822.7602 5.223372156311826e-18 1.2497617250734447e-18
9823.8462 3.741850317353393e-19 1.0854237962597346e-18
9824.9321 6.777892482692512e-18 1.0515008009079034e-18
9826.0181 -1.3395141539626781e-18 1.1465847891780788e-18
9827.1041 -4.842197145628679e-19 1.2396477389606899e-18
9828.19 -1.6867768160780857e-18 1.2737835228045024e-18
9829.276 -2.3478138845961473e-18 1.4500596239503263e-18
9830.362 -4.765930531696917e-18 1.5886605284727674e-18
9831.448 -2.4934606079924925e-18 1.522857464049196e-18
9832.5339 -2.379723185109475e-19 1.6245706527984808e-18
9833.6199 8.493610828910068e-21 1.407253352640683e-18
9834.7059 2.4804582750762927e-18 1.1585622675993509e-18
9835.7919 4.5119689396090986e-18 1.1329935764935913e-18
9836.8778 -1.4394047078802553e-18 1.1940347199816997e-18
9837.9638 4.4280325891044556e-18 1.1027080628212967e-18
9839.0498 8.843596886792725e-19 1.0486823857624536e-18
9840.1357 -3.6649573608044474e-19 1.0263439079598636e-18
9841.2217 1.8519751971089097e-18 9.817241397072879e-19
9842.3077 -5.080331545278111e-19 9.89244773319294e-19
9843.3937 -3.293911236231362e-19 1.0033379481235902e-18
9844.4796 2.31164306617566e-19 9.820570919502293e-19
9845.5656 1.040055867201265e-19 1.0349271001625729e-18
9846.6516 2.4674706842666557e-18 1.0476108035177516e-18
9847.7376 -1.4127207689460853e-18 1.1790603981488288e-18
9848.8235 3.060703164685902e-19 2.147716361597382e-18
9849.9095 7.222244965921159e-19 2.9994568380525337e-18
9850.9955 8.4611723981472895e-19 3.0844708164467833e-18
9852.0814 6.558774805578148e-18 3.0350985210789563e-18
9853.1674 -1.8172855076386843e-18 2.3001428519569114e-18
9854.2534 -1.1401405847016023e-18 1.3295520087135728e-18
9855.3394 4.08480446863843e-19 1.0998615508108848e-18
9856.4253 -9.909551655449371e-19 1.147847041722869e-18
9857.5113 5.542072684000018e-19 9.750286621127142e-19
9858.5973 -2.491067639473978e-18 1.0174328747334e-18
9859.6833 -8.79387071424951e-19 1.086508655375284e-18
9860.7692 -2.4364291556398443e-18 9.771782674317817e-19
9861.8552 -2.4119764594171442e-18 9.669303081020538e-19
9862.9412 -1.0250373011600558e-18 9.752598340942515e-19
9864.0271 -3.493244535849252e-20 9.751191617365825e-19
9865.1131 1.318548350523788e-19 9.905555104272371e-19
9866.1991 1.0503861363143279e-18 1.010838392221367e-18
9867.2851 -1.652277343952343e-18 9.762933722711729e-19
9868.371 -1.1201784772012102e-18 1.0078471435673389e-18
9869.457 1.9767991777953022e-18 1.1195285713226761e-18
9870.543 -9.457769559996765e-19 1.328221692654505e-18
9871.629 -2.401357301811886e-18 1.5043875703102396e-18
9872.7149 -5.683913360075821e-18 3.506913061385029e-18
9873.8009 -8.328142252700246e-18 5.128076768061903e-18
9874.8869 -6.48448195240573e-18 5.1777802719989705e-18
9875.9729 3.779506812411797e-20 4.9620789725705415e-18
9877.0588 -4.952334153702233e-18 2.8855091954656673e-18
9878.1448 3.7339576436678506e-18 1.5351767245033302e-18
9879.2308 1.6406734051986866e-18 1.0741892450615817e-18
9880.3167 2.0312039285497667e-18 1.0548914698067814e-18
9881.4027 3.3434676609219205e-18 1.011450528426988e-18
9882.4887 1.5461311809303212e-19 1.0633299148663277e-18
9883.5747 -2.046155529628952e-18 1.1677950999839333e-18
9884.6606 1.6685494112144513e-18 1.0564164781663228e-18
9885.7466 5.288163594559582e-19 1.121114759296373e-18
9886.8326 1.567696290708361e-18 1.259846582734509e-18
9887.9186 2.1308694233136275e-18 1.3270573321101251e-18
9889.0045 6.744236030532544e-19 1.2768740604245637e-18
9890.0905 -4.672482818914546e-19 1.211191552966583e-18
9891.1765 1.9319991180862693e-19 1.109067645978252e-18
9892.2624 -1.8420064109861455e-18 9.871197520953408e-19
9893.3484 3.019748167997853e-19 9.459537934725343e-19
9894.4344 1.3384820784046296e-18 1.210398457558025e-18
9895.5204 5.067833302498325e-18 2.6559384706964427e-18
9896.6063 4.204799570354301e-18 3.3979371163692408e-18
9897.6923 -1.763724727066139e-18 3.595281831147657e-18
9898.7783 -1.3952497605339078e-18 3.446993183246174e-18
9899.8643 -2.955664204302867e-18 1.9048833816526866e-18
9900.9502 -2.66307306275129e-18 1.2281084189858396e-18
9902.0362 -1.2737313979437844e-18 1.1027372334128084e-18
9903.1222 8.451363587671411e-20 1.0693896446830523e-18
9904.2081 -3.259607117489236e-19 1.052801840114545e-18
9905.2941 3.843885756072751e-18 1.059583229705926e-18
9906.3801 8.353648613439318e-19 9.691923668738732e-19
9907.4661 -3.5913429182812496e-19 9.08350274220207e-19
9908.552 -1.6711930253741435e-18 8.961759134113162e-19
9909.638 -1.3682428285638927e-18 9.223208527149497e-19
9910.724 -4.085985292893916e-18 9.146664132422594e-19
9911.81 -2.3599101979185125e-18 9.401691067122063e-19
9912.8959 -1.54438312859295e-18 1.032087186012718e-18
9913.9819 -6.262799982578005e-19 1.3300963166148968e-18
9915.0679 4.530449846582981e-18 2.9063913504825378e-18
9916.1538 3.500374007066165e-18 5.0039381523323765e-18
9917.2398 5.208027672874037e-18 5.330662370102345e-18
9918.3258 8.315063553818672e-18 5.591531285728332e-18
9919.4118 8.017899491459979e-18 3.367650408603372e-18
9920.4977 1.9403760864918427e-18 1.4036255473722653e-18
9921.5837 -1.0129787954133764e-18 9.431474207413313e-19
9922.6697 -8.132299542919381e-19 8.871380644066879e-19
9923.7557 -1.5818657916484194e-18 8.899918695805057e-19
9924.8416 2.011799545792147e-18 9.133317687883251e-19
9925.9276 3.548990498683026e-18 9.27663885773106e-19
9927.0136 7.58701699496499e-19 9.086819511641202e-19
9928.0995 -9.5573381272459e-20 9.099049421434605e-19
9929.1855 1.2562720088906837e-18 9.262548817299996e-19
9930.2715 5.764488254134057e-19 8.990279467899212e-19
9931.3575 6.504076069950305e-19 8.856616674018022e-19
9932.4434 -1.2143225241858555e-18 8.982685764366112e-19
9933.5294 -1.6170733884026972e-18 9.040383765545258e-19
9934.6154 -3.820774558457528e-18 9.333633076583027e-19
9935.7014 -2.18216337212016e-18 1.0089677346906728e-18
9936.7873 1.2053618662864802e-18 9.432886164201533e-19
9937.8733 2.5258145497125405e-18 9.033796222171374e-19
9938.9593 1.5542081208916034e-18 9.02744480716109e-19
9940.0452 5.673038369403775e-19 9.20765798687274e-19
9941.1312 -2.634191798622562e-19 1.1235144696758473e-18
9942.2172 -3.7196618679395227e-19 2.0294632459080334e-18
9943.3032 -2.4919194265466223e-18 3.4010124924177886e-18
9944.3891 -6.24751037333454e-19 3.6435843694765255e-18
9945.4751 -2.0877395239835147e-18 4.305404159714155e-18
9946.5611 -1.1127341396328956e-18 4.914856580916929e-18
9947.6471 2.9041293820685153e-18 4.71469495605276e-18
9948.733 4.189902468639106e-18 5.0267739149731116e-18
9949.819 7.925140095596453e-20 4.94173966753143e-18
9950.905 2.036050023816063e-18 4.101094833396494e-18
9951.991 2.931352474332161e-18 2.900488722510528e-18
9953.0769 2.408947626980229e-18 1.9012499658953573e-18
9954.1629 -5.500039558126857e-19 1.3297332123612012e-18
9955.2489 7.625304329953279e-19 1.095244025892322e-18
9956.3348 -8.660692620049687e-19 1.3329338341666972e-18
9957.4208 -4.662140180375926e-18 3.1472101929813253e-18
9958.5068 -5.686148410311067e-18 4.1333693246883805e-18
9959.5928 -4.8365113150995536e-18 4.1234929738847975e-18
9960.6787 -3.121680568197871e-18 3.936820737980017e-18
9961.7647 -4.0568322989449225e-18 3.4626892244257904e-18
9962.8507 -4.1095193857295444e-18 3.5732347217783016e-18
9963.9367 -1.9093289770552834e-18 4.1217958776571626e-18
9965.0226 -4.981218501190619e-18 4.044277158534743e-18
9966.1086 -3.796342825061482e-19 3.5531192048839e-18
9967.1946 3.0537626176094135e-18 1.634515276878838e-18
9968.2805 -3.3232243157780975e-19 1.0147076411586231e-18
9969.3665 2.383214145635768e-19 9.05761770098591e-19
9970.4525 1.5235097638819912e-18 9.148175224059122e-19
9971.5385 4.097764173985252e-18 1.0065684350483272e-18
9972.6244 5.565670817363733e-18 1.4915584838866571e-18
9973.7104 4.3562839851084375e-18 2.3898322754165493e-18
9974.7964 3.975875288897898e-18 2.339323981151729e-18
9975.8824 4.494688092194002e-18 2.328356614215626e-18
9976.9683 1.984301532284722e-18 1.8593886355060217e-18
9978.0543 6.432459880858524e-19 1.4024505198725359e-18
9979.1403 5.362092236095324e-19 1.284575731170056e-18
9980.2262 9.599486844193505e-19 1.295143956183597e-18
9981.3122 2.1263327345744034e-18 1.3346196851203502e-18
9982.3982 1.7839040924420564e-18 1.3110777341888458e-18
9983.4842 -4.757266792626697e-20 1.1156433373424088e-18
9984.5701 -6.82725870411231e-19 9.654050336975806e-19
9985.6561 -4.421248922233978e-19 8.508906094422559e-19
9986.7421 1.1770444236749843e-19 8.117126125034348e-19
9987.8281 8.420131457680282e-19 8.340479366014458e-19
9988.914 -2.0229850177147036e-18 8.295659447876725e-19
9990.0 -2.2657552668113676e-18 8.120821599972593e-19
9991.086 -7.355389578870376e-19 8.082401572572826e-19
9992.1719 3.507970699612493e-20 8.05646759654636e-19
9993.2579 1.8552184883716365e-18 8.110787699588483e-19
9994.3439 1.8193007487128317e-18 8.319947213593018e-19
9995.4299 8.701444855817937e-19 8.26665494413852e-19
9996.5158 -5.863358231961709e-19 7.948850984560876e-19
9997.6018 -4.836499070317621e-19 8.099232479364799e-19
9998.6878 -1.5028230889697745e-18 8.618980474914293e-19
9999.7738 -3.7991275672044297e-19 1.0745610105417846e-18
10000.86 1.0387860505903893e-18 1.6883386261626632e-18
10001.946 3.9921297341163397e-19 2.118461766261981e-18
10003.032 -1.5460241834795694e-18 2.1465423894399714e-18
10004.118 -7.043942724053898e-19 2.066200990127776e-18
10005.204 1.0908206986269426e-18 1.3778985521602692e-18
10006.29 2.8466823528053583e-18 1.0226401372224563e-18
10007.376 -9.761814396936207e-20 9.205604880316041e-19
10008.462 -1.4401567977006615e-18 8.681894088941365e-19
10009.548 1.7033332986047385e-18 8.752322782719238e-19
10010.633 1.439003953555352e-18 9.391569040877995e-19
10011.719 -7.514166168059356e-19 1.2852395062007738e-18
10012.805 -1.8108998014709333e-18 2.515832778409307e-18
10013.891 -4.968303150831026e-18 4.6695835525514666e-18
10014.977 -5.240798382713125e-18 5.629381707673009e-18
10016.063 -4.87701891728805e-18 5.699103695145086e-18
10017.149 -2.946120217976138e-18 5.0663704001876614e-18
10018.235 4.197261148289417e-19 2.9527866126458196e-18
10019.321 2.286341469178338e-18 1.4199013249287159e-18
10020.407 1.1534813775661721e-18 9.99110336841692e-19
10021.493 -9.428527543590385e-19 1.020402392201032e-18
10022.579 1.3069176694362682e-19 1.1856495453314772e-18
10023.665 7.042705225011576e-19 1.2610347428442805e-18
10024.751 -1.8488397358353576e-18 1.3657178685356721e-18
10025.837 2.0452977859839774e-18 2.1672974688523796e-18
10026.923 -1.2416692750318755e-18 3.4794676738897205e-18
10028.009 -3.467132389382412e-18 3.2884498792349623e-18
10029.095 3.5151807996833536e-18 3.1003490745984508e-18
10030.181 2.1395629486989807e-18 2.289591389480837e-18
10031.267 5.670056563020343e-19 1.0876467826703755e-18
10032.353 6.867771627374163e-19 9.11559700518815e-19
10033.439 4.680437392910853e-19 8.77534264914612e-19
10034.525 -4.313882904137562e-19 8.749471207076743e-19
10035.611 -2.2019760973402876e-19 8.82177352907207e-19
10036.697 1.7849045232018064e-19 9.108355072609527e-19
10037.783 -1.2532372547096902e-18 9.596523748333192e-19
10038.869 1.0016317037887824e-18 1.0516058354252062e-18
10039.955 7.575145026308157e-19 1.068614377625908e-18
10041.041 2.910025524589874e-18 1.011485966463664e-18
10042.127 2.3824314165742848e-18 9.733939880146098e-19
10043.213 3.404215349416082e-18 1.0794302205300905e-18
10044.299 -6.28379527890264e-20 1.5596140771482163e-18
10045.385 1.5532135621959796e-18 2.3067239525299226e-18
10046.471 -3.7386199910635407e-19 2.2182496216152406e-18
10047.557 -5.739739037256481e-19 1.942846063200742e-18
10048.643 3.8567044624839573e-19 1.2625778307304138e-18
10049.729 -1.4071772368837887e-18 8.998994023909382e-19
10050.814 2.6511091468715305e-19 9.229876621316224e-19
10051.9 1.546567278007581e-18 8.666732061374965e-19
10052.986 1.815511518149457e-18 8.231969917197959e-19
10054.072 6.207595483406105e-19 8.232078119583653e-19
10055.158 1.086618384638119e-18 8.131930392430089e-19
10056.244 2.624096074363654e-18 8.133746843841927e-19
10057.33 2.5544737367341363e-18 7.957466698735102e-19
10058.416 -3.4460879580132674e-20 8.310356698367793e-19
10059.502 -6.938126862154522e-19 1.0791525474968325e-18
10060.588 -1.5471260578173955e-18 1.5737334087565962e-18
10061.674 4.495702340776681e-18 2.3064007755948917e-18
10062.76 5.4718593821731405e-18 2.63022621228208e-18
10063.846 2.589967244354825e-18 2.5719689146373044e-18
10064.932 2.348169864104496e-19 2.3530271604227545e-18
10066.018 -2.6099912739409813e-18 1.3716254106606614e-18
10067.104 -4.0106071111263587e-19 1.3018541580622333e-18
10068.19 2.747310183764765e-20 1.3480454359994461e-18
10069.276 -3.9795880902366754e-18 1.370434608070208e-18
10070.362 -2.7753199970114757e-19 1.4811293479837919e-18
10071.448 8.983778288349038e-19 1.7780998720383635e-18
10072.534 -1.2739377383771827e-18 1.900340032435712e-18
10073.62 3.0147591469429026e-18 1.8616699864231155e-18
10074.706 -8.199388622463284e-19 1.7660417526977076e-18
10075.792 2.2082130338876735e-18 1.3836326887618693e-18
10076.878 -9.30025933182587e-19 9.645551248582325e-19
10077.964 -1.4179678489620457e-18 8.803014774090835e-19
10079.05 3.166778034540563e-18 8.820308123903557e-19
10080.136 2.2960326072853707e-19 1.0122676757428287e-18
10081.222 1.8567264581087323e-18 9.384883470302904e-19
10082.308 -5.711401762001367e-18 1.4365824366468858e-18
10083.394 3.4687336024576165e-18 3.1271061567359875e-18
10084.48 -1.519777686015333e-18 4.0706584467913455e-18
10085.566 6.971467049328738e-18 4.097137335074814e-18
10086.652 2.036185427059709e-19 3.916972976669686e-18
10087.738 -3.662422430452141e-19 1.8596681784636444e-18
10088.824 1.7990020053893382e-18 9.325412700300436e-19
10089.91 1.9227833057696383e-18 8.37652365284925e-19
10090.995 8.327529883958501e-19 8.261900437815698e-19
10092.081 9.887170433315561e-19 8.53713253987362e-19
10093.167 9.323212252291945e-19 8.383782649645975e-19
10094.253 1.4726409092522358e-18 8.300849140436756e-19
10095.339 -1.4824298275010476e-18 8.288531738131128e-19
10096.425 -1.9866343748876777e-18 8.836546086367154e-19
10097.511 7.34622193749983e-19 9.426311855228952e-19
10098.597 -9.95513113075128e-19 9.99730707294492e-19
10099.683 -8.860448111783733e-21 1.0212585097932975e-18
10100.769 2.3153264044231713e-18 1.0148836748756258e-18
10101.855 1.0812312463399932e-18 9.662875496068374e-19
10102.941 -4.883781705944761e-19 9.788703629294011e-19
10104.027 -7.88111820370867e-19 1.717569569763047e-18
10105.113 4.345732987734425e-19 2.799405070249266e-18
10106.199 3.1895233135275566e-18 2.7659181321370964e-18
10107.285 5.476198244688274e-18 2.718754641031442e-18
10108.371 2.8650310078756815e-18 2.1345259691783633e-18
10109.457 8.405005867678992e-20 9.307791317799703e-19
10110.543 -9.380131744808582e-19 8.073627281803598e-19
10111.629 7.616800768425247e-19 7.605607852442797e-19
10112.715 1.723083247717739e-18 7.822344466692557e-19
10113.801 1.1515451246362603e-18 7.671773222061428e-19
10114.887 1.422967760917261e-18 7.542406302121291e-19
10115.973 2.124902773024647e-18 7.66832434916119e-19
10117.059 -1.3404080439538986e-18 7.483732148894354e-19
10118.145 1.2141172718391342e-18 7.60019929425737e-19
10119.231 -4.355357696751143e-19 7.554939163143244e-19
10120.317 7.088521935112183e-19 7.740637943707445e-19
10121.403 1.0286863244546572e-18 7.731800404107393e-19
10122.489 -1.0766691715599019e-18 8.72067270011191e-19
10123.575 1.9026231632618114e-18 1.3123787639395302e-18
10124.661 -1.969369369098056e-18 3.0566775664339453e-18
10125.747 -8.887859980246188e-18 4.369771195549928e-18
10126.833 1.7101850789662435e-18 4.4034798134470965e-18
10127.919 -7.620543867609284e-20 4.695551886361897e-18
10129.005 3.0581791223455378e-18 2.992320996480169e-18
10130.09 1.381119611471931e-18 1.007974600194977e-18
10131.176 -1.2596514170574713e-18 8.216845168451633e-19
10132.262 -4.655915845797148e-19 8.618492008803958e-19
10133.348 -1.5209754527280363e-18 1.0548504032516852e-18
10134.434 4.98262219751377e-20 1.182239632533985e-18
10135.52 1.0866109593993365e-18 1.1766210520544497e-18
10136.606 1.9102024973330346e-18 1.1610118958707333e-18
10137.692 3.7060049795896755e-18 1.0289614317664874e-18
10138.778 2.416498450645552e-18 8.424015002884209e-19
10139.864 2.0402576000866855e-18 8.532179630577795e-19
10140.95 8.564207781898108e-19 8.593133745267188e-19
10142.036 -9.03252331069631e-19 8.030862893037412e-19
10143.122 -1.139111729794156e-18 8.458144113394328e-19
10144.208 8.93959224773959e-19 1.0638054217584288e-18
10145.294 -1.079839491549764e-18 1.2843116393393148e-18
10146.38 -1.0699833591042632e-18 1.3395363699374607e-18
10147.466 -2.4524067863856487e-18 1.4369906276030234e-18
10148.552 1.934093444863915e-18 1.379930501851561e-18
10149.638 3.955354341414657e-19 1.4319051282996261e-18
10150.724 -5.047374183896447e-19 1.4600083759916006e-18
10151.81 3.7879639343399715e-18 1.3001385470562953e-18
10152.896 1.1237696807232847e-19 1.5888018279334141e-18
10153.982 -4.393654180577228e-19 2.6191127130025924e-18
10155.068 -8.615498492501752e-19 2.7933539827790796e-18
10156.154 -1.1511101796390074e-18 2.8090032401090322e-18
10157.24 1.875216983952185e-18 2.704268250042181e-18
10158.326 -3.138586019603671e-21 1.6418191780002406e-18
10159.412 6.486317134324071e-19 1.8297674943272613e-18
10160.498 7.190337139908785e-19 1.9407027219978763e-18
10161.584 5.792109440387413e-19 1.9435806476672862e-18
10162.67 2.5330934438167036e-18 1.883002958256503e-18
10163.756 7.131485940905579e-18 1.316724349811455e-18
10164.842 2.710983932431692e-18 1.2576652226682061e-18
10165.928 2.3861972655098477e-18 1.561063782944062e-18
10167.014 6.177778922354247e-19 1.5303105761609747e-18
10168.1 9.241644241210394e-19 1.6323709133379602e-18
10169.186 6.363351220763694e-19 1.4404463980340366e-18
10170.271 2.9721451350804507e-19 1.106204890351528e-18
10171.357 2.7829490070750596e-19 1.5519824729378015e-18
10172.443 -4.982242918753186e-18 3.546198746116467e-18
10173.529 2.620932132490108e-18 4.794737278384561e-18
10174.615 2.7566941645207578e-18 4.808155523392707e-18
10175.701 1.6715058932425464e-17 4.6830587978699824e-18
10176.787 5.827045665200134e-18 3.1728898184600598e-18
10177.873 -1.5112199279841709e-18 1.272598422423928e-18
10178.959 2.080934969996778e-18 1.0869593628517434e-18
10180.045 -1.7599678383191038e-18 8.180802711500252e-19
10181.131 7.332940164560075e-19 1.0904436459646188e-18
10182.217 -3.9178818359242966e-18 2.1620864067304197e-18
10183.303 1.7880685439295905e-18 2.0840478055067536e-18
10184.389 -4.934076688367726e-18 2.099928449941333e-18
10185.475 4.159541481117817e-18 2.234822335232331e-18
10186.561 1.6456197076788754e-18 1.2950892466984393e-18
10187.647 -2.738775345007004e-19 9.998872926176827e-19
10188.733 2.986056211876441e-18 1.005395087894972e-18
10189.819 3.155913890901058e-18 1.7214452564673521e-18
10190.905 4.541860913317424e-18 3.630366929829295e-18
10191.991 6.352843332461246e-19 4.0743938778880615e-18
10193.077 1.3848189039759908e-18 3.912604081249007e-18
10194.163 7.688377024299483e-18 3.337039940759911e-18
10195.249 1.783706920419091e-18 1.648377426512621e-18
10196.335 1.3361085835900056e-18 1.0793988689561281e-18
10197.421 1.9192165259880363e-18 9.515951809935632e-19
10198.507 2.659861600306749e-18 9.33436137533544e-19
10199.593 -4.259088236806709e-19 9.618941805628126e-19
10200.679 -5.822422975985019e-19 9.09717105291658e-19
10201.765 1.8413181744844e-18 9.301544636061673e-19
10202.851 -1.627817281296862e-18 1.076025078416598e-18
10203.937 1.6433755242078844e-18 2.2385480127991747e-18
10205.023 2.866864946110316e-18 2.5637452585096517e-18
10206.109 4.446046762959336e-18 2.5675099954006495e-18
10207.195 6.245913958060313e-19 2.395771187136949e-18
10208.281 5.153218208712657e-18 1.933840572663086e-18
10209.367 1.7247037372180577e-18 1.9654357753217092e-18
10210.452 -1.6884759550595964e-18 2.3463442790616646e-18
10211.538 -5.289520509018411e-18 3.370273173016642e-18
10212.624 3.284195191124187e-18 4.539058626718349e-18
10213.71 -2.839876289915902e-18 4.452816731086493e-18
10214.796 7.291171649808308e-18 4.276876346080694e-18
10215.882 5.9887295305393625e-19 2.6843234652041957e-18
10216.968 1.0497414070965588e-18 1.1989224773113148e-18
10218.054 1.268575116212518e-18 8.32417543663361e-19
10219.14 4.1333355700823906e-19 8.97765225167617e-19
10220.226 -1.593812394004802e-18 7.991119680394908e-19
10221.312 8.72149734046489e-19 8.568449078055263e-19
10222.398 -2.3428342785635616e-18 9.330708770331513e-19
10223.484 -7.391666961094173e-19 9.327034956317876e-19
10224.57 -4.877354704970085e-19 9.614735555318127e-19
10225.656 2.626407792579919e-19 1.2460960776083636e-18
10226.742 3.635231945900824e-20 2.65737087278882e-18
10227.828 -2.618036926996131e-18 3.1313642916332327e-18
10228.914 -8.869517919899607e-18 3.1395788273129064e-18
10230.0 8.889415311367895e-19 2.949935901948038e-18
10231.086 4.590883433983116e-18 2.6103642616036464e-18
10232.172 6.4004147451103315e-18 2.9380219447853166e-18
10233.258 -3.3017603446012395e-18 2.6477266822051488e-18
10234.344 -3.911438047046955e-19 2.788436424074168e-18
10235.43 -2.212722729697185e-18 2.317353051935135e-18
10236.516 3.5130945130671403e-19 1.0952535295884416e-18
10237.602 2.587959462444421e-18 8.834971817261615e-19
10238.688 1.4384606914957154e-18 8.340661042031138e-19
10239.774 7.356051865787773e-19 8.034912948923296e-19
10240.86 -2.7640790259999886e-20 8.496716208524622e-19
10241.946 1.566657285678245e-18 7.6558730435730785e-19
10243.032 -1.2188965227417574e-18 7.762245735398983e-19
10244.118 -5.891717502256427e-20 7.849121119819226e-19
10245.204 1.3031477682252496e-18 7.830106944477486e-19
10246.29 -8.11037879667623e-20 7.600090022651357e-19
10247.376 -2.7346081080698453e-18 7.574451103530907e-19
10248.462 -4.81445814615325e-19 7.45118923950797e-19
10249.548 1.299801623865071e-18 7.311298284030357e-19
10250.633 3.660801094694938e-18 7.315452569492705e-19
10251.719 -3.0629591517078057e-19 7.261514918419292e-19
10252.805 5.250699811191105e-19 7.557213562098241e-19
10253.891 2.1206133432403875e-18 7.649167317214567e-19
10254.977 -4.763144515884903e-19 7.538089516443298e-19
10256.063 -8.371471455894993e-19 7.674294281706922e-19
10257.149 5.994434664967025e-19 8.325862901395535e-19
10258.235 -1.5561628318333299e-18 8.519885083556945e-19
10259.321 -7.234645188818564e-19 8.526665150399522e-19
10260.407 2.905511481398287e-18 8.441759243431524e-19
10261.493 2.3150883346642714e-18 7.902486472178275e-19
10262.579 2.918398637488188e-18 7.473291285898425e-19
10263.665 3.0251932984149916e-18 7.714150201758803e-19
10264.751 1.2782018965959822e-18 8.021664670262131e-19
10265.837 -9.97804022052278e-19 8.296054504354579e-19
10266.923 -1.0715106840801465e-18 8.797856855266944e-19
10268.009 6.233623419860448e-19 9.082946388601196e-19
10269.095 2.068677520328094e-18 9.112156473151023e-19
10270.181 4.352197174027205e-19 9.58395267217686e-19
10271.267 2.721187547507717e-18 1.138743734050792e-18
10272.353 1.9758126573171365e-18 1.8037828991429286e-18
10273.439 2.81161511484421e-18 1.9739158484887948e-18
10274.525 3.0106881644032035e-18 1.8235734504263582e-18
10275.611 1.3931633588162747e-18 1.680426256476088e-18
10276.697 1.7615305858413665e-18 1.1914210771950819e-18
10277.783 4.814510441961835e-19 8.865202931900862e-19
10278.869 -5.369526233455267e-19 8.541801375843339e-19
10279.955 -2.0324710492835705e-18 9.050347776889269e-19
10281.041 -5.617671449617927e-19 1.1665644985863428e-18
10282.127 1.3858107446214923e-18 1.0130121356899855e-18
10283.213 -1.7519623261995576e-18 9.519715356539954e-19
10284.299 5.525896868645436e-19 9.865374917703845e-19
10285.385 5.223109987656101e-18 1.6491239476632669e-18
10286.471 5.183177329175513e-18 2.9767222282487976e-18
10287.557 -2.0730803436373185e-18 5.937644439593819e-18
10288.643 -4.082598263395931e-18 7.926692064830016e-18
10289.729 4.8484007781519724e-18 8.010085647768287e-18
10290.814 -9.14988706641772e-18 6.5533246655455756e-18
10291.9 2.044504881919505e-18 2.6067280568825e-18
10292.986 2.812584675913999e-18 1.5880020905570156e-18
10294.072 1.3176258387875642e-18 1.4682442486189012e-18
10295.158 1.240170647385527e-18 1.574928310791925e-18
10296.244 3.544459260450597e-18 2.1267102779419768e-18
10297.33 8.530595688263301e-19 3.826475908018267e-18
10298.416 1.0377863324374e-18 4.066714720282749e-18
10299.502 1.5993174029864786e-18 4.015028879455709e-18
10300.588 8.983526537271287e-19 3.2071011905653842e-18
10301.674 1.7178356491269227e-18 1.5269174025220484e-18
10302.76 1.2917020205709213e-18 1.077982071961608e-18
10303.846 -1.8021086651140096e-19 9.27422520751414e-19
10304.932 8.988392235332604e-20 9.790922338398427e-19
10306.018 1.0616040591517452e-18 1.079748545107909e-18
10307.104 3.986675378465491e-19 1.1435962610719185e-18
10308.19 1.1485857003761172e-18 1.1339065758275138e-18
10309.276 2.420260783293173e-18 1.3030573819253533e-18
10310.362 1.6882259700150995e-18 1.941962168469203e-18
10311.448 -1.004023869144697e-18 2.4459290516481128e-18
10312.534 -1.619148647134302e-18 2.393915420503264e-18
10313.62 -2.0403975213221615e-18 2.2128247610696708e-18
10314.706 -1.2786627854346058e-18 1.4454942826971891e-18
10315.792 1.8824752956898182e-19 9.596608592460148e-19
10316.878 -6.115060859308581e-19 8.269051321285121e-19
10317.964 -3.148641308585046e-19 8.170885122321302e-19
10319.05 1.5056278652806556e-18 8.40575372766264e-19
10320.136 4.503358264849593e-19 8.169379440487633e-19
10321.222 -8.533874305008396e-19 7.735885452152859e-19
10322.308 -9.04615155595095e-19 7.655597323943872e-19
10323.394 8.344851690480261e-19 8.057998146186601e-19
10324.48 3.9069219590935e-19 8.642501278246234e-19
10325.566 -1.7154477343063989e-19 8.828076732904194e-19
10326.652 -1.971744154919116e-18 9.696082897944181e-19
10327.738 -1.3784013559923104e-18 1.1527308193820812e-18
10328.824 -9.491290321665042e-19 1.3349430880344079e-18
10329.91 4.970397703512062e-19 1.450361004078068e-18
10330.995 8.047060567385661e-19 1.3971391848130538e-18
10332.081 -1.4693808050499226e-18 1.2044195567087644e-18
10333.167 -1.7541926334461656e-18 1.0239892023308644e-18
10334.253 -1.1204455150350952e-18 8.568695316545814e-19
10335.339 -9.124598504459614e-19 7.777803202960514e-19
10336.425 -1.061390146258531e-19 7.790643334231071e-19
10337.511 5.450298057541878e-19 7.685374941229039e-19
10338.597 2.2122562671102235e-18 7.749822161904804e-19
10339.683 1.239904607174943e-18 8.44548014522843e-19
10340.769 -2.1824333385683058e-18 1.1186866802468443e-18
10341.855 -2.575935025344073e-18 1.4436726337707856e-18
10342.941 -2.4954293523096717e-18 1.472863475466594e-18
10344.027 -9.85341375701554e-19 1.4459187783507352e-18
10345.113 -1.6875225859216978e-18 1.1411820871594332e-18
10346.199 4.044836048582909e-19 9.886932445452909e-19
10347.285 1.3628499545883673e-18 1.307292223976085e-18
10348.371 -4.005057418833564e-19 2.801487526842356e-18
10349.457 1.9336937518823053e-18 3.506561364184267e-18
10350.543 6.22429273979939e-18 3.4048024772605487e-18
10351.629 5.211563002816836e-18 3.0998921504242734e-18
10352.715 1.7729219639898525e-18 1.5302191899223947e-18
10353.801 -5.850066561261767e-19 1.257304619097754e-18
10354.887 -1.9385056945008928e-18 1.4865034270663807e-18
10355.973 -3.834263345805293e-19 1.7255755408115447e-18
10357.059 8.580439924045335e-19 1.7475388885691743e-18
10358.145 -3.052147810833077e-19 1.6315706411415655e-18
10359.231 -6.810232359531455e-19 1.1903993070022796e-18
10360.317 -1.8863716720487333e-18 8.589888931588146e-19
10361.403 -1.63182758811335e-18 7.823622344479188e-19
10362.489 -1.9506813764825616e-18 7.696566754163449e-19
10363.575 -1.4770584438924527e-18 7.626058462339102e-19
10364.661 -1.1880092565412929e-18 7.726876462454217e-19
10365.747 -7.939950844785743e-19 7.725877601317526e-19
10366.833 1.2214905815480605e-18 7.653695895676618e-19
10367.919 3.16016108246815e-18 7.800169639154171e-19
10369.005 1.7435370909345253e-18 7.847677140098967e-19
10370.09 -1.0261347002256108e-18 8.017312596902005e-19
10371.176 4.589988351516078e-19 8.38706777476986e-19
10372.262 -1.6702758268508475e-18 1.0994733027661571e-18
10373.348 -8.410973038747745e-18 2.301557114132277e-18
10374.434 -2.2240482258786377e-21 5.492544080867153e-18
10375.52 4.42707465488815e-18 5.8777162778408405e-18
10376.606 2.920529460654336e-18 5.798134181665795e-18
10377.692 5.77980287108405e-19 4.1742099273688094e-18
10378.778 -1.5802205902911627e-19 1.3495599076881727e-18
10379.864 -2.9768668220080873e-19 9.231374570769552e-19
10380.95 -1.3514379183992464e-19 8.1807506899718e-19
10382.036 3.2310279909442834e-18 7.929027170272978e-19
10383.122 -9.213317798295714e-19 7.712599313041749e-19
10384.208 -3.857154000094219e-18 7.799495260678003e-19
10385.294 -2.6970364335487394e-19 7.850834284810089e-19
10386.38 2.7608154108453056e-19 7.660938442527487e-19
10387.466 1.059357168393885e-18 7.61248248736749e-19
10388.552 9.25533118116922e-19 7.781469558416496e-19
10389.638 2.2163024369885683e-18 7.875807491847664e-19
10390.724 3.5870016520802936e-19 8.018526580728967e-19
10391.81 4.917271255141856e-19 8.333759408989203e-19
10392.896 5.16823101858202e-19 8.054123363929542e-19
10393.982 3.4534405218407674e-19 8.213006189831085e-19
10395.068 -1.0419442418427464e-18 8.430922049497071e-19
10396.154 1.9918482059620722e-18 1.0848442779955487e-18
10397.24 1.8923722816673663e-18 2.175139918711421e-18
10398.326 5.630031400875101e-19 3.62175390243199e-18
10399.412 7.148387870832264e-18 3.662199524302401e-18
10400.498 5.069161368304172e-18 3.592271270123197e-18
10401.584 1.078812477744145e-19 2.2621071120701386e-18
10402.67 1.626571499504433e-18 1.008086993146753e-18
10403.756 1.267484947629976e-18 8.389040649021624e-19
10404.842 -1.9078104780236378e-19 8.462501358323133e-19
10405.928 2.2276758804664037e-18 8.5958293825128e-19
10407.014 7.623547126068726e-19 8.199535708333503e-19
10408.1 -1.0425538445731853e-18 8.203641518826036e-19
10409.186 2.703517941905377e-18 9.02070849811875e-19
10410.271 9.898190410735267e-19 9.74770468468427e-19
10411.357 5.10910530351559e-18 9.392229098147336e-19
10412.443 2.4001662806303393e-19 9.340946523884452e-19
10413.529 9.630947214991255e-19 9.178382423498993e-19
10414.615 -1.0824024518578358e-19 8.372727134759254e-19
10415.701 -1.5263056031674194e-18 8.501305111067086e-19
10416.787 -7.706719486685892e-19 1.0416423097966018e-18
10417.873 -7.578501470570744e-19 1.467891076712317e-18
10418.959 8.246074592527972e-19 3.0746706307168486e-18
10420.045 -9.546373359740578e-19 5.706687335554572e-18
10421.131 -1.331754093972368e-17 5.9091623851506336e-18
10422.217 -6.956510060552028e-19 5.856609373389133e-18
10423.303 2.940474995680138e-18 4.18663881593676e-18
10424.389 3.1141879551504473e-18 1.5494172611697586e-18
10425.475 8.691915965024555e-19 1.2210628795905253e-18
10426.561 -1.8413370137406936e-18 1.1751816953904453e-18
10427.647 -1.8284552435742198e-20 1.0352890061932431e-18
10428.733 -9.93718196526515e-20 1.171164283105933e-18
10429.819 9.973268289970311e-19 1.4356233205258926e-18
10430.905 4.122701426748327e-19 1.3504107417664264e-18
10431.991 -2.0147491585113658e-18 1.305834657771927e-18
10433.077 4.3249538369176903e-19 1.1765798761889468e-18
10434.163 1.2244199934484739e-18 9.468836003191215e-19
10435.249 2.0638670288959266e-18 7.985765655623707e-19
10436.335 -2.893382246181979e-19 7.476992970942489e-19
10437.421 1.6712517840028554e-19 8.370630718624481e-19
10438.507 1.5506532131456138e-18 7.495504135353565e-19
10439.593 -7.171512061188742e-20 8.188998356517964e-19
10440.679 9.175723967769167e-20 7.677579401678775e-19
10441.765 -3.807945204190993e-19 7.537082003473406e-19
10442.851 -1.5003102598037265e-18 7.235411903198203e-19
10443.937 -1.9131959932265464e-18 7.176399602323719e-19
10445.023 1.6327011411743062e-20 7.190482945746766e-19
10446.109 -1.3077702224025168e-18 7.398379340190394e-19
10447.195 1.04780026763438e-19 7.702729179437237e-19
10448.281 1.890558854427697e-18 8.135042904959216e-19
10449.367 1.8901730578171998e-20 8.481922296881258e-19
10450.452 -6.789457393201691e-19 1.258937612049397e-18
10451.538 -2.8075634099095783e-18 2.6082487352021764e-18
10452.624 -3.344933371308451e-18 3.2541669856700635e-18
10453.71 -2.8389043648858074e-18 3.314001610979751e-18
10454.796 1.7602281710605067e-18 3.750436046002852e-18
10455.882 1.269198911642923e-18 1.7100165109453095e-18
10456.968 9.346523817452637e-19 9.166933687532407e-19
10458.054 -1.8762302199247904e-18 8.407645397343646e-19
10459.14 -2.646599254443838e-19 8.048321017786481e-19
10460.226 -6.02216299194098e-19 7.493290574263479e-19
10461.312 7.065195819476781e-19 7.499616903655853e-19
10462.398 -1.5390050444406718e-18 7.208045329611572e-19
10463.484 -1.3513179293984327e-18 7.21710623435737e-19
10464.57 -7.569027940848819e-19 7.1669454760624695e-19
10465.656 8.481076597498054e-19 7.141539024544579e-19
10466.742 9.394583917854956e-19 8.4212605291817e-19
10467.828 2.0295062303775017e-18 8.105412354412641e-19
10468.914 8.417590534797331e-19 1.5941185700148232e-18
10470.0 1.822354584937068e-19 3.993140317051926e-18
10471.086 7.818832346537114e-18 4.926940364421116e-18
10472.172 3.6857747580902105e-18 4.962730183817727e-18
10473.258 7.172539564458827e-18 4.7210725166335495e-18
10474.344 4.9912901578331745e-18 2.511942339735948e-18
10475.43 2.4293983332152537e-18 9.55051167837595e-19
10476.516 2.1334925625984476e-19 7.621485134907501e-19
10477.602 3.951771230183091e-19 7.2615634930237795e-19
10478.688 1.7108008843890228e-18 7.144820477264383e-19
10479.774 -2.9470914482938495e-19 7.062451652210832e-19
10480.86 3.4105907352185206e-19 7.046140382116505e-19
10481.946 1.2893184288682533e-18 8.3397183144393125e-19
10483.032 7.361220012924968e-18 7.245987482138555e-19
10484.118 1.0135673604819593e-17 7.301309392867127e-19
10485.204 1.5779637737103055e-17 7.400929565656404e-19
10486.29 1.160136750814386e-17 7.45252937720174e-19
10487.376 1.1368728021273316e-17 8.901520514625957e-19
10488.462 1.2785890235582619e-17 1.0770701101427957e-18
10489.548 1.1115714370889354e-17 1.1027231355510437e-18
10490.633 6.944765348266071e-18 1.1202579550955582e-18
10491.719 6.871622440076059e-18 1.0329227759124912e-18
10492.805 4.4371380912084784e-18 8.013149547044671e-19
10493.891 9.690126713171214e-19 7.29529799749728e-19
10494.977 1.9346152027233248e-18 7.1844631316699055e-19
10496.063 2.672367787319796e-18 8.027596531443152e-19
10497.149 8.57330976810542e-19 7.389597186119219e-19
10498.235 -4.860585088786426e-19 7.476117800863835e-19
10499.321 -2.0977291905443798e-18 8.443731383817568e-19
10500.407 1.1501608420218544e-18 9.347678972088557e-19
10501.493 2.20135653936774e-18 9.298406964980336e-19
10502.579 3.9573019449468375e-18 9.13750657959156e-19
10503.665 1.5513028388719044e-18 8.232960481290193e-19
10504.751 -9.301545580351351e-19 8.580541316668323e-19
10505.837 -1.0895340837107332e-18 7.060211269815759e-19
10506.923 7.6828912047762375e-19 8.249259680191052e-19
10508.009 -1.7943203345609865e-19 8.22290844690055e-19
10509.095 1.2879121630876583e-18 1.0635765143914171e-18
10510.181 1.470800028883974e-19 2.3062667591752102e-18
10511.267 -3.258606033404665e-19 2.8764155554989047e-18
10512.353 1.1446341003370176e-18 2.6739336484301496e-18
10513.439 -1.0053901841746311e-17 2.584801060603882e-18
10514.525 -5.891609002724295e-19 1.6428878459390041e-18
10515.611 1.1073800933483955e-18 1.1676195611324274e-18
10516.697 9.743849759999211e-19 1.1273747919394138e-18
10517.783 2.3668400811934117e-18 1.1091670745181503e-18
10518.869 6.42192843863428e-19 1.0914893361739816e-18
10519.955 2.1128003229806584e-18 9.511978849055895e-19
10521.041 3.3913052440922136e-19 8.07076846318525e-19
10522.127 4.3137333147750633e-19 7.538352194370361e-19
10523.213 7.34869284521349e-20 7.5012930747282605e-19
10524.299 1.7322720348179668e-19 9.335284579240841e-19
10525.385 -1.6692475334279335e-18 2.5984052841744626e-18
10526.471 1.9073930447481925e-18 3.561825603767111e-18
10527.557 6.5855799676609634e-18 3.617095627788316e-18
10528.643 9.056828583215172e-19 3.5458836630173936e-18
10529.729 3.699399843209452e-18 2.49993317555324e-18
10530.814 -4.0670822764833593e-20 1.1216941118146421e-18
10531.9 2.793881194107403e-19 7.284777964121639e-19
10532.986 1.086761721421765e-18 6.912934313924701e-19
10534.072 2.414572295295366e-18 6.984533100676518e-19
10535.158 3.3606057757447633e-18 7.638945333365472e-19
10536.244 6.032322809411447e-19 7.371324101549881e-19
10537.33 7.297904474207651e-19 7.299122523160197e-19
10538.416 -3.088954622719336e-19 7.383130157731592e-19
10539.502 6.088703620873122e-19 7.13790831408054e-19
10540.588 8.733808711998445e-20 6.980336682781416e-19
10541.674 -2.2311071063142197e-19 6.869434815762542e-19
10542.76 5.661057309415663e-20 6.805588351525451e-19
10543.846 1.3784524728721373e-18 6.690754833116711e-19
10544.932 1.303773021397286e-18 6.600346000479951e-19
10546.018 -3.091990823298383e-19 6.636036579929259e-19
10547.104 -1.9885317461806057e-18 6.64040230157943e-19
10548.19 -5.388870766668719e-19 6.675088789739999e-19
10549.276 7.280847487434318e-20 6.666897471480148e-19
10550.362 -4.1243037373873623e-19 6.759731741900571e-19
10551.448 -6.066805266449018e-19 6.822717157257796e-19
10552.534 -1.2666471831284027e-18 7.57865915096773e-19
10553.62 8.389273754373525e-19 8.93783790008246e-19
10554.706 1.3066793486898741e-18 1.0409330309733741e-18
10555.792 -4.4069224825842115e-19 9.119560884736355e-19
10556.878 -3.894353064137751e-20 8.492914922739254e-19
10557.964 5.472004895422804e-18 7.294288169302442e-19
10559.05 4.082132723042375e-19 6.739374054509045e-19
10560.136 6.951585962124361e-20 6.601381982538488e-19
10561.222 2.1210904411525194e-18 6.634698329553094e-19
10562.308 6.876595827976728e-19 6.481367456213559e-19
10563.394 -7.272281732940476e-19 6.650414504143278e-19
10564.48 8.402489154398067e-20 6.415451231118686e-19
10565.566 -2.4633079255530125e-19 6.50055424935358e-19
10566.652 -1.203624678258685e-18 6.394267144478164e-19
10567.738 9.584125628846848e-19 6.6108655509870525e-19
10568.824 -8.843975377651945e-19 6.676526079073696e-19
10569.91 5.00817960291033e-19 6.989513331554437e-19
10570.995 2.0688156895422857e-20 7.729892272537051e-19
10572.081 -3.893578108223908e-18 7.653654134249809e-19
10573.167 -4.6760126436928694e-18 1.3171200387004563e-18
10574.253 -2.4984618990128857e-18 1.9713698033104368e-18
10575.339 -2.618591320917081e-19 1.7639810901550934e-18
10576.425 1.4105546443533573e-18 1.7288865336068229e-18
10577.511 2.6834227108104083e-18 1.2607460299808375e-18
10578.597 -8.622514478717566e-19 7.917601385319964e-19
10579.683 4.041398471034371e-19 6.9920404426488655e-19
10580.769 1.4168845550433885e-18 6.764973717763134e-19
10581.855 6.187095490992788e-19 6.710564504709423e-19
10582.941 1.4358251787378718e-18 6.725332361911657e-19
10584.027 9.227379833582842e-19 6.625131448241228e-19
10585.113 -5.459074383723528e-19 7.328630177693308e-19
10586.199 -9.308697225672339e-19 1.4164258828374682e-18
10587.285 9.822738896925276e-19 2.3254018287360712e-18
10588.371 1.4356069850586418e-18 2.8001521737678842e-18
10589.457 -1.3418455954828296e-18 2.2994591556071873e-18
10590.543 -2.7263407441753327e-18 1.8798378835636394e-18
10591.629 1.830486923078139e-18 1.1424055641144382e-18
10592.715 3.155024845207196e-18 7.954076095026917e-19
10593.801 6.412611645637513e-19 7.319188042617289e-19
10594.887 2.786679945393632e-19 7.015515078487171e-19
10595.973 2.022981767953341e-18 8.407391548602288e-19
10597.059 3.441988797985196e-19 8.655256653935277e-19
10598.145 -8.609280514227351e-19 8.437521472614726e-19
10599.231 -1.835255271535159e-18 8.54122962855833e-19
10600.317 -3.637780485850922e-19 9.071174488059503e-19
10601.403 2.2996716375386456e-19 8.642775657694271e-19
10602.489 2.6456415217180153e-18 8.741737753077532e-19
10603.575 6.922961762397863e-19 8.117121032982231e-19
10604.661 1.6911739827396747e-18 7.631178731183764e-19
10605.747 -1.8344018489046808e-19 7.385835111428216e-19
10606.833 1.4886895628898496e-18 7.01860995820695e-19
10607.919 1.6361584889654468e-20 7.083533424033935e-19
10609.005 -2.2405996162606002e-20 7.43831735163672e-19
10610.09 4.2378547663386744e-19 8.170326738435857e-19
10611.176 1.919332677596588e-18 7.090218781103224e-19
10612.262 2.507695728329975e-18 7.377690823049233e-19
10613.348 2.3901666646778143e-18 7.051724360944754e-19
10614.434 1.7667661558620015e-18 6.9387363698666595e-19
10615.52 3.941806047840492e-20 6.773069869921209e-19
10616.606 -1.7591528285576985e-18 6.659935549432837e-19
10617.692 1.2221067067802256e-18 6.708799561043433e-19
10618.778 1.3364509409729673e-19 6.650376752267981e-19
10619.864 8.236320170929766e-19 6.79286750298724e-19
10620.95 5.46139387936571e-19 6.693162091772747e-19
10622.036 2.4831204750758113e-18 6.671622067491697e-19
10623.122 1.2582345920319359e-18 6.862149659576181e-19
10624.208 1.0437106621055103e-18 6.965339443557174e-19
10625.294 2.002283413021897e-18 6.861127740619066e-19
10626.38 2.3545955634611536e-18 7.052282981111844e-19
10627.466 2.993279686035436e-18 7.385700582882749e-19
10628.552 -2.976193715730398e-19 7.061953373781576e-19
10629.638 8.833734203168469e-19 6.963916968488705e-19
10630.724 9.714573828048771e-19 6.756738702597977e-19
10631.81 2.1922372379819396e-19 6.414130406251053e-19
10632.896 2.9503356001003894e-19 6.28396045428082e-19
10633.982 -5.686403848197014e-19 6.121309474343806e-19
10635.068 2.0637722012732096e-18 6.19746095950254e-19
10636.154 1.6856542134843072e-18 6.488762061105426e-19
10637.24 2.1561911152536328e-18 6.263383133730794e-19
10638.326 2.655542523023874e-18 6.333939897699441e-19
10639.412 7.0225047274338e-19 6.368759911896988e-19
10640.498 1.8001321810204863e-19 7.227429896947027e-19
10641.584 1.567202954941501e-18 9.967266033093424e-19
10642.67 2.5825470364631556e-18 1.2055455096324475e-18
10643.756 3.4504543578870227e-18 1.228944329092135e-18
10644.842 2.5849589226851834e-18 1.1593961194868654e-18
10645.928 -4.021152131115132e-19 8.892067154980729e-19
10647.014 -1.747663254320568e-18 6.674784676811281e-19
10648.1 -1.2259089029126688e-18 6.332922735045538e-19
10649.186 6.871447583603212e-19 6.375574213102104e-19
10650.271 1.6033536260298762e-18 6.3618416822716045e-19
10651.357 2.995322221591597e-19 6.940839804556347e-19
10652.443 -1.1709695792057485e-18 9.447587954944056e-19
10653.529 -1.7828993503199555e-18 1.3213277109478902e-18
10654.615 6.832172881753423e-20 1.4917897242750229e-18
10655.701 1.3704135853754394e-18 1.4762022918362919e-18
10656.787 2.3158024517328706e-18 1.2800507793320554e-18
10657.873 2.3665885097010794e-18 8.730088548074013e-19
10658.959 2.7477512811431535e-18 6.484064580450991e-19
10660.045 2.0100524893506746e-18 6.125469331792817e-19
10661.131 1.683363052567184e-18 6.178639451564666e-19
10662.217 2.345661035785072e-18 6.394612361173323e-19
10663.303 2.201876646608666e-18 6.379176438008502e-19
10664.389 2.231367165980842e-18 6.282165092969781e-19
10665.475 8.359591965943936e-19 6.462115981229312e-19
10666.561 -7.716587146280906e-19 6.9236173913935225e-19
10667.647 -4.7274245195804255e-19 7.425693190958212e-19
10668.733 1.7710173988736325e-18 7.580414601999953e-19
10669.819 1.3468417112221589e-18 7.699123349222333e-19
10670.905 3.567428701696747e-19 7.2084065049941e-19
10671.991 7.540838488795859e-19 6.513905180530728e-19
10673.077 1.3008950056207346e-18 6.440461314016256e-19
10674.163 1.7236374719245036e-18 6.373177227995238e-19
10675.249 1.6685314060015525e-18 6.206701176758877e-19
10676.335 9.047289053464052e-19 6.365598474676285e-19
10677.421 -8.909858876355002e-20 6.316382618862496e-19
10678.507 1.3970929129160548e-18 6.232720538224641e-19
10679.593 1.5344488821761913e-18 6.332565716810526e-19
10680.679 4.349091017151288e-19 6.479387363622331e-19
10681.765 1.1181684652969078e-18 6.834422695153606e-19
10682.851 7.232149669974177e-19 7.988862575719779e-19
10683.937 -1.513769917363658e-19 9.534226770290173e-19
10685.023 4.884646071716603e-19 1.2332761614309e-18
10686.109 -1.3419804409651801e-19 1.409482203105225e-18
10687.195 -2.4292666316326517e-18 1.5110361025328649e-18
10688.281 -6.190098317139443e-19 1.636892967370998e-18
10689.367 1.4603656911014954e-18 1.800792815478146e-18
10690.452 1.8785959562623969e-19 1.8199909138300807e-18
10691.538 1.8299163048495075e-18 1.8138922052024015e-18
10692.624 2.060426990627973e-18 1.7374340636988904e-18
10693.71 2.3635600863834883e-18 1.5597929953830174e-18
10694.796 -7.93891769549668e-19 1.3705684247107801e-18
10695.882 2.7109756862596636e-19 1.2756055897287618e-18
10696.968 1.098039080358739e-18 1.418848875542258e-18
10698.054 1.525983262535399e-18 2.032758808867941e-18
10699.14 1.107107083543629e-19 2.3320543914295366e-18
10700.226 3.4179642953836474e-18 2.3574226721154978e-18
10701.312 1.6418130058583948e-18 2.2607432861404963e-18
10702.398 4.915282578151653e-19 1.5643675896243361e-18
10703.484 7.633014489808087e-19 1.333979049294347e-18
10704.57 -9.398479885136662e-19 1.6927752144972438e-18
10705.656 -1.6131955103946296e-18 1.8506948435918853e-18
10706.742 1.1153401629805149e-18 1.7919110387049146e-18
10707.828 2.2882151966814462e-18 1.6476799136232427e-18
10708.914 1.4585331574465366e-19 1.0910979267629901e-18
10710.0 -7.789971926517677e-19 9.425280384429505e-19
10711.086 -1.2166217619532905e-18 1.4875977453942493e-18
10712.172 -4.7582042509638144e-18 3.2214273725388033e-18
10713.258 -7.42482507029945e-18 3.4890213720852066e-18
10714.344 -5.81324110588915e-18 3.482455312382554e-18
10715.43 1.5615272038789555e-18 2.967752551974484e-18
10716.516 1.117828192641853e-19 2.0681493633406764e-18
10717.602 2.3713091111609213e-18 1.523581702397979e-18
10718.688 1.3502177770034348e-18 1.4663522896210836e-18
10719.774 6.022956228013041e-19 1.3828407630303415e-18
10720.86 -8.031641647953798e-19 1.549018149122822e-18
10721.946 1.3864153393284654e-18 2.3198595869533215e-18
10723.032 5.650500430335272e-19 2.449624017803273e-18
10724.118 -1.6118760827036849e-18 2.4845688099594336e-18
10725.204 -3.5012344106464e-20 2.0771209611184077e-18
10726.29 -2.1340959478348433e-18 1.4338991968532459e-18
10727.376 -7.536594542832765e-19 1.1955277272066937e-18
10728.462 -2.3039194059202445e-18 1.4849469381205194e-18
10729.548 -6.238936603665407e-18 3.0833395307970985e-18
10730.633 -3.951377905578145e-18 4.883799451075745e-18
10731.719 1.0304611495537942e-18 4.867044597811482e-18
10732.805 3.3425435162552818e-18 4.403206105922807e-18
10733.891 5.253290380378883e-18 2.371017234635594e-18
10734.977 2.699386209484624e-18 1.1159786231318764e-18
10736.063 1.6611907421887384e-19 8.399827155076792e-19
10737.149 1.2579897938262322e-18 8.763825210519986e-19
10738.235 4.672542050064211e-19 1.0031731138839285e-18
10739.321 3.865127234895203e-19 1.0223880124002792e-18
10740.407 1.14926272202308e-18 1.014984012204671e-18
10741.493 6.136310996312744e-19 9.084016740808215e-19
10742.579 -5.434952688364836e-19 9.181222118473296e-19
10743.665 -1.9875677029832314e-18 1.4855170116333284e-18
10744.751 -2.8184538007931065e-18 2.943845382446486e-18
10745.837 -2.675602759462783e-18 3.123794339098616e-18
10746.923 3.2125047157758786e-18 3.1995167873564378e-18
10748.009 6.299891358783261e-18 2.3722374470445815e-18
10749.095 9.34000464010291e-19 1.5017267529155198e-18
10750.181 -9.229027785176246e-19 1.2908106206891378e-18
10751.267 2.1096499261283687e-18 1.980842817034441e-18
10752.353 3.9777215769194036e-18 4.680515724130043e-18
10753.439 5.499927054561336e-19 5.160107268126545e-18
10754.525 -3.6385150348368187e-19 5.134975329814e-18
10755.611 -3.320633937892524e-18 4.038818597105555e-18
10756.697 -4.640541803326974e-18 1.48429488737104e-18
10757.783 2.074557850716141e-18 9.102124757768234e-19
10758.869 6.325656860035667e-19 7.697094565630797e-19
10759.955 -1.5747855611737054e-20 7.954384419677087e-19
10761.041 3.679315839388262e-19 8.109441875486034e-19
10762.127 -5.245226093948491e-19 7.373401879537418e-19
10763.213 -8.793355140087572e-19 8.354554541088016e-19
10764.299 1.4065463475717736e-18 1.0452787546384119e-18
10765.385 2.73511102753353e-18 1.135996251860981e-18
10766.471 -4.246551771550245e-19 1.2757398670360546e-18
10767.557 -2.0047510401593968e-18 1.014465295973902e-18
10768.643 4.826476328373212e-19 7.6029080348676e-19
10769.729 1.5623584000193744e-19 6.959631991714988e-19
10770.814 -3.4486354699704882e-19 7.44384068040493e-19
10771.9 -5.339925748558746e-19 1.006669854682064e-18
10772.986 -1.0106849881234521e-18 2.171932699875699e-18
10774.072 2.7763350744444422e-18 3.106861173410206e-18
10775.158 5.0489255690052256e-18 3.148326680842005e-18
10776.244 3.992919466155193e-19 2.9296809414800292e-18
10777.33 -2.399361379821722e-18 1.5362028183579386e-18
10778.416 -2.7478649516215877e-18 9.077030254806381e-19
10779.502 -1.8558624683520288e-18 7.519267270431552e-19
10780.588 1.4036027281554578e-18 6.952895106880608e-19
10781.674 3.278858137934711e-19 7.066802501454923e-19
10782.76 -1.202940534250504e-18 7.572030530181294e-19
10783.846 -2.416001583499829e-19 7.6315632480765e-19
10784.932 2.4165251275614857e-18 7.070793091296926e-19
10786.018 3.1092822884921866e-18 6.961705163538662e-19
10787.104 1.786747098912877e-18 6.876884558401428e-19
10788.19 9.135965250171837e-19 6.649530767418878e-19
10789.276 3.1293444482874057e-19 6.621907061588007e-19
10790.362 3.9589365828557054e-20 6.555321698885561e-19
10791.448 -7.899196106078637e-19 6.542171330742745e-19
10792.534 -1.8260569087452196e-18 6.967383379795873e-19
10793.62 -1.1487784355280797e-19 8.284140940709788e-19
10794.706 8.305854295180809e-19 9.571293314941909e-19
10795.792 6.743216967166237e-19 1.0245239617764939e-18
10796.878 2.6627430411990472e-18 1.0135111092384676e-18
10797.964 2.3486700512745068e-18 1.0473938759946912e-18
10799.05 5.880228031938777e-19 8.70637880911244e-19
10800.136 8.85162693501699e-19 6.866270272085505e-19
10801.222 1.8643846366243268e-18 7.792462445771674e-19
10802.308 9.823352373857716e-19 9.150517524379472e-19
10803.394 7.517466880013665e-19 9.109901647048088e-19
10804.48 -1.770612249107119e-19 9.46596340483084e-19
10805.566 -4.606247337751036e-19 9.965372606829966e-19
10806.652 -1.51557747855315e-18 8.362711246103228e-19
10807.738 -6.83364309218707e-19 6.991355216907212e-19
10808.824 1.1016678071008749e-18 6.86837986850551e-19
10809.91 1.5041653583451888e-18 6.939185485039048e-19
10810.995 2.421390932005409e-18 7.228797613638416e-19
10812.081 4.525676997465336e-19 7.604163664370432e-19
10813.167 3.1084248704896605e-19 7.567227222030313e-19
10814.253 8.432648324101703e-19 7.380691385511796e-19
10815.339 5.969142400282815e-19 7.317746566119305e-19
10816.425 2.8990201904240437e-18 7.139687136853793e-19
10817.511 3.1742315886825493e-18 6.985239748864009e-19
10818.597 1.1394982687346785e-18 6.919407340782871e-19
10819.683 4.037392785815512e-19 6.765746222980834e-19
10820.769 1.6313819008311976e-18 6.556731594632717e-19
10821.855 5.869010803051065e-19 6.401699654548237e-19
10822.941 -2.145272785756675e-19 6.300861361992644e-19
10824.027 1.384567178751821e-18 6.291923616729378e-19
10825.113 2.9478621801117042e-18 6.469218319325539e-19
10826.199 2.8408127054667445e-18 6.671659666179285e-19
10827.285 -9.514439917580056e-19 7.18188411507814e-19
10828.371 -1.6708563928977544e-18 7.929150957596926e-19
10829.457 -2.3879642544857617e-18 1.145042010070964e-18
10830.543 -2.9799219080863372e-18 2.488005569046209e-18
10831.629 -6.735506298566141e-19 4.0560925527024575e-18
10832.715 1.5093811259744537e-17 7.320799293743394e-18
10833.801 1.1565220766611709e-17 8.023403828370565e-18
10834.887 -8.710724868138366e-19 7.791126777571933e-18
10835.973 1.0728731971844861e-18 6.05195720022511e-18
10837.059 -3.2852502963101335e-18 2.0685937695039387e-18
10838.145 4.918160367223714e-19 1.4593171634570725e-18
10839.231 1.9402773592458997e-18 1.4657294194188919e-18
10840.317 5.148042315600061e-19 1.5461989882360415e-18
10841.403 8.719959674444588e-19 1.869384609841997e-18
10842.489 1.170507763078697e-19 3.0932345682047185e-18
10843.575 2.1093299877512743e-18 4.452639968486041e-18
10844.661 5.173908424260582e-18 4.523299494998229e-18
10845.747 2.656589690482389e-18 4.381262563709477e-18
10846.833 -3.722006039975174e-18 2.6119543201996774e-18
10847.919 -3.704772861087169e-18 1.1296345506377034e-18
10849.005 -9.912314413966543e-19 7.921384276189542e-19
10850.09 1.0739858275304048e-18 7.097472540640305e-19
10851.176 -5.78828988933304e-19 7.5396910222045725e-19
10852.262 -1.580603826184561e-18 8.678100404248343e-19
10853.348 8.28053506811411e-20 9.755422121430693e-19
10854.434 -1.5749064959904468e-19 1.0279194994152365e-18
10855.52 1.2052419292978418e-19 1.115339133573983e-18
10856.606 7.951877610269249e-19 1.4750895897695839e-18
10857.692 2.152880273187549e-18 2.142658055996914e-18
10858.778 1.994352252617285e-19 2.601768491626149e-18
10859.864 -2.000701669241295e-18 2.6814475602859862e-18
10860.95 -6.955490234297643e-19 2.5003004819018205e-18
10862.036 -1.2948947298150695e-18 1.5315242644867303e-18
10863.122 -1.6833996619852473e-18 9.181585314118784e-19
10864.208 -2.092640423785893e-18 7.019076423007906e-19
10865.294 -1.1059672071146426e-18 6.193338043704562e-19
10866.38 4.859872053045869e-19 5.829515506338455e-19
10867.466 1.4388047780444838e-18 5.810396760774248e-19
10868.552 1.158123532809385e-18 5.839096994800034e-19
10869.638 8.424517796398278e-19 5.934831249232722e-19
10870.724 2.281110398929728e-19 6.259198960064043e-19
10871.81 3.328179123908371e-19 7.029247323408235e-19
10872.896 2.524235204520057e-18 7.859554775387351e-19
10873.982 2.0446328942655216e-18 8.447101228594845e-19
10875.068 -1.4467093459533763e-18 9.155252556500464e-19
10876.154 -1.9420205732988905e-18 1.1630338395438486e-18
10877.24 1.40273267036534e-19 1.5049667617982485e-18
10878.326 2.2049691928480965e-18 1.597565916549079e-18
10879.412 2.1118460571450444e-18 1.6172745380572137e-18
10880.498 5.24691118908215e-19 1.445677731956703e-18
10881.584 -9.971060343681987e-19 1.120454062734422e-18
10882.67 7.56928772448332e-19 7.47545082807066e-19
10883.756 6.555908714923194e-19 6.506339288387565e-19
10884.842 -2.511160775485397e-19 7.153876649440451e-19
10885.928 5.151361891041533e-20 7.992827169673491e-19
10887.014 -3.863632885603478e-20 8.489888268222439e-19
10888.1 1.4082615564789758e-18 8.491302881033957e-19
10889.186 1.3634699952423613e-18 7.764625890010293e-19
10890.271 1.1668108570361187e-18 6.697353922519073e-19
10891.357 1.0694643676845167e-18 6.201444835357957e-19
10892.443 -4.2805035671393142e-19 6.046204277801448e-19
10893.529 -4.076880249571311e-19 6.187156149887045e-19
10894.615 2.7624440229817607e-19 6.93760356839236e-19
10895.701 -2.4667651229971424e-18 1.0661323313537334e-18
10896.787 -6.076184491875173e-18 2.850964124173666e-18
10897.873 -2.6990647732896784e-18 4.020873506063208e-18
10898.959 6.2944199019107136e-18 4.3229320735198905e-18
10900.045 3.710117497903222e-18 3.656604841742422e-18
10901.131 -6.421766684086855e-19 1.6987302279072976e-18
10902.217 -1.3616543519192694e-18 1.0827974855659705e-18
10903.303 3.2015035279932145e-19 9.522090093497236e-19
10904.389 3.8705688334260934e-19 8.994465400461289e-19
10905.475 1.4219284735396175e-19 8.1645986340156145e-19
10906.561 1.3374581947623035e-19 7.38352717737346e-19
10907.647 4.2678293639940053e-19 6.428010294549141e-19
10908.733 -3.0342205979098844e-20 6.018287059288672e-19
10909.819 -1.5763806825919309e-18 6.013460156776206e-19
10910.905 4.698357525510442e-19 6.06909307006513e-19
10911.991 -9.735266428585937e-19 6.03437712396734e-19
10913.077 1.0871930536121984e-18 6.024780240160009e-19
10914.163 1.6675371595854905e-18 6.190659014483411e-19
10915.249 -4.066411154615789e-19 6.253238445383324e-19
10916.335 -8.635687960214497e-19 5.989432497181514e-19
10917.421 2.057424866899037e-19 6.514658659341258e-19
10918.507 4.92937952823635e-19 6.896363458528341e-19
10919.593 1.9220236715866927e-19 6.656350655898545e-19
10920.679 8.700056543039236e-19 7.005656864457453e-19
10921.765 2.93718864610096e-19 7.781877988539945e-19
10922.851 3.3055295100994583e-19 1.1036808711314185e-18
10923.937 -2.4089449770642115e-18 2.8691792080034322e-18
10925.023 2.4934511542416255e-18 6.386702850455883e-18
10926.109 8.784355222241814e-18 6.935856567300053e-18
10927.195 1.4909811210646452e-17 6.7640539996135215e-18
10928.281 1.1721040505932333e-17 4.870798246913607e-18
10929.367 -2.4731186326724125e-18 1.736468573050797e-18
10930.452 -4.2393087875208204e-19 1.003690029254704e-18
10931.538 -1.980422915595822e-18 7.871436728899065e-19
10932.624 -1.3996389498824355e-19 7.333256742664343e-19
10933.71 -9.209552059355726e-20 7.071129925853421e-19
10934.796 -2.910649721713336e-19 6.730686486577218e-19
10935.882 5.211119746309184e-19 6.770350143731384e-19
10936.968 7.455531728098046e-19 6.805559457184355e-19
10938.054 -1.629785431802508e-19 6.707663691136066e-19
10939.14 -2.077638894258634e-19 6.534209870990872e-19
10940.226 6.729626939745123e-19 6.762008974537014e-19
10941.312 1.5679050789437122e-18 6.680913843597335e-19
10942.398 1.8280344443781987e-18 6.536496825402725e-19
10943.484 4.348979186740716e-19 6.269230021375838e-19
10944.57 1.3149041614086316e-18 6.253362903028839e-19
10945.656 2.6703002916621805e-18 6.321954875129955e-19
10946.742 1.5267742007567141e-18 6.727939873671603e-19
10947.828 6.782531646517076e-19 9.014730185086533e-19
10948.914 3.505670070246399e-18 2.0738855343966654e-18
10950.0 -1.909839355937873e-18 4.1552929678485826e-18
10951.086 -5.281356381477804e-18 4.367144939504844e-18
10952.172 -3.3875951007370786e-18 4.286732271922754e-18
10953.258 3.0513424427071985e-18 3.028480996452963e-18
10954.344 4.782507453887096e-18 1.288506131679925e-18
10955.43 -5.0159323034356255e-19 8.60211162829416e-19
10956.516 1.5649285387566003e-18 7.341868299581912e-19
10957.602 1.4922096651500905e-18 6.575961546739748e-19
10958.688 1.1944481825964088e-19 6.289003836187829e-19
10959.774 -6.96387228721985e-19 6.263857121819365e-19
10960.86 -1.278169790414771e-19 6.166580710727864e-19
10961.946 -7.590825342960687e-19 6.101720413532787e-19
10963.032 -5.2201986309343225e-20 6.311231692229806e-19
10964.118 1.3336703559662735e-18 6.816754542898243e-19
10965.204 2.272666788291204e-18 7.790126275255895e-19
10966.29 1.816211487560702e-18 8.875261882688781e-19
10967.376 2.666656822494192e-18 8.966761809626024e-19
10968.462 1.556322140332116e-18 9.98102967827274e-19
10969.548 5.017237285831734e-19 1.0832378239073141e-18
10970.633 -1.5362353347871642e-18 1.114377416155034e-18
10971.719 -2.6631725869679552e-18 1.365870009742672e-18
10972.805 -5.241886488462296e-18 3.0998115431313024e-18
10973.891 3.783457590116582e-18 6.7200645497433945e-18
10974.977 4.070074867985597e-18 7.296477116741062e-18
10976.063 5.230398220646933e-18 7.236723724730914e-18
10977.149 -7.552118464111369e-18 5.451796828464801e-18
10978.235 -5.118677990763603e-18 2.11755705803066e-18
10979.321 1.7039775105907e-19 1.2089979470723687e-18
10980.407 -1.3067072431144983e-18 9.35877409519449e-19
10981.493 -1.779664944842419e-18 8.274272490210185e-19
10982.579 2.381482621203367e-18 7.827386842691045e-19
10983.665 1.1764226394037476e-18 9.020176741822653e-19
10984.751 3.304106068170643e-19 1.1225418362197244e-18
10985.837 2.6144150580239583e-18 1.1532079100119334e-18
10986.923 2.837500904290762e-18 1.1519881337701139e-18
10988.009 1.762814850010816e-18 9.663293697146114e-19
10989.095 7.566839578484512e-19 7.212478570118187e-19
10990.181 5.97191486380654e-19 6.404049863011107e-19
10991.267 1.435548895201632e-18 6.281090716043435e-19
10992.353 1.0906759345587527e-19 6.213274757751268e-19
10993.439 8.366739057262417e-19 6.560789672131364e-19
10994.525 -5.123204055552804e-19 6.917017243486496e-19
10995.611 -4.189090467517575e-19 6.431811486640109e-19
10996.697 1.6127535906575109e-18 6.637967082021532e-19
10997.783 2.2080732630869534e-18 6.562376493383989e-19
10998.869 2.664764045441388e-18 6.4532589512876305e-19
10999.955 7.118861495805563e-19 6.285034017055917e-19
11001.041 -5.5590642681275445e-19 6.409877257432392e-19
11002.127 -2.3704741742536256e-19 6.932041337151313e-19
11003.213 -1.1708868829092998e-18 7.195220240562348e-19
11004.299 -6.722578793987156e-19 7.400210057555935e-19
11005.385 9.074267289253102e-19 8.183879499320913e-19
11006.471 2.567618164118667e-18 1.3137736246840297e-18
11007.557 -7.940183367461019e-20 3.4475458461575294e-18
11008.643 1.268703086249934e-18 4.1396627310612104e-18
11009.729 1.0761891370957483e-19 4.175467699319518e-18
11010.814 8.141808955551014e-19 3.5816862608027384e-18
11011.9 1.985182106723716e-18 1.5488045217309764e-18
11012.986 1.9166729062203462e-18 8.704531765436046e-19
11014.072 1.3031194412211086e-18 7.144109914751226e-19
11015.158 8.115968592400355e-19 6.73058109397135e-19
11016.244 9.800264024771722e-19 6.528884036517764e-19
11017.33 1.6068243511467162e-19 6.323990397745746e-19
11018.416 5.9730289436394e-19 6.194638387195519e-19
11019.502 -3.2767731311515156e-19 6.326129370551089e-19
11020.588 -1.4826509302486372e-18 6.183272071650758e-19
11021.674 -9.59674930993358e-20 6.289096089899089e-19
11022.76 -7.23113217039982e-19 6.470177647752916e-19
11023.846 -9.517843543965944e-19 6.617648425470638e-19
11024.932 -5.983703517018064e-19 7.015671071406465e-19
11026.018 4.094889940005303e-18 8.902573034766122e-19
11027.104 3.8176923676320035e-18 2.3673798820848128e-18
11028.19 -3.3138849466076122e-18 5.5055599315149154e-18
11029.276 -1.7728390413150478e-18 6.284889568753519e-18
11030.362 -2.7491885129549086e-18 6.2428304209624275e-18
11031.448 -3.033490432536766e-19 5.1330323456846975e-18
11032.534 -9.343499943654433e-19 2.0887674584677137e-18
11033.62 -1.1981915194205709e-18 1.0332959799994268e-18
11034.706 -1.1172254616992442e-18 7.711192345266474e-19
11035.792 1.0232166556296347e-18 7.132747288710854e-19
11036.878 2.593923254397946e-18 6.975415129089748e-19
11037.964 1.5515893555119323e-19 7.038792720509607e-19
11039.05 -6.342598808199964e-20 7.273402625998108e-19
11040.136 1.8565492644316413e-18 7.675491470691023e-19
11041.222 6.504831884097954e-19 8.01375605055722e-19
11042.308 1.4762105333621505e-19 8.792028521276454e-19
11043.394 4.891840010354363e-19 9.244241332748285e-19
11044.48 4.650262681832261e-20 7.495217364667077e-19
11045.566 -4.374958823756203e-20 6.548271494462478e-19
11046.652 -6.787364600129543e-19 6.319602346708909e-19
11047.738 -1.4413461884165495e-19 6.018905846133384e-19
11048.824 -7.739133450570471e-19 5.88017377549392e-19
11049.91 9.002374627027972e-19 5.733018113817145e-19
11050.995 1.043203164765565e-18 6.046143722703792e-19
11052.081 1.3371995983711725e-18 8.448187920653643e-19
11053.167 2.072400244907261e-18 1.094138695784209e-18
11054.253 1.770377060403306e-18 1.1653558127768257e-18
11055.339 -3.5238559041806344e-19 1.2872380888601654e-18
11056.425 9.47083510299655e-19 9.80906485660828e-19
11057.511 2.2763959834598777e-19 7.291326969106277e-19
11058.597 -9.624673702952648e-19 6.718590120591823e-19
11059.683 -3.650293237961916e-19 6.586239090793107e-19
11060.769 -1.784061803963533e-18 6.506002932368992e-19
11061.855 -1.8927433123579943e-18 7.16085758840488e-19
11062.941 -1.087256027117267e-18 8.078402281876212e-19
11064.027 -7.80580872749668e-19 9.637930264945728e-19
11065.113 1.6699640930186637e-18 9.40066048868465e-19
11066.199 -1.3497496432614028e-19 7.65393174510518e-19
11067.285 -1.9412631107556117e-18 7.842363899842384e-19
11068.371 2.451783134053074e-19 7.893710668302663e-19
11069.457 2.4539143102808724e-18 1.112346291544659e-18
11070.543 6.580230254522973e-18 2.5435707756439083e-18
11071.629 6.113773096069646e-18 3.122669947551317e-18
11072.715 4.629481167123932e-18 3.0996839308873536e-18
11073.801 1.3725203603825919e-19 3.0037095105593947e-18
11074.887 1.2059217925419009e-18 1.7394490740767227e-18
11075.973 -8.423680880318864e-19 7.854202618972085e-19
11077.059 1.260200189840111e-18 6.348795242375815e-19
11078.145 1.241751333607238e-18 6.053529077872713e-19
11079.231 9.705408799822094e-19 5.946422942748579e-19
11080.317 2.2558743552982028e-18 6.247044795235658e-19
11081.403 2.8560319563581946e-18 7.617384667174349e-19
11082.489 2.4328184858506224e-19 1.1864083941592126e-18
11083.575 1.393670338275964e-18 1.1719940487126723e-18
11084.661 1.4499612510943408e-18 1.3877255608078957e-18
11085.747 2.644687942856576e-18 1.52485694736547e-18
11086.833 1.4941239844015894e-19 1.3772460245560524e-18
11087.919 -5.21090947549894e-18 3.384287485543218e-18
11089.005 1.4660577821963803e-18 4.4375863578962434e-18
11090.09 4.312597139326708e-18 4.493135633168194e-18
11091.176 2.2283502305210194e-18 4.3192385887262195e-18
11092.262 2.302375377741408e-19 2.807539642311293e-18
11093.348 -2.3942054928550506e-18 1.219697208904366e-18
11094.434 -4.1249932564522733e-19 7.100965327090784e-19
11095.52 4.8372196386079575e-18 6.449470609491087e-19
11096.606 2.9252231963901313e-18 7.022988479611787e-19
11097.692 1.3590445738387684e-18 6.004838952542972e-19
11098.778 1.6767863413360449e-18 5.9603894915287775e-19
11099.864 1.306151671875145e-18 5.842046887248035e-19
11100.95 -1.1899291733697469e-18 5.908620927199418e-19
11102.036 8.209878915582578e-19 5.86698049465839e-19
11103.122 1.3194280806866536e-19 5.905672597156857e-19
11104.208 -9.912427043192462e-19 6.314278538272904e-19
11105.294 -1.7046361700878287e-18 6.418866058513742e-19
11106.38 -1.3134673223170597e-18 6.986207152029256e-19
11107.466 1.8418146760219465e-18 7.023496573014605e-19
11108.552 -1.5758998864840417e-18 7.09969328320216e-19
11109.638 4.687982846448996e-19 7.174944923151791e-19
11110.724 3.36177295651593e-18 6.744804364106967e-19
11111.81 -2.6846230798743525e-18 6.637274763775299e-19
11112.896 7.591042479840693e-19 6.599414636809403e-19
11113.982 1.8114888861597743e-18 6.334057060110459e-19
11115.068 4.140278395003771e-18 7.459869855925551e-19
11116.154 -8.214817743532986e-19 6.2601829294638e-19
11117.24 -1.4022358998871797e-18 7.114795142118877e-19
11118.326 3.9454462729934223e-20 6.185497253048635e-19
11119.412 1.7291339795684635e-18 6.143351528525442e-19
11120.498 -1.1622126865955031e-18 6.364234417134836e-19
11121.584 3.968479091670236e-18 8.387815786754037e-19
11122.67 3.997693191451793e-19 9.166560064110412e-19
11123.756 3.6623410197037753e-19 9.371727854283362e-19
11124.842 -1.5572793675905672e-18 9.080030368655994e-19
11125.928 1.221180522981679e-18 8.019261943525906e-19
11127.014 -7.323345538630568e-19 6.453249309651002e-19
11128.1 3.4742993826134822e-19 6.509970617864163e-19
11129.186 1.538493710051203e-18 7.221825671156793e-19
11130.271 -3.0095916411698865e-20 6.993520322365756e-19
11131.357 7.497785238083722e-19 6.9101602545995e-19
11132.443 1.52770360778136e-18 6.523437008181675e-19
11133.529 -1.1188177785674186e-18 6.413016556911094e-19
11134.615 9.523986322985659e-19 6.458964080576188e-19
11135.701 1.582846106788106e-18 6.855828520254367e-19
11136.787 -2.1967301170334843e-19 7.2786836203016195e-19
11137.873 -3.3875243991387074e-19 1.0331989829685277e-18
11138.959 -9.303400789727378e-19 2.0008335105108998e-18
11140.045 -2.0614485511563843e-19 2.378372589835409e-18
11141.131 -2.9910091017298063e-18 2.3027815068809417e-18
11142.217 -2.477479821165564e-18 2.196404716477362e-18
11143.303 3.3858604262736605e-19 1.4615141641163886e-18
11144.389 -2.290176077012701e-19 7.319222658897238e-19
11145.475 2.79690639959975e-19 6.757505707720977e-19
11146.561 2.2284762202597823e-18 6.5240810197147305e-19
11147.647 -2.0487466934360564e-19 6.826773893463275e-19
11148.733 -1.0387552836008232e-18 7.590862546756513e-19
11149.819 2.134012630697187e-18 8.327575257547513e-19
11150.905 1.8236399967383253e-18 8.435254169846597e-19
11151.991 3.228230911430369e-18 9.88951701531702e-19
11153.077 2.557033562809897e-18 1.5211909494692278e-18
11154.163 -2.3493493683381866e-18 3.143838266572987e-18
11155.249 -1.175019609034628e-18 3.446326656674137e-18
11156.335 6.767854463845088e-18 3.3073976904417764e-18
11157.421 8.67600521166914e-18 3.074172493243388e-18
11158.507 4.097505517294856e-18 2.052448454932082e-18
11159.593 3.1097344712501987e-19 9.450497930100375e-19
11160.679 9.599990748985529e-20 8.573428123125372e-19
11161.765 -3.196178789000068e-18 9.333899059504578e-19
11162.851 5.981130120787377e-19 1.2706695468467585e-18
11163.937 2.7658997570839973e-18 1.5477744346746731e-18
11165.023 -7.132204481801574e-20 1.6769317322043247e-18
11166.109 -1.1955361681368007e-18 1.5509182895927874e-18
11167.195 2.2821128199501553e-18 1.3605506133052747e-18
11168.281 1.2683510999260094e-18 1.241982561456683e-18
11169.367 -1.8046989523919004e-19 1.2089931160108398e-18
11170.452 -9.751744942156625e-19 1.269152856926346e-18
11171.538 -1.2950462744730243e-18 1.3458589928367178e-18
11172.624 -1.4635954359552635e-18 1.2259520507903982e-18
11173.71 -1.2856783374318404e-18 1.0021782221608968e-18
11174.796 1.1513711166268764e-18 8.049658840248725e-19
11175.882 -1.7059292023981908e-18 6.81450687353332e-19
11176.968 -1.910360031917201e-19 6.425817413607671e-19
11178.054 2.226804073526508e-18 6.633497220499859e-19
11179.14 2.311130312759726e-18 6.869049251893801e-19
11180.226 1.0273212033672375e-18 7.517137682223956e-19
11181.312 2.967816903754956e-18 8.755126538959346e-19
11182.398 2.703962450381785e-18 9.462957709305838e-19
11183.484 1.4114364627580605e-18 8.893973712204316e-19
11184.57 1.0774385655162327e-18 7.865267761721522e-19
11185.656 -7.101023142443614e-19 8.110683010362005e-19
11186.742 -1.620661500295533e-18 9.316709350993134e-19
11187.828 -2.138927731077715e-19 1.0516574472505702e-18
11188.914 5.622042882338805e-19 1.1746530534463899e-18
11190.0 6.506177081982243e-19 1.053909371369635e-18
11191.086 1.150601837707481e-19 1.0797460212496377e-18
11192.172 5.22909601769998e-18 1.1466076107034667e-18
11193.258 3.469687456874357e-18 1.1376143904107091e-18
11194.344 3.471942069388619e-18 9.133231669897204e-19
11195.43 -6.835861788702325e-19 7.953799422724241e-19
11196.516 2.0050228745926157e-18 9.01089753326216e-19
11197.602 1.9301772665999556e-18 9.47643135214135e-19
11198.688 1.2899259526557576e-18 9.839092524518719e-19
11199.774 1.3554929791802859e-18 1.0020675282261176e-18
11200.86 1.0322350518228365e-18 1.0826508937451238e-18
11201.946 -2.638641498137183e-19 1.1976065000537797e-18
11203.032 -3.75599324786093e-18 1.1408028368189659e-18
11204.118 -1.1104274318472228e-19 9.665824570399929e-19
11205.204 1.3242975759239223e-18 1.125989338700633e-18
11206.29 3.1423591821850174e-18 1.132175455055691e-18
11207.376 2.9495406056795384e-18 1.0496907207277062e-18
11208.462 -1.769299095532115e-18 9.94006407554708e-19
11209.548 4.049684387705663e-19 1.1348507473148351e-18
11210.633 3.4550836957930306e-19 1.3576092401191983e-18
11211.719 3.863917224778989e-20 1.6004931358449689e-18
11212.805 3.0045238508570666e-18 1.9190830365237937e-18
11213.891 -5.035968692451404e-19 2.085551126743042e-18
11214.977 1.4963987843684283e-18 1.9090626653705435e-18
11216.063 3.169084415197824e-19 2.0433440161470593e-18
11217.149 -1.6610290315758906e-18 2.0533561283209317e-18
11218.235 -1.5657703302284888e-18 1.7826694399865034e-18
11219.321 6.612283352934661e-19 1.557991987169345e-18
11220.407 -2.935667073191944e-18 1.4328303451963088e-18
11221.493 1.3761742472523134e-18 1.5212059709509094e-18
11222.579 9.918523404299507e-18 1.6942240036244467e-18
11223.665 4.7151288801924204e-18 2.3329742301683054e-18
11224.751 -5.132315302038448e-19 3.1326354423280966e-18
11225.837 1.7740553078170833e-18 3.483603937520929e-18
11226.923 5.13832246814458e-18 2.855140911657168e-18
11228.009 4.116427468274084e-18 2.4723675898017862e-18
11229.095 2.4338806704068285e-18 2.058927803636691e-18
11230.181 1.8146979388087905e-18 1.5953148952642643e-18
11231.267 -1.6978162754147542e-18 1.263188723970936e-18
11232.353 -1.1691117058081506e-19 1.2113848803759215e-18
11233.439 -9.221568324724601e-20 1.5864770387098463e-18
11234.525 7.937927740508366e-20 2.09199060848769e-18
11235.611 1.408810815787626e-18 2.53403879103983e-18
11236.697 2.7310084532111117e-18 2.2658056378155285e-18
11237.783 2.4428324138097225e-18 1.4731409254587967e-18
